15.1628    12.7732    9.3004
15.183599    12.752399    9.3004
15.2067995    12.728399    9.3004
15.211599    12.723599    9.3004
15.217999    12.7188    9.3004
15.240399    12.702    9.3004
15.2428    12.700399    9.3004
15.2676    12.689199    9.3004
15.2708    12.6876    9.3004
15.2964    12.6868    9.3004
15.302    12.686    9.3004
15.309199    12.6868    9.3004
15.337999    12.694799    9.3004
15.3628    12.702    9.3004
15.389999    12.71    9.3004
15.4052    12.71    9.3004
15.4204    12.714    9.3004
15.4284    12.7092    9.3004
15.453199    12.7012    9.3004
15.474799    12.665199    9.3004
15.474799    12.6644    9.3004
15.475599    12.6612    9.3004
15.4796    12.6348    9.3004
15.4796    12.630799    9.3004
15.476399    12.6036    9.3004
15.476399    12.578    9.3004
15.476399    12.5764    9.3004
15.476399    12.5756    9.3004
15.476399    12.573199    9.3004
15.4772    12.555599    9.3004
15.4796    12.5468    9.3004
15.4883995    12.53    9.3004
15.5084    12.504399    9.3004
15.509999    12.5028    9.3004
15.5171995    12.4956    9.3004
15.5316    12.481199    9.3004
15.5372    12.475599    9.3004
15.5428    12.4716    9.3004
15.5748    12.4484    9.3004
15.613999    12.4212    9.3004
15.6236    12.4148    9.3004
15.6491995    12.3988    9.3004
15.658    12.3932    9.3004
15.660399    12.3916    9.3004
15.7084    12.366799    9.3004
15.745999    12.3468    9.3004
15.7724    12.3348    9.3004
15.809199    12.318    9.3004
15.832399    12.309199    9.3004
15.8644    12.297199    9.3004
15.900399    12.2836    9.3004
15.9276    12.274799    9.3004
15.946799    12.269199    9.3004
15.99    12.2564    9.3004
16.0068    12.252399    9.3004
16.0492    12.2428    9.3004
16.0748    12.238    9.3004
16.0916    12.2355995    9.3004
16.1388    12.23    9.3004
16.1548    12.229199    9.3004
16.163599    12.229199    9.3004
16.1956    12.2276    9.3004
16.2164    12.2268    9.3004
16.218    12.2268    9.3004
16.219599    12.2268    9.3004
16.241999    12.23    9.3004
16.249199    12.2308    9.3004
16.2596    12.233999    9.3004
16.2812    12.2411995    9.3004
16.3036    12.2564    9.3004
16.3092    12.2604    9.3004
16.329199    12.274799    9.3004
16.3356    12.2796    9.3004
16.3364    12.280399    9.3004
16.3388    12.281199    9.3004
16.3668    12.2852    9.3004
16.3692    12.2852    9.3004
16.402    12.2764    9.3004
16.4052    12.273999    9.3004
16.4172    12.2556    9.3004
16.4212    12.2476    9.3004
16.4268    12.238    9.3004
16.4364    12.222    9.3004
16.4404    12.2164    9.3004
16.4532    12.199599    9.3004
16.4572    12.1956    9.3004
16.4716    12.182799    9.3004
16.4804    12.1748    9.3004
16.4828    12.1732    9.3004
16.5044    12.162    9.3004
16.5108    12.159599    9.3004
16.5388    12.1532    9.3004
16.542    12.1532    9.3004
16.566    12.1532    9.3004
16.587599    12.1556    9.3004
16.6036    12.1572    9.3004
16.618    12.160399    9.3004
16.6644    12.171599    9.3004
16.685999    12.176399    9.3004
16.6988    12.1796    9.3004
16.7044    12.1812    9.3004
16.746    12.1956    9.3004
16.765999    12.2012    9.3004
16.7684    12.2028    9.3004
16.812399    12.2204    9.3004
16.8268    12.2252    9.3004
16.8548    12.2372    9.3004
16.8836    12.2508    9.3004
16.9284    12.2732    9.3004
16.9404    12.2788    9.3004
16.9508    12.2852    9.3004
16.9956    12.3108    9.3004
17.05    12.344399    9.3004
17.063599    12.3532    9.3004
17.0756    12.360399    9.3004
17.1308    12.4004    9.3004
17.1388    12.406799    9.3004
17.154    12.417999    9.3004
17.1892    12.4452    9.3004
17.2332    12.4828    9.3004
17.2348    12.4844    9.3004
17.2356    12.4852    9.3004
17.277199    12.5268    9.3004
17.314    12.5636    9.3004
17.3188    12.567599    9.3004
17.3196    12.5692    9.3004
17.3244    12.5748    9.3004
17.3716    12.6276    9.3004
17.3956    12.6588    9.3004
17.418    12.6852    9.3004
17.4396    12.7156    9.3004
17.4572    12.7411995    9.3004
17.482    12.7772    9.3004
17.4916    12.791599    9.3004
17.524399    12.8428    9.3004
17.529999    12.854    9.3004
17.553999    12.895599    9.3004
17.5676    12.9196    9.3004
17.5836    12.9508    9.3004
17.6036    12.9883995    9.3004
17.6148    13.0116    9.3004
17.6204    13.0244    9.3004
17.6532    13.097199    9.3004
17.6604    13.1147995    9.3004
17.669199    13.136399    9.3004
17.697199    13.21    9.3004
17.7036    13.226    9.3004
17.706    13.2324    9.3004
17.732399    13.3116    9.3004
17.7356    13.322    9.3004
17.7388    13.3331995    9.3004
17.758799    13.4036    9.3004
17.7612    13.4156    9.3004
17.774    13.4748    9.3004
17.778    13.492399    9.3004
17.7868    13.5372    9.3004
17.7924    13.573199    9.3004
17.7988    13.618    9.3004
17.8004    13.631599    9.3004
17.802    13.647599    9.3004
17.8036    13.677199    9.3004
17.806    13.722799    9.3004
17.806799    13.7476    9.3004
17.8084    13.7932    9.3004
17.8076    13.8052    9.3004
17.805199    13.843599    9.3004
17.8044    13.8564    9.3004
17.8036    13.877999    9.3004
17.8028    13.8868    9.3004
17.802    13.8988    9.3004
17.7964    13.9396    9.3004
17.7908    13.976399    9.3004
17.788399    13.993199    9.3004
17.782799    14.0227995    9.3004
17.777199    14.0484    9.3004
17.7692    14.082    9.3004
17.7636    14.1036    9.3004
17.75    14.1508    9.3004
17.7468    14.160399    9.3004
17.7332    14.200399    9.3004
17.7244    14.2268    9.3004
17.7188    14.240399    9.3004
17.7052    14.2724    9.3004
17.698    14.2908    9.3004
17.6724    14.3468    9.3004
17.666    14.3588    9.3004
17.654    14.382    9.3004
17.6308    14.424399    9.3004
17.615599    14.4492    9.3004
17.5996    14.4732    9.3004
17.5868    14.492399    9.3004
17.559599    14.5316    9.3004
17.546    14.549999    9.3004
17.5292    14.5716    9.3004
17.5164    14.5884    9.3004
17.5124    14.5924    9.3004
17.47    14.6412    9.3004
17.4684    14.642799    9.3004
17.4676    14.6444    9.3004
17.41    14.7044    9.3004
17.3996    14.7156    9.3004
17.345999    14.766    9.3004
17.3396    14.7724    9.3004
17.3204    14.7884    9.3004
17.278    14.8236    9.3004
17.2612    14.837199    9.3004
17.2276    14.8644    9.3004
17.1948    14.889199    9.3004
17.1764    14.9028    9.3004
17.1668    14.9092    9.3004
17.1236    14.938    9.3004
17.0788    14.966    9.3004
17.0532    14.981199    9.3004
17.0012    15.009999    9.3004
16.9868    15.018    9.3004
16.966    15.027599    9.3004
16.9284    15.046    9.3004
16.8652    15.0756    9.3004
16.858    15.078799    9.3004
16.8556    15.079599    9.3004
16.853199    15.0803995    9.3004
16.8484    15.0828    9.3004
16.7948    15.101199    9.3004
16.75    15.1156    9.3004
16.7428    15.118    9.3004
16.7356    15.120399    9.3004
16.6812    15.1348    9.3004
16.65    15.141999    9.3004
16.633999    15.1452    9.3004
16.5796    15.1564    9.3004
16.5228    15.165199    9.3004
16.5108    15.1668    9.3004
16.4876    15.17    9.3004
16.438    15.1748    9.3004
16.403599    15.177199    9.3004
16.3748    15.1779995    9.3004
16.3612    15.1779995    9.3004
16.305199    15.1779995    9.3004
16.2788    15.177199    9.3004
16.2348    15.1756    9.3004
16.2316    15.1748    9.3004
16.174799    15.170799    9.3004
16.1484    15.1676    9.3004
16.098799    15.159599    9.3004
16.0852    15.1572    9.3004
16.0228    15.1452    9.3004
16.014    15.142799    9.3004
15.974    15.1348    9.3004
15.9539995    15.129999    9.3004
15.9092    15.1172    9.3004
15.873199    15.1068    9.3004
15.83    15.0932    9.3004
15.806    15.085199    9.3004
15.745999    15.0644    9.3004
15.734799    15.0604    9.3004
15.7316    15.0588    9.3004
15.698    15.044399    9.3004
15.630799    15.015599    9.3004
15.625199    15.0132    9.3004
15.6124    15.0068    9.3004
15.5644    14.9828    9.3004
15.5484    14.974799    9.3004
15.509199    14.953199    9.3004
15.4892    14.941199    9.3004
15.445999    14.9156    9.3004
15.423599    14.901199    9.3004
15.382    14.873199    9.3004
15.3572    14.855599    9.3004
15.3292    14.8364    9.3004
15.3124    14.8244    9.3004
15.262    14.7876    9.3004
15.2123995    14.746799    9.3004
15.1972    14.7332    9.3004
15.165199    14.7067995    9.3004
15.158799    14.7012    9.3004
15.153999    14.6964    9.3004
15.11    14.654799    9.3004
15.082    14.6268    9.3004
15.062799    14.608399    9.3004
15.044399    14.589999    9.3004
15.0236    14.567599    9.3004
15.002    14.542    9.3004
14.9724    14.5084    9.3004
14.953199    14.4844    9.3004
14.9251995    14.4444    9.3004
14.9156    14.4324    9.3004
14.884399    14.3876    9.3004
14.8708    14.3644    9.3004
14.855599    14.3412    9.3004
14.8308    14.297999    9.3004
14.822    14.280399    9.3004
14.814799    14.2668    9.3004
14.7892    14.211599    9.3004
14.7836    14.199599    9.3004
14.7668    14.154799    9.3004
14.7596    14.1332    9.3004
14.7484    14.1044    9.3004
14.745199    14.0932    9.3004
14.73    14.038    9.3004
14.729199    14.033199    9.3004
14.721999    13.9956    9.3004
14.714    13.953199    9.3004
14.7132    13.9444    9.3004
14.7076    13.882    9.3004
14.7036    13.821199    9.3004
14.7036    13.8108    9.3004
14.705999    13.7564    9.3004
14.7067995    13.7428    9.3004
14.7092    13.705199    9.3004
14.710799    13.6924    9.3004
14.717999    13.6404    9.3004
14.7212    13.622    9.3004
14.73    13.5764    9.3004
14.7355995    13.550799    9.3004
14.7492    13.497999    9.3004
14.751599    13.4852    9.3004
14.7556    13.470799    9.3004
14.7716    13.4204    9.3004
14.779599    13.3972    9.3004
14.7948    13.354    9.3004
14.803599    13.3331995    9.3004
14.8236    13.286799    9.3004
14.832399    13.266    9.3004
14.842799    13.242    9.3004
14.8572    13.211599    9.3004
14.8748    13.1779995    9.3004
14.886    13.158    9.3004
14.900399    13.1332    9.3004
14.922    13.0956    9.3004
14.9564    13.038799    9.3004
14.9604    13.033199    9.3004
14.969199    13.0204    9.3004
14.9956    12.9836    9.3004
15.0004    12.9772    9.3004
15.0116    12.9595995    9.3004
15.0308    12.9307995    9.3004
15.0571995    12.8972    9.3004
15.0724    12.877999    9.3004
15.0948    12.8484    9.3004
15.1164    12.8228    9.3004
15.1435995    12.792399    9.3004
15.1628    12.7732    9.3004
