5.638    16.6588    19.5004
5.5828    16.938799    19.5004
5.5828    16.9404    19.5004
5.5772    16.966    19.5004
5.5332    17.1868    19.5004
5.526    17.218    19.5004
5.494    17.368399    19.5004
5.4796    17.4348    19.5004
5.434    17.6388    19.5004
5.3996    17.7836    19.5004
5.3988    17.7868    19.5004
5.394    17.806    19.5004
5.3532    17.973999    19.5004
5.3436    18.013199    19.5004
5.3068    18.1532    19.5004
5.2956    18.1924    19.5004
5.262    18.3148    19.5004
5.2539997    18.3428    19.5004
5.218    18.466799    19.5004
5.1956    18.538    19.5004
5.17    18.626    19.5004
5.154    18.6764    19.5004
5.1372    18.7228    19.5004
5.1275997    18.754    19.5004
5.1116    18.801199    19.5004
5.0996    18.8324    19.5004
5.0884    18.8604    19.5004
5.0676    18.9172    19.5004
5.0316    19.013199    19.5004
4.9908    19.1164    19.5004
4.99    19.1188    19.5004
4.9547997    19.1796    19.5004
4.9203997    19.2452    19.5004
4.91    19.2668    19.5004
4.8691998    19.3284    19.5004
4.8684    19.33    19.5004
4.8676    19.3308    19.5004
4.8268    19.3668    19.5004
4.8092    19.3788    19.5004
4.7956    19.3876    19.5004
4.7788    19.4004    19.5004
4.7692    19.4044    19.5004
4.7348    19.4116    19.5004
4.7339997    19.4116    19.5004
4.7251997    19.4044    19.5004
4.6972    19.3836    19.5004
4.6916    19.379599    19.5004
4.6628    19.3412    19.5004
4.6531997    19.326    19.5004
4.6275997    19.2804    19.5004
4.6187997    19.2572    19.5004
4.606    19.213999    19.5004
4.5964    19.1716    19.5004
4.5828    19.1196    19.5004
4.5724    19.0628    19.5004
4.562    18.9956    19.5004
4.5604    18.9764    19.5004
4.5564    18.9492    19.5004
4.5388    18.8084    19.5004
4.534    18.7452    19.5004
4.5267997    18.6164    19.5004
4.5236    18.570799    19.5004
4.5188    18.4676    19.5004
4.5164    18.4212    19.5004
4.5155997    18.3988    19.5004
4.5116    18.2836    19.5004
4.5099998    18.195599    19.5004
4.5099998    18.1092    19.5004
4.5099998    18.0196    19.5004
4.5132    17.882    19.5004
4.5132    17.798    19.5004
4.5148    17.7484    19.5004
4.5148    17.7276    19.5004
4.5164    17.654    19.5004
4.5204    17.4916    19.5004
4.5236    17.414799    19.5004
4.5252    17.3484    19.5004
4.5308    17.2444    19.5004
4.5323997    17.2052    19.5004
4.5436    17.0068    19.5004
4.5443997    16.9884    19.5004
4.5467997    16.931599    19.5004
4.554    16.8036    19.5004
4.5699997    16.5612    19.5004
4.5716    16.55    19.5004
4.5724    16.5388    19.5004
4.5787997    16.4524    19.5004
4.594    16.2596    19.5004
4.5955997    16.2404    19.5004
4.6164    15.978    19.5004
4.6348    15.7755995    19.5004
4.638    15.7436    19.5004
4.6396    15.7212    19.5004
4.6644    15.4788    19.5004
4.6748    15.372399    19.5004
4.6956    15.189199    19.5004
4.7092    15.061199    19.5004
4.7356    14.8276    19.5004
4.7395997    14.792399    19.5004
4.7476    14.728399    19.5004
4.7539997    14.6756    19.5004
4.7708    14.538799    19.5004
4.7939997    14.3532    19.5004
4.8027997    14.2884    19.5004
4.8156    14.182799    19.5004
4.8315997    14.068399    19.5004
4.8532    13.9164    19.5004
4.8612    13.8572    19.5004
4.8915997    13.6524    19.5004
4.9044    13.567599    19.5004
4.9244    13.4284    19.5004
4.946    13.291599    19.5004
4.962    13.1852    19.5004
4.9884    13.0171995    19.5004
5.0044    12.9212    19.5004
5.0323997    12.7532    19.5004
5.0484    12.6556    19.5004
5.0796    12.4828    19.5004
5.0916    12.4108    19.5004
5.1252    12.2316    19.5004
5.1372    12.1636    19.5004
5.154    12.0748    19.5004
5.1828    11.9251995    19.5004
5.2124    11.7788    19.5004
5.2556    11.5612    19.5004
5.2595997    11.544399    19.5004
5.2707996    11.4883995    19.5004
5.3052    11.3292    19.5004
5.3115997    11.3043995    19.5004
5.3364    11.1916    19.5004
5.338    11.1844    19.5004
5.3508    11.131599    19.5004
5.3627996    11.079599    19.5004
5.3644    11.073199    19.5004
5.3971996    10.9332    19.5004
5.4068    10.8907995    19.5004
5.4332    10.7932    19.5004
5.4532    10.7123995    19.5004
5.4852    10.5932    19.5004
5.5028    10.521999    19.5004
5.5148    10.478    19.5004
5.5355997    10.398    19.5004
5.5396    10.384399    19.5004
5.5836    10.2308    19.5004
5.6204    10.1156    19.5004
5.6331997    10.0756    19.5004
5.6452    10.0404    19.5004
5.6731997    9.958799    19.5004
5.7004    9.8828    19.5004
5.7219996    9.826799    19.5004
5.7492    9.757999    19.5004
5.7739997    9.6924    19.5004
5.8027997    9.6276    19.5004
5.8068    9.620399    19.5004
5.8092    9.613999    19.5004
5.8564    9.5236    19.5004
5.8691998    9.5036    19.5004
5.8884    9.4732    19.5004
5.9188    9.4332    19.5004
5.9276    9.4212    19.5004
5.9308    9.4156    19.5004
5.9347997    9.4108    19.5004
5.942    9.4036    19.5004
5.9908    9.3619995    19.5004
6.0235996    9.3484    19.5004
6.0396    9.3412    19.5004
6.0411997    9.3412    19.5004
6.078    9.3564    19.5004
6.0811996    9.3596    19.5004
6.0875998    9.3644    19.5004
6.1084    9.372399    19.5004
6.126    9.3907995    19.5004
6.1443996    9.4307995    19.5004
6.1636    9.4716    19.5004
6.186    9.539599    19.5004
6.1916    9.5571995    19.5004
6.194    9.5708    19.5004
6.2172    9.6812    19.5004
6.2195997    9.694799    19.5004
6.2204    9.6964    19.5004
6.2404    9.8524    19.5004
6.2468    9.8996    19.5004
6.2524    9.9484    19.5004
6.2572    10.002    19.5004
6.2604    10.0844    19.5004
6.266    10.1812    19.5004
6.2683997    10.217199    19.5004
6.2748    10.3764    19.5004
6.2763996    10.4236    19.5004
6.2771997    10.4316    19.5004
6.2771997    10.4452    19.5004
6.278    10.6052    19.5004
6.2771997    10.662    19.5004
6.2788    10.778    19.5004
6.2788    10.8868    19.5004
6.2771997    10.9716    19.5004
6.2756    11.028399    19.5004
6.2707996    11.1723995    19.5004
6.2707996    11.1852    19.5004
6.266    11.309199    19.5004
6.2651997    11.3412    19.5004
6.2595997    11.5012    19.5004
6.258    11.5476    19.5004
6.246    11.7476    19.5004
6.2451997    11.7652    19.5004
6.238    11.8972    19.5004
6.2363997    11.9251995    19.5004
6.2219996    12.131599    19.5004
6.2212    12.1468    19.5004
6.2188    12.1779995    19.5004
6.1987996    12.446    19.5004
6.1787996    12.69    19.5004
6.174    12.7508    19.5004
6.1675997    12.8236    19.5004
6.1507998    13.0004    19.5004
6.1355996    13.1588    19.5004
6.1075997    13.438    19.5004
6.1068    13.446    19.5004
6.1043997    13.4668    19.5004
6.0796    13.694799    19.5004
6.0643997    13.822    19.5004
6.0484    13.957999    19.5004
6.0155997    14.2268    19.5004
6.0108    14.269199    19.5004
5.9972    14.371599    19.5004
5.9596    14.6612    19.5004
5.9403996    14.8012    19.5004
5.9212    14.941999    19.5004
5.8996    15.0828    19.5004
5.8771996    15.228399    19.5004
5.8659997    15.306    19.5004
5.8339996    15.516399    19.5004
5.818    15.618799    19.5004
5.798    15.742    19.5004
5.782    15.842799    19.5004
5.7532    16.0148    19.5004
5.746    16.059599    19.5004
5.7348    16.1244    19.5004
5.7036    16.293999    19.5004
5.678    16.437199    19.5004
5.6651998    16.507599    19.5004
5.638    16.6588    19.5004
