16.6012    12.61    10.8004
16.6324    12.622    10.8004
16.6364    12.6236    10.8004
16.678799    12.641999    10.8004
16.6892    12.6468    10.8004
16.7164    12.660399    10.8004
16.7316    12.6676    10.8004
16.7556    12.6812    10.8004
16.789999    12.699599    10.8004
16.805199    12.7084    10.8004
16.83    12.7244    10.8004
16.840399    12.7308    10.8004
16.854    12.739599    10.8004
16.8892    12.7644    10.8004
16.9124    12.781199    10.8004
16.9172    12.7852    10.8004
16.942    12.803599    10.8004
16.9564    12.8164    10.8004
16.972399    12.8331995    10.8004
16.9788    12.8364    10.8004
16.9844    12.843599    10.8004
17.006    12.866799    10.8004
17.0196    12.8852    10.8004
17.0292    12.900399    10.8004
17.034    12.91    10.8004
17.0444    12.926    10.8004
17.066    12.9748    10.8004
17.0716    12.9788    10.8004
17.0836    12.9964    10.8004
17.0884    13.0028    10.8004
17.0892    13.004399    10.8004
17.0972    13.0132    10.8004
17.114    13.026799    10.8004
17.146    13.026799    10.8004
17.150799    13.0244    10.8004
17.17    13.006    10.8004
17.180399    12.9956    10.8004
17.1836    12.993199    10.8004
17.2012    12.9852    10.8004
17.21    12.9828    10.8004
17.2428    12.970799    10.8004
17.2468    12.9692    10.8004
17.2484    12.9692    10.8004
17.2708    12.9692    10.8004
17.2892    12.969999    10.8004
17.3132    12.9748    10.8004
17.314    12.9748    10.8004
17.316399    12.976399    10.8004
17.3548    12.993199    10.8004
17.364399    12.999599    10.8004
17.3956    13.0236    10.8004
17.406    13.0324    10.8004
17.434    13.0596    10.8004
17.4604    13.0859995    10.8004
17.518    13.1508    10.8004
17.518799    13.1524    10.8004
17.5436    13.1812    10.8004
17.559599    13.2012    10.8004
17.5852    13.2355995    10.8004
17.5924    13.245199    10.8004
17.6012    13.257199    10.8004
17.628399    13.2964    10.8004
17.65    13.3284    10.8004
17.6628    13.3508    10.8004
17.6932    13.4036    10.8004
17.6948    13.406    10.8004
17.695599    13.406799    10.8004
17.7164    13.447599    10.8004
17.7244    13.4628    10.8004
17.7372    13.4916    10.8004
17.7468    13.5171995    10.8004
17.758799    13.5492    10.8004
17.7636    13.562799    10.8004
17.7788    13.6036    10.8004
17.782799    13.6164    10.8004
17.793999    13.665199    10.8004
17.8004    13.6868    10.8004
17.812399    13.7444    10.8004
17.8132    13.75    10.8004
17.8204    13.8012    10.8004
17.8204    13.8043995    10.8004
17.8228    13.87    10.8004
17.8228    13.8708    10.8004
17.8228    13.8756    10.8004
17.8228    13.929999    10.8004
17.821999    13.952399    10.8004
17.8212    13.975599    10.8004
17.8204    13.9852    10.8004
17.8132    14.0428    10.8004
17.812399    14.0492    10.8004
17.810799    14.056399    10.8004
17.798    14.1236    10.8004
17.788399    14.1668    10.8004
17.7852    14.1796    10.8004
17.7788    14.200399    10.8004
17.7692    14.2332    10.8004
17.7628    14.252399    10.8004
17.7468    14.297999    10.8004
17.736399    14.3244    10.8004
17.7156    14.374    10.8004
17.71    14.386    10.8004
17.682    14.441199    10.8004
17.6668    14.470799    10.8004
17.6436    14.5124    10.8004
17.63    14.5356    10.8004
17.6076    14.567599    10.8004
17.5972    14.584399    10.8004
17.5828    14.606    10.8004
17.562    14.6332    10.8004
17.546799    14.653999    10.8004
17.5292    14.6756    10.8004
17.483599    14.73    10.8004
17.472399    14.7428    10.8004
17.431599    14.785199    10.8004
17.416399    14.8012    10.8004
17.39    14.8284    10.8004
17.3652    14.8508    10.8004
17.3524    14.8628    10.8004
17.3412    14.873199    10.8004
17.295599    14.914    10.8004
17.2892    14.9196    10.8004
17.221199    14.9716    10.8004
17.2204    14.9724    10.8004
17.219599    14.9732    10.8004
17.184399    14.997999    10.8004
17.1724    15.0068    10.8004
17.1372    15.0292    10.8004
17.122799    15.038799    10.8004
17.0964    15.054    10.8004
17.081999    15.061999    10.8004
17.0228    15.094    10.8004
17.0204    15.0948    10.8004
16.977999    15.1147995    10.8004
16.9676    15.119599    10.8004
16.9044    15.147599    10.8004
16.8548    15.1668    10.8004
16.834799    15.174    10.8004
16.7756    15.194799    10.8004
16.7644    15.1988    10.8004
16.760399    15.199599    10.8004
16.702799    15.217999    10.8004
16.6604    15.23    10.8004
16.6524    15.2316    10.8004
16.6388    15.234799    10.8004
16.5852    15.245199    10.8004
16.541199    15.2532    10.8004
16.518    15.257999    10.8004
16.4876    15.262    10.8004
16.4588    15.2652    10.8004
16.4116    15.2708    10.8004
16.3988    15.2716    10.8004
16.3916    15.2724    10.8004
16.340399    15.2732    10.8004
16.31    15.273999    10.8004
16.2676    15.273999    10.8004
16.21    15.2708    10.8004
16.1964    15.2699995    10.8004
16.178799    15.268399    10.8004
16.1236    15.263599    10.8004
16.0636    15.2548    10.8004
16.052399    15.2532    10.8004
16.048399    15.252399    10.8004
15.9716    15.2364    10.8004
15.9539995    15.2316    10.8004
15.941199    15.228399    10.8004
15.895599    15.216399    10.8004
15.8644    15.2076    10.8004
15.8308    15.1972    10.8004
15.774799    15.1788    10.8004
15.762799    15.1748    10.8004
15.717999    15.1564    10.8004
15.710799    15.153999    10.8004
15.7067995    15.1524    10.8004
15.6572    15.130799    10.8004
15.6124    15.1092    10.8004
15.601999    15.1044    10.8004
15.5828    15.0948    10.8004
15.539599    15.0716    10.8004
15.5196    15.061199    10.8004
15.4716    15.032399    10.8004
15.45    15.0196    10.8004
15.440399    15.0132    10.8004
15.407599    14.992399    10.8004
15.3804    14.974    10.8004
15.3636    14.962    10.8004
15.33    14.9372    10.8004
15.3172    14.9276    10.8004
15.262    14.884399    10.8004
15.2604    14.883599    10.8004
15.2588    14.882    10.8004
15.2123995    14.843599    10.8004
15.205999    14.837999    10.8004
15.174    14.806    10.8004
15.136399    14.7708    10.8004
15.125999    14.7596    10.8004
15.1147995    14.7484    10.8004
15.0748    14.705199    10.8004
15.0588    14.6852    10.8004
15.033999    14.654799    10.8004
15.0244    14.642799    10.8004
14.993199    14.601999    10.8004
14.9796    14.5836    10.8004
14.9572    14.5524    10.8004
14.936399    14.5171995    10.8004
14.9164    14.4844    10.8004
14.9052    14.463599    10.8004
14.8907995    14.436399    10.8004
14.878799    14.414    10.8004
14.8524    14.360399    10.8004
14.849199    14.3516    10.8004
14.837999    14.3244    10.8004
14.8284    14.302799    10.8004
14.826799    14.297999    10.8004
14.8068    14.2428    10.8004
14.8052    14.238    10.8004
14.8043995    14.234799    10.8004
14.792399    14.19    10.8004
14.7892    14.1732    10.8004
14.782    14.137199    10.8004
14.7772    14.1108    10.8004
14.774799    14.0892    10.8004
14.7732    14.073199    10.8004
14.7708    14.042    10.8004
14.769199    14.021999    10.8004
14.768399    14.0004    10.8004
14.769199    13.993199    10.8004
14.7708    13.9732    10.8004
14.773999    13.962    10.8004
14.7772    13.952399    10.8004
14.7836    13.9332    10.8004
14.7876    13.926    10.8004
14.8068    13.898    10.8004
14.822    13.882    10.8004
14.8588    13.846    10.8004
14.8588    13.8452    10.8004
14.860399    13.843599    10.8004
14.8619995    13.842799    10.8004
14.8692    13.8308    10.8004
14.8852    13.808399    10.8004
14.8868    13.8068    10.8004
14.8916    13.794    10.8004
14.8988    13.7755995    10.8004
14.901999    13.7676    10.8004
14.9108    13.746799    10.8004
14.913199    13.7316    10.8004
14.918799    13.717999    10.8004
14.9196    13.7076    10.8004
14.924399    13.69    10.8004
14.922    13.6804    10.8004
14.9212    13.660399    10.8004
14.9148    13.608399    10.8004
14.914    13.602799    10.8004
14.914    13.601999    10.8004
14.914    13.5996    10.8004
14.914    13.5924    10.8004
14.912399    13.5492    10.8004
14.912399    13.5364    10.8004
14.9148    13.5092    10.8004
14.9196    13.486    10.8004
14.922    13.4724    10.8004
14.929999    13.4372    10.8004
14.9324    13.426    10.8004
14.9372    13.406    10.8004
14.940399    13.3868    10.8004
14.9428    13.378799    10.8004
14.9508    13.354799    10.8004
14.9612    13.3196    10.8004
14.963599    13.314    10.8004
14.976399    13.282    10.8004
14.986    13.2556    10.8004
14.9908    13.245199    10.8004
15.003599    13.216399    10.8004
15.0236    13.177199    10.8004
15.056399    13.1147995    10.8004
15.056399    13.113999    10.8004
15.0571995    13.1124    10.8004
15.0756    13.0803995    10.8004
15.0772    13.078    10.8004
15.0876    13.0612    10.8004
15.106    13.03    10.8004
15.1124    13.021199    10.8004
15.122    13.0068    10.8004
15.142799    12.976399    10.8004
15.17    12.9404    10.8004
15.1779995    12.9307995    10.8004
15.186    12.9204    10.8004
15.194799    12.91    10.8004
15.2212    12.8812    10.8004
15.2428    12.8572    10.8004
15.262799    12.8356    10.8004
15.282    12.815599    10.8004
15.3236    12.7788    10.8004
15.3276    12.774799    10.8004
15.331599    12.7716    10.8004
15.3852    12.7268    10.8004
15.3996    12.7156    10.8004
15.4332    12.69    10.8004
15.4548    12.676399    10.8004
15.474799    12.6636    10.8004
15.4844    12.658    10.8004
15.510799    12.641999    10.8004
15.526799    12.6332    10.8004
15.558    12.618    10.8004
15.596399    12.6004    10.8004
15.602799    12.598    10.8004
15.6108    12.5948    10.8004
15.6324    12.5876    10.8004
15.6692    12.573999    10.8004
15.682799    12.57    10.8004
15.710799    12.5604    10.8004
15.745999    12.5515995    10.8004
15.7652    12.5468    10.8004
15.821199    12.5356    10.8004
15.8244    12.5356    10.8004
15.873199    12.5268    10.8004
15.878799    12.526    10.8004
15.894799    12.5244    10.8004
15.940399    12.5188    10.8004
15.986799    12.5171995    10.8004
16.0084    12.516399    10.8004
16.0532    12.5148    10.8004
16.0716    12.5148    10.8004
16.098799    12.516399    10.8004
16.1364    12.516399    10.8004
16.1612    12.518    10.8004
16.1956    12.5204    10.8004
16.2116    12.521199    10.8004
16.2204    12.521999    10.8004
16.2372    12.5244    10.8004
16.274    12.5292    10.8004
16.2964    12.5324    10.8004
16.3084    12.533199    10.8004
16.31    12.533999    10.8004
16.3172    12.5348    10.8004
16.373999    12.5476    10.8004
16.3948    12.5515995    10.8004
16.43    12.5604    10.8004
16.4684    12.57    10.8004
16.524399    12.5859995    10.8004
16.5668    12.5988    10.8004
16.5844    12.6044    10.8004
16.6012    12.61    10.8004
