12.016399    30.6348    18.0004
12.0308    30.622799    18.0004
12.0412    30.6148    18.0004
12.044399    30.609999    18.0004
12.049999    30.598799    18.0004
12.062799    30.574    18.0004
12.067599    30.563599    18.0004
12.085199    30.531599    18.0004
12.0868    30.5124    18.0004
12.0812    30.5036    18.0004
12.0644    30.487598    18.0004
12.0524    30.4844    18.0004
12.038    30.4756    18.0004
12.0084    30.466    18.0004
12.004399    30.4644    18.0004
12.0004    30.4636    18.0004
11.9924    30.462    18.0004
11.9388    30.4492    18.0004
11.926    30.4492    18.0004
11.9028    30.4676    18.0004
11.9084    30.481998    18.0004
11.9084    30.496399    18.0004
11.9228    30.518    18.0004
11.936399    30.539598    18.0004
11.941199    30.5532    18.0004
11.9444    30.5588    18.0004
11.9508    30.5716    18.0004
11.9604    30.585999    18.0004
11.9724    30.6052    18.0004
11.9844    30.6236    18.0004
11.998799    30.626799    18.0004
12.016399    30.6348    18.0004
