13.2067995    23.097198    18.0004
13.217199    23.091599    18.0004
13.2755995    23.057999    18.0004
13.3043995    23.0436    18.0004
13.338799    23.0252    18.0004
13.3675995    23.0108    18.0004
13.3828    23.0036    18.0004
13.423599    22.990799    18.0004
13.4452    22.9812    18.0004
13.4788    22.972399    18.0004
13.5028    22.966799    18.0004
13.5252    22.9628    18.0004
13.561999    22.9588    18.0004
13.618799    22.955599    18.0004
13.6292    22.955599    18.0004
13.6396    22.9564    18.0004
13.6812    22.9604    18.0004
13.694799    22.962    18.0004
13.7268    22.9684    18.0004
13.762    22.977999    18.0004
13.802799    22.9884    18.0004
13.818    22.9932    18.0004
13.8596    23.007599    18.0004
13.9052    23.0252    18.0004
13.978    23.063599    18.0004
13.9972    23.0724    18.0004
14.045199    23.097198    18.0004
14.199599    23.178799    18.0004
14.2428    23.201199    18.0004
14.3188    23.2348    18.0004
14.3252    23.237999    18.0004
14.334    23.2388    18.0004
14.343599    23.241999    18.0004
14.3596    23.2468    18.0004
14.3748    23.2348    18.0004
14.389999    23.2276    18.0004
14.407599    23.206    18.0004
14.4204    23.194    18.0004
14.429199    23.1764    18.0004
14.441999    23.157999    18.0004
14.4444    23.154    18.0004
14.466    23.122    18.0004
14.4972    23.074799    18.0004
14.528399    23.0252    18.0004
14.5596    22.9772    18.0004
14.597199    22.9228    18.0004
14.6052    22.9116    18.0004
14.665999    22.8308    18.0004
14.6779995    22.812399    18.0004
14.7012    22.781199    18.0004
14.726    22.75    18.0004
14.7372    22.7372    18.0004
14.756399    22.717999    18.0004
14.7676    22.701199    18.0004
14.779599    22.6868    18.0004
14.785199    22.674799    18.0004
14.791599    22.650799    18.0004
14.791599    22.645199    18.0004
14.792399    22.6364    18.0004
14.7956    22.617199    18.0004
14.7956    22.6092    18.0004
14.7964    22.585999    18.0004
14.797999    22.5676    18.0004
14.7987995    22.5644    18.0004
14.8004    22.5604    18.0004
14.8068    22.542799    18.0004
14.815599    22.5388    18.0004
14.832399    22.524399    18.0004
14.861199    22.5068    18.0004
14.8652    22.505999    18.0004
14.8932    22.5012    18.0004
14.9028    22.500399    18.0004
14.9284    22.4996    18.0004
14.941199    22.4988    18.0004
14.958799    22.5012    18.0004
14.966    22.500399    18.0004
14.986    22.4988    18.0004
14.998799    22.4868    18.0004
15.0116    22.472399    18.0004
15.005199    22.4692    18.0004
14.9939995    22.442    18.0004
14.9852    22.4348    18.0004
14.976399    22.4284    18.0004
14.9676    22.421999    18.0004
14.9604    22.4132    18.0004
14.946799    22.401999    18.0004
14.9268    22.3876    18.0004
14.9196    22.3804    18.0004
14.901999    22.3692    18.0004
14.8884    22.358799    18.0004
14.8852    22.3564    18.0004
14.883599    22.3548    18.0004
14.8636    22.3356    18.0004
14.861199    22.334    18.0004
14.858    22.3156    18.0004
14.8508    22.3092    18.0004
14.855599    22.299599    18.0004
14.8564    22.288399    18.0004
14.883599    22.226799    18.0004
14.895599    22.1996    18.0004
14.953199    22.087599    18.0004
14.970799    22.035599    18.0004
15.0316    21.9044    18.0004
15.073999    21.8092    18.0004
15.1116    21.7164    18.0004
15.1276    21.7092    18.0004
15.1412    21.7052    18.0004
15.160399    21.702    18.0004
15.17    21.702    18.0004
15.187599    21.7076    18.0004
15.217999    21.7132    18.0004
15.2324    21.719599    18.0004
15.285999    21.7388    18.0004
15.321199    21.753199    18.0004
15.3252    21.753199    18.0004
15.3284    21.754799    18.0004
15.332399    21.7564    18.0004
15.348399    21.765999    18.0004
15.3868    21.781199    18.0004
15.389999    21.782799    18.0004
15.394    21.784399    18.0004
15.4332    21.802    18.0004
15.445999    21.806799    18.0004
15.453199    21.810799    18.0004
15.4604    21.814    18.0004
15.4956    21.8316    18.0004
15.5012    21.834799    18.0004
15.5084    21.838    18.0004
15.5252    21.847599    18.0004
15.542    21.853199    18.0004
15.5532    21.8596    18.0004
15.567599    21.866    18.0004
15.5812    21.8732    18.0004
15.601999    21.882    18.0004
15.6147995    21.8892    18.0004
15.625999    21.8948    18.0004
15.6396    21.9028    18.0004
15.6556    21.909199    18.0004
15.6668    21.916399    18.0004
15.6788    21.921999    18.0004
15.693999    21.9308    18.0004
15.71    21.937199    18.0004
15.7268    21.9468    18.0004
15.733999    21.9492    18.0004
15.7444    21.955599    18.0004
15.7612    21.9628    18.0004
15.7699995    21.9676    18.0004
15.786799    21.9764    18.0004
15.8012    21.985199    18.0004
15.8188    21.994    18.0004
15.8276    21.9988    18.0004
15.8476    22.0092    18.0004
15.8636    22.0196    18.0004
15.871599    22.022799    18.0004
15.8988    22.0388    18.0004
15.9196    22.0516    18.0004
15.9251995    22.0548    18.0004
15.934799    22.059599    18.0004
15.945999    22.0676    18.0004
15.9612    22.074799    18.0004
15.9716    22.081999    18.0004
15.9844    22.087599    18.0004
15.993199    22.094    18.0004
16.0068    22.100399    18.0004
16.0228    22.111599    18.0004
16.0348    22.118    18.0004
16.0476    22.1292    18.0004
16.0732    22.1444    18.0004
16.0956    22.157999    18.0004
16.1052    22.166    18.0004
16.1204    22.174    18.0004
16.133999    22.1836    18.0004
16.1412    22.1884    18.0004
16.17    22.206799    18.0004
16.1772    22.2108    18.0004
16.1868    22.217999    18.0004
16.2852    22.2908    18.0004
16.305199    22.306    18.0004
16.306799    22.3076    18.0004
16.3092    22.3092    18.0004
16.3388    22.338    18.0004
16.342    22.342    18.0004
16.3444    22.3436    18.0004
16.3636    22.3604    18.0004
16.3844    22.381199    18.0004
16.4396    22.442799    18.0004
16.4468    22.4532    18.0004
16.4636    22.477999    18.0004
16.4756    22.5092    18.0004
16.4828    22.522799    18.0004
16.485199    22.5588    18.0004
16.4884    22.570799    18.0004
16.4884    22.585999    18.0004
16.4876    22.5956    18.0004
16.4868    22.6052    18.0004
16.4844    22.6164    18.0004
16.4684    22.650799    18.0004
16.4628    22.6612    18.0004
16.4268    22.7404    18.0004
16.4052    22.7804    18.0004
16.3668    22.8452    18.0004
16.362799    22.851599    18.0004
16.2948    22.966799    18.0004
16.2788    22.9996    18.0004
16.2396    23.0796    18.0004
16.1956    23.17    18.0004
16.1948    23.1716    18.0004
16.1948    23.1724    18.0004
16.1708    23.1852    18.0004
16.1604    23.185999    18.0004
16.15    23.1828    18.0004
16.1316    23.1772    18.0004
16.1196    23.1716    18.0004
16.114    23.1684    18.0004
16.046    23.133999    18.0004
16.0068    23.1132    18.0004
15.9883995    23.1036    18.0004
15.970799    23.0956    18.0004
15.9492    23.0836    18.0004
15.913199    23.0628    18.0004
15.9028    23.0572    18.0004
15.886    23.0476    18.0004
15.874    23.0388    18.0004
15.865999    23.0348    18.0004
15.8452    23.0308    18.0004
15.837199    23.028399    18.0004
15.832399    23.0268    18.0004
15.826799    23.0324    18.0004
15.803599    23.05    18.0004
15.7987995    23.0588    18.0004
15.797199    23.069199    18.0004
15.791599    23.087599    18.0004
15.79    23.1012    18.0004
15.7892    23.122799    18.0004
15.7876    23.143599    18.0004
15.7876    23.1516    18.0004
15.779599    23.163599    18.0004
15.7772    23.17    18.0004
15.761999    23.1772    18.0004
15.754    23.1836    18.0004
15.7436    23.1892    18.0004
15.7156    23.202    18.0004
15.677199    23.219599    18.0004
15.6723995    23.222    18.0004
15.619599    23.254    18.0004
15.6156    23.2556    18.0004
15.5836    23.275599    18.0004
15.5748    23.282    18.0004
15.5484    23.2988    18.0004
15.5476    23.299599    18.0004
15.521199    23.321999    18.0004
15.5068    23.338    18.0004
15.497999    23.3636    18.0004
15.4908    23.3676    18.0004
15.481199    23.385199    18.0004
15.474    23.3948    18.0004
15.474    23.4116    18.0004
15.458799    23.437199    18.0004
15.457999    23.4524    18.0004
15.4444    23.4756    18.0004
15.441999    23.4788    18.0004
15.440399    23.4828    18.0004
15.435599    23.505999    18.0004
15.441199    23.528399    18.0004
15.462    23.546799    18.0004
15.476399    23.5572    18.0004
15.4804    23.5604    18.0004
15.5204    23.6108    18.0004
15.5292    23.622799    18.0004
15.544399    23.645199    18.0004
15.567599    23.6852    18.0004
15.579599    23.712399    18.0004
15.595599    23.7612    18.0004
15.606    23.806    18.0004
15.61    23.827599    18.0004
15.61    23.8692    18.0004
15.6108    23.885199    18.0004
15.596399    23.93    18.0004
15.585199    23.9628    18.0004
15.573199    23.99    18.0004
15.5524    24.0308    18.0004
15.544399    24.0444    18.0004
15.533199    24.062    18.0004
15.4916    24.1124    18.0004
15.4539995    24.1516    18.0004
15.434    24.1708    18.0004
15.424399    24.1796    18.0004
15.378799    24.2188    18.0004
15.3308    24.258    18.0004
15.302    24.282    18.0004
15.2188    24.358    18.0004
15.1636    24.4084    18.0004
15.0803995    24.477999    18.0004
15.078    24.479599    18.0004
15.073999    24.4844    18.0004
15.0404    24.5196    18.0004
15.0348    24.526    18.0004
15.0116    24.5564    18.0004
15.0012    24.5796    18.0004
14.9972    24.5964    18.0004
14.9916    24.6244    18.0004
14.9892    24.633999    18.0004
14.9883995    24.642    18.0004
14.9844    24.674    18.0004
14.9852    24.685999    18.0004
14.9844    24.717999    18.0004
14.986    24.7372    18.0004
14.9852    24.774    18.0004
14.9908    24.812399    18.0004
14.9939995    24.8524    18.0004
14.9972    24.8692    18.0004
15.004399    24.9404    18.0004
15.006    24.9604    18.0004
15.0084    24.9804    18.0004
15.0116    25.026    18.0004
15.014    25.078    18.0004
15.0188    25.1756    18.0004
15.0188    25.1812    18.0004
15.0188    25.254799    18.0004
15.0188    25.2612    18.0004
15.0124    25.358799    18.0004
15.003599    25.407598    18.0004
14.999599    25.4252    18.0004
14.986799    25.479599    18.0004
14.978    25.513199    18.0004
14.9732    25.5324    18.0004
14.9676    25.548399    18.0004
14.9556    25.5844    18.0004
14.9452    25.6124    18.0004
14.926    25.661999    18.0004
14.922    25.6724    18.0004
14.9148    25.6892    18.0004
14.9036    25.722    18.0004
14.886    25.7668    18.0004
14.878799    25.7852    18.0004
14.87    25.805199    18.0004
14.8619995    25.834    18.0004
14.8588    25.847599    18.0004
14.8532    25.873999    18.0004
14.848399    25.890799    18.0004
14.8452    25.91    18.0004
14.844399    25.914799    18.0004
14.842799    25.934    18.0004
14.8412    25.944399    18.0004
14.8412    25.966799    18.0004
14.8404    25.9756    18.0004
14.8396    26.001999    18.0004
14.8412    26.0212    18.0004
14.8412    26.022799    18.0004
14.8452    26.050798    18.0004
14.8452    26.052399    18.0004
14.854799    26.0964    18.0004
14.854799    26.097198    18.0004
14.8708    26.149199    18.0004
14.8764    26.1612    18.0004
14.895599    26.2036    18.0004
14.8963995    26.2044    18.0004
14.926    26.258    18.0004
14.929999    26.264399    18.0004
14.936399    26.2764    18.0004
14.976399    26.3492    18.0004
14.9964    26.386799    18.0004
15.016399    26.4268    18.0004
15.0244    26.4436    18.0004
15.046    26.494799    18.0004
15.0492    26.501999    18.0004
15.0524    26.513199    18.0004
15.068399    26.5604    18.0004
15.085199    26.617199    18.0004
15.090799    26.6372    18.0004
15.101999    26.678    18.0004
15.120399    26.7484    18.0004
15.142799    26.8396    18.0004
15.148399    26.862799    18.0004
15.154799    26.89    18.0004
15.2028    27.105999    18.0004
15.217199    27.182    18.0004
15.2212    27.202    18.0004
15.2444    27.326    18.0004
15.2484    27.349998    18.0004
15.263599    27.449999    18.0004
15.2644    27.459599    18.0004
15.2668    27.4676    18.0004
15.2708    27.479599    18.0004
15.2788    27.5028    18.0004
15.2892    27.5124    18.0004
15.303599    27.5268    18.0004
15.3132    27.528399    18.0004
15.3348    27.5276    18.0004
15.346    27.5236    18.0004
15.382    27.5148    18.0004
15.412399    27.5084    18.0004
15.4452    27.5012    18.0004
15.4484    27.500399    18.0004
15.463599    27.5036    18.0004
15.475599    27.5052    18.0004
15.481999    27.5124    18.0004
15.504399    27.538    18.0004
15.518    27.5548    18.0004
15.533999    27.574    18.0004
15.556399    27.6036    18.0004
15.568399    27.6204    18.0004
15.5803995    27.6372    18.0004
15.597199    27.6628    18.0004
15.607599    27.680399    18.0004
15.629999    27.721199    18.0004
15.6348    27.73    18.0004
15.637199    27.734798    18.0004
15.664399    27.7852    18.0004
15.665999    27.789999    18.0004
15.6796    27.8196    18.0004
15.6796    27.827599    18.0004
15.6804    27.8396    18.0004
15.6756    27.8596    18.0004
15.674    27.866798    18.0004
15.664399    27.8932    18.0004
15.6444    27.948399    18.0004
15.6228    28.0052    18.0004
15.619599    28.0124    18.0004
15.618    28.0156    18.0004
15.6164    28.018799    18.0004
15.597199    28.053999    18.0004
15.585199    28.076399    18.0004
15.5772    28.09    18.0004
15.555599    28.122    18.0004
15.5532    28.125198    18.0004
15.532399    28.1516    18.0004
15.5227995    28.1628    18.0004
15.510799    28.173199    18.0004
15.5004    28.177198    18.0004
15.487599    28.178799    18.0004
15.4804    28.178799    18.0004
15.474799    28.178    18.0004
15.469999    28.177198    18.0004
15.4484    28.174    18.0004
15.4324    28.17    18.0004
15.418799    28.169199    18.0004
15.3972    28.169199    18.0004
15.386    28.167599    18.0004
15.3684    28.174    18.0004
15.3572    28.1868    18.0004
15.3508    28.2052    18.0004
15.349999    28.2164    18.0004
15.3516    28.237999    18.0004
15.3524    28.2524    18.0004
15.358    28.355598    18.0004
15.3644    28.4828    18.0004
15.366799    28.537199    18.0004
15.37    28.6412    18.0004
15.3708    28.6588    18.0004
15.3708    28.6764    18.0004
15.372399    28.730799    18.0004
15.3764    28.8396    18.0004
15.377199    28.858    18.0004
15.3796    28.897999    18.0004
15.3804    28.9236    18.0004
15.3852    28.973999    18.0004
15.3876    28.989199    18.0004
15.389999    29.0036    18.0004
15.394799    29.0148    18.0004
15.3988    29.031599    18.0004
15.4052    29.046799    18.0004
15.41    29.0612    18.0004
15.4396    29.0796    18.0004
15.445999    29.0852    18.0004
15.453199    29.0796    18.0004
15.481199    29.063599    18.0004
15.493199    29.0436    18.0004
15.499599    29.033998    18.0004
15.509999    29.001999    18.0004
15.518    28.986    18.0004
15.5227995    28.9636    18.0004
15.526799    28.944399    18.0004
15.527599    28.941198    18.0004
15.528399    28.9364    18.0004
15.5348    28.9068    18.0004
15.539599    28.8828    18.0004
15.5428    28.862799    18.0004
15.546    28.827599    18.0004
15.5484    28.8084    18.0004
15.554    28.7676    18.0004
15.555599    28.7524    18.0004
15.5571995    28.741999    18.0004
15.562799    28.684399    18.0004
15.572399    28.626    18.0004
15.573999    28.6092    18.0004
15.5756    28.597198    18.0004
15.578799    28.574    18.0004
15.5924    28.473999    18.0004
15.602799    28.4116    18.0004
15.61    28.369999    18.0004
15.622    28.31    18.0004
15.638    28.2388    18.0004
15.6435995    28.2172    18.0004
15.6468    28.202    18.0004
15.6516    28.185999    18.0004
15.6844    28.069199    18.0004
15.6972    28.024399    18.0004
15.711599    27.973999    18.0004
15.717999    27.9548    18.0004
15.7484    27.861198    18.0004
15.7612    27.8212    18.0004
15.803599    27.6988    18.0004
15.8124    27.674799    18.0004
15.8331995    27.6188    18.0004
15.8452    27.5868    18.0004
15.8692    27.5252    18.0004
15.877199    27.5052    18.0004
15.9036    27.442799    18.0004
15.9108    27.4268    18.0004
15.9428    27.357199    18.0004
15.958799    27.323599    18.0004
15.986799    27.265999    18.0004
16.006    27.226799    18.0004
16.042799    27.160398    18.0004
16.046    27.154    18.0004
16.05    27.1468    18.0004
16.0884    27.087599    18.0004
16.1188    27.0404    18.0004
16.1188    27.039598    18.0004
16.1204    27.0388    18.0004
16.1724    26.970798    18.0004
16.1852    26.9572    18.0004
16.2124    26.925999    18.0004
16.23    26.906    18.0004
16.246    26.8892    18.0004
16.2732    26.8636    18.0004
16.2916    26.8468    18.0004
16.3284    26.8132    18.0004
16.3484    26.7948    18.0004
16.3708    26.777199    18.0004
16.3964    26.754799    18.0004
16.4268    26.7356    18.0004
16.4604    26.713999    18.0004
16.482    26.6996    18.0004
16.5204    26.6764    18.0004
16.562    26.6556    18.0004
16.5804    26.6468    18.0004
16.6196    26.6332    18.0004
16.6428    26.6236    18.0004
16.654    26.6188    18.0004
16.691599    26.6076    18.0004
16.7052    26.602798    18.0004
16.721199    26.598799    18.0004
16.7444    26.594    18.0004
16.782799    26.587599    18.0004
16.801199    26.585999    18.0004
16.8412    26.5852    18.0004
16.8604    26.5852    18.0004
16.8876    26.5852    18.0004
16.8956    26.5868    18.0004
16.91    26.59    18.0004
16.934    26.5956    18.0004
16.955599    26.604399    18.0004
16.9876    26.615599    18.0004
16.9916    26.6164    18.0004
16.9972    26.619598    18.0004
17.0436    26.6476    18.0004
17.046799    26.649199    18.0004
17.048399    26.65    18.0004
17.0796    26.682798    18.0004
17.0868    26.6908    18.0004
17.1148    26.721199    18.0004
17.126    26.736399    18.0004
17.1684    26.7972    18.0004
17.1756    26.8076    18.0004
17.1812    26.8172    18.0004
17.1932    26.8428    18.0004
17.226    26.9116    18.0004
17.2388    26.944399    18.0004
17.241999    26.953999    18.0004
17.2468    26.966    18.0004
17.2684    27.042    18.0004
17.278    27.074    18.0004
17.2796    27.0828    18.0004
17.2812    27.0892    18.0004
17.2948    27.139599    18.0004
17.310799    27.2044    18.0004
17.3116    27.208399    18.0004
17.3132    27.2156    18.0004
17.3252    27.2596    18.0004
17.334    27.289999    18.0004
17.3388    27.310799    18.0004
17.3716    27.466799    18.0004
17.3724    27.470798    18.0004
17.386    27.538    18.0004
17.3988    27.5996    18.0004
17.4132    27.682798    18.0004
17.4228    27.7428    18.0004
17.425999    27.764399    18.0004
17.4292    27.795599    18.0004
17.438    27.873999    18.0004
17.4404    27.914    18.0004
17.4436    27.9564    18.0004
17.4476    28.042    18.0004
17.4484    28.063599    18.0004
17.4484    28.0716    18.0004
17.4476    28.121199    18.0004
17.4468    28.1468    18.0004
17.446    28.206799    18.0004
17.446    28.2132    18.0004
17.446    28.217999    18.0004
17.4396    28.340399    18.0004
17.438799    28.357199    18.0004
17.437199    28.3708    18.0004
17.4308    28.4348    18.0004
17.4244    28.4868    18.0004
17.4228    28.498798    18.0004
17.4132    28.5716    18.0004
17.4068    28.615599    18.0004
17.3956    28.6868    18.0004
17.39    28.717999    18.0004
17.3772    28.7892    18.0004
17.3708    28.8244    18.0004
17.3652    28.8524    18.0004
17.354    28.9044    18.0004
17.33    29.0068    18.0004
17.329199    29.0108    18.0004
17.3284    29.0124    18.0004
17.3284    29.014    18.0004
17.3156    29.0668    18.0004
17.3028    29.119598    18.0004
17.302    29.1236    18.0004
17.2876    29.182    18.0004
17.284399    29.193998    18.0004
17.284399    29.195599    18.0004
17.2556    29.2988    18.0004
17.2404    29.358799    18.0004
17.236399    29.3748    18.0004
17.23    29.397999    18.0004
17.202799    29.4972    18.0004
17.1868    29.5556    18.0004
17.169199    29.6292    18.0004
17.156399    29.682    18.0004
17.1388    29.749199    18.0004
17.1188    29.845999    18.0004
17.1188    29.8468    18.0004
17.1164    29.8596    18.0004
17.0956    29.9644    18.0004
17.094    29.9732    18.0004
17.0508    30.2116    18.0004
17.0452    30.2444    18.0004
17.041199    30.2652    18.0004
16.9956    30.4972    18.0004
16.9932    30.505999    18.0004
16.9916    30.513199    18.0004
16.9708    30.6068    18.0004
16.937199    30.734    18.0004
16.9356    30.7388    18.0004
16.934    30.7452    18.0004
16.8908    30.894798    18.0004
16.878    30.935598    18.0004
16.8564    31.0012    18.0004
16.8428    31.0404    18.0004
16.8308    31.074799    18.0004
16.7964    31.1668    18.0004
16.7788    31.2116    18.0004
16.7612    31.254    18.0004
16.75    31.2796    18.0004
16.722    31.3436    18.0004
16.708399    31.3716    18.0004
16.6852    31.418    18.0004
16.6708    31.444399    18.0004
16.646    31.487598    18.0004
16.622    31.5268    18.0004
16.615599    31.535599    18.0004
16.586    31.574799    18.0004
16.581999    31.5796    18.0004
16.5812    31.5812    18.0004
16.5684    31.594    18.0004
16.557999    31.604399    18.0004
16.5348    31.626    18.0004
16.5276    31.6348    18.0004
16.5196    31.641998    18.0004
16.5212    31.656399    18.0004
16.522    31.6756    18.0004
16.5308    31.680399    18.0004
16.5492    31.6908    18.0004
16.5548    31.6924    18.0004
16.578    31.697199    18.0004
16.5844    31.6988    18.0004
16.593199    31.7004    18.0004
16.708399    31.7244    18.0004
16.7788    31.7388    18.0004
16.7868    31.740398    18.0004
16.8164    31.745998    18.0004
16.942    31.769999    18.0004
17.0588    31.7932    18.0004
17.0924    31.799599    18.0004
17.1316    31.806    18.0004
17.1892    31.8156    18.0004
17.2156    31.820398    18.0004
17.237999    31.8228    18.0004
17.2964    31.829199    18.0004
17.3196    31.8324    18.0004
17.3276    31.833199    18.0004
17.3732    31.838    18.0004
17.397999    31.842    18.0004
17.409199    31.8428    18.0004
17.421999    31.8436    18.0004
17.4396    31.845999    18.0004
17.4588    31.847599    18.0004
17.479599    31.8524    18.0004
17.5156    31.862799    18.0004
17.5164    31.862799    18.0004
17.5172    31.862799    18.0004
17.574    31.882    18.0004
17.6388    31.910799    18.0004
17.6428    31.9124    18.0004
17.6476    31.914799    18.0004
17.7316    31.9532    18.0004
17.7644    31.9684    18.0004
17.786    31.9812    18.0004
17.8356    32.006    18.0004
17.886    32.034    18.0004
17.8884    32.034798    18.0004
17.89    32.0364    18.0004
17.9116    32.0524    18.0004
17.933199    32.0692    18.0004
17.9348    32.07    18.0004
17.938799    32.073997    18.0004
17.961199    32.0948    18.0004
17.9756    32.114    18.0004
17.983599    32.1236    18.0004
17.998    32.1452    18.0004
17.9988    32.146    18.0004
18.000399    32.1492    18.0004
18.0108    32.1732    18.0004
18.013199    32.1796    18.0004
18.0172    32.19    18.0004
18.0236    32.21    18.0004
18.0276    32.2212    18.0004
18.0364    32.2492    18.0004
18.042    32.274    18.0004
18.046    32.2884    18.0004
18.0516    32.3124    18.0004
18.0556    32.3404    18.0004
18.0564    32.3516    18.0004
18.0572    32.3612    18.0004
18.0604    32.3964    18.0004
18.0612    32.447598    18.0004
18.0612    32.4652    18.0004
18.059599    32.4852    18.0004
18.0548    32.5148    18.0004
18.0532    32.5228    18.0004
18.0444    32.554    18.0004
18.041199    32.5636    18.0004
18.0396    32.5676    18.0004
18.0276    32.590797    18.0004
18.0124    32.616398    18.0004
18.0012    32.6324    18.0004
17.9844    32.6564    18.0004
17.9516    32.697998    18.0004
17.937199    32.714    18.0004
17.9212    32.73    18.0004
17.8996    32.7516    18.0004
17.8764    32.770798    18.0004
17.862799    32.7812    18.0004
17.8188    32.8148    18.0004
17.8036    32.826    18.0004
17.7516    32.862    18.0004
17.75    32.8628    18.0004
17.7204    32.8764    18.0004
17.7076    32.882    18.0004
17.6764    32.8908    18.0004
17.6724    32.891598    18.0004
17.67    32.8924    18.0004
17.6108    32.902798    18.0004
17.5836    32.9068    18.0004
17.5516    32.9116    18.0004
17.5436    32.9124    18.0004
17.5204    32.9148    18.0004
17.4604    32.918    18.0004
17.427599    32.9204    18.0004
17.362    32.9236    18.0004
17.345999    32.9244    18.0004
17.3156    32.9244    18.0004
17.2572    32.925198    18.0004
17.2388    32.925198    18.0004
17.1852    32.925198    18.0004
17.118    32.925198    18.0004
17.098799    32.925198    18.0004
17.0236    32.9236    18.0004
16.9828    32.9212    18.0004
16.906    32.9188    18.0004
16.8172    32.9124    18.0004
16.7852    32.91    18.0004
16.6924    32.9012    18.0004
16.633999    32.8956    18.0004
16.6188    32.8948    18.0004
16.5908    32.891598    18.0004
16.4988    32.8812    18.0004
16.3956    32.869198    18.0004
16.3876    32.8684    18.0004
16.381199    32.8668    18.0004
16.282    32.852398    18.0004
16.237999    32.8452    18.0004
16.1716    32.834    18.0004
16.1028    32.822    18.0004
16.0156    32.804398    18.0004
15.9492    32.7908    18.0004
15.8675995    32.7732    18.0004
15.8244    32.7628    18.0004
15.769199    32.750797    18.0004
15.717999    32.7388    18.0004
15.6852    32.73    18.0004
15.6404    32.717197    18.0004
15.630799    32.714798    18.0004
15.4844    32.6748    18.0004
15.469999    32.67    18.0004
15.422    32.6548    18.0004
15.3508    32.6324    18.0004
15.320399    32.621998    18.0004
15.2188    32.5876    18.0004
15.17    32.5692    18.0004
15.085199    32.5388    18.0004
15.050799    32.5252    18.0004
14.9916    32.502    18.0004
14.9428    32.4828    18.0004
14.889199    32.4604    18.0004
14.8284    32.4348    18.0004
14.821199    32.4324    18.0004
14.809199    32.426    18.0004
14.7876    32.4156    18.0004
14.780399    32.4116    18.0004
14.7724    32.41    18.0004
14.7436    32.4036    18.0004
14.729199    32.4172    18.0004
14.7212    32.4236    18.0004
14.734799    32.450798    18.0004
14.7372    32.456398    18.0004
14.7476    32.467598    18.0004
14.762    32.4836    18.0004
14.7716    32.4964    18.0004
14.8236    32.5612    18.0004
14.8404    32.582798    18.0004
14.854    32.599598    18.0004
14.9092    32.6708    18.0004
14.947599    32.7212    18.0004
14.970799    32.750797    18.0004
14.9956    32.7836    18.0004
15.0244    32.8196    18.0004
15.0803995    32.8932    18.0004
15.1388    32.9716    18.0004
15.142799    32.978    18.0004
15.15    32.9876    18.0004
15.205999    33.0692    18.0004
15.2324    33.107597    18.0004
15.2444    33.1252    18.0004
15.2644    33.1564    18.0004
15.2708    33.166798    18.0004
15.2732    33.1716    18.0004
15.302    33.2188    18.0004
15.318    33.248398    18.0004
15.346    33.298798    18.0004
15.3508    33.3076    18.0004
15.3524    33.3108    18.0004
15.3628    33.3332    18.0004
15.406799    33.4276    18.0004
15.447599    33.5164    18.0004
15.4556    33.534    18.0004
15.4724    33.5756    18.0004
15.4828    33.6004    18.0004
15.486799    33.61    18.0004
15.5116    33.67    18.0004
15.526799    33.705997    18.0004
15.555599    33.7836    18.0004
15.5748    33.8428    18.0004
15.579599    33.857998    18.0004
15.5836    33.902798    18.0004
15.584399    33.9092    18.0004
15.584399    33.922    18.0004
15.578799    33.978798    18.0004
15.5748    34.001198    18.0004
15.5716    34.023598    18.0004
15.5636    34.0532    18.0004
15.558    34.0724    18.0004
15.5428    34.113197    18.0004
15.5412    34.118797    18.0004
15.5132    34.189198    18.0004
15.509999    34.1988    18.0004
15.5068    34.205997    18.0004
15.5012    34.2188    18.0004
15.476399    34.2772    18.0004
15.463599    34.3028    18.0004
15.4516    34.3252    18.0004
15.445999    34.332397    18.0004
15.4388    34.343597    18.0004
15.434    34.346    18.0004
15.4204    34.3532    18.0004
15.373199    34.3684    18.0004
15.358    34.3732    18.0004
15.3516    34.374798    18.0004
15.3452    34.3756    18.0004
15.3331995    34.3756    18.0004
15.3172    34.369198    18.0004
15.313999    34.3684    18.0004
15.3116    34.3676    18.0004
15.2428    34.3388    18.0004
15.2324    34.334    18.0004
15.1868    34.3108    18.0004
15.153199    34.293198    18.0004
15.147599    34.2908    18.0004
15.137199    34.2836    18.0004
15.1116    34.266    18.0004
15.106    34.2612    18.0004
15.0876    34.2436    18.0004
15.084399    34.239597    18.0004
15.062799    34.211597    18.0004
15.055599    34.200397    18.0004
15.0204    34.1492    18.0004
14.997999    34.1156    18.0004
14.981199    34.0868    18.0004
14.952399    34.0396    18.0004
14.95    34.0356    18.0004
14.9444    34.026    18.0004
14.9084    33.9612    18.0004
14.882    33.9068    18.0004
14.8588    33.865997    18.0004
14.8292    33.8076    18.0004
14.808399    33.766    18.0004
14.794    33.738    18.0004
14.7668    33.6828    18.0004
14.7276    33.610798    18.0004
14.7123995    33.582798    18.0004
14.686    33.538    18.0004
14.662    33.5004    18.0004
14.6452    33.474    18.0004
14.613999    33.426    18.0004
14.597199    33.4012    18.0004
14.5708    33.362    18.0004
14.5548    33.3404    18.0004
14.503599    33.2716    18.0004
14.474    33.2332    18.0004
14.429999    33.1748    18.0004
14.422    33.1652    18.0004
14.3916    33.1268    18.0004
14.3748    33.1044    18.0004
14.3292    33.045998    18.0004
14.3228    33.038    18.0004
14.306    33.0172    18.0004
14.2596    32.9612    18.0004
14.2428    32.9404    18.0004
14.228399    32.922    18.0004
14.187599    32.874    18.0004
14.15    32.8276    18.0004
14.148399    32.826    18.0004
14.148399    32.8252    18.0004
14.1092    32.778    18.0004
14.0924    32.7572    18.0004
14.0571995    32.7156    18.0004
14.0548    32.7124    18.0004
14.050799    32.7084    18.0004
14.015599    32.6684    18.0004
13.9916    32.638798    18.0004
13.9612    32.605198    18.0004
13.9204    32.5588    18.0004
13.901199    32.5388    18.0004
13.808399    32.4412    18.0004
13.802799    32.4356    18.0004
13.802    32.434    18.0004
13.7564    32.3884    18.0004
13.710799    32.341198    18.0004
13.6988    32.329998    18.0004
13.6348    32.2684    18.0004
13.6292    32.2628    18.0004
13.589999    32.2252    18.0004
13.5092    32.1476    18.0004
13.365999    32.0156    18.0004
13.346    31.9972    18.0004
13.3404    31.9924    18.0004
13.3364    31.9884    18.0004
13.194799    31.862    18.0004
13.1612    31.8308    18.0004
13.0924    31.768398    18.0004
13.0468    31.726    18.0004
13.03    31.7092    18.0004
12.970799    31.6524    18.0004
12.9516    31.6348    18.0004
12.913199    31.5956    18.0004
12.8924    31.574799    18.0004
12.8748    31.5548    18.0004
12.860399    31.5388    18.0004
12.8412    31.518    18.0004
12.826799    31.498798    18.0004
12.822    31.493198    18.0004
12.8108    31.481998    18.0004
12.8004    31.47    18.0004
12.792399    31.461199    18.0004
12.7699995    31.4508    18.0004
12.7588    31.448399    18.0004
12.7484    31.4548    18.0004
12.7355995    31.4604    18.0004
12.7252    31.466799    18.0004
12.71    31.4788    18.0004
12.6491995    31.528399    18.0004
12.637199    31.537199    18.0004
12.6116    31.553999    18.0004
12.596399    31.5628    18.0004
12.59    31.565199    18.0004
12.584399    31.567598    18.0004
12.5548    31.5812    18.0004
12.533199    31.5924    18.0004
12.5204    31.5996    18.0004
12.5092    31.605999    18.0004
12.506    31.6076    18.0004
12.470799    31.63    18.0004
12.4556    31.639599    18.0004
12.4204    31.6652    18.0004
12.4092    31.674799    18.0004
12.3932    31.685999    18.0004
12.3692    31.7036    18.0004
12.349199    31.721199    18.0004
12.3412    31.726799    18.0004
12.3284    31.73    18.0004
12.320399    31.7332    18.0004
12.3172    31.7316    18.0004
12.3084    31.7172    18.0004
12.306    31.708399    18.0004
12.306    31.705198    18.0004
12.2987995    31.6836    18.0004
12.2956    31.677198    18.0004
12.281199    31.6612    18.0004
12.2604    31.660398    18.0004
12.2484    31.6556    18.0004
12.2364    31.6596    18.0004
12.228399    31.657999    18.0004
12.217199    31.660398    18.0004
12.205199    31.6612    18.0004
12.1924    31.6628    18.0004
12.1804    31.6612    18.0004
12.1644    31.654799    18.0004
12.1516    31.650799    18.0004
12.147599    31.6484    18.0004
12.0988    31.621199    18.0004
12.0859995    31.6132    18.0004
12.0132    31.563599    18.0004
11.9852    31.5444    18.0004
11.9484    31.5196    18.0004
11.9372    31.5124    18.0004
11.895599    31.487598    18.0004
11.8372    31.4452    18.0004
11.814    31.4284    18.0004
11.797999    31.418798    18.0004
11.7411995    31.375599    18.0004
11.7188    31.3604    18.0004
11.7076    31.349998    18.0004
11.7067995    31.3428    18.0004
11.7148    31.325998    18.0004
11.7148    31.317999    18.0004
11.7244    31.2948    18.0004
11.7316    31.282    18.0004
11.7316    31.265999    18.0004
11.7148    31.2412    18.0004
11.711599    31.2388    18.0004
11.683599    31.23    18.0004
11.6723995    31.229198    18.0004
11.6636    31.2284    18.0004
11.6356    31.2284    18.0004
11.634    31.223598    18.0004
11.6444    31.197199    18.0004
11.6444    31.1964    18.0004
11.6452    31.195599    18.0004
11.662    31.1572    18.0004
11.6692    31.132399    18.0004
11.671599    31.122    18.0004
11.677199    31.109999    18.0004
11.6868    31.094    18.0004
11.6932    31.078    18.0004
11.699599    31.0668    18.0004
11.745999    31.013199    18.0004
11.7699995    30.9844    18.0004
11.7836    30.9676    18.0004
11.832399    30.91    18.0004
11.8452    30.894798    18.0004
11.854    30.885199    18.0004
11.8684    30.868399    18.0004
11.8756    30.853199    18.0004
11.889199    30.8356    18.0004
11.889999    30.8228    18.0004
11.898    30.805199    18.0004
11.9004    30.788399    18.0004
11.8972    30.781199    18.0004
11.898    30.760399    18.0004
11.894    30.7564    18.0004
11.866    30.7396    18.0004
11.8484    30.737999    18.0004
11.8276    30.73    18.0004
11.797999    30.723598    18.0004
11.7324    30.708399    18.0004
11.7108    30.702799    18.0004
11.665999    30.6908    18.0004
11.6212    30.6812    18.0004
11.518    30.6612    18.0004
11.510799    30.6596    18.0004
11.5084    30.6588    18.0004
11.5068    30.657999    18.0004
11.4388    30.6468    18.0004
11.436399    30.646    18.0004
11.3932    30.639599    18.0004
11.3532    30.6292    18.0004
11.343599    30.626799    18.0004
11.3356    30.625198    18.0004
11.294    30.615599    18.0004
11.2876    30.6148    18.0004
11.274    30.611599    18.0004
11.2156    30.594    18.0004
11.1876    30.5884    18.0004
11.1356    30.570799    18.0004
11.1172    30.5668    18.0004
11.0836    30.556398    18.0004
11.068399    30.5516    18.0004
11.010799    30.528399    18.0004
10.998799    30.524399    18.0004
10.9883995    30.5204    18.0004
10.9452    30.500399    18.0004
10.9332    30.4956    18.0004
10.9116    30.4916    18.0004
10.9028    30.493198    18.0004
10.8804    30.509998    18.0004
10.873199    30.518    18.0004
10.866799    30.5404    18.0004
10.8652    30.552399    18.0004
10.8564    30.6276    18.0004
10.855599    30.636398    18.0004
10.854799    30.6404    18.0004
10.854    30.643599    18.0004
10.843599    30.6812    18.0004
10.8356    30.7076    18.0004
10.825999    30.734    18.0004
10.8252    30.753199    18.0004
10.8228    30.762    18.0004
10.834    30.7764    18.0004
10.8348    30.777199    18.0004
10.8364    30.777199    18.0004
10.8716    30.781199    18.0004
10.894    30.781199    18.0004
10.912399    30.784399    18.0004
10.9452    30.7916    18.0004
10.9548    30.795599    18.0004
10.9748    30.8028    18.0004
10.976399    30.803598    18.0004
10.978    30.8044    18.0004
11.015599    30.8268    18.0004
11.028399    30.834799    18.0004
11.0668    30.866798    18.0004
11.1044    30.897999    18.0004
11.11    30.914799    18.0004
11.1348    30.9508    18.0004
11.1628    31.0036    18.0004
11.1692    31.015598    18.0004
11.1748    31.0684    18.0004
11.1779995    31.1348    18.0004
11.1812    31.1532    18.0004
11.1796    31.1644    18.0004
11.174    31.180399    18.0004
11.1644    31.202799    18.0004
11.162    31.2092    18.0004
11.1444    31.221199    18.0004
11.1292    31.23    18.0004
11.113999    31.232399    18.0004
11.1012    31.2356    18.0004
11.0692    31.241999    18.0004
11.0188    31.240398    18.0004
10.998799    31.2388    18.0004
10.993199    31.237999    18.0004
10.9852    31.2372    18.0004
10.935599    31.2276    18.0004
10.8828    31.2172    18.0004
10.8636    31.212399    18.0004
10.8484    31.206    18.0004
10.822    31.195599    18.0004
10.791599    31.1796    18.0004
10.7508    31.1572    18.0004
10.7276    31.136398    18.0004
10.711599    31.121199    18.0004
10.694799    31.1012    18.0004
10.683599    31.084398    18.0004
10.6788    31.074799    18.0004
10.671599    31.0548    18.0004
10.6692    31.031599    18.0004
10.6588    31.013199    18.0004
10.6444    31.0052    18.0004
10.6396    31.0036    18.0004
10.6388    31.0036    18.0004
10.638    31.004398    18.0004
10.638    31.0052    18.0004
10.625199    31.026    18.0004
10.6044    31.042799    18.0004
10.598    31.0492    18.0004
10.5876    31.0572    18.0004
10.5772    31.0516    18.0004
10.562799    31.057999    18.0004
10.5492    31.0716    18.0004
10.527599    31.0796    18.0004
10.5227995    31.087599    18.0004
10.509999    31.1036    18.0004
10.5036    31.1132    18.0004
10.4972    31.136398    18.0004
10.49    31.157999    18.0004
10.486    31.163599    18.0004
10.4716    31.189999    18.0004
10.4492    31.217999    18.0004
10.4404    31.23    18.0004
10.438    31.2332    18.0004
10.401999    31.2724    18.0004
10.3876    31.286798    18.0004
10.354799    31.3156    18.0004
10.3284    31.334799    18.0004
10.326799    31.3364    18.0004
10.2996    31.3492    18.0004
10.2987995    31.349998    18.0004
10.2588    31.3652    18.0004
10.2508    31.368399    18.0004
10.25    31.368399    18.0004
10.245999    31.369999    18.0004
10.1732    31.394    18.0004
10.1612    31.3972    18.0004
10.1412    31.3996    18.0004
10.134    31.400398    18.0004
10.119599    31.3972    18.0004
10.1124    31.396399    18.0004
10.0948    31.39    18.0004
10.0868    31.386799    18.0004
10.0708    31.377998    18.0004
10.0116    31.345999    18.0004
9.998799    31.338    18.0004
9.9964    31.3364    18.0004
9.987599    31.3268    18.0004
9.9748    31.3084    18.0004
9.9668    31.2948    18.0004
9.946799    31.2732    18.0004
9.941999    31.2692    18.0004
9.906    31.245998    18.0004
9.8796    31.2244    18.0004
9.8748    31.202    18.0004
9.874    31.180399    18.0004
9.872399    31.171598    18.0004
9.8756    31.1412    18.0004
9.8756    31.1404    18.0004
9.8772    31.1372    18.0004
9.8828    31.126799    18.0004
9.889999    31.1124    18.0004
9.8932    31.1076    18.0004
9.9156    31.0812    18.0004
9.918799    31.0756    18.0004
9.924399    31.053999    18.0004
9.918799    31.0404    18.0004
9.918799    31.024399    18.0004
9.912399    31.009998    18.0004
9.907599    30.998798    18.0004
9.8972    30.99    18.0004
9.8852    30.9716    18.0004
9.8756    30.955599    18.0004
9.8675995    30.9476    18.0004
9.854    30.920399    18.0004
9.8356    30.8916    18.0004
9.8331995    30.882    18.0004
9.826799    30.866    18.0004
9.8116    30.8412    18.0004
9.7964    30.8212    18.0004
9.785999    30.8044    18.0004
9.7676    30.769999    18.0004
9.757999    30.754799    18.0004
9.752399    30.7412    18.0004
9.745999    30.722    18.0004
9.734799    30.6964    18.0004
9.7268    30.674799    18.0004
9.7164    30.6428    18.0004
9.7156    30.6372    18.0004
9.7132    30.6148    18.0004
9.7092    30.5836    18.0004
9.7067995    30.565199    18.0004
9.7084    30.5348    18.0004
9.7092    30.5196    18.0004
9.71    30.496399    18.0004
9.7123995    30.476398    18.0004
9.7244    30.4404    18.0004
9.7212    30.4324    18.0004
9.717199    30.41    18.0004
9.683599    30.3916    18.0004
9.6708    30.383598    18.0004
9.660399    30.377998    18.0004
9.6412    30.369999    18.0004
9.631599    30.362799    18.0004
9.6236    30.3604    18.0004
9.5924    30.3396    18.0004
9.5803995    30.3308    18.0004
9.556399    30.310799    18.0004
9.539599    30.3004    18.0004
9.5196    30.2748    18.0004
9.516399    30.271599    18.0004
9.5116    30.258799    18.0004
9.5076    30.243599    18.0004
9.516399    30.2332    18.0004
9.5268    30.2164    18.0004
9.539599    30.2044    18.0004
9.542    30.2004    18.0004
9.5484    30.1988    18.0004
9.5764    30.178799    18.0004
9.6012    30.1668    18.0004
9.6124    30.1612    18.0004
9.6212    30.1588    18.0004
9.6668    30.1428    18.0004
9.6852    30.1356    18.0004
9.6868    30.1348    18.0004
9.7324    30.13    18.0004
9.7411995    30.13    18.0004
9.7836    30.1348    18.0004
9.7876    30.1348    18.0004
9.79    30.133999    18.0004
9.822    30.13    18.0004
9.8284    30.1292    18.0004
9.83    30.128399    18.0004
9.882    30.093199    18.0004
9.906    30.080399    18.0004
9.941199    30.069199    18.0004
9.9539995    30.067598    18.0004
9.9676    30.0572    18.0004
9.981999    30.067598    18.0004
9.998    30.056398    18.0004
10.0012    30.0532    18.0004
9.999599    30.050798    18.0004
9.998799    30.05    18.0004
9.998    30.05    18.0004
9.9684    30.046    18.0004
9.9508    30.0204    18.0004
9.9444    30.0084    18.0004
9.938    29.9996    18.0004
9.941199    29.990799    18.0004
9.9372    29.983599    18.0004
9.9164    29.9644    18.0004
9.91    29.9564    18.0004
9.8708    29.9268    18.0004
9.8604    29.916399    18.0004
9.8068    29.8676    18.0004
9.8043995    29.864399    18.0004
9.7876    29.8412    18.0004
9.7772    29.8308    18.0004
9.7604    29.806799    18.0004
9.7556    29.7972    18.0004
9.745999    29.775599    18.0004
9.751599    29.7428    18.0004
9.751599    29.737999    18.0004
9.752399    29.7316    18.0004
9.763599    29.722    18.0004
9.792399    29.6924    18.0004
9.7772    29.682    18.0004
9.782    29.6588    18.0004
9.7772    29.642    18.0004
9.774    29.6332    18.0004
9.774799    29.63    18.0004
9.763599    29.609999    18.0004
9.7596    29.598799    18.0004
9.7388    29.5684    18.0004
9.734799    29.5588    18.0004
9.717999    29.533998    18.0004
9.7148    29.524399    18.0004
9.6988    29.504398    18.0004
9.6932    29.496399    18.0004
9.689199    29.494    18.0004
9.682    29.4804    18.0004
9.6404    29.418    18.0004
9.637199    29.410799    18.0004
9.6188    29.382    18.0004
9.6092    29.366    18.0004
9.568399    29.2964    18.0004
9.5636    29.2892    18.0004
9.5428    29.251598    18.0004
9.538799    29.2444    18.0004
9.505199    29.1756    18.0004
9.4924    29.1484    18.0004
9.475599    29.108398    18.0004
9.453199    29.0556    18.0004
9.4372    29.0156    18.0004
9.4236    28.976398    18.0004
9.412399    28.9404    18.0004
9.4044    28.914    18.0004
9.3932    28.8708    18.0004
9.3876    28.847599    18.0004
9.377999    28.8044    18.0004
9.3692    28.762    18.0004
9.366    28.7452    18.0004
9.3644    28.7316    18.0004
9.3588    28.693998    18.0004
9.3572    28.6684    18.0004
9.355599    28.646    18.0004
9.3548    28.63    18.0004
9.354    28.600399    18.0004
9.3532    28.5532    18.0004
9.3532    28.5324    18.0004
9.3532    28.518799    18.0004
9.358    28.449999    18.0004
9.3596    28.434    18.0004
9.3684    28.361198    18.0004
9.3692    28.357199    18.0004
9.382    28.2916    18.0004
9.3828    28.288399    18.0004
9.386    28.2748    18.0004
9.4036    28.2092    18.0004
9.4036    28.208399    18.0004
9.4044    28.206799    18.0004
9.4251995    28.1356    18.0004
9.438    28.105999    18.0004
9.4484    28.0796    18.0004
9.4692    28.028399    18.0004
9.474    28.0164    18.0004
9.476399    28.0124    18.0004
9.4804    28.004398    18.0004
9.4852    27.9956    18.0004
9.504399    27.9588    18.0004
9.505199    27.9532    18.0004
9.516399    27.934    18.0004
9.516399    27.9284    18.0004
9.53    27.9028    18.0004
9.5308    27.901999    18.0004
9.5404    27.866    18.0004
9.5356    27.8524    18.0004
9.539599    27.8396    18.0004
9.5348    27.83    18.0004
9.5227995    27.827599    18.0004
9.5036    27.827599    18.0004
9.4956    27.8284    18.0004
9.4916    27.829199    18.0004
9.4836    27.83    18.0004
9.4508    27.838    18.0004
9.4276    27.8428    18.0004
9.414    27.8428    18.0004
9.401999    27.845999    18.0004
9.3804    27.8436    18.0004
9.3748    27.8396    18.0004
9.3756    27.8356    18.0004
9.3708    27.814798    18.0004
9.373199    27.81    18.0004
9.372399    27.7876    18.0004
9.3764    27.7804    18.0004
9.3796    27.758799    18.0004
9.382    27.754    18.0004
9.3892    27.734    18.0004
9.401199    27.7116    18.0004
9.4196    27.6812    18.0004
9.4236    27.674    18.0004
9.424399    27.6724    18.0004
9.4251995    27.67    18.0004
9.4564    27.621199    18.0004
9.462    27.6148    18.0004
9.499599    27.566    18.0004
9.533199    27.529999    18.0004
9.5612    27.5012    18.0004
9.6188    27.444399    18.0004
9.637199    27.427599    18.0004
9.6452    27.4196    18.0004
9.6676    27.3996    18.0004
9.682799    27.386    18.0004
9.6876    27.382    18.0004
9.7012    27.369999    18.0004
9.786799    27.299599    18.0004
9.815599    27.2788    18.0004
9.8404    27.260399    18.0004
9.8756    27.236399    18.0004
9.894    27.223598    18.0004
9.91    27.2148    18.0004
9.9636    27.184399    18.0004
9.9772    27.1764    18.0004
10.0036    27.163599    18.0004
10.021999    27.154799    18.0004
10.0316    27.1516    18.0004
10.058    27.143599    18.0004
10.067599    27.1404    18.0004
10.098    27.1364    18.0004
10.1076    27.1364    18.0004
10.137199    27.133999    18.0004
10.142    27.133999    18.0004
10.171599    27.1372    18.0004
10.198    27.139599    18.0004
10.2123995    27.1444    18.0004
10.242    27.1532    18.0004
10.2556    27.1532    18.0004
10.280399    27.1524    18.0004
10.2972    27.13    18.0004
10.309199    27.119598    18.0004
10.3116    27.1012    18.0004
10.3124    27.0868    18.0004
10.3132    27.078    18.0004
10.3164    27.059599    18.0004
10.326799    27.0364    18.0004
10.3604    26.972399    18.0004
10.3692    26.9564    18.0004
10.3796    26.9396    18.0004
10.3907995    26.9228    18.0004
10.3907995    26.921999    18.0004
10.4092    26.8956    18.0004
10.4116    26.8932    18.0004
10.426    26.8732    18.0004
10.4316    26.8676    18.0004
10.453199    26.844398    18.0004
10.4772    26.8212    18.0004
10.505199    26.7948    18.0004
10.5116    26.7916    18.0004
10.5204    26.7892    18.0004
10.5308    26.7892    18.0004
10.5532    26.7892    18.0004
10.5764    26.769999    18.0004
10.585199    26.7692    18.0004
10.591599    26.758799    18.0004
10.5948    26.729198    18.0004
10.596399    26.723598    18.0004
10.596399    26.7228    18.0004
10.594    26.665998    18.0004
10.5956    26.6068    18.0004
10.596399    26.574799    18.0004
10.597199    26.5556    18.0004
10.597199    26.553999    18.0004
10.597199    26.5476    18.0004
10.598    26.524399    18.0004
10.6036    26.3932    18.0004
10.606    26.3732    18.0004
10.608399    26.3524    18.0004
10.6116    26.299599    18.0004
10.6147995    26.282799    18.0004
10.6188    26.2572    18.0004
10.6228    26.2396    18.0004
10.634    26.1884    18.0004
10.6348    26.1852    18.0004
10.6452    26.1444    18.0004
10.6508    26.1204    18.0004
10.665199    26.0612    18.0004
10.6796    26.0028    18.0004
10.7148    25.8676    18.0004
10.7148    25.866798    18.0004
10.7156    25.8652    18.0004
10.75    25.737999    18.0004
10.780399    25.6356    18.0004
10.7852    25.617199    18.0004
10.8124    25.529999    18.0004
10.8236    25.4924    18.0004
10.83    25.4732    18.0004
10.838799    25.4404    18.0004
10.843599    25.427599    18.0004
10.8604    25.375599    18.0004
10.8628    25.3676    18.0004
10.886    25.3044    18.0004
10.8884    25.2972    18.0004
10.9292    25.167599    18.0004
10.9372    25.1412    18.0004
10.9636    25.0628    18.0004
10.976399    25.028399    18.0004
10.981199    25.018799    18.0004
10.9916    24.9988    18.0004
11.006    24.966    18.0004
11.0148    24.9564    18.0004
11.0348    24.9356    18.0004
11.0604    24.910799    18.0004
11.066    24.9044    18.0004
11.0716    24.8996    18.0004
11.125999    24.8524    18.0004
11.1396    24.8428    18.0004
11.148399    24.834799    18.0004
11.154799    24.8324    18.0004
11.17    24.8244    18.0004
11.1748    24.826    18.0004
11.198    24.827599    18.0004
11.2084    24.8316    18.0004
11.2852    24.857199    18.0004
11.2908    24.861198    18.0004
11.3236    24.892399    18.0004
11.3356    24.903599    18.0004
11.3692    24.938    18.0004
11.3756    24.948399    18.0004
11.383599    24.9588    18.0004
11.3988    24.9812    18.0004
11.417999    24.990799    18.0004
11.418799    24.9916    18.0004
11.4196    24.990799    18.0004
11.4492    24.979599    18.0004
11.453199    24.972399    18.0004
11.465199    24.9524    18.0004
11.474    24.9324    18.0004
11.481199    24.910799    18.0004
11.487599    24.897999    18.0004
11.505199    24.8356    18.0004
11.506    24.8316    18.0004
11.5076    24.8244    18.0004
11.5092    24.8204    18.0004
11.533999    24.741999    18.0004
11.5484    24.698    18.0004
11.578    24.615599    18.0004
11.5828    24.6036    18.0004
11.5844    24.598799    18.0004
11.6124    24.5276    18.0004
11.6324    24.4828    18.0004
11.6468    24.448399    18.0004
11.6556    24.43    18.0004
11.683599    24.373999    18.0004
11.6876    24.3652    18.0004
11.6972    24.3452    18.0004
11.7156    24.305199    18.0004
11.7196    24.298    18.0004
11.739599    24.260399    18.0004
11.752399    24.2348    18.0004
11.763599    24.2156    18.0004
11.7852    24.1772    18.0004
11.814799    24.1292    18.0004
11.8188    24.122799    18.0004
11.8196    24.1204    18.0004
11.854799    24.0676    18.0004
11.8652    24.053999    18.0004
11.8876    24.022    18.0004
11.9028    24.0028    18.0004
11.9284    23.9676    18.0004
11.941199    23.9508    18.0004
11.957999    23.931599    18.0004
11.9883995    23.8988    18.0004
11.9908    23.896399    18.0004
11.9908    23.8956    18.0004
11.9972    23.8892    18.0004
12.014    23.8692    18.0004
12.0252    23.858    18.0004
12.073999    23.8132    18.0004
12.082    23.806    18.0004
12.0828    23.805199    18.0004
12.084399    23.8044    18.0004
12.0892    23.799599    18.0004
12.1228    23.7708    18.0004
12.147599    23.75    18.0004
12.1779995    23.73    18.0004
12.182799    23.7276    18.0004
12.2364    23.6964    18.0004
12.238    23.695599    18.0004
12.2411995    23.6948    18.0004
12.2644    23.682    18.0004
12.282    23.674799    18.0004
12.297199    23.6684    18.0004
12.3188    23.6612    18.0004
12.3372    23.657999    18.0004
12.384399    23.6516    18.0004
12.386    23.6516    18.0004
12.3884    23.6516    18.0004
12.4268    23.650799    18.0004
12.4372    23.6516    18.0004
12.4692    23.654    18.0004
12.533999    23.657999    18.0004
12.539599    23.657999    18.0004
12.5436    23.657999    18.0004
12.5828    23.657999    18.0004
12.5892    23.656399    18.0004
12.5956    23.654799    18.0004
12.618    23.6516    18.0004
12.625999    23.6476    18.0004
12.634    23.6468    18.0004
12.646    23.6444    18.0004
12.6684    23.6364    18.0004
12.6788    23.632399    18.0004
12.6852    23.63    18.0004
12.7148    23.6196    18.0004
12.7252    23.615599    18.0004
12.751599    23.5996    18.0004
12.773999    23.5868    18.0004
12.7884    23.576399    18.0004
12.8132    23.557999    18.0004
12.825999    23.548399    18.0004
12.8308    23.5444    18.0004
12.858    23.518    18.0004
12.8636    23.5108    18.0004
12.8764    23.4956    18.0004
12.889199    23.4812    18.0004
12.901199    23.466799    18.0004
12.9108    23.4516    18.0004
12.922    23.438    18.0004
12.9324    23.4212    18.0004
12.9396    23.4116    18.0004
12.9516    23.3972    18.0004
12.9572    23.3884    18.0004
12.9604    23.379599    18.0004
12.978    23.3508    18.0004
12.9852    23.338799    18.0004
13.0116    23.2972    18.0004
13.0132    23.293999    18.0004
13.015599    23.2892    18.0004
13.0244    23.2788    18.0004
13.0428    23.253199    18.0004
13.050799    23.243599    18.0004
13.0716    23.2164    18.0004
13.0948    23.194    18.0004
13.1116    23.1756    18.0004
13.1324    23.154    18.0004
13.1564    23.137999    18.0004
13.183599    23.117199    18.0004
13.2067995    23.097198    18.0004
