15.4732    12.406799    5.4004
15.5068    12.3812    5.4004
15.5532    12.346    5.4004
15.562799    12.3396    5.4004
15.601199    12.3124    5.4004
15.61    12.3052    5.4004
15.6147995    12.302    5.4004
15.625999    12.2908    5.4004
15.6412    12.278    5.4004
15.6404    12.262    5.4004
15.642799    12.245999    5.4004
15.637199    12.2212    5.4004
15.634    12.2076    5.4004
15.6332    12.205199    5.4004
15.631599    12.198    5.4004
15.6156    12.1172    5.4004
15.6124    12.0996    5.4004
15.606    12.0604    5.4004
15.601999    12.033999    5.4004
15.601199    12.0196    5.4004
15.602799    12.004399    5.4004
15.6044    11.998    5.4004
15.61    11.9883995    5.4004
15.618799    11.9692    5.4004
15.630799    11.95    5.4004
15.6435995    11.929999    5.4004
15.6756    11.8756    5.4004
15.7012    11.8356    5.4004
15.728399    11.7956    5.4004
15.745199    11.7716    5.4004
15.7716    11.7332    5.4004
15.785199    11.717999    5.4004
15.8068    11.694799    5.4004
15.815599    11.686    5.4004
15.8276    11.6796    5.4004
15.8396    11.6756    5.4004
15.853999    11.676399    5.4004
15.8619995    11.6779995    5.4004
15.8796    11.682799    5.4004
15.907599    11.6916    5.4004
15.9539995    11.7076    5.4004
15.974799    11.7148    5.4004
16.0004    11.7244    5.4004
16.022    11.7324    5.4004
16.046    11.7444    5.4004
16.0516    11.746799    5.4004
16.0548    11.7484    5.4004
16.0844    11.7652    5.4004
16.102    11.7755995    5.4004
16.1068    11.7788    5.4004
16.109999    11.780399    5.4004
16.139599    11.7987995    5.4004
16.150799    11.8068    5.4004
16.1812    11.8284    5.4004
16.1852    11.831599    5.4004
16.19    11.8364    5.4004
16.1948    11.8412    5.4004
16.21    11.8588    5.4004
16.2148    11.8804    5.4004
16.2164    11.884399    5.4004
16.222    11.914    5.4004
16.222    11.9156    5.4004
16.2276    11.958799    5.4004
16.2276    11.9595995    5.4004
16.2388    12.0532    5.4004
16.246    12.1268    5.4004
16.247599    12.1404    5.4004
16.249199    12.1524    5.4004
16.25    12.1572    5.4004
16.2508    12.1723995    5.4004
16.2524    12.1988    5.4004
16.2564    12.222    5.4004
16.2628    12.2268    5.4004
16.2804    12.2388    5.4004
16.2972    12.2452    5.4004
16.3204    12.257999    5.4004
16.3372    12.2668    5.4004
16.358799    12.2772    5.4004
16.4044    12.303599    5.4004
16.409199    12.3068    5.4004
16.4156    12.3108    5.4004
16.4524    12.3348    5.4004
16.4604    12.3412    5.4004
16.486    12.3596    5.4004
16.5268    12.394799    5.4004
16.553999    12.4164    5.4004
16.5604    12.422    5.4004
16.578    12.4396    5.4004
16.5852    12.446    5.4004
16.593199    12.4539995    5.4004
16.6108    12.474    5.4004
16.6164    12.4788    5.4004
16.6476    12.514    5.4004
16.6556    12.5236    5.4004
16.678799    12.5524    5.4004
16.682    12.555599    5.4004
16.684399    12.5596    5.4004
16.6876    12.5636    5.4004
16.6988    12.579599    5.4004
16.7004    12.5812    5.4004
16.702    12.5836    5.4004
16.736399    12.634    5.4004
16.754799    12.6644    5.4004
16.7564    12.6668    5.4004
16.7644    12.6812    5.4004
16.7788    12.705199    5.4004
16.784399    12.7164    5.4004
16.7916    12.7324    5.4004
16.8092    12.769199    5.4004
16.8172    12.7884    5.4004
16.8308    12.8188    5.4004
16.840399    12.846    5.4004
16.8468    12.8644    5.4004
16.8564    12.8924    5.4004
16.8676    12.929199    5.4004
16.8708    12.941999    5.4004
16.8836    12.9972    5.4004
16.8876    13.014    5.4004
16.894    13.049999    5.4004
16.8956    13.0596    5.4004
16.8956    13.066    5.4004
16.9004    13.1228    5.4004
16.9012    13.136399    5.4004
16.9012    13.17    5.4004
16.897999    13.2123995    5.4004
16.8972    13.2252    5.4004
16.8964    13.2308    5.4004
16.8892    13.286799    5.4004
16.8884    13.2884    5.4004
16.8716    13.3516    5.4004
16.8708    13.354799    5.4004
16.8692    13.3596    5.4004
16.8556    13.3963995    5.4004
16.8484    13.414    5.4004
16.8332    13.4508    5.4004
16.826    13.465199    5.4004
16.8164    13.481199    5.4004
16.7972    13.5204    5.4004
16.7756    13.5548    5.4004
16.7668    13.5708    5.4004
16.7612    13.579599    5.4004
16.7388    13.6092    5.4004
16.7292    13.6212    5.4004
16.7244    13.6268    5.4004
16.702    13.6556    5.4004
16.6956    13.6644    5.4004
16.694    13.665999    5.4004
16.657999    13.705199    5.4004
16.650799    13.7123995    5.4004
16.6276    13.734799    5.4004
16.614    13.7484    5.4004
16.593199    13.769199    5.4004
16.5772    13.7828    5.4004
16.548399    13.8052    5.4004
16.542799    13.809199    5.4004
16.5044    13.8356    5.4004
16.5012    13.837999    5.4004
16.498    13.8396    5.4004
16.466    13.860399    5.4004
16.4532    13.8684    5.4004
16.4252    13.8828    5.4004
16.409199    13.889999    5.4004
16.3932    13.8972    5.4004
16.358    13.9116    5.4004
16.3524    13.913199    5.4004
16.347599    13.9148    5.4004
16.3252    13.922    5.4004
16.3132    13.926    5.4004
16.31    13.9268    5.4004
16.306799    13.9276    5.4004
16.2692    13.936399    5.4004
16.2388    13.941199    5.4004
16.2124    13.946    5.4004
16.166    13.9492    5.4004
16.1588    13.95    5.4004
16.1036    13.9484    5.4004
16.100399    13.9484    5.4004
16.0572    13.9444    5.4004
16.052399    13.9444    5.4004
16.0516    13.9444    5.4004
16.0028    13.936399    5.4004
15.976399    13.929999    5.4004
15.958799    13.9268    5.4004
15.8996    13.9084    5.4004
15.8868    13.9044    5.4004
15.8812    13.901999    5.4004
15.8236    13.8796    5.4004
15.802    13.8684    5.4004
15.7652    13.8516    5.4004
15.7252    13.8276    5.4004
15.722799    13.825999    5.4004
15.6788    13.7964    5.4004
15.677199    13.7956    5.4004
15.671599    13.7908    5.4004
15.630799    13.7604    5.4004
15.6124    13.7436    5.4004
15.5868    13.7204    5.4004
15.550799    13.6868    5.4004
15.5404    13.6756    5.4004
15.5068    13.6396    5.4004
15.486    13.613999    5.4004
15.463599    13.5828    5.4004
15.4396    13.5492    5.4004
15.4108    13.504399    5.4004
15.395599    13.481199    5.4004
15.372399    13.4404    5.4004
15.358    13.4148    5.4004
15.348399    13.394799    5.4004
15.3331995    13.3628    5.4004
15.3244    13.342799    5.4004
15.302799    13.2892    5.4004
15.2828    13.23    5.4004
15.274799    13.2044    5.4004
15.2676    13.171599    5.4004
15.257999    13.134    5.4004
15.245999    13.0708    5.4004
15.240399    13.0436    5.4004
15.2308    12.9956    5.4004
15.229199    12.986799    5.4004
15.229199    12.9828    5.4004
15.221999    12.9276    5.4004
15.2188    12.8868    5.4004
15.217999    12.878799    5.4004
15.217999    12.8652    5.4004
15.2196    12.834    5.4004
15.2204    12.8188    5.4004
15.2212    12.794    5.4004
15.2252    12.7732    5.4004
15.227599    12.757999    5.4004
15.240399    12.6924    5.4004
15.240399    12.6916    5.4004
15.262    12.6324    5.4004
15.2676    12.6164    5.4004
15.280399    12.594    5.4004
15.2884    12.579599    5.4004
15.309199    12.549999    5.4004
15.3164    12.5404    5.4004
15.3396    12.5171995    5.4004
15.3572    12.499599    5.4004
15.365999    12.492399    5.4004
15.4052    12.457999    5.4004
15.4732    12.406799    5.4004
