5.7051997    25.329199    18.6004
5.7307997    25.3212    18.6004
5.7436    25.317999    18.6004
5.7651997    25.31    18.6004
5.8564    25.282    18.6004
5.8596    25.281199    18.6004
5.8691998    25.2796    18.6004
5.8756    25.278    18.6004
5.902    25.2748    18.6004
5.9147997    25.2732    18.6004
5.9388    25.271599    18.6004
5.9444    25.2708    18.6004
5.9684    25.2708    18.6004
5.9723997    25.269999    18.6004
6.0076    25.275599    18.6004
6.0116    25.275599    18.6004
6.0243998    25.2788    18.6004
6.0476    25.2852    18.6004
6.0548    25.2876    18.6004
6.0587997    25.2892    18.6004
6.094    25.3004    18.6004
6.1299996    25.314    18.6004
6.1516    25.3204    18.6004
6.1787996    25.333199    18.6004
6.19    25.3412    18.6004
6.2092    25.358799    18.6004
6.2139997    25.364399    18.6004
6.2195997    25.3716    18.6004
6.2388    25.386799    18.6004
6.2524    25.390799    18.6004
6.2556    25.390799    18.6004
6.282    25.3948    18.6004
6.2868    25.3948    18.6004
6.3283997    25.3996    18.6004
6.3683996    25.4012    18.6004
6.3747997    25.4028    18.6004
6.4132    25.41    18.6004
6.4364    25.416399    18.6004
6.4659996    25.4236    18.6004
6.5308    25.4412    18.6004
6.5843997    25.4524    18.6004
6.6067996    25.4588    18.6004
6.6316    25.4692    18.6004
6.6355996    25.47    18.6004
6.6396    25.472399    18.6004
6.6436    25.4788    18.6004
6.6555996    25.4932    18.6004
6.658    25.4988    18.6004
6.666    25.539598    18.6004
6.6668    25.5436    18.6004
6.6699996    25.5796    18.6004
6.6692    25.585999    18.6004
6.6668    25.598799    18.6004
6.666    25.602798    18.6004
6.6643996    25.604399    18.6004
6.6548    25.6244    18.6004
6.6492    25.6292    18.6004
6.6131997    25.6556    18.6004
6.6099997    25.657999    18.6004
6.6075997    25.660398    18.6004
6.5836    25.6812    18.6004
6.5811996    25.6884    18.6004
6.5676    25.719599    18.6004
6.5684    25.7276    18.6004
6.5764    25.747599    18.6004
6.5796    25.7564    18.6004
6.5836    25.765999    18.6004
6.5899997    25.778    18.6004
6.6084    25.8156    18.6004
6.6092    25.817999    18.6004
6.6108    25.821999    18.6004
6.6243997    25.8748    18.6004
6.6268    25.886799    18.6004
6.6372    25.931599    18.6004
6.6412    25.9644    18.6004
6.6436    25.986    18.6004
6.6428    26.0092    18.6004
6.6436    26.022    18.6004
6.6419997    26.042799    18.6004
6.6404    26.070799    18.6004
6.6331997    26.109999    18.6004
6.6316    26.122    18.6004
6.6187997    26.163599    18.6004
6.618    26.1644    18.6004
6.6084    26.1868    18.6004
6.5948    26.2132    18.6004
6.5931997    26.217999    18.6004
6.5908    26.222    18.6004
6.5755997    26.25    18.6004
6.5628    26.2692    18.6004
6.5596    26.2748    18.6004
6.5316    26.314    18.6004
6.5299997    26.316399    18.6004
6.5004    26.3484    18.6004
6.494    26.355598    18.6004
6.4932    26.3564    18.6004
6.4916    26.358    18.6004
6.4635997    26.3844    18.6004
6.4452    26.4012    18.6004
6.4347997    26.410799    18.6004
6.394    26.4396    18.6004
6.3924    26.4412    18.6004
6.3891997    26.4452    18.6004
6.3715997    26.4676    18.6004
6.3724    26.4756    18.6004
6.3715997    26.5012    18.6004
6.374    26.5084    18.6004
6.3908    26.559599    18.6004
6.3924    26.566    18.6004
6.3964    26.5852    18.6004
6.398    26.600399    18.6004
6.398    26.6108    18.6004
6.39    26.6364    18.6004
6.3891997    26.637999    18.6004
6.3883996    26.6388    18.6004
6.3876    26.6404    18.6004
6.3668    26.6628    18.6004
6.3492    26.680399    18.6004
6.3092    26.722    18.6004
6.3083997    26.7228    18.6004
6.3012    26.726799    18.6004
6.2827997    26.737999    18.6004
6.2763996    26.7412    18.6004
6.2588    26.743599    18.6004
6.2556    26.743599    18.6004
6.2507997    26.7444    18.6004
6.2395997    26.745998    18.6004
6.1924    26.75    18.6004
6.17    26.7524    18.6004
6.1308    26.754    18.6004
6.114    26.754    18.6004
6.098    26.7524    18.6004
6.0811996    26.7508    18.6004
6.0652    26.7388    18.6004
6.0643997    26.7388    18.6004
6.0636    26.736399    18.6004
6.0572    26.7244    18.6004
6.0548    26.6996    18.6004
6.054    26.6964    18.6004
6.0532    26.6932    18.6004
6.0396    26.661999    18.6004
6.0132    26.6484    18.6004
6.0076    26.6444    18.6004
6.0067997    26.6444    18.6004
5.9747996    26.646    18.6004
5.97    26.6468    18.6004
5.9635997    26.6484    18.6004
5.9379997    26.6588    18.6004
5.9284    26.6852    18.6004
5.9268    26.691599    18.6004
5.9291997    26.713999    18.6004
5.93    26.7204    18.6004
5.9315996    26.7396    18.6004
5.9308    26.7524    18.6004
5.9268    26.7708    18.6004
5.9259996    26.7796    18.6004
5.9203997    26.7852    18.6004
5.9108    26.8004    18.6004
5.9003997    26.805199    18.6004
5.8868    26.812399    18.6004
5.8492    26.83    18.6004
5.7892    26.854    18.6004
5.7827997    26.8564    18.6004
5.782    26.857199    18.6004
5.7419996    26.8716    18.6004
5.7356    26.8732    18.6004
5.7107997    26.881199    18.6004
5.706    26.882    18.6004
5.6892    26.886    18.6004
5.6731997    26.8844    18.6004
5.6716    26.8844    18.6004
5.6651998    26.8836    18.6004
5.6572    26.8804    18.6004
5.6228    26.866798    18.6004
5.6052    26.858799    18.6004
5.5931997    26.8548    18.6004
5.5628    26.8372    18.6004
5.5572    26.834799    18.6004
5.5372    26.817999    18.6004
5.5323997    26.809198    18.6004
5.5299997    26.784399    18.6004
5.5299997    26.781199    18.6004
5.5292    26.7788    18.6004
5.5292    26.778    18.6004
5.5299997    26.7732    18.6004
5.5332    26.7556    18.6004
5.5372    26.7244    18.6004
5.5379996    26.719599    18.6004
5.5284    26.691599    18.6004
5.5276    26.689999    18.6004
5.5084    26.684399    18.6004
5.4948    26.6812    18.6004
5.4747996    26.6756    18.6004
5.4547997    26.671598    18.6004
5.4332    26.667599    18.6004
5.4203997    26.665998    18.6004
5.4108    26.6644    18.6004
5.3859997    26.6596    18.6004
5.3627996    26.6524    18.6004
5.3436    26.6468    18.6004
5.3236    26.6404    18.6004
5.3059998    26.6348    18.6004
5.2812    26.626    18.6004
5.2612    26.6188    18.6004
5.2412    26.6092    18.6004
5.2292    26.604399    18.6004
5.2156    26.598    18.6004
5.1995997    26.5892    18.6004
5.1924    26.5852    18.6004
5.1788    26.5756    18.6004
5.1492    26.557999    18.6004
5.1452    26.556398    18.6004
5.1372    26.55    18.6004
5.126    26.5436    18.6004
5.1124    26.535599    18.6004
5.1012    26.529999    18.6004
5.0796    26.5156    18.6004
5.058    26.5044    18.6004
5.0499997    26.5036    18.6004
5.026    26.493198    18.6004
5.0211997    26.4924    18.6004
4.97    26.479599    18.6004
4.966    26.4788    18.6004
4.9388    26.470798    18.6004
4.9212    26.466    18.6004
4.8828    26.4548    18.6004
4.874    26.4524    18.6004
4.8476    26.4436    18.6004
4.822    26.4356    18.6004
4.7388    26.4068    18.6004
4.73    26.403599    18.6004
4.7188    26.3996    18.6004
4.7116    26.3972    18.6004
4.678    26.382    18.6004
4.6692    26.3772    18.6004
4.6651998    26.3724    18.6004
4.6524    26.362    18.6004
4.6475997    26.347599    18.6004
4.6436    26.334    18.6004
4.6419997    26.3092    18.6004
4.634    26.1852    18.6004
4.6308    26.142    18.6004
4.626    26.070799    18.6004
4.626    26.05    18.6004
4.6275997    26.045198    18.6004
4.6348    26.033998    18.6004
4.6572    25.9988    18.6004
4.6572    25.998    18.6004
4.658    25.9676    18.6004
4.658    25.9628    18.6004
4.6548    25.9492    18.6004
4.6619997    25.9412    18.6004
4.6812    25.9228    18.6004
4.7092    25.8972    18.6004
4.7251997    25.881199    18.6004
4.7483997    25.8508    18.6004
4.77    25.8244    18.6004
4.79    25.802    18.6004
4.8083997    25.784399    18.6004
4.81    25.782    18.6004
4.8139997    25.7796    18.6004
4.818    25.778    18.6004
4.8244    25.7748    18.6004
4.8259997    25.7748    18.6004
4.8547997    25.7628    18.6004
4.8556    25.7628    18.6004
4.8796    25.758    18.6004
4.9084    25.754799    18.6004
4.9091997    25.754799    18.6004
4.9403996    25.754799    18.6004
4.9412    25.754799    18.6004
4.9908    25.7564    18.6004
4.9923997    25.7564    18.6004
5.0188    25.754    18.6004
5.0204    25.753199    18.6004
5.0508    25.7564    18.6004
5.0555997    25.7556    18.6004
5.0772    25.7508    18.6004
5.0787997    25.7508    18.6004
5.1019998    25.741999    18.6004
5.1052    25.741999    18.6004
5.1284    25.7284    18.6004
5.1356    25.7284    18.6004
5.1436    25.726    18.6004
5.1668    25.7092    18.6004
5.1788    25.7036    18.6004
5.1907997    25.6964    18.6004
5.206    25.685999    18.6004
5.2548    25.650799    18.6004
5.2668    25.6428    18.6004
5.2676    25.6404    18.6004
5.2939997    25.622799    18.6004
5.3212    25.605999    18.6004
5.3371997    25.597198    18.6004
5.3476    25.591599    18.6004
5.3788    25.574799    18.6004
5.3932    25.566    18.6004
5.4188    25.5516    18.6004
5.4259996    25.548399    18.6004
5.4732    25.524399    18.6004
5.4828    25.5196    18.6004
5.5028    25.507599    18.6004
5.5099998    25.5044    18.6004
5.5179996    25.4924    18.6004
5.5292    25.4828    18.6004
5.5499997    25.470798    18.6004
5.5555997    25.4628    18.6004
5.562    25.4468    18.6004
5.5772    25.4212    18.6004
5.5852    25.4068    18.6004
5.5867996    25.4052    18.6004
5.6011996    25.3836    18.6004
5.6068    25.379599    18.6004
5.6219997    25.3652    18.6004
5.6331997    25.361198    18.6004
5.6628    25.345999    18.6004
5.6796    25.3396    18.6004
5.6828    25.338799    18.6004
5.7051997    25.329199    18.6004
