22.598    28.934    12.6004
22.594799    28.9308    12.6004
22.5788    28.909199    12.6004
22.57    28.8988    12.6004
22.5612    28.879599    12.6004
22.557999    28.872398    12.6004
22.557999    28.8708    12.6004
22.5564    28.855598    12.6004
22.557999    28.8452    12.6004
22.5628    28.8196    12.6004
22.5724    28.782799    12.6004
22.5732    28.778    12.6004
22.574    28.775599    12.6004
22.574    28.7732    12.6004
22.5884    28.7132    12.6004
22.594799    28.6924    12.6004
22.6108    28.645199    12.6004
22.626    28.602    12.6004
22.628399    28.5924    12.6004
22.6356    28.570799    12.6004
22.6364    28.565199    12.6004
22.6316    28.5404    12.6004
22.6308    28.539598    12.6004
22.6036    28.507599    12.6004
22.6012    28.5068    12.6004
22.598    28.504398    12.6004
22.5892    28.4972    12.6004
22.522799    28.4468    12.6004
22.5028    28.4308    12.6004
22.49    28.420399    12.6004
22.4732    28.4028    12.6004
22.4644    28.3948    12.6004
22.446    28.375599    12.6004
22.444399    28.3748    12.6004
22.4252    28.3428    12.6004
22.4132    28.3132    12.6004
22.4132    28.312399    12.6004
22.4132    28.3116    12.6004
22.41    28.295599    12.6004
22.41    28.286798    12.6004
22.4132    28.2732    12.6004
22.416399    28.258799    12.6004
22.421999    28.241999    12.6004
22.4348    28.212399    12.6004
22.4436    28.1908    12.6004
22.4588    28.1588    12.6004
22.4684    28.1404    12.6004
22.472399    28.133999    12.6004
22.490799    28.1036    12.6004
22.4916    28.102    12.6004
22.4924    28.1012    12.6004
22.5148    28.0716    12.6004
22.524399    28.061998    12.6004
22.535599    28.046    12.6004
22.5476    28.035599    12.6004
22.559599    28.0212    12.6004
22.5796    28.0036    12.6004
22.597198    27.9868    12.6004
22.645199    27.9492    12.6004
22.6516    27.944399    12.6004
22.656399    27.942    12.6004
22.726    27.8916    12.6004
22.7876    27.8492    12.6004
22.857199    27.801199    12.6004
22.8732    27.7892    12.6004
22.8836    27.7796    12.6004
22.9012    27.7636    12.6004
22.9188    27.741999    12.6004
22.925999    27.736399    12.6004
22.9308    27.729198    12.6004
22.9412    27.7132    12.6004
22.949999    27.702    12.6004
22.965199    27.680399    12.6004
22.9748    27.667599    12.6004
22.9788    27.660398    12.6004
22.9828    27.6556    12.6004
23.0156    27.609999    12.6004
23.0204    27.602    12.6004
23.05    27.5676    12.6004
23.0516    27.565199    12.6004
23.0788    27.537199    12.6004
23.0788    27.5364    12.6004
23.1028    27.5204    12.6004
23.1068    27.518    12.6004
23.1444    27.4972    12.6004
23.1516    27.494    12.6004
23.1612    27.4884    12.6004
23.2396    27.4468    12.6004
23.2708    27.429998    12.6004
23.302    27.410799    12.6004
23.3028    27.410799    12.6004
23.3036    27.41    12.6004
23.3284    27.39    12.6004
23.3396    27.379599    12.6004
23.362    27.355598    12.6004
23.3748    27.338    12.6004
23.3916    27.310799    12.6004
23.4028    27.2916    12.6004
23.416399    27.2676    12.6004
23.4364    27.232399    12.6004
23.470798    27.17    12.6004
23.494799    27.122799    12.6004
23.514    27.093199    12.6004
23.529999    27.069199    12.6004
23.539598    27.0572    12.6004
23.5556    27.0348    12.6004
23.5772    27.013199    12.6004
23.5828    27.005999    12.6004
23.5884    27.001999    12.6004
23.6092    26.9868    12.6004
23.6252    26.979599    12.6004
23.639599    26.972399    12.6004
23.645199    26.97    12.6004
23.654    26.9676    12.6004
23.685999    26.9644    12.6004
23.6884    26.9644    12.6004
23.712399    26.9644    12.6004
23.7332    26.966799    12.6004
23.7508    26.9676    12.6004
23.7804    26.9756    12.6004
23.7988    26.9812    12.6004
23.8188    26.987598    12.6004
23.838    26.994    12.6004
23.8636    27.0052    12.6004
23.8836    27.014    12.6004
23.8876    27.0164    12.6004
23.9124    27.037199    12.6004
23.9284    27.061998    12.6004
23.9308    27.0668    12.6004
23.9404    27.0884    12.6004
23.9404    27.0892    12.6004
23.9412    27.094    12.6004
23.9452    27.1204    12.6004
23.946    27.1236    12.6004
23.946    27.1244    12.6004
23.946    27.1276    12.6004
23.9532    27.1932    12.6004
23.9548    27.225199    12.6004
23.9548    27.245998    12.6004
23.953999    27.264399    12.6004
23.9532    27.281199    12.6004
23.9508    27.305199    12.6004
23.9468    27.3252    12.6004
23.942    27.344398    12.6004
23.9364    27.3692    12.6004
23.93    27.3972    12.6004
23.9172    27.438    12.6004
23.914799    27.444399    12.6004
23.9116    27.4524    12.6004
23.9084    27.4604    12.6004
23.886    27.5156    12.6004
23.8692    27.557999    12.6004
23.868399    27.5604    12.6004
23.8668    27.566    12.6004
23.855598    27.6012    12.6004
23.8484    27.637999    12.6004
23.847599    27.642    12.6004
23.847599    27.6444    12.6004
23.8436    27.6892    12.6004
23.840399    27.726    12.6004
23.8396    27.7332    12.6004
23.833199    27.7628    12.6004
23.821999    27.8044    12.6004
23.8212    27.8076    12.6004
23.814    27.8308    12.6004
23.806799    27.851599    12.6004
23.788399    27.894    12.6004
23.782    27.907598    12.6004
23.7628    27.9476    12.6004
23.75    27.9748    12.6004
23.741999    27.990799    12.6004
23.726799    28.0268    12.6004
23.725199    28.029999    12.6004
23.725199    28.0332    12.6004
23.717999    28.066    12.6004
23.7164    28.080399    12.6004
23.7164    28.1316    12.6004
23.7172    28.1684    12.6004
23.7164    28.208399    12.6004
23.713999    28.253199    12.6004
23.7132    28.264399    12.6004
23.7108    28.277199    12.6004
23.7076    28.292398    12.6004
23.7036    28.3116    12.6004
23.691599    28.3396    12.6004
23.689999    28.345999    12.6004
23.684399    28.3596    12.6004
23.6756    28.3748    12.6004
23.6612    28.3948    12.6004
23.6444    28.416399    12.6004
23.618    28.446    12.6004
23.6084    28.4572    12.6004
23.6012    28.465199    12.6004
23.5964    28.4692    12.6004
23.533998    28.528399    12.6004
23.5044    28.5548    12.6004
23.496399    28.5628    12.6004
23.466799    28.5924    12.6004
23.4396    28.625198    12.6004
23.437199    28.628399    12.6004
23.43    28.6372    12.6004
23.379599    28.7052    12.6004
23.362799    28.726799    12.6004
23.345999    28.7452    12.6004
23.33    28.7612    12.6004
23.3076    28.784399    12.6004
23.3044    28.786798    12.6004
23.269999    28.812399    12.6004
23.258    28.821999    12.6004
23.2284    28.842    12.6004
23.197199    28.861198    12.6004
23.1908    28.8652    12.6004
23.1644    28.879599    12.6004
23.149199    28.8876    12.6004
23.105999    28.9068    12.6004
23.069199    28.9228    12.6004
23.046    28.9324    12.6004
22.9636    28.9588    12.6004
22.9572    28.9604    12.6004
22.9532    28.9604    12.6004
22.896399    28.97    12.6004
22.862    28.973999    12.6004
22.8452    28.9756    12.6004
22.7932    28.977999    12.6004
22.7692    28.9788    12.6004
22.7156    28.977999    12.6004
22.689999    28.9756    12.6004
22.6772    28.973999    12.6004
22.6684    28.970798    12.6004
22.6484    28.965199    12.6004
22.6236    28.953999    12.6004
22.6164    28.948399    12.6004
22.598    28.934    12.6004
