11.637199    15.3476    17.1004
11.653999    15.334    17.1004
11.694799    15.303599    17.1004
11.7164    15.2892    17.1004
11.757999    15.2668    17.1004
11.7708    15.2588    17.1004
11.7828    15.2532    17.1004
11.849999    15.2212    17.1004
11.8564    15.2188    17.1004
11.866799    15.2156    17.1004
11.9316    15.193999    17.1004
11.9556    15.1868    17.1004
11.9852    15.1788    17.1004
12.0292    15.17    17.1004
12.033199    15.17    17.1004
12.042    15.1732    17.1004
12.0644    15.1796    17.1004
12.0756    15.2028    17.1004
12.0724    15.2148    17.1004
12.073999    15.2308    17.1004
12.0692    15.246799    17.1004
12.062799    15.262799    17.1004
12.0596    15.2724    17.1004
12.038    15.3124    17.1004
12.0364    15.3172    17.1004
12.0268    15.3331995    17.1004
11.9956    15.382799    17.1004
11.975599    15.411599    17.1004
11.9684    15.418799    17.1004
11.965199    15.423599    17.1004
11.9548    15.434    17.1004
11.9452    15.4516    17.1004
11.938    15.4612    17.1004
11.9268    15.475599    17.1004
11.9164    15.486799    17.1004
11.8907995    15.5124    17.1004
11.882    15.518    17.1004
11.8628    15.5364    17.1004
11.858    15.539599    17.1004
11.8532    15.5436    17.1004
11.8252    15.562799    17.1004
11.8084    15.573199    17.1004
11.7772    15.5932    17.1004
11.7724    15.598    17.1004
11.7596    15.601999    17.1004
11.7532    15.607599    17.1004
11.7428    15.6116    17.1004
11.7252    15.618799    17.1004
11.7156    15.622    17.1004
11.705199    15.625199    17.1004
11.702    15.6284    17.1004
11.688399    15.631599    17.1004
11.674    15.636399    17.1004
11.653999    15.6388    17.1004
11.6244    15.6388    17.1004
11.602799    15.638    17.1004
11.5836    15.636399    17.1004
11.5524    15.6332    17.1004
11.516399    15.620399    17.1004
11.515599    15.619599    17.1004
11.4948    15.5948    17.1004
11.4924    15.578799    17.1004
11.4939995    15.567599    17.1004
11.4956    15.5604    17.1004
11.499599    15.533199    17.1004
11.5004    15.5308    17.1004
11.502    15.526799    17.1004
11.506    15.5171995    17.1004
11.5188    15.4916    17.1004
11.5308    15.4684    17.1004
11.5428    15.4516    17.1004
11.5716    15.411599    17.1004
11.5764    15.405999    17.1004
11.622    15.3619995    17.1004
11.637199    15.3476    17.1004
