12.7732    15.097199    16.8004
12.769199    15.050799    16.8004
12.7668    15.028399    16.8004
12.7699995    14.992399    16.8004
12.774799    14.974    16.8004
12.782    14.963599    16.8004
12.7948    14.9556    16.8004
12.8132    14.9628    16.8004
12.822    14.969999    16.8004
12.8428    14.9892    16.8004
12.843599    14.99    16.8004
12.860399    15.0068    16.8004
12.866799    15.0132    16.8004
12.8675995    15.014    16.8004
12.907599    15.062799    16.8004
12.9148    15.0724    16.8004
12.922    15.0803995    16.8004
12.9428    15.1036    16.8004
12.9564    15.119599    16.8004
12.993199    15.1676    16.8004
13.010799    15.1924    16.8004
13.018    15.2012    16.8004
13.028399    15.2156    16.8004
13.038    15.229199    16.8004
13.0524    15.246799    16.8004
13.0756    15.2788    16.8004
13.11    15.33    16.8004
13.113199    15.3356    16.8004
13.1147995    15.338799    16.8004
13.125999    15.3596    16.8004
13.15    15.4044    16.8004
13.153999    15.414    16.8004
13.174    15.4564    16.8004
13.1868    15.4852    16.8004
13.19    15.4939995    16.8004
13.2012    15.521199    16.8004
13.2084    15.544399    16.8004
13.2123995    15.5644    16.8004
13.2156    15.5868    16.8004
13.217999    15.5988    16.8004
13.2123995    15.619599    16.8004
13.2123995    15.625199    16.8004
13.205999    15.641999    16.8004
13.198    15.659599    16.8004
13.19    15.665999    16.8004
13.1732    15.6796    16.8004
13.153999    15.689199    16.8004
13.1268    15.699599    16.8004
13.079599    15.702    16.8004
13.078    15.702    16.8004
13.066    15.698799    16.8004
13.0308    15.6908    16.8004
13.0292    15.6908    16.8004
13.027599    15.69    16.8004
13.0252    15.687599    16.8004
12.9883995    15.664399    16.8004
12.9852    15.659599    16.8004
12.9772    15.654799    16.8004
12.9612    15.6388    16.8004
12.9516    15.619599    16.8004
12.938    15.6044    16.8004
12.9316    15.584399    16.8004
12.924399    15.568399    16.8004
12.9204    15.556399    16.8004
12.912399    15.546    16.8004
12.895599    15.505199    16.8004
12.882    15.469999    16.8004
12.8636    15.4268    16.8004
12.8468    15.389199    16.8004
12.8404    15.373199    16.8004
12.826799    15.342799    16.8004
12.818    15.319599    16.8004
12.814799    15.3068    16.8004
12.8043995    15.2828    16.8004
12.794    15.251599    16.8004
12.7908    15.242    16.8004
12.7876    15.2084    16.8004
12.786799    15.2036    16.8004
12.7852    15.182799    16.8004
12.782    15.1723995    16.8004
12.7732    15.097199    16.8004
