5.9523997    13.923599    15.9004
5.9652    14.033199    15.9004
5.9732    14.113999    15.9004
5.9916    14.2755995    15.9004
5.9964    14.322    15.9004
6.0116    14.4772    15.9004
6.0132    14.4939995    15.9004
6.022    14.618    15.9004
6.022    14.6212    15.9004
6.0316    14.7676    15.9004
6.0332    14.791599    15.9004
6.0388    14.8996    15.9004
6.0396    14.9156    15.9004
6.042    14.993199    15.9004
6.0428    15.0092    15.9004
6.0428    15.0764    15.9004
6.0436    15.0988    15.9004
6.0404    15.1844    15.9004
6.0404    15.2076    15.9004
6.0364    15.263599    15.9004
6.0355997    15.29    15.9004
6.0276    15.3619995    15.9004
6.026    15.383599    15.9004
6.0123997    15.469999    15.9004
6.0108    15.486799    15.9004
6.0028    15.5227995    15.9004
5.9852    15.595599    15.9004
5.9772    15.6172    15.9004
5.954    15.6756    15.9004
5.9452    15.6924    15.9004
5.9276    15.7355995    15.9004
5.9228    15.745199    15.9004
5.922    15.746799    15.9004
5.9196    15.75    15.9004
5.9164    15.7548    15.9004
5.9076    15.7668    15.9004
5.9084    15.7708    15.9004
5.8971996    15.7964    15.9004
5.902    15.808399    15.9004
5.8996    15.8284    15.9004
5.9052    15.837999    15.9004
5.91    15.8588    15.9004
5.9179997    15.8764    15.9004
5.9228    15.8852    15.9004
5.9347997    15.905999    15.9004
5.9396    15.917999    15.9004
5.966    15.9676    15.9004
5.9708    15.981999    15.9004
5.9811997    16.0148    15.9004
5.9844    16.034    15.9004
5.99    16.053999    15.9004
5.994    16.0756    15.9004
5.9996    16.1292    15.9004
6.0044    16.1796    15.9004
6.0067997    16.2068    15.9004
6.0067997    16.241999    15.9004
6.0052    16.282799    15.9004
6.0035996    16.312399    15.9004
6.0011997    16.354    15.9004
5.9972    16.3852    15.9004
5.99    16.425999    15.9004
5.982    16.473999    15.9004
5.9788    16.498    15.9004
5.974    16.513199    15.9004
5.9652    16.5324    15.9004
5.9564    16.5476    15.9004
5.9356    16.566    15.9004
5.9323997    16.5692    15.9004
5.9291997    16.5716    15.9004
5.9188    16.5788    15.9004
5.8652    16.6092    15.9004
5.8139997    16.6356    15.9004
5.7915998    16.645199    15.9004
5.7316    16.6724    15.9004
5.6643996    16.6988    15.9004
5.6164    16.7156    15.9004
5.5252    16.7468    15.9004
5.5228    16.747599    15.9004
5.522    16.747599    15.9004
5.4596    16.7652    15.9004
5.4364    16.7692    15.9004
5.4003997    16.7748    15.9004
5.3803997    16.778    15.9004
5.3684    16.7788    15.9004
5.3515997    16.777199    15.9004
5.342    16.7756    15.9004
5.3324    16.7732    15.9004
5.3259997    16.77    15.9004
5.3083997    16.7668    15.9004
5.2956    16.7636    15.9004
5.2915998    16.7628    15.9004
5.29    16.762    15.9004
5.25    16.741999    15.9004
5.2251997    16.7284    15.9004
5.2219996    16.7276    15.9004
5.2156    16.7236    15.9004
5.1756    16.698    15.9004
5.1531997    16.6836    15.9004
5.118    16.6612    15.9004
5.0396    16.609999    15.9004
5.0276    16.6012    15.9004
5.0116    16.59    15.9004
4.9867997    16.570799    15.9004
4.9804    16.566    15.9004
4.9779997    16.563599    15.9004
4.9732    16.5604    15.9004
4.8972    16.500399    15.9004
4.854    16.4636    15.9004
4.8403997    16.4516    15.9004
4.8252    16.438799    15.9004
4.782    16.3996    15.9004
4.7564    16.3748    15.9004
4.7212    16.3412    15.9004
4.65    16.2748    15.9004
4.626    16.2524    15.9004
4.5899997    16.2156    15.9004
4.5684    16.1924    15.9004
4.5308    16.1492    15.9004
4.5267997    16.1444    15.9004
4.4852    16.0916    15.9004
4.4772    16.0828    15.9004
4.4572    16.059599    15.9004
4.4244    16.018799    15.9004
4.3996    15.981199    15.9004
4.3972    15.978    15.9004
4.3676    15.9324    15.9004
4.3547997    15.913199    15.9004
4.3203998    15.8596    15.9004
4.3203998    15.8588    15.9004
4.302    15.825199    15.9004
4.2932    15.8108    15.9004
4.2748    15.7828    15.9004
4.2532    15.746799    15.9004
4.2348    15.7156    15.9004
4.198    15.653999    15.9004
4.1851997    15.634    15.9004
4.1588    15.591599    15.9004
4.134    15.5515995    15.9004
4.098    15.498799    15.9004
4.0948    15.4939995    15.9004
4.0931997    15.4916    15.9004
4.0716    15.4595995    15.9004
4.0284    15.401999    15.9004
4.0228    15.394    15.9004
3.9947999    15.3596    15.9004
3.9524    15.3052    15.9004
3.8844    15.23    15.9004
3.75    15.073999    15.9004
3.7444    15.068399    15.9004
3.7396    15.062799    15.9004
3.7324    15.0548    15.9004
3.6299999    14.941999    15.9004
3.5972    14.905999    15.9004
3.5228    14.8188    15.9004
3.4915998    14.7828    15.9004
3.4764    14.7652    15.9004
3.4364    14.7196    15.9004
3.3924    14.665199    15.9004
3.3683999    14.6412    15.9004
3.3492    14.622    15.9004
3.3267999    14.601999    15.9004
3.2819998    14.57    15.9004
3.2716    14.561999    15.9004
3.2075999    14.5148    15.9004
3.1876    14.503599    15.9004
3.1404    14.4716    15.9004
3.1132    14.4572    15.9004
3.0572    14.423599    15.9004
3.026    14.4052    15.9004
3.0124    14.3972    15.9004
2.9715998    14.373199    15.9004
2.9492    14.360399    15.9004
2.8332    14.2884    15.9004
2.8195999    14.279599    15.9004
2.8179998    14.278    15.9004
2.7356    14.223599    15.9004
2.73    14.217999    15.9004
2.6508    14.1556    15.9004
2.646    14.1516    15.9004
2.6204    14.1332    15.9004
2.5867999    14.102799    15.9004
2.5788    14.0948    15.9004
2.5412    14.062799    15.9004
2.5324    14.0548    15.9004
2.4812    14.0076    15.9004
2.4803998    14.0068    15.9004
2.4731998    14.0004    15.9004
2.4396    13.9684    15.9004
2.4364    13.965199    15.9004
2.4315999    13.9604    15.9004
2.3724    13.8972    15.9004
2.362    13.8852    15.9004
2.3051999    13.8228    15.9004
2.2835999    13.797999    15.9004
2.2644    13.7764    15.9004
2.2115998    13.7148    15.9004
2.1715999    13.665999    15.9004
2.126    13.6092    15.9004
2.0964    13.57    15.9004
2.0595999    13.5236    15.9004
2.0444    13.5004    15.9004
2.0332    13.4716    15.9004
2.0276    13.4612    15.9004
2.0228    13.4404    15.9004
2.0116    13.4164    15.9004
2.0108    13.41    15.9004
2.0068    13.3916    15.9004
2.0091999    13.3812    15.9004
2.0108    13.3675995    15.9004
2.0348    13.3412    15.9004
2.0412    13.332399    15.9004
2.0492    13.3228    15.9004
2.0867999    13.2852    15.9004
2.0948    13.278    15.9004
2.1355999    13.2411995    15.9004
2.158    13.226    15.9004
2.1796    13.2092    15.9004
2.3372    13.113999    15.9004
2.4387999    13.0532    15.9004
2.6076    12.9539995    15.9004
2.6971998    12.9028    15.9004
2.7779999    12.8564    15.9004
2.918    12.7796    15.9004
3.0428    12.710799    15.9004
3.1683998    12.642799    15.9004
3.3091998    12.568399    15.9004
3.4364    12.5004    15.9004
3.5028    12.4636    15.9004
3.8235998    12.2876    15.9004
3.8739998    12.2588    15.9004
4.0236    12.174    15.9004
4.0843997    12.1396    15.9004
4.4035997    11.9564    15.9004
4.4147997    11.95    15.9004
4.4203997    11.946799    15.9004
4.5604    11.8644    15.9004
4.6308    11.8244    15.9004
4.6651998    11.8043995    15.9004
4.6836    11.792399    15.9004
4.746    11.7564    15.9004
4.7627997    11.745999    15.9004
4.7764    11.7388    15.9004
4.7851996    11.7355995    15.9004
4.7971997    11.73    15.9004
4.8403997    11.7067995    15.9004
4.862    11.6972    15.9004
4.8771996    11.6916    15.9004
4.8859997    11.6868    15.9004
4.9116    11.6804    15.9004
4.9323997    11.674    15.9004
4.9667997    11.6676    15.9004
5.0148    11.6556    15.9004
5.0364    11.6508    15.9004
5.0924    11.6396    15.9004
5.1052    11.637199    15.9004
5.1092    11.636399    15.9004
5.1219997    11.634    15.9004
5.2348    11.6164    15.9004
5.2476    11.6147995    15.9004
5.3492    11.602799    15.9004
5.354    11.601999    15.9004
5.3988    11.6004    15.9004
5.4028    11.6004    15.9004
5.4772    11.597199    15.9004
5.482    11.597199    15.9004
5.4828    11.597199    15.9004
5.4844    11.597199    15.9004
5.5652    11.602799    15.9004
5.582    11.6052    15.9004
5.6108    11.6124    15.9004
5.6308    11.622    15.9004
5.6412    11.6292    15.9004
5.6612    11.6524    15.9004
5.6651998    11.659599    15.9004
5.6675997    11.665999    15.9004
5.6819997    11.6988    15.9004
5.6875997    11.723599    15.9004
5.7019997    11.780399    15.9004
5.7068    11.8076    15.9004
5.7116    11.849199    15.9004
5.7148    11.8692    15.9004
5.7148    11.8812    15.9004
5.7116    11.9092    15.9004
5.7116    11.9444    15.9004
5.7107997    11.9484    15.9004
5.7019997    11.9892    15.9004
5.6812    12.0476    15.9004
5.6804    12.049999    15.9004
5.6804    12.0515995    15.9004
5.6796    12.054    15.9004
5.6716    12.0828    15.9004
5.6707997    12.1108    15.9004
5.6692    12.118    15.9004
5.6724    12.1276    15.9004
5.678    12.1396    15.9004
5.6836    12.1491995    15.9004
5.706    12.188399    15.9004
5.706    12.189199    15.9004
5.7244    12.222799    15.9004
5.7324    12.242    15.9004
5.7492    12.2836    15.9004
5.7572    12.3068    15.9004
5.7676    12.3452    15.9004
5.7836    12.4004    15.9004
5.7948    12.4444    15.9004
5.8083997    12.504399    15.9004
5.8236    12.594    15.9004
5.8236    12.5948    15.9004
5.8236    12.5956    15.9004
5.8244    12.5996    15.9004
5.8427997    12.7092    15.9004
5.8452    12.728399    15.9004
5.85    12.7699995    15.9004
5.8652    12.914    15.9004
5.8732    13.0204    15.9004
5.8803997    13.097199    15.9004
5.8947997    13.2588    15.9004
5.9244    13.594    15.9004
5.9244    13.6012    15.9004
5.9268    13.6292    15.9004
5.9403996    13.794    15.9004
5.9428    13.8236    15.9004
5.9523997    13.923599    15.9004
