10.6036    15.319599    16.8004
10.561999    15.3116    16.8004
10.5588    15.3116    16.8004
10.5571995    15.3108    16.8004
10.558    15.309999    16.8004
10.5668    15.2956    16.8004
10.5716    15.290799    16.8004
10.5892    15.273999    16.8004
10.591599    15.2708    16.8004
10.596399    15.2652    16.8004
10.602799    15.257199    16.8004
10.618    15.2388    16.8004
10.6268    15.2204    16.8004
10.6348    15.2067995    16.8004
10.6444    15.1868    16.8004
10.6532    15.171599    16.8004
10.6748    15.131599    16.8004
10.6756    15.130799    16.8004
10.717199    15.066    16.8004
10.734799    15.037999    16.8004
10.7828    14.9668    16.8004
10.7948    14.9484    16.8004
10.826799    14.9044    16.8004
10.8604    14.8532    16.8004
10.8907995    14.809999    16.8004
10.952399    14.7268    16.8004
10.9892    14.677199    16.8004
11.002    14.659599    16.8004
11.045199    14.5996    16.8004
11.0828    14.5476    16.8004
11.0868    14.5436    16.8004
11.09    14.539599    16.8004
11.1132    14.5116    16.8004
11.1164    14.5084    16.8004
11.120399    14.5028    16.8004
11.13    14.493199    16.8004
11.1348    14.4844    16.8004
11.146    14.4732    16.8004
11.1588    14.4556    16.8004
11.1676    14.4492    16.8004
11.1924    14.429199    16.8004
11.226    14.4052    16.8004
11.2364    14.3963995    16.8004
11.246799    14.3876    16.8004
11.303599    14.3476    16.8004
11.3043995    14.3468    16.8004
11.3052    14.346    16.8004
11.3852    14.286799    16.8004
11.3963995    14.278    16.8004
11.438    14.240399    16.8004
11.4628    14.217199    16.8004
11.4852    14.1956    16.8004
11.509999    14.170799    16.8004
11.539599    14.136399    16.8004
11.5652    14.1052    16.8004
11.5924    14.0716    16.8004
11.613199    14.046    16.8004
11.6723995    13.965199    16.8004
11.6916    13.9396    16.8004
11.7036    13.9228    16.8004
11.7828    13.8164    16.8004
11.797999    13.7956    16.8004
11.860399    13.7092    16.8004
11.894    13.6636    16.8004
11.9044    13.65    16.8004
11.9372    13.6092    16.8004
11.966    13.5764    16.8004
11.9804    13.5604    16.8004
11.9972    13.542    16.8004
12.021199    13.521199    16.8004
12.038    13.5068    16.8004
12.0548    13.5004    16.8004
12.0588    13.497999    16.8004
12.0612    13.5004    16.8004
12.0692    13.521199    16.8004
12.073199    13.533999    16.8004
12.078799    13.561199    16.8004
12.0836    13.5884    16.8004
12.0836    13.6156    16.8004
12.084399    13.6356    16.8004
12.0836    13.6796    16.8004
12.082    13.7156    16.8004
12.0803995    13.7372    16.8004
12.0756    13.803599    16.8004
12.07    13.860399    16.8004
12.0668    13.8932    16.8004
12.0588    13.958799    16.8004
12.0532    13.9972    16.8004
12.0492    14.027599    16.8004
12.042    14.073999    16.8004
12.0404    14.0812    16.8004
12.039599    14.0868    16.8004
12.0244    14.1804    16.8004
12.0244    14.1812    16.8004
12.010799    14.234799    16.8004
12.005199    14.2548    16.8004
12.002    14.273999    16.8004
11.9939995    14.2964    16.8004
11.986799    14.3196    16.8004
11.9788    14.3404    16.8004
11.9788    14.3524    16.8004
11.9724    14.37    16.8004
11.978    14.3796    16.8004
11.9716    14.3852    16.8004
11.9676    14.3972    16.8004
11.966    14.413199    16.8004
11.9692    14.4276    16.8004
11.9748    14.440399    16.8004
11.998799    14.4508    16.8004
12.0084    14.453199    16.8004
12.0196    14.453199    16.8004
12.033999    14.4508    16.8004
12.0484    14.4516    16.8004
12.073999    14.452399    16.8004
12.0956    14.4556    16.8004
12.134    14.4604    16.8004
12.159599    14.469199    16.8004
12.1812    14.4748    16.8004
12.2332    14.493199    16.8004
12.240399    14.4956    16.8004
12.251599    14.502    16.8004
12.2948    14.5236    16.8004
12.3108    14.532399    16.8004
12.342    14.5524    16.8004
12.383599    14.5828    16.8004
12.3972    14.598    16.8004
12.413199    14.6156    16.8004
12.429199    14.638    16.8004
12.4324    14.6452    16.8004
12.4332    14.65    16.8004
12.4372    14.662    16.8004
12.441999    14.6732    16.8004
12.4428    14.6812    16.8004
12.441199    14.702    16.8004
12.4388    14.7123995    16.8004
12.429999    14.7388    16.8004
12.417999    14.757199    16.8004
12.4148    14.763599    16.8004
12.4028    14.7884    16.8004
12.395599    14.7996    16.8004
12.3828    14.8244    16.8004
12.3684    14.8452    16.8004
12.361199    14.8596    16.8004
12.3468    14.882799    16.8004
12.3356    14.900399    16.8004
12.3188    14.922    16.8004
12.3076    14.9388    16.8004
12.294    14.9564    16.8004
12.2796    14.976399    16.8004
12.2492    15.0148    16.8004
12.2436    15.0227995    16.8004
12.23    15.0404    16.8004
12.2084    15.0652    16.8004
12.1612    15.120399    16.8004
12.15    15.1324    16.8004
12.1435995    15.137199    16.8004
12.1276    15.153199    16.8004
12.082    15.2036    16.8004
12.0692    15.217999    16.8004
12.0588    15.2308    16.8004
12.0116    15.2884    16.8004
11.993199    15.3108    16.8004
11.9732    15.337999    16.8004
11.9676    15.344399    16.8004
11.958799    15.3596    16.8004
11.947599    15.377999    16.8004
11.9428    15.3876    16.8004
11.938    15.3972    16.8004
11.918799    15.4324    16.8004
11.8963995    15.4939995    16.8004
11.8916    15.504399    16.8004
11.8764    15.532399    16.8004
11.872399    15.539599    16.8004
11.8716    15.5404    16.8004
11.8708    15.5412    16.8004
11.8684    15.545199    16.8004
11.855599    15.561999    16.8004
11.8532    15.5652    16.8004
11.8508    15.567599    16.8004
11.83    15.5884    16.8004
11.802    15.607599    16.8004
11.8004    15.6092    16.8004
11.797199    15.6108    16.8004
11.7252    15.6491995    16.8004
11.6956    15.6636    16.8004
11.6723995    15.674    16.8004
11.6508    15.682799    16.8004
11.6188    15.6972    16.8004
11.5604    15.7204    16.8004
11.526    15.733999    16.8004
11.4428    15.7652    16.8004
11.4268    15.7708    16.8004
11.3684    15.7844    16.8004
11.3588    15.785999    16.8004
11.2852    15.7956    16.8004
11.2452    15.7987995    16.8004
11.2308    15.8012    16.8004
11.199599    15.803599    16.8004
11.1779995    15.8052    16.8004
11.160399    15.803599    16.8004
11.142799    15.803599    16.8004
11.1332    15.802    16.8004
11.113999    15.8012    16.8004
11.102799    15.797999    16.8004
11.0803995    15.7964    16.8004
11.0556    15.79    16.8004
11.0292    15.7788    16.8004
10.9908    15.7612    16.8004
10.9692    15.75    16.8004
10.9452    15.7364    16.8004
10.9388    15.7316    16.8004
10.913199    15.711599    16.8004
10.9028    15.686    16.8004
10.901999    15.6844    16.8004
10.901199    15.674    16.8004
10.9004    15.658    16.8004
10.9004    15.6564    16.8004
10.9028    15.6348    16.8004
10.9028    15.6324    16.8004
10.9036    15.629999    16.8004
10.9212    15.590799    16.8004
10.924399    15.5836    16.8004
10.9268    15.578    16.8004
10.9556    15.5076    16.8004
10.9636    15.4916    16.8004
10.9796    15.458799    16.8004
11.0124    15.3972    16.8004
11.033999    15.3596    16.8004
11.0524    15.3292    16.8004
11.0756    15.297199    16.8004
11.0772    15.2948    16.8004
11.0884    15.2708    16.8004
11.0932    15.262799    16.8004
11.0876    15.257199    16.8004
11.0836    15.2588    16.8004
11.0548    15.245199    16.8004
11.039599    15.2372    16.8004
11.0292    15.239599    16.8004
11.010799    15.2436    16.8004
10.998799    15.25    16.8004
10.9852    15.2612    16.8004
10.969999    15.2708    16.8004
10.9539995    15.279599    16.8004
10.947599    15.2836    16.8004
10.9307995    15.29    16.8004
10.91    15.2948    16.8004
10.894    15.3004    16.8004
10.8804    15.308399    16.8004
10.832399    15.320399    16.8004
10.8316    15.320399    16.8004
10.83    15.321199    16.8004
10.774    15.3276    16.8004
10.7355995    15.33    16.8004
10.7268    15.3308    16.8004
10.7132    15.33    16.8004
10.686    15.331599    16.8004
10.6572    15.3284    16.8004
10.622    15.3228    16.8004
10.6036    15.319599    16.8004
