12.654799    34.8308    9.9004
12.659599    34.835598    9.9004
12.671599    34.8452    9.9004
12.6852    34.857998    9.9004
12.717999    34.878    9.9004
12.738    34.8892    9.9004
12.754    34.8956    9.9004
12.774799    34.9012    9.9004
12.785999    34.906    9.9004
12.8124    34.9156    9.9004
12.814799    34.9156    9.9004
12.8292    34.9164    9.9004
12.8468    34.9172    9.9004
12.8484    34.9172    9.9004
12.8764    34.918    9.9004
12.9084    34.9148    9.9004
12.914    34.913998    9.9004
12.9228    34.9124    9.9004
12.962    34.906    9.9004
12.9716    34.9036    9.9004
12.9972    34.8964    9.9004
13.0364    34.882797    9.9004
13.0492    34.878    9.9004
13.049999    34.877197    9.9004
13.090799    34.8588    9.9004
13.097199    34.854797    9.9004
13.138    34.8292    9.9004
13.159599    34.814    9.9004
13.17    34.8052    9.9004
13.193999    34.7852    9.9004
13.2364    34.7444    9.9004
13.2411995    34.739597    9.9004
13.2428    34.737198    9.9004
13.2699995    34.7076    9.9004
13.285999    34.6868    9.9004
13.297999    34.6732    9.9004
13.314799    34.6508    9.9004
13.337199    34.618797    9.9004
13.366799    34.571598    9.9004
13.377999    34.5532    9.9004
13.3876    34.5372    9.9004
13.41    34.4972    9.9004
13.4148    34.486797    9.9004
13.435599    34.4484    9.9004
13.438    34.441998    9.9004
13.458799    34.398    9.9004
13.4668    34.378    9.9004
13.470799    34.3652    9.9004
13.4748    34.354797    9.9004
13.486    34.3204    9.9004
13.4883995    34.309998    9.9004
13.497999    34.270798    9.9004
13.499599    34.259598    9.9004
13.505199    34.2292    9.9004
13.5068    34.2188    9.9004
13.514    34.1876    9.9004
13.514    34.1844    9.9004
13.514    34.1804    9.9004
13.5132    34.162    9.9004
13.5124    34.1548    9.9004
13.510799    34.154    9.9004
13.509999    34.1524    9.9004
13.486799    34.1284    9.9004
13.476399    34.1364    9.9004
13.4548    34.1508    9.9004
13.4428    34.1748    9.9004
13.436399    34.1884    9.9004
13.434799    34.1932    9.9004
13.4332    34.197998    9.9004
13.4212    34.2276    9.9004
13.417999    34.246    9.9004
13.4156    34.2588    9.9004
13.407599    34.2956    9.9004
13.4028    34.3092    9.9004
13.3988    34.322    9.9004
13.394    34.334    9.9004
13.383599    34.357998    9.9004
13.3636    34.3964    9.9004
13.354    34.413998    9.9004
13.3396    34.4404    9.9004
13.315599    34.486    9.9004
13.3076    34.4988    9.9004
13.291599    34.5228    9.9004
13.278    34.5396    9.9004
13.2604    34.565998    9.9004
13.251599    34.57    9.9004
13.2372    34.579597    9.9004
13.2276    34.586    9.9004
13.2044    34.596397    9.9004
13.194799    34.5988    9.9004
13.1812    34.606    9.9004
13.159599    34.6116    9.9004
13.153999    34.613197    9.9004
13.1412    34.616398    9.9004
13.118    34.621998    9.9004
13.0988    34.6236    9.9004
13.085199    34.624397    9.9004
13.0644    34.6228    9.9004
13.0188    34.613197    9.9004
13.0132    34.6124    9.9004
13.0068    34.6116    9.9004
12.9772    34.616398    9.9004
12.9676    34.618    9.9004
12.9348    34.6228    9.9004
12.9044    34.629997    9.9004
12.898    34.6308    9.9004
12.8804    34.629997    9.9004
12.8524    34.618797    9.9004
12.8508    34.618    9.9004
12.820399    34.599598    9.9004
12.780399    34.5692    9.9004
12.762799    34.558    9.9004
12.7444    34.542    9.9004
12.7212    34.522    9.9004
12.7084    34.5084    9.9004
12.6812    34.482    9.9004
12.677199    34.478    9.9004
12.67    34.467598    9.9004
12.658    34.4516    9.9004
12.6524    34.4428    9.9004
12.6444    34.4212    9.9004
12.6324    34.394    9.9004
12.630799    34.3884    9.9004
12.620399    34.342    9.9004
12.613199    34.3108    9.9004
12.6036    34.278    9.9004
12.6004    34.262    9.9004
12.596399    34.242    9.9004
12.5924    34.2124    9.9004
12.591599    34.203598    9.9004
12.5924    34.182    9.9004
12.5956    34.1564    9.9004
12.597199    34.1436    9.9004
12.602799    34.1212    9.9004
12.6068    34.0916    9.9004
12.6092    34.077198    9.9004
12.61    34.0636    9.9004
12.613999    34.045998    9.9004
12.613199    34.03    9.9004
12.613999    34.0196    9.9004
12.61    34.002    9.9004
12.607599    33.9892    9.9004
12.5988    33.9748    9.9004
12.5836    33.9692    9.9004
12.5596    33.9716    9.9004
12.550799    33.9876    9.9004
12.538799    33.9996    9.9004
12.5316    34.0156    9.9004
12.5236    34.034    9.9004
12.509999    34.0788    9.9004
12.5084    34.082798    9.9004
12.5084    34.0844    9.9004
12.5076    34.086    9.9004
12.5076    34.0876    9.9004
12.504399    34.1028    9.9004
12.4948    34.158    9.9004
12.493199    34.1684    9.9004
12.492399    34.172398    9.9004
12.4852    34.231598    9.9004
12.481199    34.2812    9.9004
12.481199    34.2908    9.9004
12.4804    34.302    9.9004
12.4804    34.3292    9.9004
12.4804    34.363598    9.9004
12.4804    34.382797    9.9004
12.481999    34.4004    9.9004
12.4844    34.438    9.9004
12.4883995    34.469997    9.9004
12.492399    34.492397    9.9004
12.4956    34.5156    9.9004
12.5012    34.5428    9.9004
12.5068    34.568398    9.9004
12.515599    34.596397    9.9004
12.518    34.6036    9.9004
12.5236    34.6212    9.9004
12.5324    34.6468    9.9004
12.538799    34.6628    9.9004
12.550799    34.69    9.9004
12.555599    34.700397    9.9004
12.5836    34.7548    9.9004
12.584399    34.7548    9.9004
12.584399    34.7556    9.9004
12.622    34.8012    9.9004
12.6228    34.8012    9.9004
12.654799    34.8308    9.9004
