18.4084    22.878    18.3004
18.4308    22.8804    18.3004
18.434    22.8804    18.3004
18.455599    22.886    18.3004
18.4572    22.886    18.3004
18.4588    22.886    18.3004
18.494799    22.9004    18.3004
18.5196    22.914    18.3004
18.5204    22.914    18.3004
18.5212    22.914799    18.3004
18.542    22.9284    18.3004
18.546799    22.931599    18.3004
18.570799    22.9452    18.3004
18.600399    22.9748    18.3004
18.6028    22.9772    18.3004
18.604399    22.979599    18.3004
18.626    23.0036    18.3004
18.65    23.0292    18.3004
18.657999    23.0388    18.3004
18.666    23.0516    18.3004
18.6836    23.0772    18.3004
18.6996    23.104399    18.3004
18.7092    23.1196    18.3004
18.7204    23.1412    18.3004
18.737999    23.174799    18.3004
18.747599    23.194    18.3004
18.7652    23.2316    18.3004
18.7916    23.298    18.3004
18.7924    23.299599    18.3004
18.7932    23.301199    18.3004
18.7948    23.306    18.3004
18.8148    23.353199    18.3004
18.8188    23.362799    18.3004
18.8244    23.378    18.3004
18.840399    23.421999    18.3004
18.85    23.4508    18.3004
18.864399    23.489199    18.3004
18.8716    23.511599    18.3004
18.8972    23.609999    18.3004
18.8988    23.617199    18.3004
18.9028    23.6316    18.3004
18.9236    23.73    18.3004
18.9436    23.8468    18.3004
18.944399    23.851599    18.3004
18.944399    23.853199    18.3004
18.9452    23.858    18.3004
18.942799    23.9324    18.3004
18.9404    23.9628    18.3004
18.9404    23.966799    18.3004
18.938    23.981998    18.3004
18.938    23.9844    18.3004
18.931599    23.994799    18.3004
18.921999    24.0084    18.3004
18.9212    24.0124    18.3004
18.914799    24.0196    18.3004
18.8956    24.0348    18.3004
18.881199    24.0388    18.3004
18.857199    24.038    18.3004
18.8548    24.038    18.3004
18.853199    24.037199    18.3004
18.827599    24.0308    18.3004
18.8084    24.0204    18.3004
18.8004    24.017199    18.3004
18.7812    24.0028    18.3004
18.774    23.9988    18.3004
18.7572    23.9812    18.3004
18.747599    23.9732    18.3004
18.7228    23.9452    18.3004
18.7204    23.9436    18.3004
18.719599    23.942    18.3004
18.702    23.918    18.3004
18.6964    23.9052    18.3004
18.6836    23.885199    18.3004
18.674    23.8668    18.3004
18.669199    23.857199    18.3004
18.65    23.823599    18.3004
18.6468    23.817999    18.3004
18.63    23.786798    18.3004
18.622799    23.771599    18.3004
18.6164    23.762    18.3004
18.605999    23.7388    18.3004
18.602    23.732399    18.3004
18.5868    23.6996    18.3004
18.5812    23.689999    18.3004
18.565199    23.661999    18.3004
18.5572    23.6484    18.3004
18.552399    23.6412    18.3004
18.5508    23.639599    18.3004
18.531599    23.6092    18.3004
18.5196    23.591599    18.3004
18.4972    23.5604    18.3004
18.472399    23.5348    18.3004
18.4684    23.5308    18.3004
18.454    23.5156    18.3004
18.442799    23.5052    18.3004
18.418    23.486    18.3004
18.41    23.4804    18.3004
18.3908    23.470798    18.3004
18.3636    23.4564    18.3004
18.354    23.4516    18.3004
18.3284    23.446    18.3004
18.3268    23.4452    18.3004
18.3228    23.444399    18.3004
18.302    23.442799    18.3004
18.2804    23.4476    18.3004
18.2668    23.449999    18.3004
18.247599    23.459599    18.3004
18.2292    23.47    18.3004
18.2244    23.4748    18.3004
18.2012    23.4972    18.3004
18.197199    23.5012    18.3004
18.185999    23.5164    18.3004
18.1764    23.526    18.3004
18.1524    23.5572    18.3004
18.15    23.559599    18.3004
18.126799    23.5884    18.3004
18.0812    23.6316    18.3004
18.0796    23.6332    18.3004
18.041199    23.6724    18.3004
18.0284    23.678799    18.3004
18.0156    23.6868    18.3004
17.9644    23.706    18.3004
17.9604    23.7076    18.3004
17.9588    23.708399    18.3004
17.9356    23.7156    18.3004
17.9156    23.7164    18.3004
17.8916    23.7188    18.3004
17.8876    23.717999    18.3004
17.866    23.7188    18.3004
17.8548    23.7188    18.3004
17.8508    23.719599    18.3004
17.845999    23.7188    18.3004
17.826    23.7172    18.3004
17.801199    23.7092    18.3004
17.789999    23.7052    18.3004
17.771599    23.697199    18.3004
17.7644    23.6868    18.3004
17.760399    23.680399    18.3004
17.753199    23.660398    18.3004
17.75    23.6524    18.3004
17.75    23.639599    18.3004
17.753199    23.622799    18.3004
17.7556    23.611599    18.3004
17.7676    23.5548    18.3004
17.77    23.546799    18.3004
17.7836    23.517199    18.3004
17.784399    23.5148    18.3004
17.789999    23.486    18.3004
17.7908    23.482    18.3004
17.7732    23.4628    18.3004
17.7636    23.4564    18.3004
17.737999    23.466799    18.3004
17.73    23.47    18.3004
17.7108    23.4884    18.3004
17.6924    23.505999    18.3004
17.684399    23.5148    18.3004
17.654    23.541199    18.3004
17.633999    23.5572    18.3004
17.622799    23.5668    18.3004
17.5804    23.5924    18.3004
17.5124    23.6364    18.3004
17.4996    23.642    18.3004
17.486    23.649199    18.3004
17.4028    23.674799    18.3004
17.3988    23.6764    18.3004
17.3972    23.6764    18.3004
17.3412    23.682    18.3004
17.3172    23.684399    18.3004
17.2988    23.6836    18.3004
17.2908    23.6836    18.3004
17.2812    23.680399    18.3004
17.236399    23.669199    18.3004
17.2356    23.669199    18.3004
17.2164    23.6612    18.3004
17.202    23.646    18.3004
17.1964    23.6388    18.3004
17.1884    23.6204    18.3004
17.1868    23.615599    18.3004
17.185999    23.593199    18.3004
17.194    23.566    18.3004
17.1964    23.5588    18.3004
17.1988    23.5508    18.3004
17.2132    23.514    18.3004
17.2148    23.5092    18.3004
17.222    23.498    18.3004
17.2412    23.4692    18.3004
17.2564    23.4476    18.3004
17.282    23.4068    18.3004
17.293999    23.390799    18.3004
17.301199    23.3804    18.3004
17.3332    23.3396    18.3004
17.3636    23.3004    18.3004
17.378    23.2836    18.3004
17.444399    23.208399    18.3004
17.4564    23.1964    18.3004
17.5252    23.128399    18.3004
17.5396    23.1124    18.3004
17.574    23.0788    18.3004
17.59    23.0628    18.3004
17.639599    23.017199    18.3004
17.6724    22.9876    18.3004
17.6852    22.976398    18.3004
17.702799    22.9636    18.3004
17.7204    22.949999    18.3004
17.7404    22.9324    18.3004
17.747599    22.927599    18.3004
17.77    22.91    18.3004
17.774    22.9084    18.3004
17.799599    22.890799    18.3004
17.806    22.8892    18.3004
17.8252    22.882    18.3004
17.8356    22.879599    18.3004
17.85    22.873999    18.3004
17.858799    22.8772    18.3004
17.8748    22.878    18.3004
17.8884    22.886    18.3004
17.8948    22.8916    18.3004
17.9116    22.906    18.3004
17.938    22.9268    18.3004
17.9548    22.9412    18.3004
17.9588    22.946    18.3004
17.9652    22.959599    18.3004
17.977999    22.985199    18.3004
17.9812    22.9924    18.3004
17.9988    23.029999    18.3004
18.013199    23.0572    18.3004
18.037199    23.0676    18.3004
18.0508    23.0716    18.3004
18.0532    23.07    18.3004
18.0668    23.0612    18.3004
18.0796    23.0508    18.3004
18.0884    23.042    18.3004
18.105999    23.0236    18.3004
18.126    23.0052    18.3004
18.1316    22.9996    18.3004
18.1388    22.9932    18.3004
18.1724    22.966799    18.3004
18.1796    22.961199    18.3004
18.1948    22.9508    18.3004
18.219599    22.934    18.3004
18.2564    22.914799    18.3004
18.265999    22.91    18.3004
18.31    22.892399    18.3004
18.310799    22.892399    18.3004
18.351599    22.8804    18.3004
18.3524    22.8804    18.3004
18.364399    22.879599    18.3004
18.3764    22.8788    18.3004
18.406    22.878    18.3004
18.4084    22.878    18.3004
