14.958799    27.418    19.2004
14.9628    27.4252    19.2004
14.999599    27.489199    19.2004
15.0092    27.5068    19.2004
15.018    27.535599    19.2004
15.018    27.5364    19.2004
15.018    27.5388    19.2004
15.005199    27.5716    19.2004
14.9908    27.597198    19.2004
14.974    27.6276    19.2004
14.953199    27.6644    19.2004
14.9307995    27.6988    19.2004
14.9164    27.719599    19.2004
14.886    27.758799    19.2004
14.8796    27.7676    19.2004
14.8764    27.7708    19.2004
14.874    27.774    19.2004
14.8452    27.8084    19.2004
14.814799    27.8324    19.2004
14.813999    27.8324    19.2004
14.79    27.8308    19.2004
14.7844    27.83    19.2004
14.778    27.829199    19.2004
14.739599    27.821999    19.2004
14.73    27.8212    19.2004
14.659599    27.806    19.2004
14.653199    27.805199    19.2004
14.6324    27.8076    19.2004
14.619599    27.81    19.2004
14.6068    27.821999    19.2004
14.591599    27.8372    19.2004
14.594    27.845999    19.2004
14.5924    27.8708    19.2004
14.5948    27.89    19.2004
14.597199    27.913198    19.2004
14.597199    27.938    19.2004
14.5996    27.9804    19.2004
14.6052    28.0052    19.2004
14.61    28.018    19.2004
14.6124    28.0364    19.2004
14.6156    28.0492    19.2004
14.6172    28.0644    19.2004
14.6228    28.0772    19.2004
14.6284    28.094799    19.2004
14.6356    28.105999    19.2004
14.642799    28.1276    19.2004
14.65    28.137999    19.2004
14.660399    28.156399    19.2004
14.6732    28.1764    19.2004
14.6852    28.1892    19.2004
14.7044    28.2156    19.2004
14.7204    28.236399    19.2004
14.7332    28.2524    19.2004
14.733999    28.254    19.2004
14.738    28.258799    19.2004
14.773999    28.301199    19.2004
14.797199    28.3324    19.2004
14.819599    28.3636    19.2004
14.848399    28.407598    19.2004
14.8564    28.4196    19.2004
14.865999    28.4364    19.2004
14.882799    28.4684    19.2004
14.8932    28.487598    19.2004
14.9084    28.5156    19.2004
14.9204    28.5388    19.2004
14.9316    28.563599    19.2004
14.9444    28.594    19.2004
14.958799    28.630798    19.2004
14.9716    28.6652    19.2004
14.986799    28.7092    19.2004
14.9939995    28.734    19.2004
15.003599    28.774    19.2004
15.0116    28.810799    19.2004
15.0196    28.851599    19.2004
15.0308    28.918798    19.2004
15.0316    28.920399    19.2004
15.033199    28.937199    19.2004
15.038799    28.993198    19.2004
15.038799    29.001999    19.2004
15.042    29.070799    19.2004
15.042    29.109999    19.2004
15.042    29.1476    19.2004
15.0412    29.1764    19.2004
15.0404    29.206799    19.2004
15.037999    29.251598    19.2004
15.0356    29.282    19.2004
15.0292    29.334    19.2004
15.0244    29.368399    19.2004
15.021199    29.386    19.2004
15.016399    29.424398    19.2004
15.015599    29.427599    19.2004
15.0068    29.4692    19.2004
15.0012    29.496399    19.2004
14.993199    29.535599    19.2004
14.9828    29.581999    19.2004
14.981999    29.5844    19.2004
14.981199    29.5868    19.2004
14.9804    29.591599    19.2004
14.964399    29.6468    19.2004
14.9516    29.6868    19.2004
14.9492    29.6948    19.2004
14.9284    29.7564    19.2004
14.9251995    29.7636    19.2004
14.8996    29.827599    19.2004
14.8876    29.854    19.2004
14.8748    29.883598    19.2004
14.8588    29.913198    19.2004
14.848399    29.9324    19.2004
14.8412    29.9476    19.2004
14.826799    29.9748    19.2004
14.8004    30.017199    19.2004
14.7956    30.026    19.2004
14.781199    30.048399    19.2004
14.7588    30.0844    19.2004
14.750799    30.0964    19.2004
14.7276    30.126799    19.2004
14.7156    30.1404    19.2004
14.689199    30.174    19.2004
14.6788    30.185999    19.2004
14.6435995    30.225199    19.2004
14.6276    30.2428    19.2004
14.6147995    30.2556    19.2004
14.584399    30.284399    19.2004
14.573999    30.293999    19.2004
14.568399    30.3004    19.2004
14.5356    30.3284    19.2004
14.514    30.345999    19.2004
14.4939995    30.362    19.2004
14.465199    30.385199    19.2004
14.441999    30.4004    19.2004
14.4172    30.416399    19.2004
14.3796    30.4396    19.2004
14.3516    30.4548    19.2004
14.3068    30.4788    19.2004
14.2956    30.4844    19.2004
14.2644    30.498798    19.2004
14.2564    30.501999    19.2004
14.199599    30.5252    19.2004
14.1964    30.5268    19.2004
14.1516    30.542799    19.2004
14.1236    30.5516    19.2004
14.0756    30.566    19.2004
14.0548    30.5716    19.2004
14.0404    30.574799    19.2004
13.9916    30.5836    19.2004
13.9732    30.587599    19.2004
13.9564    30.59    19.2004
13.924399    30.594799    19.2004
13.8868    30.598799    19.2004
13.871599    30.600399    19.2004
13.8284    30.604399    19.2004
13.8276    30.604399    19.2004
13.7932    30.6052    19.2004
13.780399    30.6092    19.2004
13.7652    30.6092    19.2004
13.7436    30.622799    19.2004
13.7355995    30.6316    19.2004
13.7332    30.6404    19.2004
13.7204    30.663599    19.2004
13.717199    30.674    19.2004
13.714    30.6876    19.2004
13.7123995    30.691599    19.2004
13.71    30.693998    19.2004
13.702    30.7076    19.2004
13.6908    30.712399    19.2004
13.683599    30.7172    19.2004
13.6756    30.7188    19.2004
13.6588    30.7244    19.2004
13.6468    30.726    19.2004
13.637199    30.726    19.2004
13.6348    30.726799    19.2004
13.6292    30.726799    19.2004
13.5996    30.7284    19.2004
13.5828    30.729198    19.2004
13.5803995    30.729198    19.2004
13.5724    30.7284    19.2004
13.5404    30.7276    19.2004
13.4972    30.726799    19.2004
13.49    30.726    19.2004
13.475599    30.7244    19.2004
13.4572    30.723598    19.2004
13.4268    30.717999    19.2004
13.4172    30.7164    19.2004
13.407599    30.713999    19.2004
13.398    30.7116    19.2004
13.377999    30.706    19.2004
13.3572    30.7004    19.2004
13.302    30.6836    19.2004
13.2996    30.6836    19.2004
13.2987995    30.6836    19.2004
13.2764    30.682798    19.2004
13.2548    30.6812    19.2004
13.2492    30.682    19.2004
13.245199    30.6812    19.2004
13.2428    30.682    19.2004
13.234799    30.682    19.2004
13.1779995    30.6876    19.2004
13.159599    30.684399    19.2004
13.1516    30.684399    19.2004
13.1348    30.678    19.2004
13.13    30.6756    19.2004
13.1228    30.67    19.2004
13.1108    30.6628    19.2004
13.0996    30.650799    19.2004
13.0884    30.6388    19.2004
13.0812    30.630798    19.2004
13.0571995    30.6052    19.2004
13.046    30.5956    19.2004
13.015599    30.576399    19.2004
13.0148    30.576399    19.2004
12.981199    30.5668    19.2004
12.9732    30.565199    19.2004
12.9676    30.563599    19.2004
12.9316    30.5572    19.2004
12.9084    30.552399    19.2004
12.898    30.550798    19.2004
12.872399    30.541199    19.2004
12.8708    30.5404    19.2004
12.8684    30.539598    19.2004
12.8476    30.5308    19.2004
12.8236    30.518    19.2004
12.814799    30.5148    19.2004
12.7884    30.498    19.2004
12.786799    30.496399    19.2004
12.7852    30.4956    19.2004
12.7836    30.490799    19.2004
12.778    30.4772    19.2004
12.781199    30.465199    19.2004
12.786799    30.4492    19.2004
12.7996    30.429998    19.2004
12.806    30.4196    19.2004
12.820399    30.4012    19.2004
12.834    30.3828    19.2004
12.8452    30.364399    19.2004
12.8404    30.347599    19.2004
12.8396    30.3372    19.2004
12.8276    30.3244    19.2004
12.814    30.3076    19.2004
12.794    30.2932    19.2004
12.781199    30.284399    19.2004
12.781199    30.2836    19.2004
12.723599    30.251598    19.2004
12.698    30.2372    19.2004
12.6964    30.2356    19.2004
12.6244    30.1908    19.2004
12.606    30.1796    19.2004
12.5884    30.1684    19.2004
12.579599    30.161999    19.2004
12.5515995    30.1428    19.2004
12.549999    30.1404    19.2004
12.5068    30.109999    19.2004
12.4883995    30.097198    19.2004
12.476399    30.087599    19.2004
12.4564    30.0724    19.2004
12.438    30.0588    19.2004
12.4052    30.029999    19.2004
12.3988    30.024399    19.2004
12.3588    29.990799    19.2004
12.3116    29.946798    19.2004
12.3108    29.9452    19.2004
12.268399    29.9004    19.2004
12.2652    29.8972    19.2004
12.257199    29.8884    19.2004
12.2212    29.8484    19.2004
12.2067995    29.8308    19.2004
12.1748    29.788399    19.2004
12.1644    29.775599    19.2004
12.1508    29.757198    19.2004
12.137199    29.7372    19.2004
12.1228    29.7148    19.2004
12.1092    29.6924    19.2004
12.085199    29.6524    19.2004
12.0828    29.6484    19.2004
12.079599    29.6412    19.2004
12.0524    29.5892    19.2004
12.03    29.538    19.2004
12.027599    29.5332    19.2004
12.0268    29.5308    19.2004
12.0092    29.4844    19.2004
11.9924    29.438799    19.2004
11.9916    29.435598    19.2004
11.9916    29.4348    19.2004
11.9908    29.4308    19.2004
11.9796    29.386799    19.2004
11.9724    29.358799    19.2004
11.964399    29.3284    19.2004
11.9604    29.3076    19.2004
11.9539995    29.265999    19.2004
11.9492    29.234    19.2004
11.946    29.188398    19.2004
11.9444    29.174799    19.2004
11.9428    29.118    19.2004
11.9428    29.1124    19.2004
11.9428    29.063599    19.2004
11.9428    29.0476    19.2004
11.9436    29.0212    19.2004
11.9492    28.9636    19.2004
11.9508    28.949999    19.2004
11.9556    28.914    19.2004
11.9612    28.869999    19.2004
11.970799    28.821999    19.2004
11.975599    28.7948    19.2004
11.986    28.754    19.2004
11.998799    28.7076    19.2004
12.002    28.697199    19.2004
12.0204    28.6388    19.2004
12.021999    28.6332    19.2004
12.0468    28.5644    19.2004
12.0468    28.563599    19.2004
12.0476    28.561998    19.2004
12.0724    28.4916    19.2004
12.0868    28.446    19.2004
12.0996    28.4012    19.2004
12.1052    28.386799    19.2004
12.1116    28.357199    19.2004
12.1172    28.334799    19.2004
12.119599    28.314798    19.2004
12.125199    28.295599    19.2004
12.1268    28.2764    19.2004
12.13    28.257198    19.2004
12.1324    28.2452    19.2004
12.13    28.2188    19.2004
12.130799    28.2108    19.2004
12.1292    28.189999    19.2004
12.1236    28.161999    19.2004
12.1236    28.1484    19.2004
12.1228    28.1476    19.2004
12.1212    28.1476    19.2004
12.0932    28.1332    19.2004
12.0812    28.1372    19.2004
12.0644    28.1356    19.2004
12.0492    28.139599    19.2004
12.03    28.143599    19.2004
12.014    28.154    19.2004
12.006    28.160398    19.2004
12.0012    28.163599    19.2004
11.9748    28.1948    19.2004
11.9732    28.195599    19.2004
11.9684    28.195599    19.2004
11.953199    28.1988    19.2004
11.938    28.1964    19.2004
11.9251995    28.193998    19.2004
11.9028    28.1908    19.2004
11.884399    28.1876    19.2004
11.8684    28.184399    19.2004
11.866799    28.1836    19.2004
11.842    28.173199    19.2004
11.8396    28.1668    19.2004
11.8284    28.145199    19.2004
11.8236    28.137999    19.2004
11.7932    28.0924    19.2004
11.7876    28.0844    19.2004
11.7508    28.0292    19.2004
11.7436    28.018799    19.2004
11.7028    27.9516    19.2004
11.699599    27.944399    19.2004
11.686    27.920399    19.2004
11.6788    27.9028    19.2004
11.676399    27.896399    19.2004
11.6628    27.873999    19.2004
11.641999    27.8396    19.2004
11.638    27.83    19.2004
11.634    27.821999    19.2004
11.618    27.792398    19.2004
11.6147995    27.786798    19.2004
11.6124    27.784399    19.2004
11.5948    27.7652    19.2004
11.5868    27.758    19.2004
11.568399    27.7444    19.2004
11.5372    27.7164    19.2004
11.533199    27.712399    19.2004
11.516399    27.695599    19.2004
11.515599    27.694    19.2004
11.4892    27.6572    19.2004
11.4548    27.618    19.2004
11.4428    27.6036    19.2004
11.4196    27.580399    19.2004
11.3972    27.5588    19.2004
11.389999    27.5532    19.2004
11.3708    27.5348    19.2004
11.3476    27.517199    19.2004
11.337999    27.5092    19.2004
11.3196    27.498    19.2004
11.3124    27.4924    19.2004
11.2987995    27.4844    19.2004
11.2828    27.4748    19.2004
11.2732    27.47    19.2004
11.2532    27.458    19.2004
11.23    27.448399    19.2004
11.222    27.444399    19.2004
11.2044    27.437199    19.2004
11.1852    27.4292    19.2004
11.1532    27.416399    19.2004
11.1444    27.4116    19.2004
11.1268    27.3972    19.2004
11.1244    27.3956    19.2004
11.1147995    27.39    19.2004
11.1092    27.386799    19.2004
11.1052    27.378    19.2004
11.0988    27.3652    19.2004
11.0876    27.3428    19.2004
11.085199    27.338    19.2004
11.078    27.3228    19.2004
11.0708    27.31    19.2004
11.0636    27.284399    19.2004
11.0604    27.277199    19.2004
11.0524    27.2596    19.2004
11.045199    27.232399    19.2004
11.033199    27.1812    19.2004
11.03    27.161999    19.2004
11.0212    27.117199    19.2004
11.0148    27.074    19.2004
11.014    27.0588    19.2004
11.0116    27.026    19.2004
11.009999    26.987598    19.2004
11.010799    26.979599    19.2004
11.0116    26.9732    19.2004
11.0148    26.9468    19.2004
11.015599    26.944399    19.2004
11.026    26.918    19.2004
11.038799    26.892399    19.2004
11.045199    26.878    19.2004
11.062799    26.844398    19.2004
11.082    26.81    19.2004
11.098    26.784399    19.2004
11.1116    26.764399    19.2004
11.141999    26.7284    19.2004
11.1508    26.717999    19.2004
11.193999    26.6708    19.2004
11.2084    26.6572    19.2004
11.214    26.6516    19.2004
11.223599    26.649199    19.2004
11.2355995    26.6444    19.2004
11.266    26.637999    19.2004
11.302    26.63    19.2004
11.3228    26.626799    19.2004
11.3284    26.626    19.2004
11.361199    26.6188    19.2004
11.3972    26.6108    19.2004
11.4092    26.608398    19.2004
11.4148    26.6076    19.2004
11.4212    26.605999    19.2004
11.4324    26.6036    19.2004
11.481999    26.591599    19.2004
11.505199    26.5828    19.2004
11.521999    26.5732    19.2004
11.539599    26.5684    19.2004
11.5492    26.5612    19.2004
11.5652    26.546799    19.2004
11.5764    26.542799    19.2004
11.5924    26.531599    19.2004
11.5948    26.529999    19.2004
11.6188    26.507599    19.2004
11.6228    26.5044    19.2004
11.6572    26.465199    19.2004
11.69    26.4228    19.2004
11.6932    26.418798    19.2004
11.738    26.3844    19.2004
11.7452    26.378    19.2004
11.746799    26.3772    19.2004
11.7484    26.3764    19.2004
11.7844    26.3508    19.2004
11.7956    26.3428    19.2004
11.814799    26.338    19.2004
11.818    26.334799    19.2004
11.8468    26.31    19.2004
11.849199    26.306799    19.2004
11.872399    26.2876    19.2004
11.8812    26.2804    19.2004
11.901999    26.2684    19.2004
11.914    26.2556    19.2004
11.9324    26.2508    19.2004
11.946    26.2372    19.2004
11.969999    26.2108    19.2004
11.9852    26.1948    19.2004
12.0076    26.177198    19.2004
12.0268    26.154799    19.2004
12.0372    26.1428    19.2004
12.0492    26.1204    19.2004
12.049999    26.1188    19.2004
12.056399    26.1164    19.2004
12.0644    26.1108    19.2004
12.0812    26.108398    19.2004
12.094    26.1068    19.2004
12.098    26.1076    19.2004
12.1188    26.104399    19.2004
12.1276    26.1052    19.2004
12.153999    26.104399    19.2004
12.159599    26.104399    19.2004
12.1732    26.0996    19.2004
12.189199    26.098    19.2004
12.2036    26.0892    19.2004
12.2156    26.0812    19.2004
12.2268    26.0684    19.2004
12.2484    26.042    19.2004
12.3084    25.966799    19.2004
12.3532    25.9084    19.2004
12.373199    25.882    19.2004
12.3963995    25.8508    19.2004
12.4388    25.7948    19.2004
12.446799    25.784399    19.2004
12.4484    25.782799    19.2004
12.4539995    25.7764    19.2004
12.5036    25.7156    19.2004
12.5372    25.678    19.2004
12.5668    25.6428    19.2004
12.6404    25.5716    19.2004
12.6491995    25.563599    19.2004
12.6516    25.5604    19.2004
12.714    25.5124    19.2004
12.7164    25.5108    19.2004
12.739599    25.494799    19.2004
12.762799    25.477999    19.2004
12.7716    25.473999    19.2004
12.7987995    25.461199    19.2004
12.8068    25.4564    19.2004
12.815599    25.4508    19.2004
12.8572    25.4268    19.2004
12.882    25.416399    19.2004
12.901199    25.410799    19.2004
12.946    25.409199    19.2004
12.952399    25.4084    19.2004
12.987599    25.4028    19.2004
13.004399    25.3996    19.2004
13.0132    25.4004    19.2004
13.056399    25.4044    19.2004
13.0859995    25.410799    19.2004
13.1068    25.414799    19.2004
13.1164    25.4172    19.2004
13.1732    25.4412    19.2004
13.177199    25.4436    19.2004
13.198    25.4524    19.2004
13.21    25.4572    19.2004
13.2148    25.4564    19.2004
13.240399    25.4676    19.2004
13.2411995    25.466799    19.2004
13.269199    25.4508    19.2004
13.278    25.4404    19.2004
13.3012    25.420399    19.2004
13.3043995    25.414799    19.2004
13.3188    25.396399    19.2004
13.326799    25.382    19.2004
13.337199    25.361198    19.2004
13.3524    25.3428    19.2004
13.3916    25.2788    19.2004
13.3972    25.269999    19.2004
13.3988    25.2676    19.2004
13.400399    25.2652    19.2004
13.406799    25.2556    19.2004
13.463599    25.169199    19.2004
13.4724    25.154    19.2004
13.4836    25.139599    19.2004
13.5092    25.100399    19.2004
13.521999    25.0812    19.2004
13.5604    25.0364    19.2004
13.5812    25.0084    19.2004
13.5996    24.983599    19.2004
13.631599    24.9452    19.2004
13.6348    24.942    19.2004
13.638    24.938799    19.2004
13.6508    24.9356    19.2004
13.6516    24.9356    19.2004
13.6524    24.9356    19.2004
13.676399    24.949999    19.2004
13.7372    24.9972    19.2004
13.7548    25.0124    19.2004
13.779599    25.033998    19.2004
13.786799    25.0436    19.2004
13.818    25.0924    19.2004
13.8524    25.15    19.2004
13.8596    25.1628    19.2004
13.877999    25.1996    19.2004
13.9028    25.2484    19.2004
13.91    25.2668    19.2004
13.9372    25.3452    19.2004
13.963599    25.418    19.2004
13.9628    25.418    19.2004
13.9668    25.4412    19.2004
13.9716    25.470798    19.2004
13.969199    25.4844    19.2004
13.9676    25.518    19.2004
13.9628    25.5532    19.2004
13.9612    25.574799    19.2004
13.958799    25.5852    19.2004
13.9572    25.5996    19.2004
13.95    25.645199    19.2004
13.9307995    25.7276    19.2004
13.926    25.7524    19.2004
13.91    25.8212    19.2004
13.91    25.8244    19.2004
13.9028    25.8452    19.2004
13.898    25.8692    19.2004
13.877199    25.9284    19.2004
13.8748    25.9364    19.2004
13.872399    25.942799    19.2004
13.854    25.987598    19.2004
13.8484    26.007599    19.2004
13.842799    26.0212    19.2004
13.8308    26.0444    19.2004
13.8276    26.0532    19.2004
13.8276    26.0732    19.2004
13.8244    26.0828    19.2004
13.8244    26.093199    19.2004
13.831599    26.1076    19.2004
13.8308    26.1276    19.2004
13.837199    26.1404    19.2004
13.8396    26.154799    19.2004
13.866799    26.1948    19.2004
13.87    26.201199    19.2004
13.8748    26.2076    19.2004
13.9148    26.269999    19.2004
13.9452    26.314    19.2004
13.9684    26.3428    19.2004
13.978    26.354    19.2004
13.986799    26.362799    19.2004
14.03    26.4124    19.2004
14.032399    26.414799    19.2004
14.0356    26.418    19.2004
14.1068    26.4916    19.2004
14.1628    26.5548    19.2004
14.1868    26.5836    19.2004
14.217199    26.622799    19.2004
14.239599    26.6532    19.2004
14.252399    26.6724    19.2004
14.2956    26.75    19.2004
14.2987995    26.7564    19.2004
14.303599    26.7684    19.2004
14.337199    26.8452    19.2004
14.343599    26.8596    19.2004
14.378799    26.953999    19.2004
14.4028    27.024399    19.2004
14.412399    27.0556    19.2004
14.417999    27.0716    19.2004
14.4268    27.0924    19.2004
14.436399    27.100399    19.2004
14.4452    27.1036    19.2004
14.4628    27.122799    19.2004
14.486    27.1372    19.2004
14.4956    27.139599    19.2004
14.503599    27.139599    19.2004
14.5236    27.15    19.2004
14.5316    27.149199    19.2004
14.5515995    27.1516    19.2004
14.573199    27.149199    19.2004
14.585199    27.15    19.2004
14.646    27.150799    19.2004
14.658799    27.150799    19.2004
14.670799    27.1516    19.2004
14.7132    27.15    19.2004
14.7148    27.150799    19.2004
14.717199    27.1516    19.2004
14.739599    27.1556    19.2004
14.7476    27.1628    19.2004
14.763599    27.174799    19.2004
14.826799    27.2388    19.2004
14.8276    27.2396    19.2004
14.8284    27.240398    19.2004
14.8292    27.2412    19.2004
14.8675995    27.284399    19.2004
14.8916    27.3148    19.2004
14.894799    27.317999    19.2004
14.895599    27.3204    19.2004
14.9268    27.366    19.2004
14.9572    27.416399    19.2004
14.958799    27.418    19.2004
