2.0244    33.4652    22.5004
2.046    33.4908    22.5004
2.0588    33.506798    22.5004
2.0732    33.522    22.5004
2.1028    33.5476    22.5004
2.1092    33.5532    22.5004
2.1124    33.5556    22.5004
2.1227999    33.5644    22.5004
2.1492    33.5876    22.5004
2.158    33.593998    22.5004
2.1787999    33.606    22.5004
2.2036    33.6212    22.5004
2.2059999    33.6228    22.5004
2.2284    33.6356    22.5004
2.2412    33.6436    22.5004
2.2491999    33.646    22.5004
2.2644    33.6476    22.5004
2.2835999    33.642    22.5004
2.2956    33.634    22.5004
2.306    33.6172    22.5004
2.3084    33.605198    22.5004
2.3076    33.586    22.5004
2.3028    33.5588    22.5004
2.2963998    33.5132    22.5004
2.2948    33.497997    22.5004
2.2948    33.458    22.5004
2.2948    33.4444    22.5004
2.2956    33.4348    22.5004
2.3012    33.4036    22.5004
2.3035998    33.3956    22.5004
2.3107998    33.377197    22.5004
2.3164    33.3652    22.5004
2.3292    33.343597    22.5004
2.3395998    33.3276    22.5004
2.3588    33.302    22.5004
2.3724    33.2868    22.5004
2.3852    33.2724    22.5004
2.402    33.2564    22.5004
2.4171999    33.2412    22.5004
2.4315999    33.228397    22.5004
2.4459999    33.2196    22.5004
2.4612    33.2156    22.5004
2.4787998    33.2124    22.5004
2.5036    33.2076    22.5004
2.5132    33.2084    22.5004
2.5404    33.2068    22.5004
2.5484    33.2076    22.5004
2.5716    33.2076    22.5004
2.5795999    33.21    22.5004
2.5988    33.214    22.5004
2.6108    33.217197    22.5004
2.6348    33.2196    22.5004
2.6555998    33.2276    22.5004
2.6724    33.231598    22.5004
2.6827998    33.2388    22.5004
2.7084    33.25    22.5004
2.7244    33.2556    22.5004
2.7444    33.27    22.5004
2.7556    33.2804    22.5004
2.7756    33.2996    22.5004
2.7891998    33.3092    22.5004
2.8084    33.3284    22.5004
2.8235998    33.3452    22.5004
2.8444    33.369198    22.5004
2.8739998    33.4004    22.5004
2.8876    33.4148    22.5004
2.8916    33.419598    22.5004
2.9052    33.434    22.5004
2.9348    33.4628    22.5004
2.9844    33.5108    22.5004
2.9844    33.5116    22.5004
3.0091999    33.5268    22.5004
3.0228    33.540398    22.5004
3.0324    33.5468    22.5004
3.0428    33.5508    22.5004
3.0604    33.5596    22.5004
3.074    33.5636    22.5004
3.0844    33.5676    22.5004
3.0995998    33.5652    22.5004
3.1132    33.562798    22.5004
3.1267998    33.558    22.5004
3.1436    33.5532    22.5004
3.1492    33.55    22.5004
3.1555998    33.5412    22.5004
3.1732    33.5172    22.5004
3.1732    33.502    22.5004
3.1748    33.4916    22.5004
3.1708    33.475597    22.5004
3.1708    33.4628    22.5004
3.1652    33.4412    22.5004
3.1611998    33.430798    22.5004
3.1555998    33.418    22.5004
3.1524    33.4092    22.5004
3.1276    33.3644    22.5004
3.1267998    33.3628    22.5004
3.1252    33.3612    22.5004
3.0892    33.3148    22.5004
3.0835998    33.3084    22.5004
3.0795999    33.3028    22.5004
3.0595999    33.281998    22.5004
3.0388    33.2588    22.5004
3.0068    33.2268    22.5004
2.9787998    33.1996    22.5004
2.9308    33.1596    22.5004
2.9259999    33.155598    22.5004
2.8892    33.1324    22.5004
2.8852    33.13    22.5004
2.8804    33.127598    22.5004
2.8708    33.1228    22.5004
2.8292    33.1036    22.5004
2.8084    33.093998    22.5004
2.7747998    33.0812    22.5004
2.7563999    33.0756    22.5004
2.7491999    33.0732    22.5004
2.7003999    33.0604    22.5004
2.694    33.058    22.5004
2.6308    33.045998    22.5004
2.6188    33.0436    22.5004
2.5988    33.040398    22.5004
2.4924    33.026    22.5004
2.4819999    33.0244    22.5004
2.4468    33.0188    22.5004
2.4356    33.0188    22.5004
2.3988    33.0188    22.5004
2.3916    33.0188    22.5004
2.3892    33.0188    22.5004
2.3476    33.022    22.5004
2.3068    33.029198    22.5004
2.2963998    33.0308    22.5004
2.2868    33.0332    22.5004
2.2756    33.0364    22.5004
2.2484    33.0436    22.5004
2.2292    33.05    22.5004
2.198    33.062798    22.5004
2.1892    33.0676    22.5004
2.1499999    33.090797    22.5004
2.1252    33.106    22.5004
2.1067998    33.118797    22.5004
2.0772    33.138798    22.5004
2.0708    33.144398    22.5004
2.0604    33.1548    22.5004
2.046    33.1676    22.5004
2.0372    33.1764    22.5004
2.0268    33.186    22.5004
2.0156    33.205997    22.5004
2.0116    33.2132    22.5004
2.0012    33.2356    22.5004
1.9979999    33.248398    22.5004
1.994    33.2612    22.5004
1.9907999    33.2772    22.5004
1.9899999    33.2908    22.5004
1.9899999    33.309998    22.5004
1.9892    33.3396    22.5004
1.9915999    33.374    22.5004
1.9923999    33.374798    22.5004
1.9979999    33.4068    22.5004
2.0019999    33.4148    22.5004
2.0052    33.4212    22.5004
2.0091999    33.434    22.5004
2.0212    33.4596    22.5004
2.0219998    33.4628    22.5004
2.0244    33.4652    22.5004
