2.8388    38.4876    22.5004
2.8356    38.503597    22.5004
2.8339999    38.5188    22.5004
2.8348    38.5444    22.5004
2.8348    38.5468    22.5004
2.8364    38.5484    22.5004
2.8644    38.5724    22.5004
2.8716    38.5748    22.5004
2.8948    38.579597    22.5004
2.906    38.5812    22.5004
2.9284    38.5844    22.5004
2.9324    38.5844    22.5004
2.9508    38.5868    22.5004
2.9756    38.590797    22.5004
2.9852    38.5916    22.5004
3.0036    38.5948    22.5004
3.0116    38.5924    22.5004
3.0316    38.593998    22.5004
3.0428    38.590797    22.5004
3.0651999    38.586    22.5004
3.09    38.5748    22.5004
3.0923998    38.5708    22.5004
3.0988    38.5468    22.5004
3.09    38.5228    22.5004
3.0828    38.5004    22.5004
3.0572    38.4004    22.5004
3.0476    38.3652    22.5004
3.0363998    38.322    22.5004
3.0052    38.2052    22.5004
2.99    38.142    22.5004
2.9796    38.1004    22.5004
2.9747999    38.0668    22.5004
2.9652    38.038    22.5004
2.9643998    38.0356    22.5004
2.962    38.0276    22.5004
2.9332    38.014797    22.5004
2.9276    38.0116    22.5004
2.9268    38.0108    22.5004
2.9036    38.0308    22.5004
2.8916    38.038    22.5004
2.8836    38.05    22.5004
2.8772    38.0692    22.5004
2.8764    38.0924    22.5004
2.8748    38.1116    22.5004
2.8732    38.146797    22.5004
2.8555999    38.322    22.5004
2.8388    38.4876    22.5004
