0.52919996    43.1868    22.5004
0.594    42.989998    22.5004
0.59639996    42.984398    22.5004
0.59639996    42.9828    22.5004
0.6924    42.694798    22.5004
0.714    42.627598    22.5004
0.7396    42.5476    22.5004
0.77239996    42.445198    22.5004
0.7844    42.4068    22.5004
0.8196    42.295597    22.5004
0.8236    42.281998    22.5004
0.8308    42.2588    22.5004
0.838    42.2356    22.5004
0.8476    42.2124    22.5004
0.85319996    42.203598    22.5004
0.86039996    42.192398    22.5004
0.8836    42.1652    22.5004
0.89159995    42.155598    22.5004
0.91239995    42.1316    22.5004
0.92039996    42.121998    22.5004
0.9644    42.0748    22.5004
1.0148    42.017998    22.5004
1.0236    42.0084    22.5004
1.0356    41.995598    22.5004
1.0483999    41.973198    22.5004
1.0547999    41.9652    22.5004
1.0555999    41.945198    22.5004
1.0436    41.919598    22.5004
1.0316    41.9148    22.5004
1.0076    41.908398    22.5004
0.9996    41.9076    22.5004
0.9948    41.9068    22.5004
0.986    41.9076    22.5004
0.9676    41.905197    22.5004
0.8612    41.89    22.5004
0.8156    41.8852    22.5004
0.78679997    41.8812    22.5004
0.78279996    41.880398    22.5004
0.77559996    41.8788    22.5004
0.7492    41.869198    22.5004
0.74439996    41.8684    22.5004
0.73399997    41.8572    22.5004
0.7212    41.8428    22.5004
0.71239996    41.8276    22.5004
0.7036    41.813198    22.5004
0.5868    41.562798    22.5004
0.5732    41.534798    22.5004
0.5636    41.506    22.5004
0.5588    41.4836    22.5004
0.5588    41.4828    22.5004
0.55799997    41.482    22.5004
0.5556    41.4484    22.5004
0.5556    41.445198    22.5004
0.5564    41.434    22.5004
0.55799997    41.405197    22.5004
0.5652    41.341198    22.5004
0.5772    41.225998    22.5004
0.59959996    41.0188    22.5004
0.6084    40.9388    22.5004
0.638    40.6852    22.5004
0.65    40.577198    22.5004
0.65639997    40.5412    22.5004
0.658    40.5308    22.5004
0.66279995    40.506798    22.5004
0.66279995    40.506    22.5004
0.66279995    40.5052    22.5004
0.6652    40.5004    22.5004
0.6724    40.482    22.5004
0.67399997    40.478    22.5004
0.69159997    40.445198    22.5004
0.7292    40.3724    22.5004
0.806    40.2268    22.5004
0.8228    40.1996    22.5004
0.83959997    40.1812    22.5004
0.8412    40.1804    22.5004
0.8796    40.1708    22.5004
0.8868    40.17    22.5004
0.898    40.1492    22.5004
0.90199995    40.141197    22.5004
0.90279996    40.135597    22.5004
0.9052    40.118    22.5004
0.9396    39.834    22.5004
0.95159996    39.737198    22.5004
0.9572    39.694798    22.5004
0.9604    39.6732    22.5004
0.9644    39.649998    22.5004
0.9676    39.6372    22.5004
0.974    39.6252    22.5004
0.9772    39.6148    22.5004
1.0788    39.4268    22.5004
1.082    39.4212    22.5004
1.0843999    39.4164    22.5004
1.1092    39.3956    22.5004
1.1108    39.393997    22.5004
1.1259999    39.3932    22.5004
1.134    39.391598    22.5004
1.162    39.3956    22.5004
1.2292    39.4044    22.5004
1.2372    39.4068    22.5004
1.2444    39.4076    22.5004
1.2684    39.4068    22.5004
1.2756    39.4076    22.5004
1.2939999    39.3948    22.5004
1.3052    39.3868    22.5004
1.3091999    39.3684    22.5004
1.314    39.3588    22.5004
1.3155999    39.3388    22.5004
1.3163999    39.3284    22.5004
1.3172    39.324398    22.5004
1.3196    39.3076    22.5004
1.326    39.2724    22.5004
1.3268    39.2492    22.5004
1.326    39.2468    22.5004
1.3227999    39.2436    22.5004
1.3044    39.2244    22.5004
1.2916    39.2212    22.5004
1.2659999    39.214    22.5004
1.2523999    39.2084    22.5004
1.2476    39.1996    22.5004
1.242    39.1932    22.5004
1.2436    39.1684    22.5004
1.2436    39.1588    22.5004
1.298    38.7492    22.5004
1.3068    38.69    22.5004
1.3244    38.5588    22.5004
1.3428    38.4332    22.5004
1.3476    38.4148    22.5004
1.35    38.4044    22.5004
1.3596    38.3956    22.5004
1.3643999    38.39    22.5004
1.3708    38.388397    22.5004
1.3844    38.3876    22.5004
1.3923999    38.3868    22.5004
1.4347999    38.3892    22.5004
1.4508    38.39    22.5004
1.4563999    38.391598    22.5004
1.474    38.3932    22.5004
1.5771999    38.4076    22.5004
1.5932    38.4108    22.5004
1.6092    38.4132    22.5004
1.6331999    38.4132    22.5004
1.6395999    38.4124    22.5004
1.6539999    38.3948    22.5004
1.67    38.382    22.5004
1.6747999    38.363598    22.5004
1.6772    38.3556    22.5004
1.6788    38.346    22.5004
1.7012    38.192398    22.5004
1.7235999    38.0556    22.5004
1.7276    38.0324    22.5004
1.7523999    37.878    22.5004
1.7595999    37.85    22.5004
1.7595999    37.843597    22.5004
1.7572    37.8204    22.5004
1.7436    37.8092    22.5004
1.7235999    37.7948    22.5004
1.7132    37.7908    22.5004
1.6916    37.7884    22.5004
1.6716    37.786    22.5004
1.6595999    37.7844    22.5004
1.6084    37.778797    22.5004
1.5428    37.770798    22.5004
1.5164    37.766    22.5004
1.502    37.7612    22.5004
1.4732    37.7548    22.5004
1.4715999    37.753998    22.5004
1.4635999    37.7476    22.5004
1.4508    37.737198    22.5004
1.4499999    37.7356    22.5004
1.4468    37.7076    22.5004
1.4468    37.7068    22.5004
1.4476    37.702    22.5004
1.4555999    37.662    22.5004
1.4843999    37.4724    22.5004
1.5108    37.2956    22.5004
1.5156    37.2716    22.5004
1.5164    37.266    22.5004
1.5195999    37.259598    22.5004
1.5316    37.2444    22.5004
1.5364    37.2436    22.5004
1.554    37.2356    22.5004
1.5611999    37.2356    22.5004
1.5716    37.2356    22.5004
1.586    37.2364    22.5004
1.6107999    37.237198    22.5004
1.6508    37.242798    22.5004
1.7004    37.25    22.5004
1.77    37.258    22.5004
1.7836    37.259598    22.5004
1.8036    37.2628    22.5004
1.8052    37.2628    22.5004
1.8163999    37.2628    22.5004
1.8355999    37.258    22.5004
1.8468    37.2476    22.5004
1.8628    37.238    22.5004
1.87    37.2156    22.5004
1.8731999    37.2084    22.5004
1.874    37.2012    22.5004
1.902    37.0524    22.5004
1.9332    36.8948    22.5004
1.9524    36.8004    22.5004
1.9627999    36.7516    22.5004
1.974    36.6988    22.5004
2.018    36.4836    22.5004
2.0348    36.4068    22.5004
2.042    36.3796    22.5004
2.066    36.2684    22.5004
2.0716    36.242798    22.5004
2.0923998    36.155598    22.5004
2.0964    36.138798    22.5004
2.1204    36.029198    22.5004
2.122    36.023598    22.5004
2.1244    36.014    22.5004
2.138    35.9652    22.5004
2.1499999    35.9156    22.5004
2.1828    35.7892    22.5004
2.1972    35.7348    22.5004
2.2012    35.7196    22.5004
2.2028    35.7132    22.5004
2.254    35.5172    22.5004
2.2635999    35.486    22.5004
2.2851999    35.4092    22.5004
2.3044    35.346    22.5004
2.3323998    35.2556    22.5004
2.3395998    35.231598    22.5004
2.3667998    35.1436    22.5004
2.3764    35.1148    22.5004
2.3916    35.0692    22.5004
2.4243999    34.9772    22.5004
2.4508    34.9092    22.5004
2.4572    34.8932    22.5004
2.4612    34.8836    22.5004
2.4812    34.826    22.5004
2.4844    34.8172    22.5004
2.4852    34.815598    22.5004
2.4852    34.8124    22.5004
2.4868    34.8108    22.5004
2.5108    34.7644    22.5004
2.5172    34.753998    22.5004
2.526    34.7388    22.5004
2.5324    34.7196    22.5004
2.5428    34.6988    22.5004
2.5548    34.672398    22.5004
2.5548    34.6636    22.5004
2.5635998    34.6548    22.5004
2.5851998    34.618    22.5004
2.5604    34.6124    22.5004
2.5332    34.6292    22.5004
2.5284    34.634    22.5004
2.5276    34.6348    22.5004
2.5276    34.635597    22.5004
2.5235999    34.662    22.5004
2.4996    34.6804    22.5004
2.4931998    34.6884    22.5004
2.4724    34.709198    22.5004
2.4564    34.728397    22.5004
2.4404    34.7468    22.5004
2.418    34.761997    22.5004
2.4092    34.7716    22.5004
2.3924    34.787598    22.5004
2.3827999    34.8004    22.5004
2.3628    34.8252    22.5004
2.3611999    34.8276    22.5004
2.3451998    34.8428    22.5004
2.3339999    34.854797    22.5004
2.314    34.869198    22.5004
2.2907999    34.8892    22.5004
2.2779999    34.9012    22.5004
2.2652    34.908398    22.5004
2.2475998    34.9228    22.5004
2.2396    34.926    22.5004
2.2236    34.9372    22.5004
2.1868    34.9572    22.5004
2.1828    34.958797    22.5004
2.1764    34.9612    22.5004
2.134    34.9796    22.5004
2.1204    34.986    22.5004
2.1052    34.9908    22.5004
2.0851998    34.9972    22.5004
2.0708    34.9996    22.5004
2.0556    35.0044    22.5004
2.034    35.0084    22.5004
2.0124    35.0108    22.5004
1.9923999    35.012398    22.5004
1.9763999    35.0156    22.5004
1.9596    35.014    22.5004
1.9435999    35.0156    22.5004
1.9316    35.014797    22.5004
1.9156    35.014797    22.5004
1.8948    35.0116    22.5004
1.8787999    35.0108    22.5004
1.8604    35.006    22.5004
1.8355999    34.9996    22.5004
1.8307999    34.997997    22.5004
1.8204    34.9948    22.5004
1.8083999    34.992397    22.5004
1.782    34.9804    22.5004
1.7788    34.978798    22.5004
1.7708    34.975597    22.5004
1.7675999    34.974    22.5004
1.7428    34.958    22.5004
1.7379999    34.9524    22.5004
1.7332    34.936398    22.5004
1.7307999    34.9292    22.5004
1.7284    34.9052    22.5004
1.714    34.705997    22.5004
1.7116    34.6748    22.5004
1.7107999    34.6596    22.5004
1.7107999    34.642    22.5004
1.7116    34.601997    22.5004
1.7124    34.5956    22.5004
1.7179999    34.5524    22.5004
1.7188    34.5492    22.5004
1.7227999    34.5228    22.5004
1.7324    34.503597    22.5004
1.7371999    34.4996    22.5004
1.7476    34.492397    22.5004
1.7731999    34.4796    22.5004
1.7811999    34.4748    22.5004
1.7972    34.466    22.5004
1.8027999    34.4612    22.5004
1.8227999    34.4356    22.5004
1.8268    34.422    22.5004
1.8363999    34.377197    22.5004
1.8388    34.3652    22.5004
1.8412    34.354797    22.5004
1.854    34.3164    22.5004
1.8548    34.313198    22.5004
1.8571999    34.306    22.5004
1.8635999    34.2788    22.5004
1.8635999    34.2684    22.5004
1.8604    34.2492    22.5004
1.8587999    34.246    22.5004
1.8532    34.2236    22.5004
1.8499999    34.214    22.5004
1.8452    34.2044    22.5004
1.8396    34.1884    22.5004
1.8244    34.1452    22.5004
1.8235999    34.1412    22.5004
1.814    34.114    22.5004
1.81    34.1012    22.5004
1.806    34.085197    22.5004
1.8044    34.0812    22.5004
1.8019999    34.051598    22.5004
1.8019999    34.0508    22.5004
1.8091999    34.0364    22.5004
1.8147999    34.0284    22.5004
1.8299999    34.0172    22.5004
1.8355999    34.0132    22.5004
1.8476    34.0084    22.5004
1.8668    33.9964    22.5004
1.8772    33.989998    22.5004
1.8876    33.974    22.5004
1.8915999    33.961998    22.5004
1.8876    33.9524    22.5004
1.8812    33.930798    22.5004
1.8692    33.913998    22.5004
1.8643999    33.9044    22.5004
1.8452    33.8788    22.5004
1.826    33.854    22.5004
1.7964    33.815598    22.5004
1.7612    33.7732    22.5004
1.7379999    33.746    22.5004
1.7212    33.7252    22.5004
1.706    33.7052    22.5004
1.6988    33.694    22.5004
1.6955999    33.6868    22.5004
1.694    33.6772    22.5004
1.6868    33.661198    22.5004
1.686    33.6492    22.5004
1.6819999    33.629997    22.5004
1.6836    33.6044    22.5004
1.6844    33.542    22.5004
1.6868    33.475597    22.5004
1.6883999    33.4556    22.5004
1.7052    33.3444    22.5004
1.7124    33.2996    22.5004
1.7243999    33.21    22.5004
1.7299999    33.174    22.5004
1.742    33.1044    22.5004
1.7564    33.0252    22.5004
1.7572    33.0228    22.5004
1.7572    33.022    22.5004
1.7748    32.9796    22.5004
1.7772    32.9692    22.5004
1.782    32.956398    22.5004
1.7955999    32.9268    22.5004
1.8108    32.902798    22.5004
1.8147999    32.8964    22.5004
1.8244    32.8884    22.5004
1.8291999    32.8788    22.5004
1.8427999    32.8596    22.5004
1.8468    32.8532    22.5004
1.8715999    32.8292    22.5004
1.8787999    32.8228    22.5004
1.8836    32.8172    22.5004
1.9059999    32.8004    22.5004
1.9188    32.7884    22.5004
1.9532    32.7636    22.5004
1.9604    32.7572    22.5004
1.966    32.7524    22.5004
2.0004    32.731598    22.5004
2.0091999    32.7252    22.5004
2.0196    32.7188    22.5004
2.0756    32.6852    22.5004
2.0956    32.672398    22.5004
2.154    32.6316    22.5004
2.178    32.6148    22.5004
2.222    32.582    22.5004
2.2547998    32.557198    22.5004
2.286    32.5332    22.5004
2.3212    32.5036    22.5004
2.3732    32.458797    22.5004
2.4348    32.402798    22.5004
2.4436    32.3948    22.5004
2.5116    32.3308    22.5004
2.518    32.3252    22.5004
2.5284    32.315598    22.5004
2.5772    32.2684    22.5004
2.6132    32.2324    22.5004
2.6267998    32.218    22.5004
2.6836    32.162    22.5004
2.7403998    32.107597    22.5004
2.7516    32.0972    22.5004
2.7572    32.0916    22.5004
2.8116    32.0428    22.5004
2.8483999    32.0092    22.5004
2.8724    31.9884    22.5004
2.9155998    31.9508    22.5004
2.9315999    31.9364    22.5004
2.9643998    31.909199    22.5004
2.9675999    31.9068    22.5004
2.9803998    31.8956    22.5004
3.0172    31.862799    22.5004
3.0212    31.858799    22.5004
3.0379999    31.8428    22.5004
3.0763998    31.806799    22.5004
3.086    31.797998    22.5004
3.1083999    31.7748    22.5004
3.1339998    31.75    22.5004
3.1483998    31.734    22.5004
3.1804    31.699598    22.5004
3.2028    31.6764    22.5004
3.2419999    31.63    22.5004
3.2556    31.615599    22.5004
3.2763999    31.5924    22.5004
3.314    31.550798    22.5004
3.3251998    31.537199    22.5004
3.3595998    31.493198    22.5004
3.3723998    31.476398    22.5004
3.4204    31.414799    22.5004
3.4252    31.407598    22.5004
3.4404    31.3884    22.5004
3.4524    31.3748    22.5004
3.4628    31.362    22.5004
3.4715998    31.3508    22.5004
3.4947999    31.3356    22.5004
3.498    31.333199    22.5004
3.5044    31.3364    22.5004
3.5284    31.373999    22.5004
3.5324    31.3876    22.5004
3.5484    31.4604    22.5004
3.55    31.4684    22.5004
3.55    31.47    22.5004
3.5507998    31.4772    22.5004
3.5612    31.5724    22.5004
3.566    31.622    22.5004
3.574    31.768398    22.5004
3.5779998    31.837198    22.5004
3.5795999    31.8772    22.5004
3.5804    31.897999    22.5004
3.5795999    31.9052    22.5004
3.5723999    31.9452    22.5004
3.5691998    31.9628    22.5004
3.5563998    32.0156    22.5004
3.5523999    32.03    22.5004
3.546    32.0476    22.5004
3.5316    32.0836    22.5004
3.5124    32.1204    22.5004
3.5084    32.1292    22.5004
3.4924    32.1532    22.5004
3.4828    32.1676    22.5004
3.4787998    32.172398    22.5004
3.4587998    32.2012    22.5004
3.454    32.2052    22.5004
3.4508    32.211597    22.5004
3.4452    32.2196    22.5004
3.422    32.2532    22.5004
3.3811998    32.293198    22.5004
3.3692    32.3076    22.5004
3.3476    32.329998    22.5004
3.3244    32.352398    22.5004
3.31    32.3668    22.5004
3.1948    32.4772    22.5004
3.1748    32.4972    22.5004
3.1652    32.506798    22.5004
3.1283998    32.545998    22.5004
3.1123998    32.5636    22.5004
3.1116    32.5652    22.5004
3.0964    32.582    22.5004
3.0772    32.605198    22.5004
3.0684    32.618    22.5004
3.0563998    32.6396    22.5004
3.0507998    32.649998    22.5004
3.0484    32.658    22.5004
3.0435998    32.6796    22.5004
3.0451999    32.692398    22.5004
3.0516    32.7108    22.5004
3.0612    32.7252    22.5004
3.0835998    32.7364    22.5004
3.0916    32.739597    22.5004
3.1155999    32.7412    22.5004
3.1244    32.7412    22.5004
3.1299999    32.7404    22.5004
3.166    32.7292    22.5004
3.1764    32.7252    22.5004
3.2028    32.711597    22.5004
3.2043998    32.7108    22.5004
3.2372    32.6956    22.5004
3.2747998    32.6844    22.5004
3.2772    32.6844    22.5004
3.2796    32.683598    22.5004
3.2875998    32.683598    22.5004
3.3051999    32.6868    22.5004
3.3172    32.6932    22.5004
3.3339999    32.7012    22.5004
3.3476    32.711597    22.5004
3.3604    32.7236    22.5004
3.3667998    32.7292    22.5004
3.386    32.7532    22.5004
3.3908    32.7612    22.5004
3.4332    32.8108    22.5004
3.4436    32.824398    22.5004
3.4499998    32.832397    22.5004
3.4564    32.843597    22.5004
3.4636    32.85    22.5004
3.4756    32.862    22.5004
3.4819999    32.87    22.5004
3.4915998    32.877197    22.5004
3.5052    32.8924    22.5004
3.5091999    32.898    22.5004
3.5147998    32.902    22.5004
3.5316    32.9212    22.5004
3.5396    32.930798    22.5004
3.5619998    32.958    22.5004
3.5651999    32.9668    22.5004
3.5795999    32.9884    22.5004
3.5939999    33.0212    22.5004
3.5995998    33.0356    22.5004
3.6067998    33.058    22.5004
3.6211998    33.1172    22.5004
3.622    33.118797    22.5004
3.622    33.1196    22.5004
3.6323998    33.19    22.5004
3.6323998    33.1932    22.5004
3.6332    33.1964    22.5004
3.6371999    33.2492    22.5004
3.6355999    33.2748    22.5004
3.6244    33.3004    22.5004
3.6227999    33.3084    22.5004
3.586    33.357998    22.5004
3.5844    33.3612    22.5004
3.5763998    33.371597    22.5004
3.4852    33.4932    22.5004
3.4603999    33.5276    22.5004
3.4268    33.573997    22.5004
3.3523998    33.6772    22.5004
3.3444    33.6884    22.5004
3.342    33.6916    22.5004
3.2628    33.79    22.5004
3.2531998    33.802    22.5004
3.1292    33.950798    22.5004
3.0988    33.986    22.5004
3.0388    34.0548    22.5004
3.0228    34.0732    22.5004
2.9996    34.099598    22.5004
2.9796    34.118797    22.5004
2.9668    34.1348    22.5004
2.9364    34.17    22.5004
2.9043999    34.205997    22.5004
2.8948    34.217197    22.5004
2.8883998    34.231598    22.5004
2.8748    34.25    22.5004
2.87    34.266    22.5004
2.862    34.2756    22.5004
2.8492    34.2836    22.5004
2.8379998    34.287598    22.5004
2.8251998    34.302    22.5004
2.8091998    34.3236    22.5004
2.7963998    34.337997    22.5004
2.7876    34.3516    22.5004
2.7884    34.3572    22.5004
2.7828    34.3588    22.5004
2.7635999    34.3812    22.5004
2.766    34.394    22.5004
2.7531998    34.394    22.5004
2.7412    34.41    22.5004
2.754    34.4372    22.5004
2.7516    34.4388    22.5004
2.7563999    34.4412    22.5004
2.8028    34.434    22.5004
2.8035998    34.434    22.5004
2.8044    34.434    22.5004
2.8044    34.4348    22.5004
2.8372    34.4708    22.5004
2.8532    34.495598    22.5004
2.8683999    34.509197    22.5004
2.878    34.53    22.5004
2.8948    34.5596    22.5004
2.9076    34.610798    22.5004
2.9204    34.6604    22.5004
2.9284    34.702    22.5004
2.9443998    34.7668    22.5004
2.9524    34.813198    22.5004
2.9659998    34.9276    22.5004
2.9724    34.9828    22.5004
2.9756    35.01    22.5004
2.9764    35.022    22.5004
2.99    35.166798    22.5004
2.9988    35.326797    22.5004
3.0003998    35.349197    22.5004
3.0012    35.4108    22.5004
3.0052    35.5436    22.5004
3.0052    35.590797    22.5004
3.0052    35.638    22.5004
3.0052    35.7756    22.5004
3.0044    35.8236    22.5004
3.0044    35.9524    22.5004
3.0028    36.034    22.5004
3.0019999    36.146797    22.5004
2.9996    36.250797    22.5004
2.994    36.4036    22.5004
2.9924    36.430798    22.5004
2.9924    36.4388    22.5004
2.9844    36.6268    22.5004
2.9836    36.638    22.5004
2.9819999    36.6676    22.5004
2.974    36.8164    22.5004
2.9724    36.8516    22.5004
2.9692    36.9076    22.5004
2.9643998    36.9852    22.5004
2.9508    37.192398    22.5004
2.9468    37.261997    22.5004
2.9436    37.2916    22.5004
2.9412    37.314    22.5004
2.9436    37.3276    22.5004
2.9412    37.3444    22.5004
2.9484    37.365997    22.5004
2.9548    37.377197    22.5004
2.9747999    37.3924    22.5004
2.9891999    37.3892    22.5004
3.0108    37.388397    22.5004
3.018    37.3836    22.5004
3.0252    37.378    22.5004
3.0692    37.3388    22.5004
3.0812    37.3292    22.5004
3.1139998    37.302    22.5004
3.1339998    37.287598    22.5004
3.1668    37.261997    22.5004
3.1892    37.248398    22.5004
3.2171998    37.2292    22.5004
3.2228    37.225998    22.5004
3.2547998    37.2076    22.5004
3.266    37.2012    22.5004
3.2788    37.1956    22.5004
3.2932    37.1876    22.5004
3.3116    37.1804    22.5004
3.3156    37.1788    22.5004
3.3323998    37.1908    22.5004
3.3323998    37.1916    22.5004
3.346    37.2236    22.5004
3.35    37.233997    22.5004
3.3692    37.2828    22.5004
3.3876    37.3364    22.5004
3.3939998    37.3564    22.5004
3.3955998    37.363598    22.5004
3.4108    37.4324    22.5004
3.4124    37.439598    22.5004
3.4196    37.4804    22.5004
3.4204    37.484398    22.5004
3.4204    37.4892    22.5004
3.422    37.512398    22.5004
3.4139998    37.5356    22.5004
3.4115999    37.542    22.5004
3.4036    37.5588    22.5004
3.3955998    37.578    22.5004
3.3644    37.629997    22.5004
3.3644    37.6308    22.5004
3.3636    37.6324    22.5004
3.3244    37.705997    22.5004
3.3195999    37.7188    22.5004
3.3107998    37.7356    22.5004
3.3076    37.7516    22.5004
3.3076    37.7628    22.5004
3.3076    37.7804    22.5004
3.314    37.7916    22.5004
3.3364    37.8164    22.5004
3.3444    37.8236    22.5004
3.3732    37.843597    22.5004
3.3772    37.846798    22.5004
3.3867998    37.852398    22.5004
3.4364    37.882797    22.5004
3.4556    37.8924    22.5004
3.498    37.919598    22.5004
3.5028    37.9228    22.5004
3.5084    37.926    22.5004
3.5124    37.93    22.5004
3.5347998    37.946    22.5004
3.5468    37.9636    22.5004
3.554    37.9804    22.5004
3.5644    38.002    22.5004
3.5916    38.0756    22.5004
3.5956    38.086    22.5004
3.6011999    38.1012    22.5004
3.6211998    38.154    22.5004
3.6436    38.218    22.5004
3.6444    38.220398    22.5004
3.7236    38.4684    22.5004
3.7243998    38.474    22.5004
3.7596    38.586    22.5004
3.7612    38.5932    22.5004
3.7619998    38.596397    22.5004
3.7731998    38.6316    22.5004
3.8035998    38.7308    22.5004
3.8316    38.8284    22.5004
3.8476    38.882797    22.5004
3.8451998    38.902    22.5004
3.8467999    38.9116    22.5004
3.8379998    38.9268    22.5004
3.8356    38.9332    22.5004
3.8188    38.9556    22.5004
3.8179998    38.956398    22.5004
3.8172    38.9572    22.5004
3.7819998    38.9996    22.5004
3.7652    39.0196    22.5004
3.738    39.0524    22.5004
3.678    39.1228    22.5004
3.6571999    39.146    22.5004
3.6044    39.2068    22.5004
3.5779998    39.237198    22.5004
3.5707998    39.2444    22.5004
3.5147998    39.306    22.5004
3.4828    39.3396    22.5004
3.4715998    39.3516    22.5004
3.4492    39.3732    22.5004
3.4332    39.3892    22.5004
3.4259999    39.3932    22.5004
3.4204    39.3924    22.5004
3.4004    39.378    22.5004
3.3883998    39.357998    22.5004
3.3788    39.341198    22.5004
3.3748    39.334    22.5004
3.3523998    39.289997    22.5004
3.3332    39.2516    22.5004
3.3228    39.2292    22.5004
3.3148    39.2068    22.5004
3.3012    39.174    22.5004
3.2844    39.129997    22.5004
3.2788    39.1172    22.5004
3.2675998    39.0868    22.5004
3.2347999    38.9972    22.5004
3.2156    38.938    22.5004
3.2148    38.936398    22.5004
3.214    38.9348    22.5004
3.1964    38.877197    22.5004
3.194    38.8708    22.5004
3.1892    38.8556    22.5004
3.1796    38.826797    22.5004
3.1755998    38.8196    22.5004
3.1499999    38.8092    22.5004
3.1299999    38.8236    22.5004
3.1283998    38.826797    22.5004
3.1252    38.8516    22.5004
3.1252    38.857998    22.5004
3.1252    38.8796    22.5004
3.118    38.8876    22.5004
3.1116    38.9068    22.5004
3.1108    38.9212    22.5004
3.1044    38.93    22.5004
3.102    38.956398    22.5004
3.102    38.961998    22.5004
3.0932    39.034    22.5004
3.0756    39.177998    22.5004
3.0676    39.2412    22.5004
3.0468    39.4116    22.5004
3.046    39.4164    22.5004
3.0379999    39.43    22.5004
3.0356    39.4332    22.5004
3.0307999    39.4332    22.5004
3.0075998    39.4404    22.5004
2.9916    39.4428    22.5004
2.9756    39.445198    22.5004
2.9603999    39.4556    22.5004
2.9443998    39.4684    22.5004
2.9412    39.4828    22.5004
2.9387999    39.494    22.5004
2.9356    39.5284    22.5004
2.934    39.5388    22.5004
2.9268    39.5804    22.5004
2.9252    39.5972    22.5004
2.9268    39.6092    22.5004
2.9371998    39.618    22.5004
2.9476    39.6268    22.5004
2.9643998    39.629997    22.5004
2.9828    39.634    22.5004
3.0028    39.6348    22.5004
3.0124    39.635597    22.5004
3.0476    39.6404    22.5004
3.0923998    39.646797    22.5004
3.1011999    39.649998    22.5004
3.1067998    39.652397    22.5004
3.1211998    39.6604    22.5004
3.1244    39.6652    22.5004
3.1276    39.6716    22.5004
3.1355999    39.69    22.5004
3.1636    39.8012    22.5004
3.1899998    39.9092    22.5004
3.1915998    39.9388    22.5004
3.1915998    39.9444    22.5004
3.1915998    39.9492    22.5004
3.1884    39.978798    22.5004
3.1884    39.9804    22.5004
3.1876    39.9836    22.5004
3.1852    40.0052    22.5004
3.1396    40.3388    22.5004
3.1339998    40.377197    22.5004
3.1332    40.382797    22.5004
3.1267998    40.4188    22.5004
3.126    40.4284    22.5004
3.1267998    40.4484    22.5004
3.1355999    40.4572    22.5004
3.1452    40.4684    22.5004
3.1532    40.473198    22.5004
3.1724    40.4836    22.5004
3.1868    40.506    22.5004
3.1876    40.5084    22.5004
3.1884    40.509197    22.5004
3.1924    40.517998    22.5004
3.1948    40.5228    22.5004
3.1971998    40.5332    22.5004
3.2052    40.568398    22.5004
3.2612    40.824398    22.5004
3.2628    40.8316    22.5004
3.2628    40.842    22.5004
3.2635999    40.865997    22.5004
3.2596    40.9004    22.5004
3.2588    40.913998    22.5004
3.25    40.969997    22.5004
3.2387998    41.0492    22.5004
3.2052    41.276398    22.5004
3.1908    41.3756    22.5004
3.182    41.4324    22.5004
3.1692    41.5108    22.5004
3.1676    41.534    22.5004
3.1636    41.554    22.5004
3.162    41.5612    22.5004
3.1627998    41.5676    22.5004
3.1571999    41.59    22.5004
3.1588    41.596397    22.5004
3.1564    41.6204    22.5004
3.1588    41.627598    22.5004
3.1571999    41.6508    22.5004
3.1596    41.661198    22.5004
3.162    41.6788    22.5004
3.1724    41.7124    22.5004
3.1764    41.7212    22.5004
3.182    41.7332    22.5004
3.2036    41.774    22.5004
3.2428    41.8556    22.5004
3.2547998    41.8844    22.5004
3.286    41.9596    22.5004
3.2924    41.978    22.5004
3.314    42.042    22.5004
3.3244    42.0756    22.5004
3.362    42.2052    22.5004
3.4092    42.377197    22.5004
3.4236    42.43    22.5004
3.4772    42.627598    22.5004
3.5068    42.720398    22.5004
3.5268    42.7836    22.5004
3.554    42.8684    22.5004
3.5723999    42.9268    22.5004
3.6132    43.0548    22.5004
3.6332    43.118797    22.5004
3.6499999    43.166    22.5004
3.6915998    43.2884    22.5004
3.7187998    43.374798    22.5004
3.7468    43.469997    22.5004
3.7612    43.5172    22.5004
3.7644    43.540398    22.5004
3.7659998    43.5492    22.5004
3.7731998    43.568398    22.5004
3.7803998    43.599598    22.5004
3.7844    43.6316    22.5004
3.7891998    43.7012    22.5004
3.7907999    43.725998    22.5004
3.7979999    43.804398    22.5004
3.7988    43.8428    22.5004
3.7979999    43.8852    22.5004
3.7947998    43.939598    22.5004
3.794    43.945198    22.5004
3.794    43.95    22.5004
3.7907999    43.9908    22.5004
3.79    43.9964    22.5004
3.7891998    43.9988    22.5004
3.7884    44.0052    22.5004
3.7819998    44.040398    22.5004
3.774    44.0804    22.5004
3.7731998    44.082    22.5004
3.7524    44.1676    22.5004
3.7515998    44.1716    22.5004
3.7315998    44.2412    22.5004
3.718    44.281998    22.5004
3.7092    44.309998    22.5004
3.6931999    44.3556    22.5004
3.6908    44.362    22.5004
3.6715999    44.4132    22.5004
3.6524    44.456398    22.5004
3.6323998    44.5004    22.5004
3.5972    44.578    22.5004
3.5812    44.614    22.5004
3.5572    44.6628    22.5004
3.53    44.7164    22.5004
3.5108    44.7556    22.5004
3.4884    44.8036    22.5004
3.4684    44.8404    22.5004
3.4427998    44.8876    22.5004
3.4268    44.919598    22.5004
3.4076    44.954    22.5004
3.3795998    45.0044    22.5004
3.3532    45.048397    22.5004
3.3379998    45.0756    22.5004
3.3076    45.126    22.5004
3.286    45.1644    22.5004
3.2588    45.209198    22.5004
3.2131999    45.281998    22.5004
3.1764    45.3404    22.5004
3.1292    45.419598    22.5004
3.1011999    45.467598    22.5004
3.0388    45.582798    22.5004
3.0028    45.6492    22.5004
2.9908    45.67    22.5004
2.9636    45.714798    22.5004
2.9252    45.7756    22.5004
2.9108    45.798    22.5004
2.8971999    45.817997    22.5004
2.8628    45.8684    22.5004
2.8523998    45.8812    22.5004
2.8467999    45.888397    22.5004
2.8379998    45.8956    22.5004
2.8212    45.9156    22.5004
2.8044    45.9284    22.5004
2.786    45.946    22.5004
2.754    45.9708    22.5004
2.7508    45.974    22.5004
2.7475998    45.9764    22.5004
2.7068    46.003597    22.5004
2.6971998    46.01    22.5004
2.6843998    46.0188    22.5004
2.6555998    46.0364    22.5004
2.6492    46.0412    22.5004
2.598    46.0756    22.5004
2.5764    46.0916    22.5004
2.5692    46.0972    22.5004
2.566    46.0988    22.5004
2.5548    46.106    22.5004
2.4803998    46.149998    22.5004
2.4492    46.17    22.5004
2.3924    46.203598    22.5004
2.3868    46.2084    22.5004
2.3748    46.214798    22.5004
2.3652    46.2212    22.5004
2.3364    46.239597    22.5004
2.3044    46.259598    22.5004
2.2835999    46.2724    22.5004
2.2652    46.2828    22.5004
2.2268    46.3084    22.5004
2.222    46.3116    22.5004
2.2044    46.321198    22.5004
2.19    46.3316    22.5004
2.1764    46.3444    22.5004
2.1643999    46.3596    22.5004
2.1532    46.37    22.5004
2.1436    46.3764    22.5004
2.1364    46.3892    22.5004
2.1211998    46.397198    22.5004
2.1108    46.405197    22.5004
2.0867999    46.421997    22.5004
2.07    46.434    22.5004
2.0492    46.447598    22.5004
2.03    46.455597    22.5004
2.0276    46.4572    22.5004
2.0012    46.4692    22.5004
1.994    46.4748    22.5004
1.9732    46.492397    22.5004
1.9476    46.5084    22.5004
1.9124    46.5332    22.5004
1.8908    46.55    22.5004
1.8635999    46.57    22.5004
1.834    46.590797    22.5004
1.79    46.621998    22.5004
1.7404    46.6572    22.5004
1.7212    46.6708    22.5004
1.7171999    46.674    22.5004
1.7052    46.682    22.5004
1.6819999    46.6988    22.5004
1.5996    46.7588    22.5004
1.5884    46.7668    22.5004
1.4612    46.8564    22.5004
1.4516    46.863598    22.5004
1.4036    46.897198    22.5004
1.3731999    46.9172    22.5004
1.2924    46.9724    22.5004
1.2852    46.978    22.5004
1.2124    47.03    22.5004
1.2044    47.034    22.5004
1.1932    47.0412    22.5004
1.1772    47.0436    22.5004
1.1596    47.048397    22.5004
1.1539999    47.0468    22.5004
1.1331999    47.0356    22.5004
1.114    47.0188    22.5004
1.0924    46.9988    22.5004
0.7772    46.7076    22.5004
0.7356    46.669197    22.5004
0.7316    46.6652    22.5004
0.71559995    46.649998    22.5004
0.7116    46.646    22.5004
0.6892    46.6252    22.5004
0.67399997    46.6068    22.5004
0.6612    46.5948    22.5004
0.6412    46.5748    22.5004
0.6396    46.5732    22.5004
0.6156    46.5356    22.5004
0.6124    46.531597    22.5004
0.6124    46.5308    22.5004
0.5924    46.4884    22.5004
0.5764    46.453197    22.5004
0.54679996    46.3628    22.5004
0.542    46.349197    22.5004
0.5388    46.3444    22.5004
0.52599996    46.326    22.5004
0.51559997    46.3196    22.5004
0.49159998    46.315598    22.5004
0.48439997    46.309998    22.5004
0.46679997    46.301197    22.5004
0.46199998    46.298    22.5004
0.42279997    46.2716    22.5004
0.4172    46.2668    22.5004
0.3884    46.242798    22.5004
0.3804    46.2332    22.5004
0.37559998    46.2212    22.5004
0.3708    46.2084    22.5004
0.37    46.2068    22.5004
0.37    46.2044    22.5004
0.3604    46.114    22.5004
0.3588    46.0988    22.5004
0.3532    46.0132    22.5004
0.3516    45.9748    22.5004
0.3516    45.949997    22.5004
0.3524    45.936398    22.5004
0.354    45.9156    22.5004
0.3556    45.8964    22.5004
0.3572    45.8844    22.5004
0.362    45.8684    22.5004
0.366    45.842    22.5004
0.3644    45.8292    22.5004
0.3724    45.7948    22.5004
0.3692    45.7772    22.5004
0.3716    45.7588    22.5004
0.3692    45.7476    22.5004
0.366    45.728397    22.5004
0.366    45.7044    22.5004
0.3612    45.6828    22.5004
0.3556    45.669197    22.5004
0.33319998    45.5876    22.5004
0.3252    45.5564    22.5004
0.3196    45.5332    22.5004
0.2868    45.4044    22.5004
0.282    45.385998    22.5004
0.2756    45.3564    22.5004
0.254    45.2628    22.5004
0.24759999    45.2356    22.5004
0.2436    45.214    22.5004
0.22919999    45.1548    22.5004
0.2236    45.1236    22.5004
0.21239999    45.0636    22.5004
0.2012    45.003597    22.5004
0.1964    44.9796    22.5004
0.1924    44.953197    22.5004
0.17719999    44.871597    22.5004
0.1724    44.8452    22.5004
0.1644    44.798    22.5004
0.15879999    44.753998    22.5004
0.1556    44.742798    22.5004
0.15079999    44.71    22.5004
0.1396    44.634    22.5004
0.1284    44.5612    22.5004
0.1284    44.5604    22.5004
0.1284    44.559597    22.5004
0.1276    44.5492    22.5004
0.1244    44.5116    22.5004
0.1236    44.503597    22.5004
0.1228    44.4668    22.5004
0.1236    44.4484    22.5004
0.1276    44.43    22.5004
0.1284    44.416397    22.5004
0.13    44.408398    22.5004
0.138    44.3764    22.5004
0.2084    44.1644    22.5004
0.2236    44.118    22.5004
0.2412    44.0612    22.5004
0.2564    44.014797    22.5004
0.2748    43.958797    22.5004
0.3884    43.6116    22.5004
0.3924    43.6012    22.5004
0.51559997    43.2268    22.5004
0.5284    43.19    22.5004
0.52919996    43.1868    22.5004
