20.1708    30.2972    23.1004
20.1612    30.2916    23.1004
20.1516    30.284399    23.1004
20.1348    30.271599    23.1004
20.1188    30.2564    23.1004
20.1028    30.243599    23.1004
20.093199    30.229198    23.1004
20.0852    30.217999    23.1004
20.0772    30.2036    23.1004
20.0676    30.1868    23.1004
20.0644    30.177198    23.1004
20.0548    30.157999    23.1004
20.053999    30.1484    23.1004
20.05    30.1316    23.1004
20.0492    30.1188    23.1004
20.046799    30.1036    23.1004
20.0492    30.0964    23.1004
20.05    30.076399    23.1004
20.052399    30.0668    23.1004
20.0548    30.0516    23.1004
20.065199    30.028399    23.1004
20.0684    30.022799    23.1004
20.0724    30.017199    23.1004
20.0828    29.998798    23.1004
20.0844    29.9956    23.1004
20.0852    29.994799    23.1004
20.104399    29.9748    23.1004
20.1076    29.970798    23.1004
20.128399    29.953999    23.1004
20.142    29.942    23.1004
20.1468    29.938799    23.1004
20.161999    29.9284    23.1004
20.178    29.918    23.1004
20.1812    29.9156    23.1004
20.1868    29.913198    23.1004
20.2204    29.8972    23.1004
20.2524    29.8844    23.1004
20.2692    29.879599    23.1004
20.2892    29.8732    23.1004
20.3196    29.866    23.1004
20.3308    29.864399    23.1004
20.3692    29.8604    23.1004
20.3708    29.8604    23.1004
20.373999    29.8596    23.1004
20.420399    29.855598    23.1004
20.43    29.855598    23.1004
20.4404    29.855598    23.1004
20.4716    29.855598    23.1004
20.4876    29.857199    23.1004
20.513199    29.8596    23.1004
20.5276    29.862    23.1004
20.566    29.869999    23.1004
20.59    29.875599    23.1004
20.5972    29.8772    23.1004
20.633999    29.89    23.1004
20.6372    29.89    23.1004
20.65    29.8956    23.1004
20.666    29.9028    23.1004
20.685999    29.910799    23.1004
20.7148    29.927599    23.1004
20.737999    29.9364    23.1004
20.7556    29.9436    23.1004
20.7668    29.9492    23.1004
20.798    29.97    23.1004
20.799599    29.970798    23.1004
20.829199    29.998    23.1004
20.8468    30.024399    23.1004
20.8484    30.0268    23.1004
20.85    30.0292    23.1004
20.854    30.0364    23.1004
20.8668    30.059599    23.1004
20.8748    30.0844    23.1004
20.882    30.1076    23.1004
20.8828    30.1124    23.1004
20.886799    30.145199    23.1004
20.885199    30.156399    23.1004
20.8772    30.1852    23.1004
20.866    30.206    23.1004
20.858799    30.2188    23.1004
20.851599    30.2284    23.1004
20.8412    30.2396    23.1004
20.8252    30.262    23.1004
20.8188    30.274    23.1004
20.8036    30.2876    23.1004
20.7948    30.297998    23.1004
20.7892    30.305199    23.1004
20.774    30.3228    23.1004
20.7636    30.3324    23.1004
20.754799    30.3412    23.1004
20.7332    30.357199    23.1004
20.730799    30.358799    23.1004
20.701199    30.3708    23.1004
20.6764    30.377998    23.1004
20.6668    30.3804    23.1004
20.6388    30.385199    23.1004
20.6244    30.385199    23.1004
20.574    30.3876    23.1004
20.546    30.386799    23.1004
20.5068    30.386799    23.1004
20.477999    30.383598    23.1004
20.414799    30.3788    23.1004
20.4124    30.3788    23.1004
20.3764    30.372398    23.1004
20.310799    30.358799    23.1004
20.3092    30.358799    23.1004
20.3044    30.357199    23.1004
20.2724    30.347599    23.1004
20.2612    30.3436    23.1004
20.2236    30.3268    23.1004
20.2156    30.323599    23.1004
20.1708    30.2972    23.1004
