2.062    40.593998    24.6004
2.0068    40.4724    24.6004
2.0052    40.458797    24.6004
2.0028    40.45    24.6004
2.0084    40.4388    24.6004
2.018    40.426    24.6004
2.0316    40.413998    24.6004
2.0908    40.3652    24.6004
2.0923998    40.3652    24.6004
2.0956    40.3628    24.6004
2.1132    40.354    24.6004
2.1196    40.3556    24.6004
2.1348    40.365997    24.6004
2.1444    40.378    24.6004
2.1804    40.4228    24.6004
2.1987998    40.45    24.6004
2.202    40.4548    24.6004
2.202    40.456398    24.6004
2.2092    40.4764    24.6004
2.198    40.497997    24.6004
2.1931999    40.5044    24.6004
2.1564    40.5468    24.6004
2.1139998    40.596397    24.6004
2.1076    40.6036    24.6004
2.0956    40.6124    24.6004
2.0812    40.6228    24.6004
2.0764    40.616398    24.6004
2.062    40.598    24.6004
2.062    40.593998    24.6004
