39.0004    16.0004    2.4004
39.0004    24.001999    2.4004
39.0004    26.000399    2.4004
38.997997    26.031599    2.4004
38.9884    26.1572    2.4004
38.981197    26.1876    2.4004
38.9516    26.3092    2.4004
38.939598    26.338    2.4004
38.891598    26.453999    2.4004
38.874798    26.4812    2.4004
38.8092    26.5884    2.4004
38.7892    26.6124    2.4004
38.7076    26.7076    2.4004
38.683598    26.7276    2.4004
38.588398    26.809198    2.4004
38.5612    26.826    2.4004
38.454    26.8916    2.4004
38.425198    26.903599    2.4004
38.3092    26.9516    2.4004
38.278797    26.9588    2.4004
38.1572    26.9884    2.4004
38.126    26.990799    2.4004
38.0004    27.000399    2.4004
37.200397    27.000399    2.4004
37.0004    27.000399    2.4004
36.9692    26.998    2.4004
36.843597    26.9884    2.4004
36.813198    26.9812    2.4004
36.6916    26.9516    2.4004
36.6628    26.9396    2.4004
36.5468    26.8916    2.4004
36.5196    26.8748    2.4004
36.4124    26.809198    2.4004
36.388397    26.7892    2.4004
36.293198    26.7076    2.4004
36.2732    26.6836    2.4004
36.1916    26.5884    2.4004
36.1748    26.5612    2.4004
36.1092    26.453999    2.4004
36.0972    26.4252    2.4004
36.0492    26.3092    2.4004
36.042    26.2788    2.4004
36.012398    26.1572    2.4004
36.01    26.126    2.4004
36.0004    26.000399    2.4004
36.0004    17.9988    2.4004
36.0004    16.0004    2.4004
36.0028    15.969199    2.4004
36.012398    15.843599    2.4004
36.0196    15.8132    2.4004
36.0492    15.6916    2.4004
36.0612    15.6628    2.4004
36.1092    15.5468    2.4004
36.126    15.5196    2.4004
36.1916    15.412399    2.4004
36.211597    15.3884    2.4004
36.293198    15.2932    2.4004
36.3172    15.2732    2.4004
36.4124    15.1916    2.4004
36.439598    15.1748    2.4004
36.5468    15.1092    2.4004
36.5756    15.097199    2.4004
36.6916    15.0492    2.4004
36.722    15.042    2.4004
36.843597    15.0124    2.4004
36.874798    15.009999    2.4004
37.0004    15.0004    2.4004
37.8004    15.0004    2.4004
38.0004    15.0004    2.4004
38.031597    15.0028    2.4004
38.1572    15.0124    2.4004
38.1876    15.0196    2.4004
38.3092    15.0492    2.4004
38.337997    15.061199    2.4004
38.454    15.1092    2.4004
38.481197    15.125999    2.4004
38.588398    15.1916    2.4004
38.6124    15.211599    2.4004
38.7076    15.2932    2.4004
38.7276    15.3172    2.4004
38.8092    15.412399    2.4004
38.826    15.4396    2.4004
38.891598    15.5468    2.4004
38.9036    15.5756    2.4004
38.9516    15.6916    2.4004
38.958797    15.721999    2.4004
38.9884    15.843599    2.4004
38.9908    15.8748    2.4004
39.0004    16.0004    2.4004
