9.774    29.4228    17.7004
9.7716    29.418798    17.7004
9.7708    29.4172    17.7004
9.7699995    29.414799    17.7004
9.751599    29.3804    17.7004
9.7436    29.369999    17.7004
9.7212    29.3508    17.7004
9.7188    29.3484    17.7004
9.717199    29.3508    17.7004
9.686    29.3732    17.7004
9.6852    29.3748    17.7004
9.6876    29.4068    17.7004
9.688399    29.4084    17.7004
9.6916    29.433199    17.7004
9.6924    29.4348    17.7004
9.6924    29.472399    17.7004
9.6924    29.476398    17.7004
9.6972    29.5148    17.7004
9.700399    29.531599    17.7004
9.7012    29.5476    17.7004
9.694799    29.611599    17.7004
9.6932    29.6316    17.7004
9.693999    29.633999    17.7004
9.7148    29.6572    17.7004
9.7196    29.661999    17.7004
9.7444    29.663599    17.7004
9.7676    29.6572    17.7004
9.7755995    29.6572    17.7004
9.7828    29.654799    17.7004
9.8116    29.6428    17.7004
9.826    29.6372    17.7004
9.8508    29.6292    17.7004
9.8588    29.6276    17.7004
9.866    29.621199    17.7004
9.883599    29.6076    17.7004
9.8772    29.5908    17.7004
9.873199    29.5828    17.7004
9.8692    29.5756    17.7004
9.8548    29.5572    17.7004
9.844399    29.542799    17.7004
9.8068    29.4804    17.7004
9.7972    29.465199    17.7004
9.774    29.4228    17.7004
