11.6732    30.9684    17.7004
11.6612    30.962    17.7004
11.6444    30.952398    17.7004
11.625999    30.941198    17.7004
11.6228    30.9404    17.7004
11.6188    30.9404    17.7004
11.618    30.9364    17.7004
11.6068    30.9284    17.7004
11.590799    30.910799    17.7004
11.5859995    30.9084    17.7004
11.562799    30.8932    17.7004
11.538    30.89    17.7004
11.5324    30.894    17.7004
11.5196    30.914799    17.7004
11.5236    30.9236    17.7004
11.527599    30.944399    17.7004
11.528399    30.946798    17.7004
11.53    30.9508    17.7004
11.5364    30.9644    17.7004
11.538799    30.972399    17.7004
11.546    30.9916    17.7004
11.5492    31.000399    17.7004
11.5588    31.0196    17.7004
11.561999    31.0268    17.7004
11.562799    31.028399    17.7004
11.5668    31.053999    17.7004
11.5716    31.063599    17.7004
11.573199    31.07    17.7004
11.5844    31.080399    17.7004
11.608399    31.084398    17.7004
11.613999    31.0884    17.7004
11.6396    31.081999    17.7004
11.646    31.0828    17.7004
11.6692    31.066    17.7004
11.6788    31.0644    17.7004
11.686    31.0556    17.7004
11.705199    31.0324    17.7004
11.7067995    31.0012    17.7004
11.7028    30.9924    17.7004
11.688399    30.9772    17.7004
11.6732    30.9684    17.7004
