13.5924    30.630798    19.5004
13.5708    30.6292    19.5004
13.5596    30.6292    19.5004
13.5372    30.626    19.5004
13.5116    30.622    19.5004
13.4844    30.6164    19.5004
13.476399    30.6148    19.5004
13.4732    30.613998    19.5004
13.458799    30.6124    19.5004
13.4372    30.609999    19.5004
13.4284    30.6108    19.5004
13.401999    30.609999    19.5004
13.382    30.6124    19.5004
13.3572    30.619598    19.5004
13.3404    30.622799    19.5004
13.321199    30.626799    19.5004
13.309199    30.628399    19.5004
13.2964    30.628399    19.5004
13.2764    30.6244    19.5004
13.266    30.622799    19.5004
13.257999    30.6204    19.5004
13.239599    30.6076    19.5004
13.2268    30.598    19.5004
13.2067995    30.578    19.5004
13.189199    30.5612    19.5004
13.1796    30.5516    19.5004
13.1588    30.535599    19.5004
13.147599    30.529999    19.5004
13.118799    30.5212    19.5004
13.113999    30.5204    19.5004
13.1092    30.5196    19.5004
13.0724    30.5164    19.5004
13.0308    30.513199    19.5004
13.016399    30.509998    19.5004
13.0004    30.5052    19.5004
12.9844    30.501999    19.5004
12.962    30.494    19.5004
12.958799    30.493198    19.5004
12.9508    30.49    19.5004
12.917999    30.4756    19.5004
12.906    30.47    19.5004
12.8963995    30.4644    19.5004
12.872399    30.4516    19.5004
12.8532    30.442    19.5004
12.8484    30.438799    19.5004
12.8452    30.435598    19.5004
12.832399    30.4156    19.5004
12.834    30.403599    19.5004
12.8348    30.394798    19.5004
12.838799    30.385199    19.5004
12.8508    30.3636    19.5004
12.8619995    30.3492    19.5004
12.886    30.3116    19.5004
12.8884    30.3084    19.5004
12.8963995    30.278    19.5004
12.8972    30.2764    19.5004
12.8963995    30.2748    19.5004
12.8907995    30.2636    19.5004
12.8804    30.2412    19.5004
12.8596    30.229198    19.5004
12.849999    30.2228    19.5004
12.8484    30.222    19.5004
12.8052    30.202    19.5004
12.797199    30.198    19.5004
12.7908    30.1948    19.5004
12.7268    30.161999    19.5004
12.726    30.161999    19.5004
12.6692    30.130798    19.5004
12.6212    30.102798    19.5004
12.5836    30.080399    19.5004
12.504399    30.0276    19.5004
12.4796    30.0108    19.5004
12.4595995    29.9972    19.5004
12.3932    29.9476    19.5004
12.389199    29.944399    19.5004
12.384399    29.9404    19.5004
12.3228    29.889198    19.5004
12.2852    29.8548    19.5004
12.268399    29.8396    19.5004
12.2612    29.833199    19.5004
12.205999    29.778    19.5004
12.2036    29.775599    19.5004
12.1732    29.7372    19.5004
12.134    29.6908    19.5004
12.1268    29.6812    19.5004
12.119599    29.6724    19.5004
12.0924    29.6372    19.5004
12.0668    29.600399    19.5004
12.0612    29.5924    19.5004
12.0548    29.581999    19.5004
12.028399    29.5388    19.5004
12.016399    29.5196    19.5004
11.987599    29.466    19.5004
11.9836    29.4572    19.5004
11.981999    29.453999    19.5004
11.9564    29.397999    19.5004
11.9516    29.385199    19.5004
11.9324    29.3324    19.5004
11.922    29.3028    19.5004
11.9196    29.2932    19.5004
11.9044    29.237999    19.5004
11.8988    29.217999    19.5004
11.8907995    29.178    19.5004
11.878799    29.1012    19.5004
11.878799    29.100399    19.5004
11.878799    29.098799    19.5004
11.873199    29.0404    19.5004
11.872399    29.026    19.5004
11.872399    28.985199    19.5004
11.8708    28.9508    19.5004
11.8708    28.938799    19.5004
11.872399    28.914799    19.5004
11.8748    28.881199    19.5004
11.878799    28.8468    19.5004
11.8852    28.792398    19.5004
11.8876    28.7764    19.5004
11.8963995    28.737999    19.5004
11.901199    28.712399    19.5004
11.906799    28.689999    19.5004
11.924399    28.619598    19.5004
11.9292    28.604399    19.5004
11.9444    28.5588    19.5004
11.9628    28.5084    19.5004
11.975599    28.4756    19.5004
12.0068    28.409199    19.5004
12.0148    28.390799    19.5004
12.0188    28.3828    19.5004
12.0227995    28.3764    19.5004
12.054    28.3188    19.5004
12.0612    28.3076    19.5004
12.0932    28.254799    19.5004
12.107599    28.234    19.5004
12.1244    28.2092    19.5004
12.1332    28.198    19.5004
12.1435995    28.1852    19.5004
12.165199    28.1588    19.5004
12.202    28.1124    19.5004
12.2044    28.109999    19.5004
12.205199    28.108398    19.5004
12.2067995    28.105999    19.5004
12.25    28.056398    19.5004
12.2548    28.050798    19.5004
12.257999    28.046799    19.5004
12.286799    28.0092    19.5004
12.29    28.0036    19.5004
12.3188    27.965199    19.5004
12.322    27.961199    19.5004
12.3228    27.9604    19.5004
12.3252    27.9548    19.5004
12.337999    27.9284    19.5004
12.342    27.9172    19.5004
12.3476    27.897999    19.5004
12.349999    27.8932    19.5004
12.3564    27.8788    19.5004
12.360399    27.869999    19.5004
12.3628    27.862799    19.5004
12.3644    27.8436    19.5004
12.3644    27.834    19.5004
12.3596    27.817999    19.5004
12.3596    27.806799    19.5004
12.3452    27.784399    19.5004
12.344399    27.7836    19.5004
12.3428    27.784399    19.5004
12.309199    27.7932    19.5004
12.3012    27.8004    19.5004
12.2828    27.8044    19.5004
12.2755995    27.8084    19.5004
12.257199    27.8196    19.5004
12.2476    27.8252    19.5004
12.228399    27.838    19.5004
12.228399    27.838799    19.5004
12.2276    27.838799    19.5004
12.205199    27.8508    19.5004
12.198    27.855598    19.5004
12.170799    27.8692    19.5004
12.158    27.8748    19.5004
12.154799    27.875599    19.5004
12.1396    27.882    19.5004
12.1172    27.890799    19.5004
12.1004    27.8988    19.5004
12.085199    27.9068    19.5004
12.078    27.914    19.5004
12.058    27.925999    19.5004
12.0348    27.946    19.5004
12.027599    27.9532    19.5004
12.0036    27.979599    19.5004
11.9972    27.987598    19.5004
11.9732    28.0092    19.5004
11.9444    28.035599    19.5004
11.918799    28.0604    19.5004
11.898    28.078    19.5004
11.882    28.0908    19.5004
11.849199    28.115599    19.5004
11.843599    28.1188    19.5004
11.8292    28.1244    19.5004
11.820399    28.126    19.5004
11.7956    28.1236    19.5004
11.729199    28.1108    19.5004
11.728399    28.1108    19.5004
11.7036    28.102    19.5004
11.7012    28.1012    19.5004
11.6868    28.091599    19.5004
11.6684    28.067598    19.5004
11.6684    28.0668    19.5004
11.6476    28.033998    19.5004
11.631599    28.004398    19.5004
11.6284    27.9972    19.5004
11.6244    27.979599    19.5004
11.619599    27.9756    19.5004
11.6172    27.9676    19.5004
11.5892    27.920399    19.5004
11.5876    27.9172    19.5004
11.5596    27.853199    19.5004
11.554    27.8412    19.5004
11.5132    27.751598    19.5004
11.5028    27.7276    19.5004
11.499599    27.722    19.5004
11.498799    27.7188    19.5004
11.487599    27.694    19.5004
11.4548    27.6204    19.5004
11.4508    27.6108    19.5004
11.4492    27.6076    19.5004
11.4324    27.569199    19.5004
11.4276    27.5572    19.5004
11.4268    27.5548    19.5004
11.4251995    27.5532    19.5004
11.4251995    27.552399    19.5004
11.423599    27.5492    19.5004
11.378799    27.4452    19.5004
11.3756    27.4364    19.5004
11.372399    27.429998    19.5004
11.3284    27.314    19.5004
11.3068    27.254    19.5004
11.3028    27.2396    19.5004
11.2996    27.232399    19.5004
11.2836    27.182798    19.5004
11.278    27.163599    19.5004
11.268399    27.1276    19.5004
11.2644    27.1148    19.5004
11.263599    27.100399    19.5004
11.2596    27.0868    19.5004
11.2604    27.0828    19.5004
11.263599    27.0644    19.5004
11.268399    27.0548    19.5004
11.2828    27.0324    19.5004
11.3004    27.0084    19.5004
11.314    26.990799    19.5004
11.3331995    26.9628    19.5004
11.3564    26.933199    19.5004
11.3772    26.9084    19.5004
11.3963995    26.885199    19.5004
11.4036    26.8748    19.5004
11.4595995    26.809198    19.5004
11.470799    26.795599    19.5004
11.481999    26.784399    19.5004
11.498799    26.764399    19.5004
11.546    26.71    19.5004
11.5644    26.6924    19.5004
11.5828    26.669199    19.5004
11.5892    26.663599    19.5004
11.606    26.6476    19.5004
11.620399    26.637999    19.5004
11.642799    26.6108    19.5004
11.642799    26.609999    19.5004
11.659599    26.585999    19.5004
11.677199    26.5668    19.5004
11.7411995    26.500399    19.5004
11.7604    26.4804    19.5004
11.7668    26.473999    19.5004
11.7836    26.455599    19.5004
11.858    26.3804    19.5004
11.878799    26.358799    19.5004
11.8963995    26.338    19.5004
11.914    26.3172    19.5004
11.917999    26.3132    19.5004
11.9348    26.2972    19.5004
11.9539995    26.2748    19.5004
11.9692    26.2652    19.5004
11.981999    26.254799    19.5004
11.987599    26.2524    19.5004
11.9972    26.2468    19.5004
12.016399    26.240398    19.5004
12.033999    26.236399    19.5004
12.045199    26.2356    19.5004
12.0596    26.2356    19.5004
12.067599    26.240398    19.5004
12.09    26.258    19.5004
12.106    26.2636    19.5004
12.119599    26.2708    19.5004
12.1284    26.2708    19.5004
12.1779995    26.2556    19.5004
12.1788    26.2556    19.5004
12.1796    26.2556    19.5004
12.199599    26.2668    19.5004
12.205999    26.274    19.5004
12.2268    26.286    19.5004
12.245999    26.302    19.5004
12.2548    26.3084    19.5004
12.262799    26.316399    19.5004
12.3012    26.351599    19.5004
12.342    26.3892    19.5004
12.3452    26.392399    19.5004
12.37    26.414    19.5004
12.395599    26.437199    19.5004
12.398    26.438799    19.5004
12.426    26.4524    19.5004
12.429999    26.4548    19.5004
12.4564    26.4604    19.5004
12.464399    26.461199    19.5004
12.486799    26.4492    19.5004
12.487599    26.4492    19.5004
12.4972    26.433199    19.5004
12.5132    26.403599    19.5004
12.515599    26.4004    19.5004
12.5196    26.3948    19.5004
12.562799    26.3396    19.5004
12.6036    26.297998    19.5004
12.6147995    26.286798    19.5004
12.6332    26.2692    19.5004
12.6628    26.2444    19.5004
12.6924    26.2244    19.5004
12.7067995    26.2156    19.5004
12.7212    26.2076    19.5004
12.7556    26.189999    19.5004
12.7876    26.178    19.5004
12.822    26.1668    19.5004
12.8364    26.1628    19.5004
12.901199    26.149199    19.5004
12.9092    26.149199    19.5004
12.9164    26.15    19.5004
12.9372    26.1532    19.5004
12.958799    26.1572    19.5004
12.9788    26.1524    19.5004
12.9892    26.150799    19.5004
12.9956    26.1348    19.5004
13.0116    26.1164    19.5004
13.0188    26.102798    19.5004
13.028399    26.081999    19.5004
13.033199    26.070799    19.5004
13.039599    26.063599    19.5004
13.0532    26.038    19.5004
13.056399    26.0324    19.5004
13.0724    25.9972    19.5004
13.082    25.9772    19.5004
13.118799    25.91    19.5004
13.1268    25.896399    19.5004
13.134    25.8828    19.5004
13.165199    25.834    19.5004
13.188399    25.801199    19.5004
13.202    25.782    19.5004
13.2252    25.747599    19.5004
13.238    25.729198    19.5004
13.263599    25.697199    19.5004
13.266    25.6932    19.5004
13.2676    25.691599    19.5004
13.2699995    25.691599    19.5004
13.2908    25.67    19.5004
13.303599    25.6756    19.5004
13.314799    25.677198    19.5004
13.3172    25.677198    19.5004
13.3196    25.680399    19.5004
13.3236    25.685999    19.5004
13.4044    25.7804    19.5004
13.418799    25.801199    19.5004
13.429199    25.8204    19.5004
13.4548    25.875599    19.5004
13.486799    25.9348    19.5004
13.5348    26.022799    19.5004
13.555599    26.059599    19.5004
13.6292    26.189999    19.5004
13.63    26.1924    19.5004
13.63    26.1932    19.5004
13.630799    26.194    19.5004
13.658    26.277199    19.5004
13.6588    26.278    19.5004
13.6684    26.326    19.5004
13.6796    26.3948    19.5004
13.681999    26.407598    19.5004
13.681999    26.409199    19.5004
13.681999    26.4116    19.5004
13.682799    26.4172    19.5004
13.689199    26.4564    19.5004
13.69    26.494    19.5004
13.688399    26.501999    19.5004
13.687599    26.505999    19.5004
13.6804    26.5436    19.5004
13.6804    26.545198    19.5004
13.6788    26.5556    19.5004
13.6748    26.5788    19.5004
13.6748    26.581999    19.5004
13.6732    26.59    19.5004
13.665999    26.639599    19.5004
13.665999    26.6652    19.5004
13.665199    26.6708    19.5004
13.665199    26.6756    19.5004
13.671599    26.6996    19.5004
13.670799    26.7092    19.5004
13.676399    26.7284    19.5004
13.676399    26.7332    19.5004
13.6804    26.7428    19.5004
13.6916    26.754    19.5004
13.7372    26.786798    19.5004
13.7556    26.802    19.5004
13.7996    26.845999    19.5004
13.8252    26.875599    19.5004
13.8508    26.9212    19.5004
13.8516    26.9228    19.5004
13.8524    26.9236    19.5004
13.877999    26.953999    19.5004
13.878799    26.953999    19.5004
13.878799    26.9548    19.5004
13.91    26.9812    19.5004
13.934799    27.0012    19.5004
13.936399    27.001999    19.5004
13.9396    27.0028    19.5004
13.9628    27.0108    19.5004
13.986799    27.0196    19.5004
13.9883995    27.0196    19.5004
14.016399    27.028399    19.5004
14.0468    27.0308    19.5004
14.0492    27.0308    19.5004
14.0708    27.0292    19.5004
14.073999    27.029999    19.5004
14.0876    27.029999    19.5004
14.1172    27.0308    19.5004
14.1435995    27.0324    19.5004
14.1644    27.033998    19.5004
14.2244    27.0364    19.5004
14.292399    27.039598    19.5004
14.2956    27.039598    19.5004
14.2987995    27.039598    19.5004
14.3284    27.041199    19.5004
14.349199    27.046799    19.5004
14.3508    27.046799    19.5004
14.378799    27.063599    19.5004
14.378799    27.0644    19.5004
14.4036    27.0812    19.5004
14.405999    27.0836    19.5004
14.424399    27.100399    19.5004
14.475599    27.1468    19.5004
14.476399    27.1476    19.5004
14.521199    27.1948    19.5004
14.545199    27.222    19.5004
14.556399    27.234798    19.5004
14.567599    27.25    19.5004
14.585199    27.278    19.5004
14.6156    27.323599    19.5004
14.6212    27.3316    19.5004
14.631599    27.3492    19.5004
14.6612    27.3956    19.5004
14.662    27.3972    19.5004
14.6636    27.401999    19.5004
14.6748    27.4252    19.5004
14.6756    27.434    19.5004
14.6788    27.4492    19.5004
14.6732    27.466799    19.5004
14.671599    27.4732    19.5004
14.671599    27.4748    19.5004
14.670799    27.4772    19.5004
14.6644    27.487598    19.5004
14.630799    27.546799    19.5004
14.6156    27.57    19.5004
14.606    27.5828    19.5004
14.5988    27.5924    19.5004
14.582    27.6204    19.5004
14.5868    27.6332    19.5004
14.578799    27.649199    19.5004
14.585199    27.6764    19.5004
14.5876    27.678799    19.5004
14.5892    27.680399    19.5004
14.602799    27.702799    19.5004
14.6044    27.7052    19.5004
14.618    27.7332    19.5004
14.620399    27.741999    19.5004
14.6228    27.7572    19.5004
14.624399    27.784399    19.5004
14.620399    27.8132    19.5004
14.6068    27.840399    19.5004
14.6052    27.8428    19.5004
14.545199    27.918    19.5004
14.5436    27.9212    19.5004
14.5227995    27.9516    19.5004
14.521999    27.9524    19.5004
14.521199    27.958    19.5004
14.516399    27.9844    19.5004
14.518    27.986    19.5004
14.5404    28.0108    19.5004
14.5436    28.014    19.5004
14.566    28.033998    19.5004
14.578799    28.046    19.5004
14.598    28.066    19.5004
14.620399    28.0908    19.5004
14.6268    28.098    19.5004
14.665199    28.143599    19.5004
14.6723995    28.1524    19.5004
14.674    28.154799    19.5004
14.677199    28.1588    19.5004
14.7196    28.2164    19.5004
14.728399    28.2284    19.5004
14.751599    28.2612    19.5004
14.768399    28.2892    19.5004
14.7844    28.3172    19.5004
14.797999    28.3412    19.5004
14.814799    28.372398    19.5004
14.844399    28.4324    19.5004
14.849199    28.444399    19.5004
14.8532    28.453999    19.5004
14.889999    28.550798    19.5004
14.9108    28.618    19.5004
14.913199    28.626799    19.5004
14.9276    28.6868    19.5004
14.9428    28.757198    19.5004
14.9436    28.7652    19.5004
14.9452    28.7748    19.5004
14.9508    28.817999    19.5004
14.9564    28.861198    19.5004
14.957999    28.8748    19.5004
14.958799    28.885199    19.5004
14.9628    28.9524    19.5004
14.9628    28.986    19.5004
14.962    29.022799    19.5004
14.9612    29.0492    19.5004
14.958799    29.104399    19.5004
14.9539995    29.1628    19.5004
14.95    29.1948    19.5004
14.9484    29.208399    19.5004
14.9452    29.234798    19.5004
14.940399    29.265999    19.5004
14.929199    29.3196    19.5004
14.9276    29.3284    19.5004
14.9268    29.3316    19.5004
14.9251995    29.338799    19.5004
14.905999    29.418    19.5004
14.894    29.4628    19.5004
14.878799    29.5124    19.5004
14.8684    29.5436    19.5004
14.858    29.5756    19.5004
14.849999    29.593199    19.5004
14.843599    29.6108    19.5004
14.825999    29.6532    19.5004
14.8172    29.6724    19.5004
14.8116    29.685999    19.5004
14.797199    29.7188    19.5004
14.7908    29.73    19.5004
14.769199    29.7724    19.5004
14.7604    29.786798    19.5004
14.739599    29.8252    19.5004
14.7188    29.858799    19.5004
14.7092    29.8748    19.5004
14.6964    29.8948    19.5004
14.6692    29.933199    19.5004
14.6435995    29.9644    19.5004
14.636399    29.976398    19.5004
14.6212    29.996399    19.5004
14.608399    30.013199    19.5004
14.5756    30.0516    19.5004
14.561199    30.0684    19.5004
14.5188    30.1108    19.5004
14.5068    30.122799    19.5004
14.481199    30.1476    19.5004
14.457999    30.1668    19.5004
14.4307995    30.189999    19.5004
14.3884    30.223598    19.5004
14.383599    30.2276    19.5004
14.377999    30.2316    19.5004
14.3468    30.2556    19.5004
14.3164    30.2764    19.5004
14.2876    30.293999    19.5004
14.2604    30.309198    19.5004
14.2428    30.3188    19.5004
14.2076    30.338    19.5004
14.1908    30.345999    19.5004
14.1628    30.3596    19.5004
14.158    30.361198    19.5004
14.1092    30.379599    19.5004
14.091599    30.386    19.5004
14.0532    30.3996    19.5004
14.0004    30.4156    19.5004
13.9956    30.416399    19.5004
13.9844    30.418798    19.5004
13.95    30.427599    19.5004
13.941199    30.4292    19.5004
13.9276    30.431599    19.5004
13.900399    30.438799    19.5004
13.873199    30.4588    19.5004
13.871599    30.4636    19.5004
13.8532    30.494    19.5004
13.8532    30.496399    19.5004
13.8532    30.5252    19.5004
13.8532    30.5268    19.5004
13.8532    30.528399    19.5004
13.8532    30.556398    19.5004
13.8524    30.557999    19.5004
13.8452    30.5812    19.5004
13.8252    30.600399    19.5004
13.8228    30.602798    19.5004
13.809999    30.6076    19.5004
13.7964    30.611599    19.5004
13.794    30.6124    19.5004
13.757999    30.617199    19.5004
13.702    30.6236    19.5004
13.700399    30.6236    19.5004
13.699599    30.6236    19.5004
13.6556    30.6292    19.5004
13.6452    30.63    19.5004
13.636399    30.63    19.5004
13.613199    30.6316    19.5004
13.5924    30.630798    19.5004
