14.4556    17.295599    13.5004
14.441999    17.2932    13.5004
14.4164    17.288399    13.5004
14.4052    17.2868    13.5004
14.3812    17.288399    13.5004
14.377999    17.2892    13.5004
14.3572    17.3036    13.5004
14.3516    17.317999    13.5004
14.343599    17.33    13.5004
14.348399    17.3444    13.5004
14.349999    17.3612    13.5004
14.3636    17.3908    13.5004
14.373199    17.414    13.5004
14.377999    17.4324    13.5004
14.389999    17.466799    13.5004
14.401199    17.4972    13.5004
14.4052    17.513199    13.5004
14.424399    17.5644    13.5004
14.4276    17.574    13.5004
14.429999    17.5836    13.5004
14.441999    17.615599    13.5004
14.4516    17.633999    13.5004
14.4724    17.685999    13.5004
14.4796    17.7036    13.5004
14.4828    17.7116    13.5004
14.486    17.719599    13.5004
14.4964    17.7468    13.5004
14.503599    17.7724    13.5004
14.515599    17.8036    13.5004
14.515599    17.806    13.5004
14.5171995    17.8092    13.5004
14.5292    17.840399    13.5004
14.5356    17.8524    13.5004
14.544399    17.868399    13.5004
14.5484    17.8764    13.5004
14.567599    17.882    13.5004
14.5636    17.8668    13.5004
14.591599    17.864399    13.5004
14.594    17.858799    13.5004
14.597199    17.8396    13.5004
14.597199    17.8276    13.5004
14.594    17.8044    13.5004
14.5948    17.789999    13.5004
14.5948    17.7788    13.5004
14.5932    17.7668    13.5004
14.5892    17.7348    13.5004
14.5859995    17.7164    13.5004
14.5803995    17.6836    13.5004
14.5764    17.6556    13.5004
14.5724    17.6412    13.5004
14.5692    17.6276    13.5004
14.566799    17.6148    13.5004
14.5636    17.5916    13.5004
14.5548    17.5516    13.5004
14.5492    17.534    13.5004
14.5468    17.5172    13.5004
14.527599    17.4324    13.5004
14.5204    17.4044    13.5004
14.5188    17.3956    13.5004
14.5171995    17.3852    13.5004
14.5148    17.362    13.5004
14.5028    17.3324    13.5004
14.5012    17.3228    13.5004
14.4772    17.310799    13.5004
14.469199    17.302    13.5004
14.4556    17.295599    13.5004
