13.0148    34.9876    19.2004
13.016399    34.9884    19.2004
13.0484    35.0004    19.2004
13.0571995    35.006    19.2004
13.0859995    35.0164    19.2004
13.098    35.022    19.2004
13.107599    35.0244    19.2004
13.1228    35.026    19.2004
13.1556    35.0268    19.2004
13.1692    35.03    19.2004
13.1796    35.0356    19.2004
13.1956    35.0532    19.2004
13.199599    35.0604    19.2004
13.2092    35.0804    19.2004
13.2092    35.0916    19.2004
13.2123995    35.101997    19.2004
13.2148    35.129997    19.2004
13.2156    35.142    19.2004
13.2148    35.1732    19.2004
13.214    35.1828    19.2004
13.2076    35.2188    19.2004
13.2028    35.2356    19.2004
13.198    35.25    19.2004
13.189199    35.2644    19.2004
13.182799    35.2772    19.2004
13.177199    35.2852    19.2004
13.1556    35.3084    19.2004
13.1491995    35.3164    19.2004
13.1244    35.3364    19.2004
13.120399    35.3388    19.2004
13.119599    35.3396    19.2004
13.107599    35.346798    19.2004
13.0956    35.3532    19.2004
13.0948    35.3532    19.2004
13.094    35.3532    19.2004
13.0636    35.3652    19.2004
13.0436    35.37    19.2004
13.0404    35.3708    19.2004
13.0148    35.371597    19.2004
13.0124    35.371597    19.2004
13.009999    35.3708    19.2004
12.981199    35.3684    19.2004
12.9612    35.363598    19.2004
12.941199    35.3572    19.2004
12.9332    35.354    19.2004
12.9284    35.352398    19.2004
12.9084    35.341198    19.2004
12.8907995    35.3276    19.2004
12.8756    35.3148    19.2004
12.854    35.2916    19.2004
12.8484    35.2852    19.2004
12.846    35.281998    19.2004
12.831599    35.2604    19.2004
12.8308    35.2588    19.2004
12.83    35.2572    19.2004
12.8052    35.2068    19.2004
12.802799    35.200397    19.2004
12.7948    35.1716    19.2004
12.792399    35.166    19.2004
12.791599    35.1428    19.2004
12.7908    35.135597    19.2004
12.7964    35.1204    19.2004
12.802799    35.1092    19.2004
12.820399    35.0948    19.2004
12.8292    35.0876    19.2004
12.8476    35.082    19.2004
12.8508    35.079597    19.2004
12.878799    35.065998    19.2004
12.883599    35.062798    19.2004
12.906    35.0396    19.2004
12.9276    35.0156    19.2004
12.9396    35.003597    19.2004
12.9564    34.9932    19.2004
12.9612    34.989998    19.2004
12.9628    34.989998    19.2004
12.9852    34.9852    19.2004
12.999599    34.986    19.2004
13.0124    34.986797    19.2004
13.0148    34.9876    19.2004
