2.9996    27.3316    20.4004
2.9724    27.3244    20.4004
2.9427998    27.3172    20.4004
2.898    27.301199    20.4004
2.8748    27.2932    20.4004
2.8451998    27.2804    20.4004
2.7531998    27.2428    20.4004
2.7475998    27.240398    20.4004
2.6843998    27.2092    20.4004
2.6787999    27.2052    20.4004
2.654    27.1876    20.4004
2.6404    27.178    20.4004
2.6276    27.1668    20.4004
2.6123998    27.1516    20.4004
2.59    27.1308    20.4004
2.5795999    27.117199    20.4004
2.5684    27.098799    20.4004
2.5604    27.0844    20.4004
2.5532    27.07    20.4004
2.5476    27.0604    20.4004
2.5396    27.035599    20.4004
2.534    27.014    20.4004
2.5332    26.998798    20.4004
2.53    26.972399    20.4004
2.53    26.9588    20.4004
2.5332    26.8932    20.4004
2.534    26.886    20.4004
2.534    26.882    20.4004
2.534    26.8212    20.4004
2.5332    26.814    20.4004
2.5276    26.782799    20.4004
2.5196    26.754    20.4004
2.5188    26.7508    20.4004
2.5028    26.7156    20.4004
2.5019999    26.713999    20.4004
2.4524    26.6348    20.4004
2.4459999    26.6236    20.4004
2.4315999    26.598    20.4004
2.4252    26.5852    20.4004
2.4148    26.5572    20.4004
2.414    26.553999    20.4004
2.4132    26.5516    20.4004
2.4036    26.526    20.4004
2.398    26.501999    20.4004
2.398    26.4972    20.4004
2.3996    26.453999    20.4004
2.3996    26.449999    20.4004
2.4036    26.438799    20.4004
2.4124    26.4068    20.4004
2.4148    26.394    20.4004
2.4227998    26.379599    20.4004
2.4292    26.3636    20.4004
2.4396    26.3452    20.4004
2.4628    26.31    20.4004
2.4844    26.2796    20.4004
2.4931998    26.2652    20.4004
2.5028    26.2484    20.4004
2.5075998    26.2372    20.4004
2.5147998    26.222    20.4004
2.5188    26.2044    20.4004
2.5235999    26.1876    20.4004
2.5276    26.163599    20.4004
2.53    26.154    20.4004
2.53    26.146    20.4004
2.5284    26.13    20.4004
2.526    26.1012    20.4004
2.5147998    26.029999    20.4004
2.514    26.022    20.4004
2.5132    25.9884    20.4004
2.514    25.965199    20.4004
2.5156    25.9508    20.4004
2.5188    25.937199    20.4004
2.526    25.914799    20.4004
2.53    25.9052    20.4004
2.5388    25.8884    20.4004
2.5476    25.8772    20.4004
2.5572    25.862799    20.4004
2.57    25.847599    20.4004
2.5764    25.840399    20.4004
2.5804    25.834799    20.4004
2.5923998    25.823599    20.4004
2.61    25.806    20.4004
2.6852    25.753199    20.4004
2.6876    25.7508    20.4004
2.6884    25.7508    20.4004
2.6892    25.75    20.4004
2.7268    25.719599    20.4004
2.7388    25.7092    20.4004
2.758    25.691599    20.4004
2.7675998    25.6764    20.4004
2.7756    25.6652    20.4004
2.7868    25.6444    20.4004
2.7907999    25.6388    20.4004
2.7924    25.632399    20.4004
2.802    25.6076    20.4004
2.8035998    25.602    20.4004
2.8084    25.574799    20.4004
2.81    25.5252    20.4004
2.8123999    25.4932    20.4004
2.8172    25.472399    20.4004
2.8195999    25.462    20.4004
2.83    25.442    20.4004
2.8348    25.4348    20.4004
2.8555999    25.414    20.4004
2.8724    25.397999    20.4004
2.8811998    25.3892    20.4004
2.8899999    25.3836    20.4004
2.9276    25.362    20.4004
2.934    25.358799    20.4004
2.9675999    25.345999    20.4004
2.9796    25.3412    20.4004
3.0228    25.3324    20.4004
3.0451999    25.329199    20.4004
3.1036    25.3228    20.4004
3.1332    25.3212    20.4004
3.1539998    25.3212    20.4004
3.1588    25.3204    20.4004
3.1796    25.3212    20.4004
3.2187998    25.3228    20.4004
3.2275999    25.3244    20.4004
3.2707999    25.3308    20.4004
3.3084    25.3364    20.4004
3.3572    25.347599    20.4004
3.3683999    25.3492    20.4004
3.3899999    25.3548    20.4004
3.4108    25.3596    20.4004
3.4259999    25.364399    20.4004
3.4396    25.366    20.4004
3.4628    25.368399    20.4004
3.4659998    25.366    20.4004
3.4668    25.362    20.4004
3.4884    25.3548    20.4004
3.5163999    25.3324    20.4004
3.5275998    25.2972    20.4004
3.5275998    25.2876    20.4004
3.526    25.2764    20.4004
3.526    25.2556    20.4004
3.5268    25.2044    20.4004
3.5307999    25.0788    20.4004
3.534    24.99    20.4004
3.5356    24.965199    20.4004
3.5428    24.801199    20.4004
3.5435998    24.788399    20.4004
3.5579998    24.511599    20.4004
3.5707998    24.3308    20.4004
3.5732    24.286798    20.4004
3.5756    24.2452    20.4004
3.5851998    24.102798    20.4004
3.6076    23.8196    20.4004
3.61    23.7892    20.4004
3.6132    23.7452    20.4004
3.622    23.6372    20.4004
3.6427999    23.4156    20.4004
3.6555998    23.2724    20.4004
3.6787999    23.0388    20.4004
3.682    23.0084    20.4004
3.6852    22.979599    20.4004
3.7027998    22.8044    20.4004
3.718    22.67    20.4004
3.7284    22.578    20.4004
3.7364    22.4988    20.4004
3.7635999    22.2684    20.4004
3.7851999    22.085999    20.4004
3.79    22.0508    20.4004
3.794    22.017199    20.4004
3.83    21.743599    20.4004
3.8372    21.6924    20.4004
3.8764    21.409199    20.4004
3.8988    21.254    20.4004
3.9259999    21.0572    20.4004
3.9268    21.052399    20.4004
3.9268    21.0508    20.4004
3.958    20.847599    20.4004
3.9668    20.7964    20.4004
3.9875998    20.6596    20.4004
4.0148    20.496399    20.4004
4.0396    20.342    20.4004
4.0908    20.0452    20.4004
4.0964    20.0156    20.4004
4.118    19.8948    20.4004
4.1492    19.719599    20.4004
4.1684    19.6204    20.4004
4.2068    19.418    20.4004
4.2339997    19.2836    20.4004
4.2524    19.189999    20.4004
4.2771997    19.07    20.4004
4.3012    18.9596    20.4004
4.322    18.862799    20.4004
4.3332    18.816399    20.4004
4.358    18.7036    20.4004
4.362    18.6876    20.4004
4.3868    18.5836    20.4004
4.3884    18.5772    20.4004
4.4012    18.522    20.4004
4.4228    18.4292    20.4004
4.4252    18.418    20.4004
4.4291997    18.4028    20.4004
4.4684    18.2428    20.4004
4.4756    18.2124    20.4004
4.5211997    18.048399    20.4004
4.5228    18.041199    20.4004
4.5428    17.966799    20.4004
4.5508    17.937199    20.4004
4.5796    17.838    20.4004
4.5804    17.834799    20.4004
4.5811996    17.8324    20.4004
4.6236    17.6932    20.4004
4.6596    17.578    20.4004
4.6684    17.5492    20.4004
4.69    17.49    20.4004
4.7219996    17.397999    20.4004
4.7444    17.3364    20.4004
4.7564    17.305199    20.4004
4.7668    17.282    20.4004
4.7988    17.21    20.4004
4.8332    17.1316    20.4004
4.8396    17.1164    20.4004
4.8436    17.1076    20.4004
4.8828    17.0332    20.4004
4.9035997    17.0068    20.4004
4.914    16.9932    20.4004
4.9291997    16.97    20.4004
4.9556    16.931599    20.4004
4.9923997    16.894    20.4004
5.0035996    16.8828    20.4004
5.0164    16.882    20.4004
5.0411997    16.8708    20.4004
5.0548    16.866    20.4004
5.0636    16.8604    20.4004
5.0755997    16.8652    20.4004
5.1043997    16.886799    20.4004
5.1252    16.9012    20.4004
5.138    16.9116    20.4004
5.1604    16.9492    20.4004
5.1748    16.982    20.4004
5.178    16.990799    20.4004
5.2044    17.066    20.4004
5.2228    17.1428    20.4004
5.2356    17.2148    20.4004
5.25    17.3004    20.4004
5.2604    17.3828    20.4004
5.2651997    17.4236    20.4004
5.27    17.4588    20.4004
5.2764    17.5676    20.4004
5.2851996    17.6924    20.4004
5.2883997    17.7676    20.4004
5.2924    17.8844    20.4004
5.2948    17.9324    20.4004
5.2956    17.9788    20.4004
5.2964    18.059599    20.4004
5.2964    18.1484    20.4004
5.2964    18.2332    20.4004
5.2971997    18.3492    20.4004
5.2956    18.454    20.4004
5.2939997    18.5364    20.4004
5.2892    18.682    20.4004
5.2851996    18.8036    20.4004
5.2844    18.847599    20.4004
5.2788    18.9788    20.4004
5.2764    19.029999    20.4004
5.2764    19.0452    20.4004
5.2748    19.0828    20.4004
5.2707996    19.1588    20.4004
5.2644    19.2812    20.4004
5.2516    19.4868    20.4004
5.2468    19.569199    20.4004
5.242    19.6252    20.4004
5.2332    19.7636    20.4004
5.2172    19.958    20.4004
5.21    20.046    20.4004
5.2012    20.150799    20.4004
5.1948    20.243599    20.4004
5.186    20.338    20.4004
5.1763997    20.448399    20.4004
5.1587996    20.6316    20.4004
5.1492    20.7244    20.4004
5.1187997    21.0332    20.4004
5.0884    21.2924    20.4004
5.0884    21.2932    20.4004
5.0875998    21.2948    20.4004
5.0868    21.3028    20.4004
5.0587997    21.546    20.4004
5.0555997    21.5716    20.4004
5.0252    21.827599    20.4004
5.0067997    21.9644    20.4004
4.9811997    22.156399    20.4004
4.9708    22.234    20.4004
4.9628    22.2916    20.4004
4.9372    22.4716    20.4004
4.9235997    22.5604    20.4004
4.894    22.7724    20.4004
4.8708    22.9228    20.4004
4.8508    23.048399    20.4004
4.8276    23.202    20.4004
4.8068    23.33    20.4004
4.7956    23.396399    20.4004
4.7668    23.570799    20.4004
4.7195997    23.8372    20.4004
4.718    23.8436    20.4004
4.7172    23.8508    20.4004
4.7156    23.8596    20.4004
4.6724    24.098    20.4004
4.6668    24.122799    20.4004
4.6212    24.355598    20.4004
4.618    24.3724    20.4004
4.5699997    24.6252    20.4004
4.5668    24.639599    20.4004
4.5267997    24.8228    20.4004
4.5084    24.9084    20.4004
4.4772    25.0556    20.4004
4.4508    25.169199    20.4004
4.3964    25.4012    20.4004
4.3884    25.4236    20.4004
4.3812    25.4492    20.4004
4.378    25.466    20.4004
4.3788    25.4788    20.4004
4.3812    25.494    20.4004
4.382    25.5028    20.4004
4.398    25.5268    20.4004
4.4003997    25.533998    20.4004
4.4188    25.5516    20.4004
4.4244    25.5612    20.4004
4.4388    25.5724    20.4004
4.4588    25.5852    20.4004
4.466    25.5892    20.4004
4.506    25.622799    20.4004
4.5243998    25.6428    20.4004
4.5443997    25.665998    20.4004
4.562    25.6908    20.4004
4.5787997    25.7164    20.4004
4.5948    25.7412    20.4004
4.5972    25.746    20.4004
4.5987997    25.75    20.4004
4.6131997    25.786    20.4004
4.63    25.8412    20.4004
4.6316    25.8484    20.4004
4.6331997    25.862799    20.4004
4.634    25.882    20.4004
4.6331997    25.8956    20.4004
4.6316    25.913198    20.4004
4.6308    25.9172    20.4004
4.6292    25.9252    20.4004
4.6187997    25.9644    20.4004
4.606    26.0044    20.4004
4.5828    26.050798    20.4004
4.5787997    26.062    20.4004
4.5716    26.080399    20.4004
4.5708    26.085999    20.4004
4.5692    26.1108    20.4004
4.5692    26.1164    20.4004
4.5748    26.137999    20.4004
4.5892    26.1588    20.4004
4.5948    26.163599    20.4004
4.618    26.1852    20.4004
4.6348    26.1964    20.4004
4.7044    26.236399    20.4004
4.7148    26.243599    20.4004
4.7524    26.2668    20.4004
4.7627997    26.274    20.4004
4.8052    26.305199    20.4004
4.8364    26.3364    20.4004
4.8468    26.347599    20.4004
4.8652    26.368399    20.4004
4.8747997    26.3788    20.4004
4.8859997    26.392399    20.4004
4.8996    26.413198    20.4004
4.9012    26.416399    20.4004
4.91    26.4292    20.4004
4.9284    26.458    20.4004
4.9412    26.4828    20.4004
4.9604    26.524399    20.4004
4.9691997    26.546799    20.4004
4.986    26.598799    20.4004
4.986    26.5996    20.4004
4.9932    26.6388    20.4004
4.9979997    26.6684    20.4004
4.9996    26.6836    20.4004
5.0004    26.726    20.4004
5.0004    26.7332    20.4004
5.0004    26.786798    20.4004
5.0004    26.7908    20.4004
4.9955997    26.8316    20.4004
4.9932    26.849998    20.4004
4.9932    26.8508    20.4004
4.9932    26.8524    20.4004
4.9811997    26.913198    20.4004
4.9804    26.916399    20.4004
4.966    26.973999    20.4004
4.9556    27.0068    20.4004
4.9467998    27.0324    20.4004
4.9323997    27.070799    20.4004
4.922    27.0956    20.4004
4.9147997    27.1108    20.4004
4.91    27.1204    20.4004
4.8947997    27.1484    20.4004
4.8859997    27.1612    20.4004
4.8676    27.194    20.4004
4.8644    27.206799    20.4004
4.8564    27.226    20.4004
4.8483996    27.254    20.4004
4.8459997    27.2628    20.4004
4.8427997    27.269999    20.4004
4.8268    27.3084    20.4004
4.8244    27.3132    20.4004
4.8124    27.334799    20.4004
4.81    27.338    20.4004
4.79    27.366    20.4004
4.7668    27.392399    20.4004
4.7636    27.3972    20.4004
4.7228    27.442799    20.4004
4.6724    27.49    20.4004
4.6651998    27.496399    20.4004
4.6028    27.5492    20.4004
4.5692    27.574    20.4004
4.5652    27.5772    20.4004
4.5604    27.5812    20.4004
4.5452    27.591599    20.4004
4.5196    27.6092    20.4004
4.502    27.6188    20.4004
4.4828    27.63    20.4004
4.4764    27.633999    20.4004
4.4579997    27.6444    20.4004
4.446    27.65    20.4004
4.4316    27.656399    20.4004
4.4035997    27.6668    20.4004
4.4028    27.6668    20.4004
4.3788    27.677198    20.4004
4.3747997    27.678    20.4004
4.3492    27.6836    20.4004
4.3356    27.685999    20.4004
4.322    27.688398    20.4004
4.3203998    27.6892    20.4004
4.3068    27.6908    20.4004
4.2939997    27.6924    20.4004
4.2883997    27.6932    20.4004
4.2651997    27.6948    20.4004
4.2548    27.694    20.4004
4.2364    27.6932    20.4004
4.2139997    27.689999    20.4004
4.2084    27.688398    20.4004
4.206    27.6876    20.4004
4.198    27.6852    20.4004
4.1828    27.680399    20.4004
4.1684    27.674799    20.4004
4.1556    27.67    20.4004
4.1516    27.667599    20.4004
4.1275997    27.654799    20.4004
4.1228    27.650799    20.4004
4.0996    27.6348    20.4004
4.0772    27.615599    20.4004
4.0731997    27.6132    20.4004
4.0476    27.593199    20.4004
4.0428    27.587599    20.4004
4.0332    27.5836    20.4004
4.0204    27.580399    20.4004
3.9852    27.5732    20.4004
3.9587998    27.565199    20.4004
3.9227998    27.55    20.4004
3.898    27.5388    20.4004
3.8555999    27.514    20.4004
3.8195999    27.493198    20.4004
3.7996    27.4804    20.4004
3.7803998    27.4676    20.4004
3.77    27.462    20.4004
3.7419999    27.4452    20.4004
3.7324    27.4412    20.4004
3.7108    27.4268    20.4004
3.7052    27.4236    20.4004
3.6987998    27.4212    20.4004
3.6596    27.3996    20.4004
3.6532    27.3948    20.4004
3.6452    27.3916    20.4004
3.6028    27.3772    20.4004
3.5939999    27.372398    20.4004
3.5844    27.3692    20.4004
3.5756    27.366798    20.4004
3.5667999    27.3636    20.4004
3.526    27.358799    20.4004
3.5036    27.3548    20.4004
3.494    27.354    20.4004
3.4499998    27.3524    20.4004
3.4412    27.351599    20.4004
3.4139998    27.353199    20.4004
3.4004    27.3524    20.4004
3.3827999    27.354    20.4004
3.366    27.355598    20.4004
3.3539999    27.355598    20.4004
3.3348    27.357199    20.4004
3.3132    27.3564    20.4004
3.3051999    27.357199    20.4004
3.2988    27.357199    20.4004
3.2475998    27.3596    20.4004
3.2212    27.3596    20.4004
3.2059999    27.358799    20.4004
3.2012    27.358    20.4004
3.174    27.3564    20.4004
3.1564    27.355598    20.4004
3.1123998    27.349998    20.4004
3.086    27.347599    20.4004
3.066    27.344398    20.4004
3.0275998    27.338    20.4004
3.018    27.3364    20.4004
2.9996    27.3316    20.4004
