11.941999    29.0156    20.1004
11.9332    28.966    20.1004
11.9307995    28.9532    20.1004
11.9307995    28.948399    20.1004
11.9251995    28.8884    20.1004
11.9251995    28.8828    20.1004
11.922    28.844398    20.1004
11.922    28.793999    20.1004
11.922    28.7892    20.1004
11.9228    28.782    20.1004
11.926    28.7396    20.1004
11.9316    28.6908    20.1004
11.9332    28.673199    20.1004
11.946799    28.593199    20.1004
11.9492    28.581999    20.1004
11.9516    28.5732    20.1004
11.964399    28.5212    20.1004
11.970799    28.500399    20.1004
11.9916    28.4324    20.1004
11.9939995    28.424398    20.1004
12.0252    28.3428    20.1004
12.026    28.340399    20.1004
12.0324    28.327599    20.1004
12.054    28.282799    20.1004
12.058    28.2748    20.1004
12.0708    28.25    20.1004
12.0924    28.208399    20.1004
12.0988    28.198    20.1004
12.13    28.1484    20.1004
12.1396    28.1356    20.1004
12.160399    28.1012    20.1004
12.1668    28.091599    20.1004
12.194799    28.053999    20.1004
12.2308    28.01    20.1004
12.2316    28.0084    20.1004
12.2332    28.0068    20.1004
12.273999    27.9644    20.1004
12.2755995    27.9636    20.1004
12.3236    27.916399    20.1004
12.365999    27.8772    20.1004
12.377999    27.866798    20.1004
12.4428    27.816399    20.1004
12.4436    27.8156    20.1004
12.4956    27.784399    20.1004
12.5244    27.7668    20.1004
12.5412    27.7572    20.1004
12.5756    27.740398    20.1004
12.622    27.7172    20.1004
12.6435995    27.7076    20.1004
12.7148    27.678    20.1004
12.75    27.6652    20.1004
12.7884    27.65    20.1004
12.809999    27.6428    20.1004
12.8588    27.628399    20.1004
12.8708    27.625198    20.1004
12.9348    27.6092    20.1004
12.9612    27.6036    20.1004
13.009999    27.5956    20.1004
13.0227995    27.593199    20.1004
13.0404    27.59    20.1004
13.0644    27.5852    20.1004
13.073199    27.5836    20.1004
13.0924    27.57    20.1004
13.102799    27.5612    20.1004
13.102799    27.546799    20.1004
13.101999    27.5348    20.1004
13.1004    27.518    20.1004
13.0996    27.5044    20.1004
13.1012    27.4956    20.1004
13.1052    27.479599    20.1004
13.108399    27.472399    20.1004
13.119599    27.4604    20.1004
13.1244    27.458    20.1004
13.1284    27.4548    20.1004
13.134    27.4516    20.1004
13.1564    27.442    20.1004
13.2028    27.4212    20.1004
13.2268    27.410799    20.1004
13.2708    27.390799    20.1004
13.29    27.3844    20.1004
13.2996    27.382    20.1004
13.3124    27.379599    20.1004
13.325999    27.378    20.1004
13.3684    27.373999    20.1004
13.394799    27.373999    20.1004
13.418799    27.3732    20.1004
13.4539995    27.3748    20.1004
13.4604    27.3748    20.1004
13.465199    27.3748    20.1004
13.481999    27.3772    20.1004
13.510799    27.3828    20.1004
13.5412    27.392399    20.1004
13.5468    27.394    20.1004
13.5892    27.418    20.1004
13.5956    27.421999    20.1004
13.602799    27.4252    20.1004
13.625199    27.4364    20.1004
13.6508    27.4396    20.1004
13.6572    27.4404    20.1004
13.6644    27.438799    20.1004
13.6868    27.4364    20.1004
13.6924    27.434    20.1004
13.717199    27.424398    20.1004
13.7188    27.424398    20.1004
13.7204    27.4236    20.1004
13.7444    27.41    20.1004
13.7596    27.403599    20.1004
13.7699995    27.4004    20.1004
13.7828    27.3988    20.1004
13.792399    27.397999    20.1004
13.831599    27.3956    20.1004
13.837999    27.3956    20.1004
13.8468    27.3956    20.1004
13.8756    27.396399    20.1004
13.895599    27.3972    20.1004
13.934799    27.4004    20.1004
13.974    27.403599    20.1004
13.9772    27.4044    20.1004
14.0227995    27.4116    20.1004
14.050799    27.414799    20.1004
14.068399    27.4172    20.1004
14.0803995    27.420399    20.1004
14.1276    27.435598    20.1004
14.153999    27.4476    20.1004
14.160399    27.449999    20.1004
14.162    27.4516    20.1004
14.2044    27.483599    20.1004
14.226    27.5052    20.1004
14.233999    27.513199    20.1004
14.245999    27.5268    20.1004
14.2836    27.5724    20.1004
14.2964    27.5884    20.1004
14.3228    27.621199    20.1004
14.325999    27.626    20.1004
14.3292    27.6292    20.1004
14.354    27.654799    20.1004
14.366799    27.6668    20.1004
14.4036    27.706    20.1004
14.4084    27.7108    20.1004
14.4092    27.712399    20.1004
14.4148    27.719599    20.1004
14.4572    27.7692    20.1004
14.4716    27.782    20.1004
14.4892    27.7988    20.1004
14.516399    27.812399    20.1004
14.5188    27.8132    20.1004
14.5204    27.814    20.1004
14.542    27.817999    20.1004
14.5571995    27.8204    20.1004
14.5716    27.8212    20.1004
14.608399    27.8212    20.1004
14.6092    27.8212    20.1004
14.630799    27.8212    20.1004
14.654799    27.8244    20.1004
14.662    27.8252    20.1004
14.6796    27.8284    20.1004
14.6852    27.83    20.1004
14.687599    27.8324    20.1004
14.693199    27.8364    20.1004
14.711599    27.8492    20.1004
14.7355995    27.877998    20.1004
14.7364    27.8788    20.1004
14.7364    27.879599    20.1004
14.7676    27.946    20.1004
14.7788    27.973999    20.1004
14.782    27.9812    20.1004
14.792399    28.0068    20.1004
14.7932    28.014    20.1004
14.7956    28.028399    20.1004
14.7956    28.046    20.1004
14.7987995    28.0612    20.1004
14.792399    28.080399    20.1004
14.791599    28.087599    20.1004
14.779599    28.1012    20.1004
14.7732    28.1132    20.1004
14.7436    28.1468    20.1004
14.7324    28.1596    20.1004
14.728399    28.1644    20.1004
14.670799    28.2388    20.1004
14.6628    28.249199    20.1004
14.6572    28.253199    20.1004
14.653199    28.258799    20.1004
14.638    28.284399    20.1004
14.631599    28.295599    20.1004
14.6276    28.3172    20.1004
14.634    28.334799    20.1004
14.631599    28.3468    20.1004
14.636399    28.3652    20.1004
14.6435995    28.381199    20.1004
14.6524    28.4012    20.1004
14.6572    28.414    20.1004
14.671599    28.4492    20.1004
14.677199    28.4644    20.1004
14.694799    28.5204    20.1004
14.698    28.529999    20.1004
14.7036    28.5532    20.1004
14.717999    28.605999    20.1004
14.722799    28.6292    20.1004
14.7332    28.680399    20.1004
14.7364    28.698    20.1004
14.7411995    28.7372    20.1004
14.7436    28.7596    20.1004
14.7476    28.806    20.1004
14.75    28.833199    20.1004
14.750799    28.8396    20.1004
14.751599    28.8708    20.1004
14.7532    28.913198    20.1004
14.7532    28.924398    20.1004
14.750799    28.9732    20.1004
14.7484    29.0212    20.1004
14.746799    29.042799    20.1004
14.739599    29.1012    20.1004
14.7388    29.1076    20.1004
14.738    29.1132    20.1004
14.733999    29.136398    20.1004
14.723599    29.197199    20.1004
14.7188    29.2172    20.1004
14.7132    29.2388    20.1004
14.7028    29.278    20.1004
14.693199    29.3084    20.1004
14.686    29.3316    20.1004
14.6812    29.3468    20.1004
14.671599    29.377998    20.1004
14.659599    29.41    20.1004
14.654799    29.4252    20.1004
14.6491995    29.437199    20.1004
14.6444    29.4476    20.1004
14.622    29.498    20.1004
14.6116    29.5204    20.1004
14.5988    29.545198    20.1004
14.5884    29.5668    20.1004
14.568399    29.605999    20.1004
14.5636    29.615599    20.1004
14.561199    29.6188    20.1004
14.5476    29.6404    20.1004
14.5308    29.665998    20.1004
14.5236    29.6764    20.1004
14.493199    29.7204    20.1004
14.452399    29.7732    20.1004
14.4516    29.774    20.1004
14.45    29.7764    20.1004
14.4044    29.829199    20.1004
14.3564    29.877998    20.1004
14.3564    29.8788    20.1004
14.355599    29.8788    20.1004
14.354799    29.879599    20.1004
14.3196    29.913198    20.1004
14.2996    29.9308    20.1004
14.29    29.9396    20.1004
14.2764    29.9548    20.1004
14.2652    29.961199    20.1004
14.251599    29.9748    20.1004
14.240399    29.9916    20.1004
14.2372    30.0036    20.1004
14.222799    30.0204    20.1004
14.2244    30.0332    20.1004
14.221999    30.052399    20.1004
14.2204    30.069199    20.1004
14.2212    30.0868    20.1004
14.221999    30.0924    20.1004
14.2244    30.1356    20.1004
14.2252    30.157999    20.1004
14.2252    30.161999    20.1004
14.2252    30.173199    20.1004
14.223599    30.1876    20.1004
14.2196    30.199598    20.1004
14.217999    30.212399    20.1004
14.2123995    30.2244    20.1004
14.2076    30.241999    20.1004
14.1972    30.258    20.1004
14.19    30.2652    20.1004
14.171599    30.282799    20.1004
14.1572    30.2932    20.1004
14.1228    30.316399    20.1004
14.0748    30.340399    20.1004
14.055599    30.349998    20.1004
14.010799    30.3716    20.1004
13.997999    30.377998    20.1004
13.9724    30.3884    20.1004
13.9539995    30.396399    20.1004
13.9428    30.4004    20.1004
13.9148    30.41    20.1004
13.901999    30.413198    20.1004
13.889999    30.4172    20.1004
13.8619995    30.425999    20.1004
13.8276    30.4324    20.1004
13.822    30.434    20.1004
13.8188    30.434    20.1004
13.746799    30.4404    20.1004
13.7388    30.4404    20.1004
13.728399    30.441198    20.1004
13.710799    30.442799    20.1004
13.6852    30.446798    20.1004
13.653999    30.455599    20.1004
13.6435995    30.459599    20.1004
13.631599    30.4644    20.1004
13.5812    30.4884    20.1004
13.5716    30.4924    20.1004
13.5596    30.4956    20.1004
13.542    30.500399    20.1004
13.53    30.4996    20.1004
13.514    30.500399    20.1004
13.4908    30.493198    20.1004
13.4828    30.490799    20.1004
13.4788    30.49    20.1004
13.475599    30.4884    20.1004
13.4444    30.4732    20.1004
13.422    30.459599    20.1004
13.4084    30.4532    20.1004
13.4028    30.4492    20.1004
13.372399    30.4324    20.1004
13.366799    30.4292    20.1004
13.33    30.418798    20.1004
13.3244    30.418    20.1004
13.3052    30.418    20.1004
13.2908    30.4172    20.1004
13.2788    30.4172    20.1004
13.222    30.418798    20.1004
13.2156    30.418798    20.1004
13.189199    30.416399    20.1004
13.165199    30.4116    20.1004
13.1468    30.407598    20.1004
13.136399    30.403599    20.1004
13.096399    30.3884    20.1004
13.0772    30.379599    20.1004
13.0204    30.3524    20.1004
13.004399    30.3436    20.1004
12.993199    30.3372    20.1004
12.963599    30.3212    20.1004
12.9548    30.314798    20.1004
12.9324    30.2988    20.1004
12.924399    30.2804    20.1004
12.922    30.275599    20.1004
12.9276    30.257198    20.1004
12.9307995    30.2484    20.1004
12.935599    30.2396    20.1004
12.946    30.2204    20.1004
12.9508    30.2092    20.1004
12.953199    30.2044    20.1004
12.9572    30.197199    20.1004
12.9628    30.1876    20.1004
12.99    30.133999    20.1004
12.9939995    30.126799    20.1004
13.0004    30.108398    20.1004
12.993199    30.0884    20.1004
12.993199    30.073198    20.1004
12.9844    30.0628    20.1004
12.9716    30.053999    20.1004
12.9572    30.046799    20.1004
12.941999    30.041199    20.1004
12.926    30.0348    20.1004
12.8972    30.022799    20.1004
12.849999    30.0012    20.1004
12.797999    29.9756    20.1004
12.7652    29.958    20.1004
12.7492    29.949999    20.1004
12.699599    29.9212    20.1004
12.6516    29.8916    20.1004
12.6324    29.879599    20.1004
12.622    29.8732    20.1004
12.5364    29.814798    20.1004
12.5348    29.814    20.1004
12.4628    29.758799    20.1004
12.452399    29.75    20.1004
12.4388    29.7388    20.1004
12.373199    29.6836    20.1004
12.338799    29.6532    20.1004
12.3068    29.6244    20.1004
12.2932    29.6108    20.1004
12.2564    29.5716    20.1004
12.2316    29.5444    20.1004
12.1668    29.47    20.1004
12.162    29.4636    20.1004
12.160399    29.461199    20.1004
12.153999    29.4532    20.1004
12.1068    29.3884    20.1004
12.0812    29.3508    20.1004
12.0612    29.320398    20.1004
12.0492    29.2972    20.1004
12.033999    29.2676    20.1004
12.021199    29.2428    20.1004
11.9972    29.188398    20.1004
11.9956    29.185999    20.1004
11.9724    29.130798    20.1004
11.9724    29.1292    20.1004
11.9716    29.126799    20.1004
11.957999    29.0772    20.1004
11.9484    29.041199    20.1004
11.9452    29.0292    20.1004
11.941999    29.0156    20.1004
