15.838799    28.622799    7.8004
15.901999    28.5348    7.8004
15.9268    28.500399    7.8004
15.935599    28.4884    7.8004
15.9428    28.4748    7.8004
15.9539995    28.455599    7.8004
15.9548    28.4524    7.8004
15.9572    28.4436    7.8004
15.965199    28.425999    7.8004
15.965199    28.413198    7.8004
15.9508    28.3956    7.8004
15.95    28.392399    7.8004
15.918799    28.386799    7.8004
15.895599    28.3844    7.8004
15.8396    28.3884    7.8004
15.8396    28.3892    7.8004
15.838799    28.3884    7.8004
15.8244    28.3932    7.8004
15.797199    28.396399    7.8004
15.734799    28.4116    7.8004
15.7156    28.4156    7.8004
15.662    28.4292    7.8004
15.5484    28.459599    7.8004
15.5204    28.4676    7.8004
15.506    28.4716    7.8004
15.462    28.483599    7.8004
15.3476    28.5084    7.8004
15.342799    28.5092    7.8004
15.3412    28.5092    7.8004
15.2996    28.518    7.8004
15.2332    28.531599    7.8004
15.21    28.535599    7.8004
15.171599    28.541199    7.8004
15.134    28.546799    7.8004
15.120399    28.548399    7.8004
15.0948    28.55    7.8004
15.0644    28.553999    7.8004
15.004399    28.5532    7.8004
15.0004    28.5532    7.8004
14.9964    28.552399    7.8004
14.9684    28.5516    7.8004
14.9204    28.5444    7.8004
14.9084    28.542799    7.8004
14.901999    28.541199    7.8004
14.873199    28.5348    7.8004
14.820399    28.524399    7.8004
14.8004    28.518799    7.8004
14.7596    28.4996    7.8004
14.756399    28.4972    7.8004
14.7268    28.470798    7.8004
14.710799    28.4436    7.8004
14.7067995    28.4324    7.8004
14.7036    28.4172    7.8004
14.699599    28.3956    7.8004
14.6988    28.386    7.8004
14.7028    28.3676    7.8004
14.7067995    28.340399    7.8004
14.717999    28.314798    7.8004
14.726    28.292398    7.8004
14.7316    28.281199    7.8004
14.751599    28.251598    7.8004
14.7644    28.234798    7.8004
14.7844    28.2172    7.8004
14.794    28.206    7.8004
14.813999    28.1924    7.8004
14.8276    28.1796    7.8004
14.842799    28.17    7.8004
14.8675995    28.1516    7.8004
14.9084    28.122799    7.8004
14.9172    28.117199    7.8004
14.9212    28.1148    7.8004
14.9732    28.0788    7.8004
14.9828    28.0732    7.8004
15.0092    28.056398    7.8004
15.0404    28.037199    7.8004
15.07    28.0196    7.8004
15.0996    28.001999    7.8004
15.124399    27.986    7.8004
15.15    27.9684    7.8004
15.1748    27.9564    7.8004
15.1779995    27.953999    7.8004
15.183599    27.9508    7.8004
15.210799    27.9292    7.8004
15.214    27.9172    7.8004
15.228399    27.9052    7.8004
15.234799    27.8988    7.8004
15.2411995    27.877998    7.8004
15.2372    27.866798    7.8004
15.1956    27.855598    7.8004
15.1723995    27.849998    7.8004
15.134    27.844398    7.8004
15.0884    27.8396    7.8004
15.0348    27.834    7.8004
14.957999    27.8228    7.8004
14.9332    27.8188    7.8004
14.894799    27.809198    7.8004
14.8636    27.802    7.8004
14.8244    27.7876    7.8004
14.806    27.7764    7.8004
14.791599    27.7524    7.8004
14.785199    27.726799    7.8004
14.7844    27.7044    7.8004
14.785999    27.684399    7.8004
14.786799    27.667599    7.8004
14.792399    27.649199    7.8004
14.8052    27.6092    7.8004
14.837199    27.522    7.8004
14.8412    27.511599    7.8004
14.8476    27.498798    7.8004
14.906799    27.39    7.8004
14.926    27.3548    7.8004
14.9508    27.3116    7.8004
14.9724    27.2796    7.8004
14.9908    27.249199    7.8004
15.033999    27.1876    7.8004
15.0356    27.185999    7.8004
15.0372    27.184399    7.8004
15.0803995    27.133999    7.8004
15.0924    27.118    7.8004
15.1164    27.0924    7.8004
15.134    27.078    7.8004
15.147599    27.0644    7.8004
15.148399    27.063599    7.8004
15.1868    27.0308    7.8004
15.1956    27.026    7.8004
15.227599    27.0036    7.8004
15.240399    26.9956    7.8004
15.2668    26.9788    7.8004
15.281199    26.9716    7.8004
15.308399    26.9564    7.8004
15.353999    26.938    7.8004
15.394799    26.920399    7.8004
15.4092    26.9156    7.8004
15.4796    26.89    7.8004
15.5028    26.8828    7.8004
15.533999    26.8748    7.8004
15.5764    26.862799    7.8004
15.6212    26.8524    7.8004
15.6676    26.842    7.8004
15.7492    26.8244    7.8004
15.7668    26.8212    7.8004
15.778    26.8188    7.8004
15.882    26.801199    7.8004
15.907599    26.795599    7.8004
16.0036    26.778    7.8004
16.070799    26.764399    7.8004
16.0956    26.7596    7.8004
16.138    26.75    7.8004
16.1468    26.7484    7.8004
16.184399    26.740398    7.8004
16.2156    26.734    7.8004
16.2676    26.7228    7.8004
16.3156    26.71    7.8004
16.3308    26.706799    7.8004
16.3564    26.6988    7.8004
16.437199    26.677198    7.8004
16.472399    26.665998    7.8004
16.574    26.639599    7.8004
16.617199    26.6276    7.8004
16.7484    26.5924    7.8004
16.788399    26.5812    7.8004
16.9364    26.542    7.8004
16.977999    26.529999    7.8004
17.0772    26.5068    7.8004
17.1124    26.498    7.8004
17.1924    26.479599    7.8004
17.225199    26.4716    7.8004
17.3604    26.4452    7.8004
17.4308    26.4292    7.8004
17.449999    26.4252    7.8004
17.529999    26.4068    7.8004
17.563599    26.4004    7.8004
17.63    26.3876    7.8004
17.6716    26.3788    7.8004
17.7164    26.3716    7.8004
17.7236    26.3708    7.8004
17.7572    26.3652    7.8004
17.7724    26.362799    7.8004
17.814    26.3548    7.8004
17.8388    26.3524    7.8004
17.8988    26.340399    7.8004
17.918    26.3364    7.8004
17.955599    26.327599    7.8004
17.9716    26.3252    7.8004
17.994799    26.3188    7.8004
18.0284    26.3092    7.8004
18.057999    26.301199    7.8004
18.0972    26.2908    7.8004
18.1412    26.277199    7.8004
18.2652    26.2388    7.8004
18.406    26.1948    7.8004
18.4996    26.167599    7.8004
18.5036    26.1668    7.8004
18.5124    26.1644    7.8004
18.518    26.1628    7.8004
18.5268    26.160398    7.8004
18.6188    26.1356    7.8004
18.6772    26.1236    7.8004
18.7148    26.113998    7.8004
18.7572    26.1076    7.8004
18.786    26.102798    7.8004
18.8188    26.100399    7.8004
18.838    26.098    7.8004
18.862    26.100399    7.8004
18.8828    26.1012    7.8004
18.9132    26.102798    7.8004
18.9292    26.104399    7.8004
18.954    26.1092    7.8004
19.0084    26.122799    7.8004
19.062    26.139599    7.8004
19.114    26.1572    7.8004
19.150799    26.1708    7.8004
19.202    26.1924    7.8004
19.2284    26.206799    7.8004
19.2868    26.2444    7.8004
19.289999    26.2468    7.8004
19.2948    26.25    7.8004
19.390799    26.326    7.8004
19.4076    26.3396    7.8004
19.418    26.349998    7.8004
19.4476    26.381199    7.8004
19.4748    26.410799    7.8004
19.483599    26.4236    7.8004
19.501999    26.4588    7.8004
19.5156    26.494    7.8004
19.5228    26.5124    7.8004
19.535599    26.5572    7.8004
19.5364    26.5588    7.8004
19.5364    26.559599    7.8004
19.5332    26.6076    7.8004
19.5324    26.6388    7.8004
19.531599    26.6572    7.8004
19.529999    26.6852    7.8004
19.5236    26.702    7.8004
19.501999    26.75    7.8004
19.4972    26.760399    7.8004
19.472399    26.8004    7.8004
19.462    26.8172    7.8004
19.448399    26.8396    7.8004
19.4228    26.875599    7.8004
19.4124    26.8884    7.8004
19.402    26.901999    7.8004
19.3876    26.9172    7.8004
19.3716    26.929998    7.8004
19.3548    26.942    7.8004
19.323599    26.966799    7.8004
19.3116    26.976398    7.8004
19.2748    26.998    7.8004
19.2724    26.9996    7.8004
19.271599    26.9996    7.8004
19.2156    27.033998    7.8004
19.1476    27.0716    7.8004
19.122799    27.087599    7.8004
19.0828    27.1076    7.8004
19.0236    27.1412    7.8004
19.01    27.1484    7.8004
18.9924    27.156399    7.8004
18.938    27.1852    7.8004
18.9348    27.1868    7.8004
18.9308    27.1892    7.8004
18.910799    27.202799    7.8004
18.8732    27.2228    7.8004
18.834    27.241999    7.8004
18.8228    27.249199    7.8004
18.8148    27.254799    7.8004
18.8028    27.2628    7.8004
18.7852    27.275599    7.8004
18.7652    27.2964    7.8004
18.7516    27.306    7.8004
18.7524    27.3252    7.8004
18.7596    27.3372    7.8004
18.801199    27.3596    7.8004
18.8244    27.366798    7.8004
18.8412    27.3716    7.8004
18.966799    27.403599    7.8004
19.0012    27.413198    7.8004
19.037199    27.4196    7.8004
19.0644    27.4236    7.8004
19.0868    27.4252    7.8004
19.197199    27.4348    7.8004
19.232399    27.4364    7.8004
19.262    27.437199    7.8004
19.306    27.4412    7.8004
19.338    27.4436    7.8004
19.3748    27.4604    7.8004
19.3764    27.462    7.8004
19.3772    27.462    7.8004
19.406    27.4916    7.8004
19.4156    27.5028    7.8004
19.4364    27.5236    7.8004
19.4564    27.5532    7.8004
19.461199    27.559599    7.8004
19.4676    27.5772    7.8004
19.4764    27.6012    7.8004
19.4876    27.633999    7.8004
19.4884    27.6444    7.8004
19.4916    27.6652    7.8004
19.494    27.7092    7.8004
19.494799    27.7156    7.8004
19.4932    27.7228    7.8004
19.4916    27.7316    7.8004
19.483599    27.7748    7.8004
19.4804    27.7916    7.8004
19.4644    27.838799    7.8004
19.4604    27.847599    7.8004
19.4564    27.8548    7.8004
19.414799    27.920399    7.8004
19.4068    27.931599    7.8004
19.3956    27.9452    7.8004
19.358799    27.987598    7.8004
19.3252    28.022799    7.8004
19.3244    28.024399    7.8004
19.3228    28.0252    7.8004
19.3132    28.035599    7.8004
19.2236    28.132399    7.8004
19.167599    28.193998    7.8004
19.161999    28.2004    7.8004
19.1612    28.2004    7.8004
19.1612    28.201199    7.8004
19.1604    28.2036    7.8004
19.1444    28.2284    7.8004
19.1492    28.243599    7.8004
19.1708    28.2452    7.8004
19.1876    28.2564    7.8004
19.1932    28.2596    7.8004
19.2148    28.2596    7.8004
19.2204    28.260399    7.8004
19.295599    28.262    7.8004
19.2964    28.2628    7.8004
19.2972    28.2628    7.8004
19.406    28.2596    7.8004
19.4156    28.258799    7.8004
19.4532    28.2564    7.8004
19.4956    28.2556    7.8004
19.5388    28.257198    7.8004
19.5588    28.258    7.8004
19.5788    28.2628    7.8004
19.6068    28.269999    7.8004
19.6308    28.277199    7.8004
19.637999    28.282    7.8004
19.674    28.3084    7.8004
19.678    28.312399    7.8004
19.6996    28.351599    7.8004
19.7004    28.354    7.8004
19.71    28.377998    7.8004
19.71    28.3956    7.8004
19.71    28.414    7.8004
19.698    28.449999    7.8004
19.6964    28.4564    7.8004
19.6836    28.487598    7.8004
19.6708    28.5092    7.8004
19.650799    28.537199    7.8004
19.609999    28.591599    7.8004
19.5884    28.6188    7.8004
19.5716    28.637999    7.8004
19.566    28.6428    7.8004
19.5092    28.7036    7.8004
19.4988    28.7156    7.8004
19.438799    28.7764    7.8004
19.4228    28.792398    7.8004
19.3972    28.817999    7.8004
19.3668    28.8492    7.8004
19.3524    28.866    7.8004
19.3412    28.881199    7.8004
19.340399    28.886    7.8004
19.321999    28.979599    7.8004
19.321999    28.9804    7.8004
19.3212    28.9812    7.8004
19.306    29.0156    7.8004
19.278    29.056398    7.8004
19.2508    29.093199    7.8004
19.2292    29.118    7.8004
19.201199    29.1476    7.8004
19.157999    29.1932    7.8004
19.1204    29.23    7.8004
19.0724    29.275599    7.8004
19.037199    29.305199    7.8004
18.9684    29.362799    7.8004
18.938    29.386799    7.8004
18.9292    29.394    7.8004
18.8844    29.427599    7.8004
18.8196    29.473999    7.8004
18.7964    29.490799    7.8004
18.7348    29.529999    7.8004
18.6884    29.559599    7.8004
18.6188    29.6036    7.8004
18.574    29.6292    7.8004
18.531599    29.654    7.8004
18.4308    29.71    7.8004
18.41    29.721199    7.8004
18.289999    29.7796    7.8004
18.246    29.8004    7.8004
18.2092    29.8172    7.8004
18.0748    29.8692    7.8004
18.029999    29.885199    7.8004
17.9436    29.916399    7.8004
17.9228    29.921999    7.8004
17.8324    29.9452    7.8004
17.7836    29.958    7.8004
17.722    29.9732    7.8004
17.63    29.9884    7.8004
17.594    29.994    7.8004
17.541199    30.0036    7.8004
17.5156    30.007599    7.8004
17.505999    30.007599    7.8004
17.4012    30.018    7.8004
17.3716    30.0148    7.8004
17.3692    30.0148    7.8004
17.364399    30.015598    7.8004
17.3436    30.0164    7.8004
17.338    30.022799    7.8004
17.3316    30.033998    7.8004
17.3332    30.05    7.8004
17.33    30.0644    7.8004
17.3308    30.074799    7.8004
17.342    30.0924    7.8004
17.35    30.0996    7.8004
17.3436    30.1076    7.8004
17.3468    30.125198    7.8004
17.3436    30.1372    7.8004
17.342    30.1516    7.8004
17.345999    30.1572    7.8004
17.3508    30.17    7.8004
17.3772    30.222    7.8004
17.3772    30.2228    7.8004
17.378    30.2244    7.8004
17.3988    30.245998    7.8004
17.43    30.297998    7.8004
17.4308    30.299599    7.8004
17.431599    30.3004    7.8004
17.431599    30.302    7.8004
17.4284    30.347599    7.8004
17.4236    30.3764    7.8004
17.418    30.4012    7.8004
17.4156    30.410799    7.8004
17.397999    30.4564    7.8004
17.392399    30.4676    7.8004
17.3916    30.472399    7.8004
17.3884    30.4804    7.8004
17.381199    30.4956    7.8004
17.369999    30.518799    7.8004
17.3652    30.5268    7.8004
17.3636    30.529999    7.8004
17.357199    30.542    7.8004
17.334799    30.5844    7.8004
17.3084    30.6292    7.8004
17.298    30.6468    7.8004
17.2924    30.657999    7.8004
17.284399    30.671598    7.8004
17.247599    30.737999    7.8004
17.2388    30.753199    7.8004
17.213999    30.801199    7.8004
17.2092    30.810799    7.8004
17.206    30.8172    7.8004
17.1852    30.862    7.8004
17.156399    30.9324    7.8004
17.15    30.946798    7.8004
17.118    31.015598    7.8004
17.1076    31.0364    7.8004
17.105999    31.0404    7.8004
17.1012    31.048399    7.8004
17.062    31.113998    7.8004
17.018    31.182798    7.8004
16.9956    31.217999    7.8004
16.9548    31.278    7.8004
16.8916    31.372398    7.8004
16.8428    31.446798    7.8004
16.799599    31.5108    7.8004
16.753199    31.5836    7.8004
16.6996    31.6684    7.8004
16.6612    31.7284    7.8004
16.617199    31.7964    7.8004
16.541199    31.91    7.8004
16.538    31.914799    7.8004
16.534    31.9196    7.8004
16.529999    31.925999    7.8004
16.438799    32.05    7.8004
16.397999    32.1004    7.8004
16.3772    32.127598    7.8004
16.3524    32.158    7.8004
16.334799    32.1788    7.8004
16.2988    32.2164    7.8004
16.2484    32.2724    7.8004
16.2108    32.314    7.8004
16.17    32.3556    7.8004
16.139599    32.3892    7.8004
16.0996    32.43    7.8004
16.0812    32.4492    7.8004
16.0532    32.4748    7.8004
16.0116    32.5116    7.8004
16.0004    32.5204    7.8004
15.9972    32.5244    7.8004
15.945999    32.5612    7.8004
15.936399    32.57    7.8004
15.9307995    32.5732    7.8004
15.9228    32.5788    7.8004
15.8812    32.6068    7.8004
15.87    32.613197    7.8004
15.8132    32.6412    7.8004
15.803599    32.6452    7.8004
15.762799    32.6588    7.8004
15.7596    32.6596    7.8004
15.702    32.6564    7.8004
15.6964    32.6564    7.8004
15.6916    32.655598    7.8004
15.687599    32.6564    7.8004
15.660399    32.6644    7.8004
15.646    32.6676    7.8004
15.6292    32.682    7.8004
15.606    32.694    7.8004
15.5868    32.7028    7.8004
15.5604    32.7236    7.8004
15.5515995    32.7252    7.8004
15.528399    32.7492    7.8004
15.5028    32.7724    7.8004
15.4724    32.8004    7.8004
15.4612    32.8076    7.8004
15.4492    32.818    7.8004
15.4372    32.8292    7.8004
15.411599    32.854797    7.8004
15.3884    32.8756    7.8004
15.360399    32.9004    7.8004
15.3348    32.9228    7.8004
15.302    32.953197    7.8004
15.279599    32.9724    7.8004
15.2436    33.002    7.8004
15.216399    33.026    7.8004
15.188399    33.0436    7.8004
15.1723995    33.0548    7.8004
15.141999    33.0692    7.8004
15.1324    33.0748    7.8004
15.101999    33.085197    7.8004
15.094    33.088398    7.8004
15.0772    33.093998    7.8004
15.0412    33.101997    7.8004
15.027599    33.105198    7.8004
14.9972    33.105198    7.8004
14.978    33.106    7.8004
14.9396    33.105198    7.8004
14.900399    33.1012    7.8004
14.8996    33.1012    7.8004
14.8988    33.1012    7.8004
14.848399    33.0844    7.8004
14.819599    33.0676    7.8004
14.8188    33.0668    7.8004
14.802    33.042    7.8004
14.782    33.014    7.8004
14.7732    32.9988    7.8004
14.7676    32.9724    7.8004
14.7668    32.9652    7.8004
14.762    32.938    7.8004
14.763599    32.925198    7.8004
14.766    32.898    7.8004
14.773999    32.877197    7.8004
14.7764    32.865997    7.8004
14.785999    32.8444    7.8004
14.79    32.8396    7.8004
14.794    32.8332    7.8004
14.8004    32.818798    7.8004
14.8052    32.813198    7.8004
14.814799    32.798    7.8004
14.8164    32.7964    7.8004
14.842799    32.7644    7.8004
14.855599    32.7524    7.8004
14.9324    32.6756    7.8004
14.941999    32.6676    7.8004
14.9916    32.6196    7.8004
15.027599    32.5868    7.8004
15.0364    32.5788    7.8004
15.037999    32.5764    7.8004
15.0515995    32.5644    7.8004
15.0716    32.545998    7.8004
15.0932    32.526    7.8004
15.0996    32.517998    7.8004
15.1036    32.512398    7.8004
15.1092    32.5076    7.8004
15.1212    32.4948    7.8004
15.131599    32.4852    7.8004
15.1348    32.478798    7.8004
15.1404    32.4748    7.8004
15.1491995    32.4636    7.8004
15.159599    32.454    7.8004
15.170799    32.4412    7.8004
15.1812    32.43    7.8004
15.1844    32.422    7.8004
15.1964    32.406    7.8004
15.198    32.402    7.8004
15.205999    32.3852    7.8004
15.216399    32.3724    7.8004
15.217999    32.365997    7.8004
15.2244    32.3564    7.8004
15.2324    32.3404    7.8004
15.2332    32.3348    7.8004
15.2324    32.329998    7.8004
15.217199    32.2892    7.8004
15.2156    32.2844    7.8004
15.2156    32.2836    7.8004
15.210799    32.278    7.8004
15.1908    32.2476    7.8004
15.188399    32.2468    7.8004
15.1844    32.2468    7.8004
15.15    32.2412    7.8004
15.1324    32.239597    7.8004
15.1164    32.237198    7.8004
15.1124    32.237198    7.8004
15.0812    32.2444    7.8004
15.039599    32.2508    7.8004
14.9964    32.258    7.8004
14.9892    32.2588    7.8004
14.935599    32.265198    7.8004
14.9307995    32.2628    7.8004
14.9164    32.2612    7.8004
14.9092    32.253998    7.8004
14.9084    32.2444    7.8004
14.9036    32.2268    7.8004
14.9092    32.2156    7.8004
14.914    32.19    7.8004
14.923599    32.174    7.8004
14.940399    32.1396    7.8004
14.946    32.13    7.8004
14.9548    32.1172    7.8004
14.958799    32.11    7.8004
14.966    32.0924    7.8004
14.969199    32.0804    7.8004
14.9939995    32.0332    7.8004
14.9956    32.0308    7.8004
14.9948    32.0268    7.8004
14.999599    32.0204    7.8004
15.0068    32.002    7.8004
15.0092    31.994    7.8004
15.0028    31.981998    7.8004
14.986    31.987598    7.8004
14.9684    31.976398    7.8004
14.963599    31.9748    7.8004
14.941199    31.9812    7.8004
14.929999    31.983599    7.8004
14.901999    31.994799    7.8004
14.889199    32.0004    7.8004
14.882799    32.002    7.8004
14.8675995    32.0084    7.8004
14.809999    32.0316    7.8004
14.785999    32.0436    7.8004
14.7476    32.058    7.8004
14.7388    32.0604    7.8004
14.716399    32.068398    7.8004
14.710799    32.0692    7.8004
14.6636    32.082    7.8004
14.6491995    32.085197    7.8004
14.6396    32.088398    7.8004
14.6116    32.09    7.8004
14.607599    32.088398    7.8004
14.590799    32.086    7.8004
14.5812    32.082798    7.8004
14.568399    32.0692    7.8004
14.561199    32.062    7.8004
14.5596    32.0604    7.8004
14.5436    32.022    7.8004
14.5404    32.0092    7.8004
14.526799    31.9516    7.8004
14.5244    31.942    7.8004
14.5236    31.937199    7.8004
14.5244    31.931599    7.8004
14.5244    31.8996    7.8004
14.5252    31.8972    7.8004
14.5308    31.8596    7.8004
14.532399    31.8548    7.8004
14.5348    31.849998    7.8004
14.546    31.817999    7.8004
14.5484    31.814798    7.8004
14.5596    31.786798    7.8004
14.5604    31.786    7.8004
14.578    31.758799    7.8004
14.584399    31.7524    7.8004
14.618    31.712399    7.8004
14.642799    31.689999    7.8004
14.6732    31.660398    7.8004
14.71    31.632399    7.8004
14.7436    31.604399    7.8004
14.7644    31.5884    7.8004
14.7716    31.5812    7.8004
14.7755995    31.5796    7.8004
14.7996    31.559599    7.8004
14.802    31.5572    7.8004
14.8052    31.553999    7.8004
14.8228    31.537199    7.8004
14.8412    31.514    7.8004
14.8516    31.5068    7.8004
14.8619995    31.494    7.8004
14.865999    31.486    7.8004
14.8756    31.479599    7.8004
14.877999    31.472399    7.8004
14.895599    31.4564    7.8004
14.9036    31.4324    7.8004
14.905999    31.4228    7.8004
14.907599    31.416399    7.8004
14.9164    31.3548    7.8004
14.9172    31.3492    7.8004
14.9196    31.3452    7.8004
14.935599    31.31    7.8004
14.9556    31.284399    7.8004
14.9595995    31.2788    7.8004
14.9604    31.2788    7.8004
14.9604    31.278    7.8004
14.9916    31.251598    7.8004
15.0171995    31.230799    7.8004
15.0515995    31.208399    7.8004
15.058    31.205198    7.8004
15.0708    31.198    7.8004
15.130799    31.1644    7.8004
15.153999    31.1524    7.8004
15.2092    31.1244    7.8004
15.217999    31.121199    7.8004
15.2844    31.098    7.8004
15.309199    31.0892    7.8004
15.3588    31.0716    7.8004
15.413199    31.0548    7.8004
15.4732    31.035599    7.8004
15.4956    31.0308    7.8004
15.5412    31.018799    7.8004
15.584399    31.0084    7.8004
15.6276    30.998    7.8004
15.750799    30.9676    7.8004
15.7844    30.955599    7.8004
15.814799    30.948399    7.8004
15.8476    30.937199    7.8004
15.87    30.927599    7.8004
15.8812    30.9228    7.8004
15.9268    30.901999    7.8004
15.9388    30.894798    7.8004
15.9796    30.8748    7.8004
16.001999    30.862    7.8004
16.041199    30.8468    7.8004
16.07    30.833199    7.8004
16.098    30.820398    7.8004
16.1164    30.812399    7.8004
16.139599    30.8004    7.8004
16.1484    30.7964    7.8004
16.156399    30.7916    7.8004
16.180399    30.778    7.8004
16.2124    30.7612    7.8004
16.2428    30.7484    7.8004
16.2612    30.737999    7.8004
16.288399    30.725199    7.8004
16.323599    30.7076    7.8004
16.386799    30.6812    7.8004
16.4044    30.673199    7.8004
16.418    30.667599    7.8004
16.472399    30.6484    7.8004
16.514    30.6348    7.8004
16.5308    30.628399    7.8004
16.562    30.617199    7.8004
16.5836    30.6076    7.8004
16.6084    30.593199    7.8004
16.6444    30.5724    7.8004
16.674    30.556398    7.8004
16.6852    30.5492    7.8004
16.7236    30.526    7.8004
16.7356    30.518    7.8004
16.75    30.5052    7.8004
16.7652    30.494    7.8004
16.7748    30.483599    7.8004
16.7924    30.4628    7.8004
16.812399    30.4348    7.8004
16.8172    30.4268    7.8004
16.8308    30.403599    7.8004
16.842    30.385199    7.8004
16.8564    30.3636    7.8004
16.864399    30.351599    7.8004
16.8668    30.347599    7.8004
16.8692    30.3436    7.8004
16.882    30.323599    7.8004
16.906    30.2916    7.8004
16.906    30.2908    7.8004
16.9068    30.289999    7.8004
16.9324    30.262798    7.8004
16.9516    30.2452    7.8004
16.983599    30.2172    7.8004
16.9988    30.1988    7.8004
17.013199    30.1812    7.8004
17.0236    30.1644    7.8004
17.031599    30.1516    7.8004
17.0388    30.1316    7.8004
17.0444    30.1188    7.8004
17.0444    30.105999    7.8004
17.046799    30.0836    7.8004
17.0436    30.078798    7.8004
17.046799    30.0716    7.8004
17.0572    30.0516    7.8004
17.052399    30.033998    7.8004
17.05    30.018799    7.8004
17.0404    30.0068    7.8004
17.0332    30.0068    7.8004
17.029999    30.0068    7.8004
17.014    30.0068    7.8004
16.982    30.0028    7.8004
16.9236    29.986    7.8004
16.8604    29.9676    7.8004
16.8308    29.9564    7.8004
16.7812    29.938    7.8004
16.7316    29.9156    7.8004
16.71    29.910799    7.8004
16.685999    29.907598    7.8004
16.6772    29.9068    7.8004
16.6556    29.907598    7.8004
16.6332    29.9068    7.8004
16.6132    29.909199    7.8004
16.576399    29.914    7.8004
16.4876    29.9228    7.8004
16.4292    29.9284    7.8004
16.4132    29.929998    7.8004
16.4044    29.929998    7.8004
16.362    29.931599    7.8004
16.312399    29.9308    7.8004
16.31    29.9308    7.8004
16.278    29.927599    7.8004
16.221199    29.9212    7.8004
16.2164    29.9212    7.8004
16.1644    29.91    7.8004
16.157999    29.909199    7.8004
16.1468    29.9068    7.8004
16.0516    29.886    7.8004
16.0396    29.8828    7.8004
15.970799    29.858    7.8004
15.889199    29.829199    7.8004
15.874    29.8228    7.8004
15.818    29.799599    7.8004
15.8164    29.7988    7.8004
15.7755995    29.7748    7.8004
15.763599    29.7668    7.8004
15.7492    29.7524    7.8004
15.728399    29.734798    7.8004
15.723599    29.729198    7.8004
15.711599    29.712399    7.8004
15.702    29.698    7.8004
15.6956    29.6852    7.8004
15.6692    29.6348    7.8004
15.6572    29.6068    7.8004
15.6468    29.581999    7.8004
15.630799    29.522799    7.8004
15.6268    29.5036    7.8004
15.625999    29.494    7.8004
15.624399    29.442799    7.8004
15.6236    29.434    7.8004
15.622    29.3876    7.8004
15.6228    29.373999    7.8004
15.6276    29.338799    7.8004
15.638    29.303598    7.8004
15.6388    29.2988    7.8004
15.6435995    29.282    7.8004
15.6508    29.2596    7.8004
15.6564    29.2484    7.8004
15.676399    29.213999    7.8004
15.6852    29.202    7.8004
15.6956    29.1892    7.8004
15.705999    29.178    7.8004
15.714    29.1668    7.8004
15.7708    29.1012    7.8004
15.791599    29.076399    7.8004
15.8004    29.065199    7.8004
15.8172    29.048399    7.8004
15.83    29.0268    7.8004
15.837199    29.0164    7.8004
15.842    29.0012    7.8004
15.837199    28.983599    7.8004
15.834    28.9772    7.8004
15.825199    28.9684    7.8004
15.790799    28.931599    7.8004
15.780399    28.9196    7.8004
15.7788    28.918798    7.8004
15.7772    28.9172    7.8004
15.7764    28.9156    7.8004
15.7699995    28.901999    7.8004
15.757199    28.8772    7.8004
15.756399    28.8732    7.8004
15.75    28.838    7.8004
15.75    28.834    7.8004
15.752399    28.792398    7.8004
15.7532    28.7804    7.8004
15.7532    28.777199    7.8004
15.763599    28.747599    7.8004
15.7732    28.717999    7.8004
15.7764    28.7132    7.8004
15.8043995    28.671598    7.8004
15.820399    28.6484    7.8004
15.838799    28.622799    7.8004
