18.0812    23.4804    18.6004
18.0836    23.477999    18.6004
18.087599    23.4756    18.6004
18.122799    23.4572    18.6004
18.1316    23.4516    18.6004
18.1668    23.438799    18.6004
18.184399    23.431599    18.6004
18.2092    23.4236    18.6004
18.2292    23.4196    18.6004
18.241999    23.416399    18.6004
18.2628    23.414    18.6004
18.2764    23.414    18.6004
18.293999    23.4124    18.6004
18.306    23.4124    18.6004
18.3228    23.4124    18.6004
18.3396    23.413198    18.6004
18.354    23.4156    18.6004
18.3716    23.418    18.6004
18.3876    23.4228    18.6004
18.4188    23.43    18.6004
18.434    23.437199    18.6004
18.4548    23.446    18.6004
18.47    23.453999    18.6004
18.4844    23.461199    18.6004
18.5044    23.473999    18.6004
18.5204    23.4828    18.6004
18.5396    23.498    18.6004
18.5604    23.513199    18.6004
18.5732    23.5268    18.6004
18.598    23.5532    18.6004
18.63    23.5908    18.6004
18.633999    23.5956    18.6004
18.6372    23.600399    18.6004
18.656399    23.628399    18.6004
18.666    23.646    18.6004
18.674799    23.6652    18.6004
18.6868    23.6924    18.6004
18.6988    23.723598    18.6004
18.7004    23.73    18.6004
18.71    23.758799    18.6004
18.7092    23.7628    18.6004
18.7076    23.7892    18.6004
18.701199    23.8004    18.6004
18.6932    23.817999    18.6004
18.6868    23.821999    18.6004
18.6756    23.823599    18.6004
18.654    23.821999    18.6004
18.6404    23.8212    18.6004
18.633999    23.8196    18.6004
18.628399    23.8172    18.6004
18.6052    23.814    18.6004
18.598    23.810799    18.6004
18.5772    23.805199    18.6004
18.5668    23.8004    18.6004
18.5212    23.782    18.6004
18.4868    23.765999    18.6004
18.4452    23.7468    18.6004
18.4396    23.743599    18.6004
18.4028    23.729198    18.6004
18.3972    23.726799    18.6004
18.3932    23.725199    18.6004
18.3284    23.6996    18.6004
18.265999    23.6796    18.6004
18.254799    23.6764    18.6004
18.173199    23.663599    18.6004
18.1724    23.6628    18.6004
18.1644    23.6628    18.6004
18.1188    23.6556    18.6004
18.109999    23.654799    18.6004
18.0564    23.649199    18.6004
18.0492    23.649199    18.6004
18.0204    23.643599    18.6004
18.0052    23.6388    18.6004
18.0036    23.637999    18.6004
17.9692    23.6204    18.6004
17.9692    23.6196    18.6004
17.9652    23.597198    18.6004
17.9684    23.5892    18.6004
17.9788    23.570799    18.6004
18.0052    23.5436    18.6004
18.018799    23.529999    18.6004
18.0404    23.5124    18.6004
18.052399    23.5028    18.6004
18.0684    23.49    18.6004
18.0812    23.4804    18.6004
