23.265999    29.619598    13.8004
23.2788    29.617199    13.8004
23.2916    29.613998    13.8004
23.2988    29.6124    13.8004
23.33    29.6076    13.8004
23.358    29.6076    13.8004
23.3668    29.608398    13.8004
23.386799    29.6108    13.8004
23.4052    29.611599    13.8004
23.4244    29.618    13.8004
23.4356    29.6204    13.8004
23.4476    29.6244    13.8004
23.4636    29.630798    13.8004
23.4748    29.636398    13.8004
23.49    29.6428    13.8004
23.501999    29.650799    13.8004
23.513199    29.6612    13.8004
23.529999    29.6852    13.8004
23.533998    29.6908    13.8004
23.5388    29.7148    13.8004
23.5404    29.7188    13.8004
23.5404    29.7228    13.8004
23.5388    29.7452    13.8004
23.5364    29.757198    13.8004
23.5324    29.775599    13.8004
23.5292    29.786798    13.8004
23.5252    29.802    13.8004
23.513199    29.834    13.8004
23.5068    29.8508    13.8004
23.4868    29.8972    13.8004
23.4756    29.9212    13.8004
23.4676    29.935598    13.8004
23.4644    29.942    13.8004
23.4548    29.9628    13.8004
23.4524    29.9732    13.8004
23.446    29.993198    13.8004
23.4468    30.031599    13.8004
23.4468    30.0388    13.8004
23.4468    30.046    13.8004
23.444399    30.0556    13.8004
23.438799    30.076399    13.8004
23.438799    30.078    13.8004
23.4324    30.098799    13.8004
23.4292    30.1068    13.8004
23.4188    30.13    13.8004
23.409199    30.154799    13.8004
23.4068    30.1596    13.8004
23.4012    30.169199    13.8004
23.386    30.1908    13.8004
23.375599    30.206    13.8004
23.369999    30.213999    13.8004
23.349998    30.232399    13.8004
23.3452    30.237999    13.8004
23.3412    30.241999    13.8004
23.326    30.253199    13.8004
23.3156    30.262    13.8004
23.298    30.2748    13.8004
23.2748    30.288399    13.8004
23.2668    30.2932    13.8004
23.243599    30.3044    13.8004
23.2164    30.3132    13.8004
23.2108    30.314798    13.8004
23.21    30.314798    13.8004
23.1836    30.3196    13.8004
23.1764    30.3196    13.8004
23.1572    30.320398    13.8004
23.1388    30.3172    13.8004
23.1364    30.316399    13.8004
23.111599    30.31    13.8004
23.0884    30.2964    13.8004
23.085999    30.2948    13.8004
23.0844    30.2932    13.8004
23.065199    30.2724    13.8004
23.0604    30.2652    13.8004
23.0508    30.2444    13.8004
23.046799    30.230799    13.8004
23.042799    30.205198    13.8004
23.042    30.1964    13.8004
23.042    30.188398    13.8004
23.042    30.178    13.8004
23.037199    30.1596    13.8004
23.0308    30.1444    13.8004
23.024399    30.1348    13.8004
23.014    30.1276    13.8004
22.989199    30.1124    13.8004
22.9804    30.105999    13.8004
22.9756    30.1036    13.8004
22.9676    30.098799    13.8004
22.9628    30.0956    13.8004
22.9308    30.0772    13.8004
22.9052    30.0588    13.8004
22.885199    30.042799    13.8004
22.8788    30.037199    13.8004
22.873999    30.031599    13.8004
22.8564    30.018799    13.8004
22.8484    30.0052    13.8004
22.8396    29.989199    13.8004
22.838    29.9844    13.8004
22.8372    29.9716    13.8004
22.838    29.959599    13.8004
22.8396    29.946798    13.8004
22.842    29.9396    13.8004
22.8452    29.9308    13.8004
22.851599    29.9124    13.8004
22.8668    29.885199    13.8004
22.868399    29.8828    13.8004
22.8708    29.8788    13.8004
22.8844    29.8596    13.8004
22.8932    29.8468    13.8004
22.906    29.833199    13.8004
22.9196    29.820398    13.8004
22.937199    29.8028    13.8004
22.948399    29.793999    13.8004
22.9684    29.777199    13.8004
23.0084    29.7468    13.8004
23.0092    29.7468    13.8004
23.039598    29.723598    13.8004
23.062    29.7092    13.8004
23.0892    29.6932    13.8004
23.105999    29.6852    13.8004
23.1404    29.665998    13.8004
23.1668    29.654    13.8004
23.1716    29.650799    13.8004
23.197199    29.639599    13.8004
23.2148    29.632399    13.8004
23.2412    29.6244    13.8004
23.265999    29.619598    13.8004
