15.0004    12.992399    9.0004
15.0532    12.9172    9.0004
15.0636    12.9028    9.0004
15.0828    12.877999    9.0004
15.122    12.8292    9.0004
15.142799    12.8043995    9.0004
15.1676    12.7755995    9.0004
15.2084    12.728399    9.0004
15.25    12.6876    9.0004
15.2548    12.682799    9.0004
15.257999    12.6796    9.0004
15.291599    12.647599    9.0004
15.297999    12.641999    9.0004
15.342    12.6036    9.0004
15.3572    12.5932    9.0004
15.360399    12.591599    9.0004
15.365999    12.59    9.0004
15.3868    12.578799    9.0004
15.3876    12.578799    9.0004
15.4204    12.578    9.0004
15.429199    12.5803995    9.0004
15.4484    12.5868    9.0004
15.463599    12.5948    9.0004
15.4732    12.5996    9.0004
15.487599    12.608399    9.0004
15.4964    12.6124    9.0004
15.5132    12.6108    9.0004
15.5292    12.6116    9.0004
15.550799    12.598    9.0004
15.561199    12.585199    9.0004
15.5644    12.573199    9.0004
15.572399    12.554    9.0004
15.5748    12.5404    9.0004
15.578799    12.5204    9.0004
15.5836    12.5004    9.0004
15.5884    12.4844    9.0004
15.5948    12.4716    9.0004
15.6108    12.4492    9.0004
15.613999    12.446    9.0004
15.6324    12.4316    9.0004
15.6444    12.4204    9.0004
15.646    12.4196    9.0004
15.6804    12.3963995    9.0004
15.7012    12.384399    9.0004
15.722799    12.3716    9.0004
15.751599    12.355599    9.0004
15.785999    12.337999    9.0004
15.806    12.3284    9.0004
15.8348    12.314799    9.0004
15.8644    12.302    9.0004
15.884399    12.2932    9.0004
15.9148    12.281199    9.0004
15.9436    12.2716    9.0004
15.9492    12.269199    9.0004
15.981999    12.2588    9.0004
15.9939995    12.2548    9.0004
16.0012    12.2532    9.0004
16.042    12.2436    9.0004
16.0556    12.2411995    9.0004
16.105999    12.2316    9.0004
16.1388    12.228399    9.0004
16.146    12.228399    9.0004
16.1604    12.229199    9.0004
16.1716    12.229199    9.0004
16.1892    12.2324    9.0004
16.1988    12.233999    9.0004
16.2236    12.246799    9.0004
16.2292    12.25    9.0004
16.2564    12.274799    9.0004
16.2572    12.274799    9.0004
16.2812    12.2852    9.0004
16.2932    12.2828    9.0004
16.3156    12.274799    9.0004
16.3252    12.2604    9.0004
16.3356    12.245999    9.0004
16.3452    12.222799    9.0004
16.347599    12.2164    9.0004
16.3604    12.199599    9.0004
16.3668    12.1916    9.0004
16.3676    12.1908    9.0004
16.3716    12.186    9.0004
16.3932    12.165199    9.0004
16.3964    12.162    9.0004
16.4052    12.158    9.0004
16.420399    12.1491995    9.0004
16.427599    12.1444    9.0004
16.438    12.1412    9.0004
16.4516    12.138    9.0004
16.4604    12.137199    9.0004
16.4788    12.136399    9.0004
16.496399    12.137199    9.0004
16.5156    12.1388    9.0004
16.562    12.1444    9.0004
16.578    12.1468    9.0004
16.622799    12.154799    9.0004
16.6332    12.1564    9.0004
16.639599    12.158    9.0004
16.6828    12.170799    9.0004
16.702799    12.177199    9.0004
16.7244    12.1844    9.0004
16.758    12.1956    9.0004
16.7676    12.1988    9.0004
16.7788    12.2036    9.0004
16.8332    12.2268    9.0004
16.85    12.233999    9.0004
16.892399    12.254    9.0004
16.9252    12.2716    9.0004
16.954    12.2884    9.0004
16.9756    12.302    9.0004
17.0052    12.320399    9.0004
17.0276    12.3348    9.0004
17.0588    12.355599    9.0004
17.0724    12.3652    9.0004
17.1052    12.3907995    9.0004
17.111599    12.395599    9.0004
17.1332    12.414    9.0004
17.1412    12.4204    9.0004
17.1716    12.447599    9.0004
17.180399    12.4556    9.0004
17.191599    12.466    9.0004
17.2124    12.4852    9.0004
17.2236    12.4956    9.0004
17.2372    12.509999    9.0004
17.2652    12.538799    9.0004
17.3116    12.59    9.0004
17.3172    12.596399    9.0004
17.338    12.6228    9.0004
17.362799    12.654799    9.0004
17.3828    12.682799    9.0004
17.402    12.711599    9.0004
17.4084    12.7212    9.0004
17.431599    12.757199    9.0004
17.4468    12.782    9.0004
17.462    12.8076    9.0004
17.479599    12.837999    9.0004
17.49    12.858    9.0004
17.5156    12.91    9.0004
17.531599    12.9428    9.0004
17.553999    12.9908    9.0004
17.5644    13.015599    9.0004
17.581999    13.0604    9.0004
17.5892    13.079599    9.0004
17.611599    13.138    9.0004
17.632399    13.2012    9.0004
17.633999    13.2036    9.0004
17.633999    13.205999    9.0004
17.6524    13.262    9.0004
17.657999    13.2852    9.0004
17.67    13.326799    9.0004
17.678799    13.3644    9.0004
17.6852    13.3907995    9.0004
17.6932    13.426    9.0004
17.697199    13.4444    9.0004
17.7012    13.463599    9.0004
17.706    13.4972    9.0004
17.7116    13.5324    9.0004
17.713999    13.550799    9.0004
17.718    13.5956    9.0004
17.719599    13.6044    9.0004
17.721199    13.619599    9.0004
17.722    13.6396    9.0004
17.725199    13.682799    9.0004
17.726    13.711599    9.0004
17.726799    13.7324    9.0004
17.726799    13.7476    9.0004
17.726799    13.7716    9.0004
17.725199    13.7948    9.0004
17.7236    13.832399    9.0004
17.721199    13.855599    9.0004
17.713999    13.9196    9.0004
17.7116    13.9388    9.0004
17.71    13.95    9.0004
17.6996    14.0004    9.0004
17.6948    14.0204    9.0004
17.691599    14.0348    9.0004
17.678799    14.0828    9.0004
17.661999    14.1396    9.0004
17.6612    14.1435995    9.0004
17.6604    14.146    9.0004
17.6364    14.205999    9.0004
17.6316    14.217199    9.0004
17.6148    14.2596    9.0004
17.5996    14.292399    9.0004
17.5748    14.343599    9.0004
17.570799    14.3516    9.0004
17.5628    14.365999    9.0004
17.546    14.395599    9.0004
17.5332    14.4156    9.0004
17.5036    14.458799    9.0004
17.498    14.4668    9.0004
17.486    14.4852    9.0004
17.4716    14.506    9.0004
17.4692    14.5084    9.0004
17.4292    14.5588    9.0004
17.427599    14.5604    9.0004
17.3804    14.613199    9.0004
17.362799    14.631599    9.0004
17.3412    14.6556    9.0004
17.317999    14.6796    9.0004
17.293999    14.702    9.0004
17.243599    14.746799    9.0004
17.2332    14.7556    9.0004
17.180399    14.797999    9.0004
17.1652    14.809999    9.0004
17.1492    14.822    9.0004
17.1124    14.8468    9.0004
17.066    14.877999    9.0004
17.0532    14.886    9.0004
17.0308    14.8996    9.0004
16.9804    14.929999    9.0004
16.9532    14.9444    9.0004
16.927599    14.957999    9.0004
16.8892    14.978    9.0004
16.8524    14.9948    9.0004
16.8316    15.0028    9.0004
16.8004    15.0148    9.0004
16.7564    15.032399    9.0004
16.7228    15.042    9.0004
16.6956    15.050799    9.0004
16.6532    15.0636    9.0004
16.6372    15.067599    9.0004
16.5868    15.078    9.0004
16.5668    15.0828    9.0004
16.5604    15.0836    9.0004
16.5028    15.0924    9.0004
16.4996    15.0932    9.0004
16.4428    15.098    9.0004
16.3796    15.1036    9.0004
16.378    15.1036    9.0004
16.3772    15.1036    9.0004
16.3676    15.1036    9.0004
16.301199    15.1036    9.0004
16.2852    15.1036    9.0004
16.258    15.101999    9.0004
16.2148    15.1004    9.0004
16.2012    15.0988    9.0004
16.133999    15.091599    9.0004
16.1316    15.091599    9.0004
16.086    15.0836    9.0004
16.0636    15.079599    9.0004
16.0012    15.066799    9.0004
15.9892    15.0644    9.0004
15.9676    15.0588    9.0004
15.924399    15.0476    9.0004
15.886    15.0364    9.0004
15.8572    15.027599    9.0004
15.8004    15.0076    9.0004
15.7764    14.999599    9.0004
15.7324    14.9836    9.0004
15.6779995    14.9612    9.0004
15.664399    14.9548    9.0004
15.660399    14.953199    9.0004
15.6491995    14.947599    9.0004
15.57    14.9092    9.0004
15.5364    14.8916    9.0004
15.5124    14.877999    9.0004
15.469199    14.8516    9.0004
15.4612    14.8476    9.0004
15.4148    14.8164    9.0004
15.4036    14.808399    9.0004
15.349199    14.7699995    9.0004
15.326799    14.754    9.0004
15.303599    14.7372    9.0004
15.2764    14.7156    9.0004
15.2484    14.693199    9.0004
15.2308    14.6779995    9.0004
15.186    14.638    9.0004
15.170799    14.624399    9.0004
15.1396    14.5948    9.0004
15.1164    14.5716    9.0004
15.082    14.5356    9.0004
15.0548    14.505199    9.0004
15.033199    14.4796    9.0004
15.0124    14.4548    9.0004
14.993199    14.429999    9.0004
14.970799    14.398    9.0004
14.9548    14.3748    9.0004
14.9268    14.3364    9.0004
14.9204    14.325999    9.0004
14.9164    14.320399    9.0004
14.9092    14.308399    9.0004
14.8796    14.257199    9.0004
14.866799    14.2316    9.0004
14.855599    14.2092    9.0004
14.838799    14.1748    9.0004
14.837999    14.1723995    9.0004
14.837199    14.17    9.0004
14.820399    14.1324    9.0004
14.8043995    14.0892    9.0004
14.797999    14.073199    9.0004
14.7908    14.049999    9.0004
14.7844    14.026799    9.0004
14.781199    14.014    9.0004
14.7764    13.993199    9.0004
14.769199    13.9612    9.0004
14.7652    13.9396    9.0004
14.7596    13.91    9.0004
14.7548    13.882    9.0004
14.750799    13.8356    9.0004
14.7492    13.8164    9.0004
14.7492    13.802799    9.0004
14.7492    13.742    9.0004
14.7492    13.722799    9.0004
14.7532    13.6516    9.0004
14.7532    13.646    9.0004
14.754    13.6412    9.0004
14.7644    13.5716    9.0004
14.7652    13.5652    9.0004
14.773999    13.516399    9.0004
14.782    13.4788    9.0004
14.785999    13.464399    9.0004
14.7876    13.457999    9.0004
14.803599    13.401999    9.0004
14.806    13.3932    9.0004
14.8068    13.3916    9.0004
14.821199    13.3476    9.0004
14.837999    13.303599    9.0004
14.8412    13.2948    9.0004
14.860399    13.2508    9.0004
14.8619995    13.2484    9.0004
14.8628    13.245199    9.0004
14.8988    13.165199    9.0004
14.8996    13.1628    9.0004
14.901999    13.1588    9.0004
14.934    13.1004    9.0004
14.9508    13.0708    9.0004
14.9564    13.061999    9.0004
14.9956    12.999599    9.0004
14.998799    12.9948    9.0004
15.0004    12.992399    9.0004
