12.906    26.9172    7.8004
12.906    26.9156    7.8004
12.906    26.903599    7.8004
12.907599    26.8468    7.8004
12.9092    26.8364    7.8004
12.924399    26.7908    7.8004
12.9251995    26.7892    7.8004
12.9268    26.782799    7.8004
12.941199    26.7396    7.8004
12.9516    26.7156    7.8004
12.962    26.6964    7.8004
12.9668    26.6868    7.8004
12.9844    26.6588    7.8004
12.999599    26.6372    7.8004
13.010799    26.621199    7.8004
13.026    26.602798    7.8004
13.0348    26.587599    7.8004
13.056399    26.565199    7.8004
13.061999    26.556398    7.8004
13.0803995    26.539598    7.8004
13.090799    26.5308    7.8004
13.120399    26.51    7.8004
13.1324    26.4996    7.8004
13.141999    26.494799    7.8004
13.1468    26.490799    7.8004
13.1668    26.477999    7.8004
13.1916    26.4628    7.8004
13.2156    26.449999    7.8004
13.2276    26.4452    7.8004
13.2556    26.4292    7.8004
13.2884    26.418    7.8004
13.322    26.4044    7.8004
13.360399    26.394    7.8004
13.389199    26.385199    7.8004
13.417999    26.378    7.8004
13.4452    26.3716    7.8004
13.4676    26.368399    7.8004
13.492399    26.3636    7.8004
13.5364    26.358799    7.8004
13.5764    26.3524    7.8004
13.597199    26.3524    7.8004
13.6276    26.349998    7.8004
13.646    26.3508    7.8004
13.677199    26.3508    7.8004
13.7076    26.354    7.8004
13.728399    26.354    7.8004
13.7755995    26.358    7.8004
13.792399    26.358799    7.8004
13.825999    26.362    7.8004
13.838799    26.3636    7.8004
13.8516    26.3652    7.8004
13.9028    26.3732    7.8004
13.947599    26.3844    7.8004
13.9892    26.397999    7.8004
14.0636    26.420399    7.8004
14.0948    26.4308    7.8004
14.1404    26.4516    7.8004
14.1692    26.4692    7.8004
14.1796    26.476398    7.8004
14.19    26.4844    7.8004
14.223599    26.5068    7.8004
14.2324    26.514    7.8004
14.266    26.546799    7.8004
14.2716    26.552399    7.8004
14.278    26.563599    7.8004
14.291599    26.59    7.8004
14.3043995    26.611599    7.8004
14.306    26.617199    7.8004
14.3132    26.6532    7.8004
14.3132    26.6556    7.8004
14.318    26.680399    7.8004
14.3244    26.7108    7.8004
14.3244    26.7148    7.8004
14.3244    26.719599    7.8004
14.321199    26.7556    7.8004
14.3188    26.765999    7.8004
14.306    26.793999    7.8004
14.2964    26.805199    7.8004
14.281199    26.8204    7.8004
14.2716    26.8284    7.8004
14.2699995    26.83    7.8004
14.2588    26.838799    7.8004
14.238    26.854    7.8004
14.2316    26.8596    7.8004
14.1988    26.8828    7.8004
14.198    26.8828    7.8004
14.198    26.8836    7.8004
14.1452    26.918    7.8004
14.113999    26.937199    7.8004
14.106    26.9436    7.8004
14.079599    26.955599    7.8004
14.056399    26.9692    7.8004
14.028399    26.981998    7.8004
14.0004    26.9956    7.8004
13.9684    27.0068    7.8004
13.926    27.0252    7.8004
13.8988    27.033998    7.8004
13.8524    27.05    7.8004
13.8396    27.0532    7.8004
13.8108    27.061998    7.8004
13.7699995    27.0724    7.8004
13.740399    27.080399    7.8004
13.699599    27.09    7.8004
13.6236    27.1076    7.8004
13.5596    27.1204    7.8004
13.5252    27.126    7.8004
13.4564    27.1372    7.8004
13.417999    27.143599    7.8004
13.3996    27.146    7.8004
13.3796    27.149199    7.8004
13.3172    27.156399    7.8004
13.246799    27.1628    7.8004
13.2355995    27.163599    7.8004
13.165999    27.1652    7.8004
13.158    27.1652    7.8004
13.1124    27.1644    7.8004
13.102799    27.1628    7.8004
13.0515995    27.157999    7.8004
13.033999    27.154    7.8004
13.002    27.139599    7.8004
12.987599    27.132399    7.8004
12.9604    27.1108    7.8004
12.9572    27.1068    7.8004
12.941999    27.087599    7.8004
12.9348    27.078    7.8004
12.9332    27.0756    7.8004
12.929999    27.0684    7.8004
12.9108    27.024399    7.8004
12.9084    27.013199    7.8004
12.906799    26.986    7.8004
12.906    26.9196    7.8004
12.906    26.9172    7.8004
