23.8228    29.5404    14.4004
23.8148    29.5644    14.4004
23.7972    29.5996    14.4004
23.795599    29.6036    14.4004
23.7948    29.6052    14.4004
23.765999    29.656399    14.4004
23.764399    29.661999    14.4004
23.758799    29.6708    14.4004
23.749199    29.685999    14.4004
23.746    29.706    14.4004
23.7452    29.7132    14.4004
23.7452    29.734    14.4004
23.747599    29.758799    14.4004
23.746    29.7668    14.4004
23.743599    29.7932    14.4004
23.736399    29.820398    14.4004
23.734    29.827599    14.4004
23.723598    29.8508    14.4004
23.719599    29.861198    14.4004
23.702799    29.892399    14.4004
23.695599    29.9044    14.4004
23.6836    29.921999    14.4004
23.663599    29.946798    14.4004
23.6572    29.9548    14.4004
23.6484    29.9636    14.4004
23.63    29.981998    14.4004
23.615599    29.994    14.4004
23.602    30.004398    14.4004
23.587599    30.014    14.4004
23.578    30.022799    14.4004
23.563599    30.0292    14.4004
23.548399    30.037199    14.4004
23.5444    30.038    14.4004
23.522799    30.0444    14.4004
23.5196    30.0444    14.4004
23.4924    30.0444    14.4004
23.4884    30.0436    14.4004
23.461199    30.042799    14.4004
23.4532    30.0388    14.4004
23.4348    30.0332    14.4004
23.420399    30.0236    14.4004
23.414799    30.018    14.4004
23.403599    29.998798    14.4004
23.401999    29.9924    14.4004
23.4004    29.9884    14.4004
23.396399    29.9604    14.4004
23.3972    29.955599    14.4004
23.401999    29.914    14.4004
23.401999    29.913198    14.4004
23.401999    29.910799    14.4004
23.4028    29.909199    14.4004
23.403599    29.9068    14.4004
23.4052    29.8988    14.4004
23.4212    29.8324    14.4004
23.4188    29.8244    14.4004
23.4172    29.7972    14.4004
23.410799    29.778    14.4004
23.4052    29.7732    14.4004
23.3708    29.726799    14.4004
23.368399    29.722    14.4004
23.362799    29.706799    14.4004
23.357199    29.6924    14.4004
23.3564    29.6908    14.4004
23.3492    29.6628    14.4004
23.3492    29.6516    14.4004
23.3484    29.6412    14.4004
23.3524    29.6244    14.4004
23.354    29.6132    14.4004
23.3548    29.6108    14.4004
23.3556    29.608398    14.4004
23.357199    29.604399    14.4004
23.366    29.5772    14.4004
23.373999    29.5684    14.4004
23.3836    29.5532    14.4004
23.406    29.5292    14.4004
23.413198    29.5212    14.4004
23.434    29.5028    14.4004
23.4468    29.489199    14.4004
23.4564    29.4804    14.4004
23.498    29.446    14.4004
23.500399    29.444399    14.4004
23.5156    29.434    14.4004
23.524399    29.4268    14.4004
23.538    29.4172    14.4004
23.563599    29.401999    14.4004
23.585999    29.3892    14.4004
23.602798    29.379599    14.4004
23.6252    29.3676    14.4004
23.6348    29.364399    14.4004
23.646    29.3596    14.4004
23.6908    29.3428    14.4004
23.712399    29.3356    14.4004
23.736399    29.3284    14.4004
23.7596    29.3268    14.4004
23.7708    29.3268    14.4004
23.7852    29.327599    14.4004
23.7988    29.3308    14.4004
23.801199    29.3316    14.4004
23.8036    29.333199    14.4004
23.8092    29.340399    14.4004
23.8252    29.357199    14.4004
23.8364    29.3772    14.4004
23.838    29.3804    14.4004
23.8428    29.4028    14.4004
23.8428    29.416399    14.4004
23.8428    29.431599    14.4004
23.842    29.449999    14.4004
23.842    29.4604    14.4004
23.838799    29.4756    14.4004
23.838    29.486    14.4004
23.8316    29.507599    14.4004
23.829199    29.5196    14.4004
23.8228    29.5404    14.4004
