21.6444    29.5796    11.4004
21.618    29.593199    11.4004
21.6052    29.5996    11.4004
21.5972    29.604399    11.4004
21.5476    29.628399    11.4004
21.526    29.6388    11.4004
21.5204    29.642    11.4004
21.511599    29.645199    11.4004
21.4732    29.660398    11.4004
21.4236    29.680399    11.4004
21.4124    29.684399    11.4004
21.378    29.6948    11.4004
21.3204    29.7108    11.4004
21.2452    29.73    11.4004
21.23    29.7332    11.4004
21.2204    29.734798    11.4004
21.194    29.740398    11.4004
21.1084    29.758    11.4004
21.0572    29.769999    11.4004
21.01    29.7796    11.4004
20.949999    29.7932    11.4004
20.91    29.8004    11.4004
20.8444    29.810799    11.4004
20.834    29.812399    11.4004
20.758799    29.8188    11.4004
20.7556    29.8196    11.4004
20.7332    29.8228    11.4004
20.6412    29.833199    11.4004
20.6204    29.8356    11.4004
20.6084    29.8372    11.4004
20.598    29.8372    11.4004
20.5612    29.842    11.4004
20.552399    29.8412    11.4004
20.5196    29.838799    11.4004
20.477999    29.8244    11.4004
20.4772    29.823599    11.4004
20.473999    29.801199    11.4004
20.473999    29.795599    11.4004
20.5036    29.7508    11.4004
20.5044    29.75    11.4004
20.5052    29.749199    11.4004
20.5476    29.693998    11.4004
20.6068    29.625198    11.4004
20.6348    29.594    11.4004
20.6708    29.5532    11.4004
20.7276    29.487598    11.4004
20.782799    29.418    11.4004
20.8116    29.377998    11.4004
20.8188    29.368399    11.4004
20.853199    29.3156    11.4004
20.8636    29.297998    11.4004
20.8836    29.258    11.4004
20.886    29.254    11.4004
20.8884    29.245998    11.4004
20.89    29.225199    11.4004
20.892399    29.2116    11.4004
20.882    29.189999    11.4004
20.8772    29.1812    11.4004
20.853199    29.1372    11.4004
20.8396    29.102798    11.4004
20.838799    29.0996    11.4004
20.838    29.0964    11.4004
20.8372    29.0684    11.4004
20.838799    29.0628    11.4004
20.8412    29.057999    11.4004
20.862799    29.024399    11.4004
20.882    29.000399    11.4004
20.9044    28.973999    11.4004
20.9156    28.959599    11.4004
20.9324    28.9396    11.4004
20.948399    28.9196    11.4004
20.9628    28.903599    11.4004
20.985199    28.8788    11.4004
20.9972    28.8636    11.4004
21.0036    28.8564    11.4004
21.0284    28.8284    11.4004
21.0348    28.8212    11.4004
21.057999    28.799599    11.4004
21.081999    28.7788    11.4004
21.085999    28.775599    11.4004
21.132399    28.743599    11.4004
21.133999    28.7428    11.4004
21.1356    28.7412    11.4004
21.1548    28.7276    11.4004
21.185999    28.71    11.4004
21.2316    28.685999    11.4004
21.2788    28.6612    11.4004
21.3508    28.622    11.4004
21.3716    28.6108    11.4004
21.386    28.602798    11.4004
21.4116    28.5844    11.4004
21.4292    28.574799    11.4004
21.4452    28.5604    11.4004
21.4636    28.542799    11.4004
21.4788    28.5252    11.4004
21.5156    28.481998    11.4004
21.5436    28.4476    11.4004
21.548399    28.442    11.4004
21.5556    28.434    11.4004
21.5788    28.41    11.4004
21.594    28.3956    11.4004
21.6164    28.372398    11.4004
21.6612    28.333199    11.4004
21.6652    28.33    11.4004
21.6684    28.3268    11.4004
21.7092    28.2908    11.4004
21.736399    28.2692    11.4004
21.7372    28.2684    11.4004
21.7412    28.2652    11.4004
21.788399    28.2332    11.4004
21.8156    28.217999    11.4004
21.8284    28.21    11.4004
21.8708    28.193998    11.4004
21.879599    28.189999    11.4004
21.8836    28.188398    11.4004
21.9172    28.180399    11.4004
21.9292    28.1764    11.4004
21.933199    28.1756    11.4004
21.9436    28.1724    11.4004
21.9636    28.17    11.4004
21.986    28.167599    11.4004
22.028399    28.163599    11.4004
22.0436    28.1628    11.4004
22.080399    28.1628    11.4004
22.094799    28.1628    11.4004
22.1276    28.163599    11.4004
22.1332    28.163599    11.4004
22.142    28.1644    11.4004
22.2204    28.1708    11.4004
22.2428    28.1724    11.4004
22.2652    28.174    11.4004
22.277199    28.174799    11.4004
22.293999    28.1756    11.4004
22.302    28.1756    11.4004
22.306799    28.1756    11.4004
22.317999    28.174799    11.4004
22.334    28.173199    11.4004
22.3508    28.17    11.4004
22.378    28.160398    11.4004
22.3788    28.160398    11.4004
22.379599    28.160398    11.4004
22.4004    28.15    11.4004
22.43    28.1332    11.4004
22.4412    28.126799    11.4004
22.4452    28.1244    11.4004
22.490799    28.094    11.4004
22.5052    28.0844    11.4004
22.622799    28.0036    11.4004
22.642    27.99    11.4004
22.643599    27.9884    11.4004
22.65    27.9844    11.4004
22.678799    27.966    11.4004
22.7004    27.9516    11.4004
22.7316    27.9324    11.4004
22.771599    27.9156    11.4004
22.775599    27.914    11.4004
22.777199    27.913198    11.4004
22.8204    27.8972    11.4004
22.8324    27.894    11.4004
22.8484    27.89    11.4004
22.8844    27.886    11.4004
22.8972    27.8836    11.4004
22.9044    27.8828    11.4004
22.916399    27.882    11.4004
22.9588    27.8804    11.4004
22.9876    27.8828    11.4004
23.005999    27.8844    11.4004
23.037199    27.8876    11.4004
23.0452    27.8884    11.4004
23.05    27.8892    11.4004
23.078    27.8948    11.4004
23.1196    27.906    11.4004
23.122    27.9068    11.4004
23.126    27.9084    11.4004
23.15    27.9172    11.4004
23.167599    27.924398    11.4004
23.173199    27.927599    11.4004
23.1996    27.9492    11.4004
23.21    27.9604    11.4004
23.2284    27.9844    11.4004
23.236399    27.996399    11.4004
23.241999    28.0084    11.4004
23.2484    28.024399    11.4004
23.2564    28.042799    11.4004
23.262    28.0612    11.4004
23.2636    28.0724    11.4004
23.265999    28.093199    11.4004
23.2652    28.118    11.4004
23.2652    28.1204    11.4004
23.264399    28.1244    11.4004
23.260399    28.1476    11.4004
23.2564    28.1572    11.4004
23.2484    28.188398    11.4004
23.232399    28.2228    11.4004
23.23    28.2284    11.4004
23.2284    28.2316    11.4004
23.2148    28.2596    11.4004
23.2052    28.2732    11.4004
23.194    28.2916    11.4004
23.1876    28.3004    11.4004
23.173199    28.3212    11.4004
23.156399    28.3412    11.4004
23.133999    28.3636    11.4004
23.1188    28.377998    11.4004
23.104399    28.3916    11.4004
23.0404    28.4476    11.4004
23.0324    28.453999    11.4004
23.0276    28.458    11.4004
23.0084    28.473999    11.4004
22.9876    28.494    11.4004
22.9716    28.5108    11.4004
22.942    28.542    11.4004
22.9012    28.5836    11.4004
22.8972    28.5868    11.4004
22.8892    28.594    11.4004
22.8556    28.6236    11.4004
22.8156    28.656399    11.4004
22.7988    28.669199    11.4004
22.746    28.706799    11.4004
22.725199    28.7204    11.4004
22.7156    28.726799    11.4004
22.702    28.737999    11.4004
22.6892    28.7484    11.4004
22.682    28.754    11.4004
22.6756    28.7628    11.4004
22.669199    28.7708    11.4004
22.6532    28.7876    11.4004
22.650799    28.7916    11.4004
22.6444    28.8076    11.4004
22.6372    28.8156    11.4004
22.633999    28.826    11.4004
22.6292    28.844398    11.4004
22.621199    28.866    11.4004
22.609999    28.901999    11.4004
22.5956    28.9524    11.4004
22.59    28.97    11.4004
22.585999    28.981998    11.4004
22.574    29.011599    11.4004
22.5668    29.0292    11.4004
22.563599    29.0348    11.4004
22.5404    29.074799    11.4004
22.524399    29.098    11.4004
22.5164    29.1108    11.4004
22.5108    29.1164    11.4004
22.4868    29.1444    11.4004
22.4636    29.1708    11.4004
22.455599    29.1796    11.4004
22.4468    29.185999    11.4004
22.4292    29.2036    11.4004
22.4132    29.2164    11.4004
22.4012    29.226799    11.4004
22.3916    29.2332    11.4004
22.373999    29.245998    11.4004
22.3564    29.258799    11.4004
22.3084    29.288399    11.4004
22.3004    29.293999    11.4004
22.289999    29.299599    11.4004
22.258799    29.317999    11.4004
22.236399    29.329199    11.4004
22.2092    29.342    11.4004
22.17    29.3596    11.4004
22.1484    29.3692    11.4004
22.100399    29.3884    11.4004
22.0628    29.4028    11.4004
22.0532    29.4068    11.4004
21.9292    29.4508    11.4004
21.8804    29.4676    11.4004
21.853199    29.4788    11.4004
21.834799    29.486    11.4004
21.795599    29.5028    11.4004
21.777199    29.511599    11.4004
21.7556    29.522799    11.4004
21.7316    29.5348    11.4004
21.6444    29.5796    11.4004
