17.8772    29.5684    20.4004
17.853199    29.557999    20.4004
17.8428    29.552399    20.4004
17.8204    29.542    20.4004
17.806    29.5324    20.4004
17.795599    29.526    20.4004
17.786    29.518799    20.4004
17.7692    29.5108    20.4004
17.746    29.494    20.4004
17.734    29.4844    20.4004
17.7044    29.4636    20.4004
17.698    29.458    20.4004
17.657999    29.4212    20.4004
17.6556    29.418798    20.4004
17.6548    29.418    20.4004
17.6292    29.390799    20.4004
17.6244    29.385199    20.4004
17.5868    29.3436    20.4004
17.5836    29.3396    20.4004
17.5492    29.297998    20.4004
17.5348    29.2788    20.4004
17.5212    29.260399    20.4004
17.494    29.2172    20.4004
17.4876    29.2076    20.4004
17.4708    29.1812    20.4004
17.4644    29.1724    20.4004
17.4604    29.165998    20.4004
17.438799    29.126799    20.4004
17.438    29.126    20.4004
17.434    29.1188    20.4004
17.4044    29.0644    20.4004
17.3996    29.053999    20.4004
17.3908    29.041199    20.4004
17.3772    29.0164    20.4004
17.3732    29.0124    20.4004
17.3708    29.0084    20.4004
17.362799    28.9868    20.4004
17.3484    28.965199    20.4004
17.347599    28.9644    20.4004
17.345999    28.9636    20.4004
17.326    28.953999    20.4004
17.3212    28.946    20.4004
17.305199    28.942    20.4004
17.2868    28.935598    20.4004
17.278    28.934    20.4004
17.265999    28.935598    20.4004
17.2628    28.9348    20.4004
17.246    28.9284    20.4004
17.2444    28.927599    20.4004
17.234    28.913198    20.4004
17.213999    28.8932    20.4004
17.1924    28.8676    20.4004
17.1572    28.823599    20.4004
17.1428    28.805199    20.4004
17.117199    28.7724    20.4004
17.094799    28.7428    20.4004
17.0916    28.737999    20.4004
17.09    28.734    20.4004
17.0852    28.719599    20.4004
17.0796    28.712399    20.4004
17.074    28.6964    20.4004
17.0716    28.6876    20.4004
17.0684    28.669199    20.4004
17.0628    28.654    20.4004
17.0612    28.628399    20.4004
17.059599    28.6204    20.4004
17.0572    28.6076    20.4004
17.0556    28.5836    20.4004
17.046    28.5668    20.4004
17.037199    28.553999    20.4004
17.0228    28.5716    20.4004
16.9956    28.591599    20.4004
16.9884    28.594    20.4004
16.982    28.5892    20.4004
16.9692    28.57    20.4004
16.9628    28.563599    20.4004
16.961199    28.559599    20.4004
16.938799    28.5164    20.4004
16.9172    28.476398    20.4004
16.909199    28.4604    20.4004
16.906    28.4524    20.4004
16.8916    28.4236    20.4004
16.869999    28.375599    20.4004
16.8652    28.366798    20.4004
16.864399    28.3636    20.4004
16.829199    28.2804    20.4004
16.8284    28.278    20.4004
16.782    28.1612    20.4004
16.77    28.13    20.4004
16.7572    28.091599    20.4004
16.734    28.024399    20.4004
16.718    27.972399    20.4004
16.7036    27.9236    20.4004
16.6996    27.910799    20.4004
16.6892    27.872398    20.4004
16.678    27.83    20.4004
16.6724    27.8044    20.4004
16.6604    27.7612    20.4004
16.65    27.7076    20.4004
16.6468    27.689999    20.4004
16.639599    27.650799    20.4004
16.6372    27.6316    20.4004
16.6364    27.622799    20.4004
16.6332    27.587599    20.4004
16.6308    27.5684    20.4004
16.63    27.5476    20.4004
16.6276    27.5236    20.4004
16.6316    27.470798    20.4004
16.6324    27.4588    20.4004
16.639599    27.4308    20.4004
16.639599    27.424398    20.4004
16.6484    27.386    20.4004
16.65    27.3748    20.4004
16.6588    27.3524    20.4004
16.6596    27.3436    20.4004
16.67    27.314    20.4004
16.6756    27.302    20.4004
16.678    27.292398    20.4004
16.689999    27.2628    20.4004
16.6956    27.254    20.4004
16.7044    27.23    20.4004
16.718    27.198    20.4004
16.7244    27.1892    20.4004
16.7428    27.1588    20.4004
16.7524    27.1484    20.4004
16.7676    27.126    20.4004
16.7812    27.1068    20.4004
16.806799    27.0828    20.4004
16.8228    27.0676    20.4004
16.83    27.0612    20.4004
16.840399    27.056398    20.4004
16.847599    27.046799    20.4004
16.866    27.031599    20.4004
16.897999    27.0068    20.4004
16.9252    26.987598    20.4004
16.972399    26.9564    20.4004
17.046799    26.906    20.4004
17.059599    26.897999    20.4004
17.0724    26.890799    20.4004
17.128399    26.8636    20.4004
17.1604    26.8484    20.4004
17.21    26.8268    20.4004
17.2428    26.8156    20.4004
17.278    26.805199    20.4004
17.3356    26.786    20.4004
17.3692    26.7796    20.4004
17.3892    26.7764    20.4004
17.414799    26.771599    20.4004
17.442799    26.7684    20.4004
17.4596    26.7676    20.4004
17.477999    26.769999    20.4004
17.4868    26.7692    20.4004
17.5012    26.7804    20.4004
17.5044    26.788399    20.4004
17.500399    26.799599    20.4004
17.494799    26.817999    20.4004
17.490799    26.827599    20.4004
17.482    26.8396    20.4004
17.458    26.8804    20.4004
17.442799    26.903599    20.4004
17.438    26.9124    20.4004
17.403599    26.9604    20.4004
17.402    26.9636    20.4004
17.3788    26.998    20.4004
17.3764    27.0036    20.4004
17.364399    27.024399    20.4004
17.354    27.041199    20.4004
17.3412    27.063599    20.4004
17.3332    27.0772    20.4004
17.3204    27.102798    20.4004
17.3156    27.122799    20.4004
17.306799    27.139599    20.4004
17.3036    27.150799    20.4004
17.3036    27.167599    20.4004
17.3028    27.180399    20.4004
17.3084    27.1996    20.4004
17.3156    27.2132    20.4004
17.3268    27.213999    20.4004
17.3484    27.2164    20.4004
17.375599    27.2204    20.4004
17.3972    27.226    20.4004
17.4172    27.232399    20.4004
17.4284    27.2388    20.4004
17.434    27.232399    20.4004
17.4572    27.229198    20.4004
17.4588    27.226799    20.4004
17.461199    27.2244    20.4004
17.4788    27.202    20.4004
17.4932    27.201199    20.4004
17.5028    27.1836    20.4004
17.5084    27.173199    20.4004
17.5156    27.1524    20.4004
17.518799    27.142    20.4004
17.5308    27.1188    20.4004
17.5348    27.1092    20.4004
17.552399    27.074799    20.4004
17.5756    27.0292    20.4004
17.5796    27.022    20.4004
17.5852    27.0164    20.4004
17.600399    26.994    20.4004
17.6188    26.9812    20.4004
17.6236    26.976398    20.4004
17.6436    26.9748    20.4004
17.654    26.9716    20.4004
17.667599    26.9716    20.4004
17.6836    26.972399    20.4004
17.698    26.973999    20.4004
17.749199    26.979599    20.4004
17.7804    26.9844    20.4004
17.802    26.9884    20.4004
17.8116    26.989199    20.4004
17.8204    26.993198    20.4004
17.8332    27.011599    20.4004
17.834    27.0252    20.4004
17.8372    27.038    20.4004
17.8396    27.0572    20.4004
17.8428    27.0796    20.4004
17.8436    27.09    20.4004
17.845999    27.111599    20.4004
17.8484    27.1356    20.4004
17.8492    27.1428    20.4004
17.8468    27.1644    20.4004
17.847599    27.171598    20.4004
17.842    27.1908    20.4004
17.840399    27.201199    20.4004
17.8388    27.21    20.4004
17.8076    27.3204    20.4004
17.802    27.3412    20.4004
17.793999    27.366    20.4004
17.7924    27.3916    20.4004
17.7908    27.397999    20.4004
17.7892    27.4196    20.4004
17.788399    27.424398    20.4004
17.793999    27.446    20.4004
17.793999    27.448399    20.4004
17.7948    27.4508    20.4004
17.8188    27.4748    20.4004
17.8188    27.4756    20.4004
17.862    27.511599    20.4004
17.864399    27.513199    20.4004
17.897999    27.542799    20.4004
17.9076    27.55    20.4004
17.9188    27.5604    20.4004
17.942    27.5796    20.4004
17.9588    27.597198    20.4004
17.983599    27.622    20.4004
17.994799    27.6308    20.4004
18.0108    27.6428    20.4004
18.0324    27.6356    20.4004
18.0516    27.625198    20.4004
18.053999    27.617199    20.4004
18.0556    27.604399    20.4004
18.059599    27.581999    20.4004
18.0644    27.566    20.4004
18.066    27.5572    20.4004
18.0716    27.522    20.4004
18.0732    27.511599    20.4004
18.0788    27.4868    20.4004
18.0804    27.4804    20.4004
18.0828    27.4756    20.4004
18.086    27.4532    20.4004
18.098799    27.425999    20.4004
18.114    27.425999    20.4004
18.128399    27.424398    20.4004
18.154    27.427599    20.4004
18.1588    27.4284    20.4004
18.185999    27.4404    20.4004
18.2004    27.449999    20.4004
18.2036    27.453999    20.4004
18.2044    27.4548    20.4004
18.2068    27.459599    20.4004
18.2172    27.4756    20.4004
18.232399    27.5028    20.4004
18.2372    27.5084    20.4004
18.237999    27.51    20.4004
18.2484    27.528399    20.4004
18.3148    27.645199    20.4004
18.3748    27.7484    20.4004
18.3996    27.793999    20.4004
18.4132    27.821999    20.4004
18.4196    27.834799    20.4004
18.442    27.8916    20.4004
18.442799    27.892399    20.4004
18.4452    27.897999    20.4004
18.4524    27.921999    20.4004
18.4548    27.935598    20.4004
18.4564    27.949999    20.4004
18.4588    27.958    20.4004
18.4636    27.989199    20.4004
18.4676    28.001999    20.4004
18.4708    28.022799    20.4004
18.4788    28.078    20.4004
18.4812    28.098799    20.4004
18.483599    28.122799    20.4004
18.4884    28.1908    20.4004
18.4884    28.2228    20.4004
18.490799    28.278    20.4004
18.489199    28.305199    20.4004
18.4884    28.342    20.4004
18.4884    28.344398    20.4004
18.486    28.3996    20.4004
18.4828    28.4308    20.4004
18.479599    28.466    20.4004
18.473999    28.505999    20.4004
18.4716    28.528399    20.4004
18.4692    28.541199    20.4004
18.4572    28.59    20.4004
18.4564    28.593199    20.4004
18.4524    28.6364    20.4004
18.4516    28.678799    20.4004
18.4516    28.682    20.4004
18.4516    28.7044    20.4004
18.4516    28.7428    20.4004
18.4516    28.745998    20.4004
18.4524    28.751598    20.4004
18.454    28.7908    20.4004
18.455599    28.8028    20.4004
18.455599    28.817999    20.4004
18.4628    28.8732    20.4004
18.4628    28.873999    20.4004
18.462    28.914    20.4004
18.4628    28.9228    20.4004
18.4636    28.927599    20.4004
18.4636    28.9516    20.4004
18.4644    28.958    20.4004
18.4708    28.983599    20.4004
18.4716    28.99    20.4004
18.4844    29.0084    20.4004
18.489199    29.0212    20.4004
18.500399    29.0268    20.4004
18.513199    29.0436    20.4004
18.5324    29.057999    20.4004
18.5396    29.063599    20.4004
18.5492    29.0724    20.4004
18.5612    29.0852    20.4004
18.57    29.1012    20.4004
18.5732    29.118    20.4004
18.578    29.1276    20.4004
18.5812    29.142    20.4004
18.5868    29.1588    20.4004
18.5908    29.171598    20.4004
18.5972    29.2044    20.4004
18.598    29.2092    20.4004
18.598    29.2284    20.4004
18.5996    29.234798    20.4004
18.5924    29.253199    20.4004
18.59    29.258799    20.4004
18.5892    29.2596    20.4004
18.5716    29.282    20.4004
18.5492    29.306799    20.4004
18.5156    29.3428    20.4004
18.5092    29.347599    20.4004
18.4956    29.358    20.4004
18.4876    29.364399    20.4004
18.47    29.3636    20.4004
18.4684    29.362799    20.4004
18.4676    29.362799    20.4004
18.438799    29.349998    20.4004
18.4356    29.3508    20.4004
18.4012    29.349998    20.4004
18.379599    29.3748    20.4004
18.3772    29.3788    20.4004
18.3708    29.3916    20.4004
18.362    29.409199    20.4004
18.3556    29.418    20.4004
18.3492    29.4252    20.4004
18.3356    29.448399    20.4004
18.321999    29.4676    20.4004
18.323599    29.4924    20.4004
18.3212    29.4956    20.4004
18.3156    29.541199    20.4004
18.314    29.546    20.4004
18.3132    29.57    20.4004
18.3132    29.574799    20.4004
18.31    29.587599    20.4004
18.306    29.5996    20.4004
18.2948    29.6244    20.4004
18.282799    29.642    20.4004
18.278    29.650799    20.4004
18.2692    29.660398    20.4004
18.2444    29.6908    20.4004
18.2292    29.7092    20.4004
18.2068    29.7316    20.4004
18.1884    29.745998    20.4004
18.1812    29.75    20.4004
18.1492    29.754799    20.4004
18.1292    29.760399    20.4004
18.074    29.771599    20.4004
18.0716    29.771599    20.4004
18.070799    29.771599    20.4004
18.069199    29.7724    20.4004
18.0444    29.774    20.4004
18.0228    29.7668    20.4004
18.018799    29.7652    20.4004
18.018799    29.764399    20.4004
17.9996    29.7388    20.4004
17.9956    29.726799    20.4004
17.99    29.7044    20.4004
17.982    29.674    20.4004
17.9788    29.6612    20.4004
17.9708    29.6404    20.4004
17.9692    29.6332    20.4004
17.946    29.602798    20.4004
17.9348    29.5884    20.4004
17.925999    29.5844    20.4004
17.8772    29.5684    20.4004
