21.966    29.985199    12.0004
21.994799    30.001999    12.0004
22.001999    30.007599    12.0004
22.0276    30.0276    12.0004
22.05    30.046799    12.0004
22.0564    30.052399    12.0004
22.070799    30.0668    12.0004
22.081999    30.078    12.0004
22.1084    30.111599    12.0004
22.1188    30.125198    12.0004
22.121199    30.1276    12.0004
22.1252    30.1332    12.0004
22.154799    30.178    12.0004
22.161999    30.1924    12.0004
22.1724    30.2116    12.0004
22.1756    30.2188    12.0004
22.178    30.2284    12.0004
22.180399    30.2484    12.0004
22.1812    30.2652    12.0004
22.1772    30.331598    12.0004
22.1764    30.3324    12.0004
22.1764    30.333199    12.0004
22.1756    30.362799    12.0004
22.1812    30.379599    12.0004
22.1852    30.3932    12.0004
22.1932    30.4068    12.0004
22.2036    30.429998    12.0004
22.2116    30.4436    12.0004
22.2172    30.459599    12.0004
22.2188    30.470798    12.0004
22.217999    30.481998    12.0004
22.2172    30.4956    12.0004
22.206    30.5196    12.0004
22.2036    30.524399    12.0004
22.202    30.526    12.0004
22.1836    30.5492    12.0004
22.1684    30.566    12.0004
22.1572    30.578798    12.0004
22.1332    30.6036    12.0004
22.1292    30.6076    12.0004
22.0972    30.6404    12.0004
22.094    30.643599    12.0004
22.087599    30.6484    12.0004
22.057999    30.6684    12.0004
22.05    30.674    12.0004
22.031599    30.684399    12.0004
22.014    30.691599    12.0004
21.996399    30.6988    12.0004
21.962    30.7132    12.0004
21.948399    30.7188    12.0004
21.914    30.729198    12.0004
21.8836    30.737999    12.0004
21.881199    30.7388    12.0004
21.879599    30.7388    12.0004
21.878    30.7396    12.0004
21.83    30.751598    12.0004
21.8132    30.754    12.0004
21.795599    30.7564    12.0004
21.7796    30.757198    12.0004
21.743599    30.7556    12.0004
21.7292    30.754799    12.0004
21.6924    30.749199    12.0004
21.6836    30.7484    12.0004
21.650799    30.7428    12.0004
21.6188    30.736399    12.0004
21.6036    30.7356    12.0004
21.5788    30.737999    12.0004
21.5668    30.737999    12.0004
21.559599    30.7388    12.0004
21.534    30.7452    12.0004
21.5164    30.749199    12.0004
21.505999    30.751598    12.0004
21.4244    30.7732    12.0004
21.3564    30.7916    12.0004
21.278    30.812399    12.0004
21.2332    30.8244    12.0004
21.226    30.8268    12.0004
21.213999    30.83    12.0004
21.146    30.8492    12.0004
21.104399    30.8596    12.0004
21.078    30.866    12.0004
21.048399    30.872398    12.0004
21.034    30.875599    12.0004
20.9812    30.883598    12.0004
20.9644    30.8876    12.0004
20.9268    30.89    12.0004
20.9044    30.8932    12.0004
20.8724    30.894    12.0004
20.8492    30.894798    12.0004
20.806799    30.8956    12.0004
20.7932    30.8956    12.0004
20.7508    30.894    12.0004
20.7332    30.894    12.0004
20.6884    30.889198    12.0004
20.674    30.889198    12.0004
20.650799    30.886799    12.0004
20.611599    30.881199    12.0004
20.5964    30.8772    12.0004
20.55    30.8604    12.0004
20.5452    30.858799    12.0004
20.541199    30.857199    12.0004
20.538    30.8564    12.0004
20.5044    30.840399    12.0004
20.4884    30.8268    12.0004
20.466    30.801199    12.0004
20.4652    30.8004    12.0004
20.4644    30.7988    12.0004
20.459599    30.7764    12.0004
20.4628    30.762    12.0004
20.4676    30.7508    12.0004
20.473999    30.7388    12.0004
20.477999    30.726    12.0004
20.4916    30.706    12.0004
20.4932    30.702    12.0004
20.5084    30.682    12.0004
20.5196    30.669199    12.0004
20.522799    30.6652    12.0004
20.5388    30.645199    12.0004
20.5532    30.6292    12.0004
20.5628    30.6148    12.0004
20.5684    30.608398    12.0004
20.5836    30.5908    12.0004
20.602    30.569199    12.0004
20.6092    30.5588    12.0004
20.632399    30.5324    12.0004
20.633999    30.529999    12.0004
20.6572    30.5084    12.0004
20.6628    30.5028    12.0004
20.663599    30.501999    12.0004
20.702799    30.4628    12.0004
20.706799    30.458    12.0004
20.7468    30.4196    12.0004
20.7612    30.4052    12.0004
20.765999    30.4012    12.0004
20.814    30.3564    12.0004
20.8284    30.3428    12.0004
20.857199    30.3188    12.0004
20.8716    30.3076    12.0004
20.8828    30.2988    12.0004
20.9212    30.2692    12.0004
20.9628    30.2428    12.0004
20.998    30.217999    12.0004
21.0236    30.2004    12.0004
21.0444    30.1868    12.0004
21.0772    30.167599    12.0004
21.0964    30.156399    12.0004
21.115599    30.1476    12.0004
21.15    30.132399    12.0004
21.180399    30.1188    12.0004
21.2236    30.100399    12.0004
21.262    30.0844    12.0004
21.265999    30.0828    12.0004
21.345999    30.050798    12.0004
21.366    30.0444    12.0004
21.3948    30.0364    12.0004
21.4052    30.0332    12.0004
21.4644    30.0164    12.0004
21.4748    30.013199    12.0004
21.486    30.009998    12.0004
21.5404    29.996399    12.0004
21.604399    29.9828    12.0004
21.6124    29.9812    12.0004
21.637999    29.976398    12.0004
21.661999    29.9732    12.0004
21.680399    29.970798    12.0004
21.701199    29.9692    12.0004
21.736399    29.966799    12.0004
21.764399    29.966    12.0004
21.8084    29.966    12.0004
21.810799    29.966    12.0004
21.8156    29.966    12.0004
21.8508    29.966    12.0004
21.869999    29.966799    12.0004
21.9028    29.9692    12.0004
21.9052    29.97    12.0004
21.9452    29.977999    12.0004
21.962    29.983599    12.0004
21.9636    29.9844    12.0004
21.966    29.985199    12.0004
