11.217199    11.0836    7.5004
11.229199    11.033999    7.5004
11.252399    10.9516    7.5004
11.2699995    10.8907995    7.5004
11.2884    10.8252    7.5004
11.3132    10.7372    7.5004
11.320399    10.71    7.5004
11.342    10.6435995    7.5004
11.3564    10.5996    7.5004
11.366799    10.5716    7.5004
11.4148    10.447599    7.5004
11.4276    10.4164    7.5004
11.469999    10.3292    7.5004
11.487599    10.292399    7.5004
11.4948    10.2772    7.5004
11.5372    10.1956    7.5004
11.567599    10.131599    7.5004
11.573999    10.1212    7.5004
11.5844    10.1044    7.5004
11.6228    10.0444    7.5004
11.6404    10.0188    7.5004
11.6924    9.946    7.5004
11.7204    9.907599    7.5004
11.7588    9.8572    7.5004
11.797999    9.8108    7.5004
11.8252    9.781199    7.5004
11.8756    9.7308    7.5004
11.9316    9.6779995    7.5004
11.9404    9.671599    7.5004
11.9939995    9.6364    7.5004
12.0116    9.6244    7.5004
12.0588    9.597199    7.5004
12.090799    9.582    7.5004
12.1092    9.573999    7.5004
12.113999    9.5604    7.5004
12.1172    9.554    7.5004
12.1147995    9.5412    7.5004
12.1124    9.5227995    7.5004
12.1044    9.5012    7.5004
12.0932    9.478    7.5004
12.0716    9.418799    7.5004
12.0596    9.3828    7.5004
12.054    9.366799    7.5004
12.046    9.3364    7.5004
12.033199    9.2884    7.5004
12.0171995    9.217999    7.5004
12.0004    9.1491995    7.5004
11.998    9.090799    7.5004
11.9964    9.0812    7.5004
11.998    9.0732    7.5004
12.0076    9.0428    7.5004
12.0116    9.0364    7.5004
12.0204    9.0324    7.5004
12.0372    9.021999    7.5004
12.0596    9.014    7.5004
12.062799    9.0124    7.5004
12.085199    9.0156    7.5004
12.090799    9.0132    7.5004
12.1108    9.0171995    7.5004
12.1228    9.0171995    7.5004
12.1356    9.0196    7.5004
12.1644    9.026    7.5004
12.210799    9.038    7.5004
12.2308    9.045199    7.5004
12.2755995    9.0596    7.5004
12.29    9.0652    7.5004
12.3116    9.0732    7.5004
12.3716    9.0996    7.5004
12.382    9.1044    7.5004
12.4548    9.1396    7.5004
12.4604    9.142799    7.5004
12.4883995    9.1612    7.5004
12.498799    9.1684    7.5004
12.502    9.17    7.5004
12.5692    9.2148    7.5004
12.5828    9.223599    7.5004
12.5828    9.2244    7.5004
12.5836    9.2244    7.5004
12.6556    9.2772    7.5004
12.7044    9.3132    7.5004
12.7316    9.3348    7.5004
12.757199    9.3564    7.5004
12.8076    9.401199    7.5004
12.8636    9.4508    7.5004
12.878799    9.464399    7.5004
12.900399    9.486    7.5004
12.964399    9.5492    7.5004
12.9836    9.5668    7.5004
12.9956    9.578    7.5004
13.009999    9.5932    7.5004
13.026    9.6147995    7.5004
13.055599    9.6435995    7.5004
13.0612    9.648399    7.5004
13.062799    9.65    7.5004
13.062799    9.6508    7.5004
13.078    9.662    7.5004
13.090799    9.677199    7.5004
13.0988    9.683599    7.5004
13.1092    9.6964    7.5004
13.120399    9.7067995    7.5004
13.1244    9.711599    7.5004
13.1412    9.7188    7.5004
13.1516    9.7308    7.5004
13.1723995    9.7452    7.5004
13.1788    9.7476    7.5004
13.1964    9.757199    7.5004
13.2276    9.774799    7.5004
13.234799    9.7772    7.5004
13.257199    9.79    7.5004
13.3172    9.8284    7.5004
13.4028    9.8764    7.5004
13.4204    9.886    7.5004
13.4908    9.929999    7.5004
13.5012    9.936399    7.5004
13.527599    9.9564    7.5004
13.5708    9.9883995    7.5004
13.638    10.038    7.5004
13.654799    10.050799    7.5004
13.6988    10.0836    7.5004
13.750799    10.1236    7.5004
13.780399    10.1508    7.5004
13.7948    10.1676    7.5004
13.8043995    10.1788    7.5004
13.826799    10.2012    7.5004
13.843599    10.2084    7.5004
13.858    10.21    7.5004
13.8756    10.2092    7.5004
13.8796    10.2076    7.5004
13.889999    10.2036    7.5004
13.963599    10.1868    7.5004
13.9772    10.183599    7.5004
13.99    10.182799    7.5004
14.0188    10.183599    7.5004
14.038799    10.1932    7.5004
14.046    10.1972    7.5004
14.061199    10.2067995    7.5004
14.0716    10.214    7.5004
14.1012    10.2388    7.5004
14.1676    10.2948    7.5004
14.2196    10.342    7.5004
14.2332    10.355599    7.5004
14.2596    10.3812    7.5004
14.3004    10.4228    7.5004
14.3684    10.4956    7.5004
14.373199    10.5012    7.5004
14.3756    10.5036    7.5004
14.4444    10.578    7.5004
14.4939995    10.6396    7.5004
14.503599    10.6556    7.5004
14.509999    10.6668    7.5004
14.5227995    10.683599    7.5004
14.5348    10.714    7.5004
14.5428    10.7308    7.5004
14.5484    10.754    7.5004
14.5532    10.7668    7.5004
14.561199    10.8012    7.5004
14.566    10.825999    7.5004
14.584399    10.9084    7.5004
14.5876    10.9284    7.5004
14.596399    10.981999    7.5004
14.6068    11.0532    7.5004
14.6092    11.067599    7.5004
14.6108    11.0876    7.5004
14.6164    11.1516    7.5004
14.6212    11.202    7.5004
14.6228    11.217199    7.5004
14.624399    11.2556    7.5004
14.624399    11.2884    7.5004
14.624399    11.294    7.5004
14.6236    11.297999    7.5004
14.6236    11.3076    7.5004
14.620399    11.3684    7.5004
14.6164    11.3972    7.5004
14.6156    11.406799    7.5004
14.6147995    11.413199    7.5004
14.6092    11.434    7.5004
14.607599    11.446799    7.5004
14.602799    11.4684    7.5004
14.596399    11.49    7.5004
14.5884    11.5268    7.5004
14.579599    11.5532    7.5004
14.5652    11.5948    7.5004
14.5588    11.6164    7.5004
14.533999    11.6804    7.5004
14.521199    11.714    7.5004
14.509999    11.739599    7.5004
14.497999    11.7708    7.5004
14.4844    11.8028    7.5004
14.4668    11.842    7.5004
14.4268    11.9292    7.5004
14.423599    11.9372    7.5004
14.4204    11.9436    7.5004
14.3756    12.039599    7.5004
14.3644    12.0636    7.5004
14.360399    12.07    7.5004
14.348399    12.096399    7.5004
14.3228    12.1412    7.5004
14.320399    12.147599    7.5004
14.302    12.17    7.5004
14.297199    12.176399    7.5004
14.29    12.1852    7.5004
14.269199    12.205999    7.5004
14.262799    12.211599    7.5004
14.245999    12.222799    7.5004
14.21    12.2388    7.5004
14.189199    12.2452    7.5004
14.1444    12.262    7.5004
14.0708    12.2852    7.5004
14.045199    12.292399    7.5004
13.9748    12.315599    7.5004
13.9204    12.334    7.5004
13.877199    12.3468    7.5004
13.7932    12.3652    7.5004
13.762799    12.373199    7.5004
13.7436    12.3764    7.5004
13.7308    12.3772    7.5004
13.711599    12.3764    7.5004
13.700399    12.3756    7.5004
13.686    12.373199    7.5004
13.671599    12.3636    7.5004
13.662    12.3524    7.5004
13.6516    12.3404    7.5004
13.6356    12.322    7.5004
13.613999    12.2964    7.5004
13.6012    12.2796    7.5004
13.582    12.262799    7.5004
13.5756    12.257199    7.5004
13.5636    12.266    7.5004
13.5524    12.2772    7.5004
13.5468    12.281199    7.5004
13.5227995    12.297999    7.5004
13.4948    12.3236    7.5004
13.4556    12.354799    7.5004
13.3868    12.4092    7.5004
13.3812    12.413199    7.5004
13.3772    12.4172    7.5004
13.320399    12.4684    7.5004
13.2764    12.506    7.5004
13.2316    12.549999    7.5004
13.1844    12.596399    7.5004
13.147599    12.6324    7.5004
13.0876    12.698    7.5004
13.050799    12.740399    7.5004
13.028399    12.768399    7.5004
12.9916    12.814    7.5004
12.9388    12.878799    7.5004
12.9156    12.9116    7.5004
12.8764    12.970799    7.5004
12.8684    12.9844    7.5004
12.866799    12.986799    7.5004
12.8619995    12.9964    7.5004
12.8236    13.07    7.5004
12.7996    13.118799    7.5004
12.780399    13.160399    7.5004
12.7652    13.1972    7.5004
12.7532    13.2268    7.5004
12.7308    13.2884    7.5004
12.714    13.3412    7.5004
12.7076    13.3628    7.5004
12.705199    13.37    7.5004
12.702    13.3876    7.5004
12.681999    13.4796    7.5004
12.6628    13.585199    7.5004
12.662    13.5868    7.5004
12.662    13.5876    7.5004
12.6468    13.699599    7.5004
12.641999    13.7492    7.5004
12.634    13.849199    7.5004
12.634    13.8564    7.5004
12.6332    13.860399    7.5004
12.631599    13.882    7.5004
12.625199    13.9828    7.5004
12.625199    14.002    7.5004
12.6276    14.1068    7.5004
12.6292    14.1723995    7.5004
12.631599    14.226    7.5004
12.634    14.278    7.5004
12.6404    14.3532    7.5004
12.65    14.464399    7.5004
12.6516    14.481199    7.5004
12.659599    14.590799    7.5004
12.6723995    14.687599    7.5004
12.6748    14.7092    7.5004
12.6964    14.8508    7.5004
12.7028    14.8916    7.5004
12.7188    14.9883995    7.5004
12.7332    15.0692    7.5004
12.745199    15.1276    7.5004
12.7588    15.2067995    7.5004
12.768399    15.2612    7.5004
12.7796    15.309199    7.5004
12.7956    15.377999    7.5004
12.83    15.526799    7.5004
12.8308    15.5292    7.5004
12.8308    15.5308    7.5004
12.861199    15.6516    7.5004
12.8924    15.766    7.5004
12.924399    15.882    7.5004
12.953199    15.9844    7.5004
12.981999    16.0788    7.5004
13.0004    16.139599    7.5004
13.005199    16.1556    7.5004
13.0196    16.202    7.5004
13.042    16.2724    7.5004
13.068399    16.345999    7.5004
13.0892    16.4052    7.5004
13.1116    16.4652    7.5004
13.1388    16.531599    7.5004
13.1572    16.5772    7.5004
13.1804    16.6308    7.5004
13.202    16.678799    7.5004
13.223599    16.721199    7.5004
13.257999    16.788399    7.5004
13.278    16.8276    7.5004
13.286799    16.8428    7.5004
13.354799    16.9548    7.5004
13.3692    16.977999    7.5004
13.441199    17.0804    7.5004
13.441999    17.0812    7.5004
13.453199    17.0964    7.5004
13.5116    17.1716    7.5004
13.5124    17.173199    7.5004
13.5148    17.1756    7.5004
13.5812    17.2564    7.5004
13.618799    17.2964    7.5004
13.6796    17.3524    7.5004
13.6924    17.364399    7.5004
13.7196    17.3884    7.5004
13.768399    17.434    7.5004
13.802799    17.4644    7.5004
13.8748    17.5284    7.5004
13.9332    17.5804    7.5004
14.021999    17.6548    7.5004
14.17    17.777199    7.5004
14.2036    17.8076    7.5004
14.2556    17.8548    7.5004
14.302    17.8972    7.5004
14.3876    17.9828    7.5004
14.3884    17.983599    7.5004
14.4484    18.0444    7.5004
14.4796    18.0732    7.5004
14.5204    18.1164    7.5004
14.5812    18.174799    7.5004
14.625999    18.221199    7.5004
14.6852    18.2804    7.5004
14.734799    18.3316    7.5004
14.7876    18.3844    7.5004
14.8331995    18.4356    7.5004
14.8532    18.4564    7.5004
14.866799    18.4716    7.5004
14.9092    18.5148    7.5004
14.9332    18.5396    7.5004
14.9388    18.546    7.5004
14.9604    18.5676    7.5004
14.965199    18.574    7.5004
14.975599    18.574799    7.5004
15.0068    18.566    7.5004
15.0171995    18.5612    7.5004
15.021199    18.5604    7.5004
15.0476    18.5628    7.5004
15.061999    18.5676    7.5004
15.089999    18.5812    7.5004
15.138    18.605999    7.5004
15.1452    18.6092    7.5004
15.1468    18.609999    7.5004
15.15    18.611599    7.5004
15.2548    18.6628    7.5004
15.2708    18.673199    7.5004
15.3004    18.691599    7.5004
15.342    18.7124    7.5004
15.3876    18.7388    7.5004
15.423599    18.7596    7.5004
15.493199    18.7988    7.5004
15.533999    18.8244    7.5004
15.6092    18.8676    7.5004
15.620399    18.878    7.5004
15.6348    18.89    7.5004
15.6508    18.91    7.5004
15.665999    18.9212    7.5004
15.6676    18.9252    7.5004
15.670799    18.9284    7.5004
15.6804    18.942    7.5004
15.693199    18.9524    7.5004
15.694799    18.955599    7.5004
15.698    18.9596    7.5004
15.7076    18.9756    7.5004
15.7196    18.9868    7.5004
15.738    19.0124    7.5004
15.7428    19.018799    7.5004
15.7444    19.0212    7.5004
15.7612    19.0436    7.5004
15.7772    19.0668    7.5004
15.7836    19.076399    7.5004
15.8364    19.1612    7.5004
15.855599    19.1884    7.5004
15.8692    19.2076    7.5004
15.8996    19.2524    7.5004
15.941199    19.3132    7.5004
15.9908    19.390799    7.5004
15.997999    19.4004    7.5004
16.0084    19.4172    7.5004
16.046    19.4804    7.5004
16.066    19.513199    7.5004
16.0892    19.5532    7.5004
16.118    19.600399    7.5004
16.138    19.6348    7.5004
16.1604    19.673199    7.5004
16.184399    19.718    7.5004
16.191599    19.73    7.5004
16.1964    19.7404    7.5004
16.206    19.7596    7.5004
16.2276    19.799599    7.5004
16.2372    19.823599    7.5004
16.246    19.8444    7.5004
16.2636    19.89    7.5004
16.2692    19.9044    7.5004
16.2732    19.918    7.5004
16.3036    20.013199    7.5004
16.3156    20.053999    7.5004
16.3308    20.1068    7.5004
16.3372    20.128399    7.5004
16.342    20.1524    7.5004
16.358    20.2132    7.5004
16.3636    20.2412    7.5004
16.3772    20.3028    7.5004
16.3884    20.3564    7.5004
16.39    20.3652    7.5004
16.3908    20.3676    7.5004
16.3908    20.3716    7.5004
16.392399    20.378    7.5004
16.3932    20.3892    7.5004
16.3996    20.4348    7.5004
16.3996    20.448399    7.5004
16.3988    20.5036    7.5004
16.394    20.546799    7.5004
16.3908    20.559599    7.5004
16.386    20.5732    7.5004
16.3332    20.694    7.5004
16.3316    20.6996    7.5004
16.2988    20.764399    7.5004
16.2972    20.7676    7.5004
16.295599    20.7692    7.5004
16.2764    20.8036    7.5004
16.254    20.8372    7.5004
16.2372    20.8596    7.5004
16.206    20.9012    7.5004
16.1988    20.910799    7.5004
16.17    20.938799    7.5004
16.15    20.9524    7.5004
16.1428    20.9572    7.5004
16.1204    20.9692    7.5004
16.1124    20.9708    7.5004
16.1108    20.9708    7.5004
16.0812    20.9684    7.5004
16.0748    20.966799    7.5004
16.042    20.959599    7.5004
15.9916    20.9436    7.5004
15.9564    20.931599    7.5004
15.922    20.9188    7.5004
15.882799    20.9052    7.5004
15.848399    20.8892    7.5004
15.825199    20.8764    7.5004
15.8164    20.8716    7.5004
15.7964    20.857199    7.5004
15.774799    20.845999    7.5004
15.754    20.833199    7.5004
15.7411995    20.823599    7.5004
15.7204    20.8092    7.5004
15.7204    20.8084    7.5004
15.7196    20.8084    7.5004
15.6868    20.7724    7.5004
15.677199    20.7628    7.5004
15.6668    20.758    7.5004
15.6468    20.7412    7.5004
15.6228    20.7388    7.5004
15.6156    20.736399    7.5004
15.6124    20.736399    7.5004
15.584399    20.7412    7.5004
15.573999    20.747599    7.5004
15.5588    20.7564    7.5004
15.5476    20.7652    7.5004
15.5244    20.778    7.5004
15.5028    20.7892    7.5004
15.476399    20.7964    7.5004
15.417199    20.8172    7.5004
15.3996    20.823599    7.5004
15.3876    20.827599    7.5004
15.349999    20.8316    7.5004
15.33    20.8364    7.5004
15.3004    20.8412    7.5004
15.222799    20.8396    7.5004
15.21    20.840399    7.5004
15.205999    20.840399    7.5004
15.1396    20.8316    7.5004
15.1164    20.829199    7.5004
15.058    20.817999    7.5004
15.0236    20.812399    7.5004
14.9939995    20.8036    7.5004
14.934    20.788399    7.5004
14.8748    20.7676    7.5004
14.848399    20.758    7.5004
14.814799    20.7444    7.5004
14.7556    20.7204    7.5004
14.6676    20.6812    7.5004
14.6572    20.6764    7.5004
14.654799    20.6756    7.5004
14.6508    20.673199    7.5004
14.582    20.633999    7.5004
14.5292    20.6036    7.5004
14.4892    20.580399    7.5004
14.463599    20.563599    7.5004
14.386    20.5156    7.5004
14.3619995    20.4996    7.5004
14.3004    20.4588    7.5004
14.2372    20.416399    7.5004
14.205999    20.392399    7.5004
14.1052    20.3148    7.5004
14.102799    20.3132    7.5004
14.1004    20.310799    7.5004
14.0076    20.2388    7.5004
13.9172    20.161999    7.5004
13.900399    20.1484    7.5004
13.894799    20.1428    7.5004
13.7987995    20.0532    7.5004
13.7556    20.0124    7.5004
13.717199    19.973999    7.5004
13.6588    19.916399    7.5004
13.6324    19.8884    7.5004
13.5892    19.8428    7.5004
13.538    19.788399    7.5004
13.5004    19.747599    7.5004
13.453199    19.6948    7.5004
13.3972    19.63    7.5004
13.378799    19.6068    7.5004
13.3596    19.5836    7.5004
13.2987995    19.5068    7.5004
13.2588    19.455599    7.5004
13.2092    19.3884    7.5004
13.1932    19.3668    7.5004
13.1572    19.3188    7.5004
13.108399    19.2468    7.5004
13.089999    19.221199    7.5004
13.0188    19.1196    7.5004
13.010799    19.1076    7.5004
12.9484    19.01    7.5004
12.946799    19.0068    7.5004
12.8876    18.9116    7.5004
12.8764    18.8948    7.5004
12.822    18.805199    7.5004
12.797999    18.764399    7.5004
12.794    18.758    7.5004
12.751599    18.682    7.5004
12.7316    18.6476    7.5004
12.73    18.6436    7.5004
12.6723995    18.542    7.5004
12.660399    18.5212    7.5004
12.590799    18.385199    7.5004
12.590799    18.3844    7.5004
12.5204    18.247599    7.5004
12.5204    18.2468    7.5004
12.5196    18.246    7.5004
12.4595995    18.117199    7.5004
12.4004    17.990799    7.5004
12.3972    17.985199    7.5004
12.395599    17.9804    7.5004
12.3932    17.9756    7.5004
12.3276    17.826    7.5004
12.278    17.7092    7.5004
12.2156    17.5668    7.5004
12.1988    17.5276    7.5004
12.1844    17.4916    7.5004
12.1388    17.3748    7.5004
12.13    17.3524    7.5004
12.085199    17.2372    7.5004
12.0716    17.202799    7.5004
12.0292    17.0916    7.5004
12.0148    17.052399    7.5004
11.9548    16.8836    7.5004
11.9404    16.8444    7.5004
11.8932    16.7108    7.5004
11.8628    16.6196    7.5004
11.8484    16.576399    7.5004
11.8116    16.4628    7.5004
11.7964    16.4172    7.5004
11.762799    16.310799    7.5004
11.752399    16.278    7.5004
11.700399    16.1068    7.5004
11.69    16.0716    7.5004
11.631599    15.8796    7.5004
11.6172    15.83    7.5004
11.6044    15.785999    7.5004
11.567599    15.6491995    7.5004
11.5356    15.5316    7.5004
11.518    15.464399    7.5004
11.5036    15.405999    7.5004
11.4684    15.262799    7.5004
11.45    15.188399    7.5004
11.4204    15.0636    7.5004
11.4036    14.993199    7.5004
11.3772    14.8804    7.5004
11.361199    14.8052    7.5004
11.3356    14.6916    7.5004
11.325999    14.6452    7.5004
11.302    14.532399    7.5004
11.286799    14.458799    7.5004
11.263599    14.343599    7.5004
11.246799    14.2556    7.5004
11.23    14.1676    7.5004
11.2092    14.056399    7.5004
11.1924    13.964399    7.5004
11.1764    13.874    7.5004
11.1588    13.7644    7.5004
11.142799    13.6612    7.5004
11.13    13.579599    7.5004
11.1212    13.5148    7.5004
11.101999    13.3652    7.5004
11.0996    13.346    7.5004
11.0764    13.1468    7.5004
11.0716    13.1052    7.5004
11.062799    12.998799    7.5004
11.0612    12.9748    7.5004
11.0532    12.8628    7.5004
11.0515995    12.838799    7.5004
11.046    12.693999    7.5004
11.045199    12.6804    7.5004
11.0436    12.5756    7.5004
11.042    12.5116    7.5004
11.042    12.505199    7.5004
11.045199    12.3476    7.5004
11.045199    12.3228    7.5004
11.05    12.2076    7.5004
11.0524    12.1779995    7.5004
11.0596    12.0828    7.5004
11.068399    11.9836    7.5004
11.0716    11.9444    7.5004
11.0844    11.842    7.5004
11.0859995    11.83    7.5004
11.0868    11.8228    7.5004
11.106    11.6804    7.5004
11.1212    11.573999    7.5004
11.1276    11.5348    7.5004
11.1396    11.4676    7.5004
11.1572    11.3764    7.5004
11.159599    11.3652    7.5004
11.1644    11.3372    7.5004
11.1796    11.2532    7.5004
11.194799    11.1852    7.5004
11.2036    11.148399    7.5004
11.217199    11.0836    7.5004
