41.6492    32.5556    0.0004
41.652397    32.557198    0.0004
41.652397    32.5564    0.0004
42.391598    30.511599    0.0004
42.391598    30.5108    0.0004
42.871597    28.390799    0.0004
42.871597    28.39    0.0004
43.085197    26.226    0.0004
43.085197    26.225199    0.0004
43.0284    24.052399    0.0004
43.0284    24.0516    0.0004
42.702    21.901999    0.0004
42.702    21.9012    0.0004
42.1116    19.8084    0.0004
42.1116    19.8076    0.0004
41.266    17.805199    0.0004
41.265198    17.8044    0.0004
40.1788    15.9212    0.0004
40.177998    15.9204    0.0004
38.865997    14.187599    0.0004
38.8652    14.1868    0.0004
37.3484    12.63    0.0004
37.3476    12.6292    0.0004
35.6492    11.2724    0.0004
35.6484    11.2716    0.0004
33.7956    10.1356    0.0004
33.7948    10.1356    0.0004
31.814    9.238    0.0004
31.8132    9.238    0.0004
29.7372    8.5932    0.0004
29.736399    8.5932    0.0004
27.5964    8.2108    0.0004
27.5964    16.817999    0.0004
27.5964    16.8212    0.0004
29.0068    17.2676    0.0004
29.007599    17.2676    0.0004
30.3252    17.9396    0.0004
30.325998    17.9396    0.0004
31.5164    18.817999    0.0004
31.517199    18.817999    0.0004
32.5468    19.8788    0.0004
32.5476    19.879599    0.0004
33.3908    21.0956    0.0004
33.3908    21.0964    0.0004
34.0228    22.434    0.0004
34.0228    22.4348    0.0004
34.4268    23.857199    0.0004
34.4268    23.858    0.0004
34.5924    25.327599    0.0004
34.5924    25.3284    0.0004
34.5148    26.806    0.0004
34.5148    26.806799    0.0004
34.1956    28.2508    0.0004
34.1956    28.251598    0.0004
41.6492    32.5556    0.0004
