11.5436    36.0196    0.0004
11.5404    36.0212    0.0004
11.5412    36.022    0.0004
12.941999    37.683598    0.0004
12.9428    37.6844    0.0004
14.538799    39.1604    0.0004
14.539599    39.161198    0.0004
16.306799    40.4268    0.0004
16.3076    40.4276    0.0004
18.218    41.464397    0.0004
18.2188    41.464397    0.0004
20.2428    42.2572    0.0004
20.243599    42.2572    0.0004
22.3508    42.7924    0.0004
22.351599    42.7924    0.0004
24.5092    43.062798    0.0004
24.51    43.062798    0.0004
26.6836    43.062798    0.0004
26.684399    43.062798    0.0004
28.842    42.7924    0.0004
28.8428    42.7924    0.0004
30.949999    42.2572    0.0004
30.9508    42.2572    0.0004
32.9748    41.464397    0.0004
32.975597    41.4636    0.0004
34.885998    40.4268    0.0004
34.8868    40.426    0.0004
36.654    39.1604    0.0004
36.6548    39.1596    0.0004
38.250797    37.683598    0.0004
38.2516    37.6828    0.0004
39.652397    36.0212    0.0004
32.1988    31.7172    0.0004
32.1956    31.7156    0.0004
31.104399    32.714    0.0004
31.1036    32.714798    0.0004
29.8636    33.5212    0.0004
29.862799    33.5212    0.0004
28.5068    34.113197    0.0004
28.505999    34.113197    0.0004
27.0724    34.4748    0.0004
27.0716    34.4748    0.0004
25.597198    34.596397    0.0004
25.5964    34.596397    0.0004
24.122    34.4748    0.0004
24.121199    34.4748    0.0004
22.6868    34.113197    0.0004
22.685999    34.113197    0.0004
21.3308    33.5212    0.0004
21.33    33.5212    0.0004
20.09    32.714798    0.0004
20.0892    32.714798    0.0004
18.998    31.7156    0.0004
18.9972    31.7156    0.0004
11.5436    36.0196    0.0004
