23.5964    8.214    0.0004
23.5964    8.2108    0.0004
23.5956    8.2108    0.0004
21.455599    8.5932    0.0004
21.4548    8.5932    0.0004
19.378    9.238    0.0004
19.3772    9.238    0.0004
17.3972    10.1356    0.0004
17.3964    10.136399    0.0004
15.5428    11.2724    0.0004
15.542    11.2732    0.0004
13.844399    12.63    0.0004
13.843599    12.630799    0.0004
12.326799    14.187599    0.0004
12.325999    14.188399    0.0004
11.014    15.9212    0.0004
11.0132    15.922    0.0004
9.9268    17.805199    0.0004
9.9268    17.806    0.0004
9.0812    19.8084    0.0004
9.0812    19.8092    0.0004
8.4908    21.901999    0.0004
8.4908    21.9028    0.0004
8.1644    24.052399    0.0004
8.1644    24.0532    0.0004
8.1076    26.226    0.0004
8.1076    26.226799    0.0004
8.321199    28.390799    0.0004
8.321199    28.3916    0.0004
8.8012    30.511599    0.0004
8.8012    30.5124    0.0004
9.5404    32.557198    0.0004
16.994    28.253199    0.0004
16.9972    28.251598    0.0004
16.678    26.8076    0.0004
16.678    26.806799    0.0004
16.600399    25.329199    0.0004
16.600399    25.3284    0.0004
16.765999    23.858799    0.0004
16.765999    23.858    0.0004
17.17    22.4356    0.0004
17.17    22.4348    0.0004
17.802    21.0972    0.0004
17.802    21.0964    0.0004
18.645199    19.8804    0.0004
18.645199    19.879599    0.0004
19.674799    18.8188    0.0004
19.6756    18.817999    0.0004
20.866    17.9396    0.0004
20.8668    17.9396    0.0004
22.184399    17.2676    0.0004
22.1852    17.2676    0.0004
23.5956    16.8212    0.0004
23.5964    16.8212    0.0004
23.5964    8.214    0.0004
