21.5964    45.192398    0.0004
20.420399    44.9148    0.0004
20.4196    44.9148    0.0004
19.2636    44.5668    0.0004
19.2628    44.5668    0.0004
14.0996    48.5116    0.0004
14.097199    48.5132    0.0004
11.5004    47.014    0.0004
11.499599    47.0132    0.0004
12.334    40.5692    0.0004
12.334    40.5668    0.0004
11.4539995    39.7388    0.0004
10.625999    38.857998    0.0004
4.1819997    39.6932    0.0004
4.1796    39.6932    0.0004
2.6804    37.096397    0.0004
2.6796    37.0956    0.0004
6.6243997    31.9324    0.0004
6.626    31.929998    0.0004
6.278    30.7732    0.0004
6.278    30.7724    0.0004
6.0004    29.597198    0.0004
6.0004    29.5964    0.0004
0.0028    27.097198    0.0004
0.0004    27.0964    0.0004
0.0004    24.097198    0.0004
0.0004    24.0964    0.0004
5.9979997    21.5972    0.0004
6.0004    21.5964    0.0004
6.278    20.420399    0.0004
6.278    20.4196    0.0004
6.626    19.2636    0.0004
6.626    19.2628    0.0004
2.6812    14.0996    0.0004
2.6796    14.097199    0.0004
4.1788    11.5004    0.0004
4.1796    11.499599    0.0004
10.6236    12.334    0.0004
10.625999    12.334    0.0004
11.4539995    11.4539995    0.0004
12.334    10.625999    0.0004
11.499599    4.1819997    0.0004
11.499599    4.1796    0.0004
14.096399    2.6804    0.0004
14.097199    2.6796    0.0004
19.260399    6.6243997    0.0004
19.2628    6.626    0.0004
20.4188    6.278    0.0004
20.4196    6.278    0.0004
21.5956    6.0004    0.0004
21.5964    6.0004    0.0004
24.0956    0.0028    0.0004
24.0964    0.0004    0.0004
27.094799    0.0004    0.0004
27.0964    0.0004    0.0004
29.5956    5.9979997    0.0004
29.5964    6.0004    0.0004
30.771599    6.278    0.0004
30.7724    6.278    0.0004
31.9292    6.626    0.0004
31.929998    6.626    0.0004
37.0932    2.6812    0.0004
37.0956    2.6796    0.0004
39.692398    4.1788    0.0004
39.6932    4.1796    0.0004
38.857998    10.6236    0.0004
38.857998    10.625999    0.0004
39.7388    11.4539995    0.0004
40.5668    12.334    0.0004
47.0108    11.499599    0.0004
47.0132    11.499599    0.0004
48.512398    14.096399    0.0004
48.5132    14.097199    0.0004
44.568398    19.260399    0.0004
44.5668    19.2628    0.0004
44.9148    20.4188    0.0004
44.9148    20.4196    0.0004
45.192398    21.5956    0.0004
45.192398    21.5964    0.0004
51.19    24.0956    0.0004
51.192398    24.0964    0.0004
51.192398    27.094799    0.0004
51.192398    27.0964    0.0004
45.194798    29.5956    0.0004
45.192398    29.5964    0.0004
44.9148    30.771599    0.0004
44.9148    30.7724    0.0004
44.5668    31.9292    0.0004
44.5668    31.929998    0.0004
48.5116    37.0932    0.0004
48.5132    37.0956    0.0004
47.014    39.692398    0.0004
47.0132    39.6932    0.0004
40.5692    38.857998    0.0004
40.5668    38.857998    0.0004
39.7388    39.7388    0.0004
38.857998    40.5668    0.0004
39.6932    47.0108    0.0004
39.6932    47.0132    0.0004
37.096397    48.512398    0.0004
37.0956    48.5132    0.0004
31.9324    44.568398    0.0004
31.929998    44.5668    0.0004
30.7732    44.9148    0.0004
30.7724    44.9148    0.0004
29.597198    45.192398    0.0004
29.5964    45.192398    0.0004
27.097198    51.19    0.0004
27.0964    51.192398    0.0004
24.097198    51.192398    0.0004
24.0964    51.192398    0.0004
21.5972    45.194798    0.0004
21.5964    45.192398    0.0004
