20.2564    37.489998    22.5004
20.2628    37.494    22.5004
20.277199    37.503597    22.5004
20.293999    37.5164    22.5004
20.305199    37.523598    22.5004
20.3228    37.540398    22.5004
20.3308    37.5468    22.5004
20.35    37.57    22.5004
20.357199    37.5764    22.5004
20.3772    37.605198    22.5004
20.3804    37.61    22.5004
20.381199    37.6116    22.5004
20.382    37.614    22.5004
20.3996    37.652397    22.5004
20.397999    37.6692    22.5004
20.3988    37.683598    22.5004
20.3932    37.709198    22.5004
20.3932    37.714798    22.5004
20.39    37.720398    22.5004
20.3748    37.738    22.5004
20.362799    37.7476    22.5004
20.35    37.7556    22.5004
20.3372    37.761997    22.5004
20.323599    37.766    22.5004
20.3092    37.77    22.5004
20.295599    37.7724    22.5004
20.2836    37.773197    22.5004
20.277199    37.774    22.5004
20.249199    37.7772    22.5004
20.241999    37.7756    22.5004
20.202    37.773197    22.5004
20.1828    37.7684    22.5004
20.1668    37.765198    22.5004
20.1476    37.7604    22.5004
20.13    37.7556    22.5004
20.102    37.7444    22.5004
20.0996    37.742798    22.5004
20.0676    37.7276    22.5004
20.0668    37.7268    22.5004
20.035599    37.7076    22.5004
20.035599    37.7068    22.5004
19.994    37.6748    22.5004
19.985199    37.6676    22.5004
19.97    37.6564    22.5004
19.9644    37.6516    22.5004
19.934    37.616398    22.5004
19.9292    37.6124    22.5004
19.9116    37.588398    22.5004
19.903599    37.5764    22.5004
19.896399    37.5652    22.5004
19.892399    37.554    22.5004
19.885199    37.538    22.5004
19.8828    37.5244    22.5004
19.879599    37.514797    22.5004
19.8836    37.4972    22.5004
19.882    37.4876    22.5004
19.894    37.4668    22.5004
19.9044    37.4556    22.5004
19.927599    37.4444    22.5004
19.9604    37.4332    22.5004
19.962    37.4332    22.5004
19.9628    37.4332    22.5004
19.9644    37.4332    22.5004
20.0124    37.4284    22.5004
20.0324    37.43    22.5004
20.0716    37.4324    22.5004
20.086    37.434    22.5004
20.098    37.436398    22.5004
20.156399    37.4492    22.5004
20.1724    37.454    22.5004
20.208399    37.466    22.5004
20.23    37.475597    22.5004
20.2564    37.489998    22.5004
