20.2132    31.3972    12.9004
20.2228    31.416399    12.9004
20.226799    31.4236    12.9004
20.23    31.431599    12.9004
20.2348    31.449999    12.9004
20.232399    31.470798    12.9004
20.232399    31.472399    12.9004
20.230799    31.477999    12.9004
20.2228    31.496399    12.9004
20.2188    31.5052    12.9004
20.2004    31.550798    12.9004
20.195599    31.5628    12.9004
20.194    31.5668    12.9004
20.173199    31.6076    12.9004
20.169199    31.615599    12.9004
20.154    31.643599    12.9004
20.1364    31.6668    12.9004
20.1348    31.6708    12.9004
20.132399    31.6724    12.9004
20.128399    31.6764    12.9004
20.1124    31.691599    12.9004
20.1068    31.695599    12.9004
20.0916    31.705198    12.9004
20.0556    31.726799    12.9004
19.9828    31.7692    12.9004
19.9692    31.777199    12.9004
19.9676    31.778    12.9004
19.953999    31.7852    12.9004
19.8692    31.8284    12.9004
19.8468    31.838799    12.9004
19.810799    31.8564    12.9004
19.771599    31.872398    12.9004
19.7708    31.872398    12.9004
19.7276    31.89    12.9004
19.718    31.8932    12.9004
19.6868    31.9012    12.9004
19.657999    31.91    12.9004
19.6468    31.914    12.9004
19.6292    31.9172    12.9004
19.5972    31.9212    12.9004
19.566    31.9228    12.9004
19.546    31.921999    12.9004
19.505999    31.916399    12.9004
19.4812    31.914    12.9004
19.4716    31.9124    12.9004
19.4596    31.909199    12.9004
19.4348    31.900398    12.9004
19.409199    31.892399    12.9004
19.3956    31.885199    12.9004
19.3716    31.8716    12.9004
19.362    31.866    12.9004
19.358    31.862    12.9004
19.347599    31.849998    12.9004
19.3412    31.837198    12.9004
19.334799    31.8132    12.9004
19.334    31.8084    12.9004
19.334    31.8044    12.9004
19.33    31.7652    12.9004
19.3308    31.745998    12.9004
19.3316    31.726    12.9004
19.334    31.7156    12.9004
19.3372    31.693998    12.9004
19.3388    31.689999    12.9004
19.354    31.65    12.9004
19.3708    31.617199    12.9004
19.379599    31.6012    12.9004
19.386799    31.5884    12.9004
19.390799    31.5812    12.9004
19.3932    31.578    12.9004
19.4004    31.57    12.9004
19.4228    31.5388    12.9004
19.4348    31.522799    12.9004
19.448399    31.504398    12.9004
19.4588    31.4924    12.9004
19.4684    31.479599    12.9004
19.4748    31.472399    12.9004
19.490799    31.452398    12.9004
19.5012    31.441198    12.9004
19.5148    31.425999    12.9004
19.5436    31.4028    12.9004
19.55    31.3972    12.9004
19.5812    31.3732    12.9004
19.5844    31.3708    12.9004
19.5964    31.362    12.9004
19.628399    31.3412    12.9004
19.6548    31.3268    12.9004
19.67    31.3188    12.9004
19.702799    31.302    12.9004
19.7148    31.2972    12.9004
19.758    31.278    12.9004
19.7756    31.271599    12.9004
19.816399    31.258    12.9004
19.8388    31.251598    12.9004
19.8556    31.247599    12.9004
19.8892    31.2428    12.9004
19.9116    31.2388    12.9004
19.9404    31.2356    12.9004
19.9452    31.234798    12.9004
19.9564    31.2356    12.9004
19.979599    31.236399    12.9004
19.9932    31.237999    12.9004
20.0068    31.2412    12.9004
20.0268    31.247599    12.9004
20.0684    31.260399    12.9004
20.069199    31.260399    12.9004
20.069199    31.2612    12.9004
20.07    31.2612    12.9004
20.070799    31.2612    12.9004
20.105999    31.2836    12.9004
20.1148    31.288399    12.9004
20.1404    31.309198    12.9004
20.1412    31.31    12.9004
20.1708    31.342    12.9004
20.182    31.3548    12.9004
20.1932    31.3692    12.9004
20.2004    31.3788    12.9004
20.2132    31.3972    12.9004
