19.7932    32.0156    22.2004
19.8668    32.107597    22.2004
19.9068    32.1564    22.2004
19.9884    32.2556    22.2004
19.9996    32.2692    22.2004
20.018    32.2908    22.2004
20.0716    32.3588    22.2004
20.098    32.3892    22.2004
20.1052    32.398    22.2004
20.145199    32.4468    22.2004
20.1492    32.4524    22.2004
20.1572    32.4652    22.2004
20.17    32.4836    22.2004
20.1812    32.5036    22.2004
20.185999    32.5108    22.2004
20.1876    32.5156    22.2004
20.1948    32.53    22.2004
20.1988    32.540398    22.2004
20.201199    32.5556    22.2004
20.202    32.5652    22.2004
20.202799    32.577198    22.2004
20.202    32.5932    22.2004
20.1988    32.6092    22.2004
20.197199    32.6212    22.2004
20.194    32.634    22.2004
20.1852    32.6636    22.2004
20.182    32.6716    22.2004
20.1716    32.7012    22.2004
20.1532    32.7412    22.2004
20.1516    32.745197    22.2004
20.150799    32.7476    22.2004
20.146    32.758    22.2004
20.1308    32.7908    22.2004
20.126799    32.7996    22.2004
20.117199    32.8196    22.2004
20.1124    32.8308    22.2004
20.1052    32.85    22.2004
20.0996    32.863598    22.2004
20.093199    32.8756    22.2004
20.0796    32.908398    22.2004
20.074    32.922    22.2004
20.0644    32.9468    22.2004
20.0628    32.9524    22.2004
20.057999    32.9612    22.2004
20.046799    32.981197    22.2004
20.0308    33.0052    22.2004
20.0268    33.0116    22.2004
20.013199    33.026    22.2004
19.9956    33.0396    22.2004
19.9868    33.045998    22.2004
19.9692    33.0556    22.2004
19.961199    33.0612    22.2004
19.9492    33.0668    22.2004
19.934    33.071598    22.2004
19.9132    33.0804    22.2004
19.8972    33.0836    22.2004
19.890799    33.0868    22.2004
19.8676    33.0948    22.2004
19.8604    33.0972    22.2004
19.8356    33.1044    22.2004
19.8156    33.11    22.2004
19.806    33.1124    22.2004
19.7932    33.1148    22.2004
19.777199    33.121998    22.2004
19.7636    33.124397    22.2004
19.730799    33.1348    22.2004
19.73    33.1348    22.2004
19.6996    33.142    22.2004
19.674799    33.1492    22.2004
19.6668    33.1516    22.2004
19.661999    33.154    22.2004
19.6356    33.1628    22.2004
19.6204    33.1716    22.2004
19.6068    33.1764    22.2004
19.593199    33.1828    22.2004
19.5812    33.1908    22.2004
19.562    33.2052    22.2004
19.5452    33.222797    22.2004
19.5348    33.233997    22.2004
19.5228    33.2604    22.2004
19.5164    33.2732    22.2004
19.5148    33.276398    22.2004
19.5148    33.2804    22.2004
19.5108    33.298    22.2004
19.500399    33.3332    22.2004
19.494799    33.365997    22.2004
19.4924    33.3868    22.2004
19.4916    33.4004    22.2004
19.490799    33.4444    22.2004
19.4932    33.458    22.2004
19.498    33.4972    22.2004
19.5044    33.5148    22.2004
19.514    33.5276    22.2004
19.5276    33.55    22.2004
19.5452    33.5732    22.2004
19.5556    33.582    22.2004
19.5716    33.598    22.2004
19.5916    33.6148    22.2004
19.6196    33.6364    22.2004
19.643599    33.6532    22.2004
19.6588    33.661198    22.2004
19.669199    33.666798    22.2004
19.7124    33.689198    22.2004
19.7236    33.692398    22.2004
19.7508    33.7044    22.2004
19.7732    33.71    22.2004
19.806    33.7196    22.2004
19.821999    33.7236    22.2004
19.8372    33.7292    22.2004
19.8548    33.73    22.2004
19.8604    33.73    22.2004
19.8916    33.731598    22.2004
19.9076    33.731598    22.2004
19.938    33.7332    22.2004
19.9804    33.731598    22.2004
20.0268    33.7324    22.2004
20.0452    33.731598    22.2004
20.0668    33.7324    22.2004
20.1084    33.7332    22.2004
20.1388    33.7356    22.2004
20.173199    33.7388    22.2004
20.1932    33.742    22.2004
20.262    33.7548    22.2004
20.2988    33.7612    22.2004
20.3468    33.774    22.2004
20.3556    33.7772    22.2004
20.3732    33.786    22.2004
20.4068    33.7956    22.2004
20.4156    33.798798    22.2004
20.433199    33.806    22.2004
20.4756    33.8236    22.2004
20.562    33.8564    22.2004
20.5828    33.8652    22.2004
20.6084    33.8724    22.2004
20.6596    33.8876    22.2004
20.721199    33.9004    22.2004
20.7388    33.9044    22.2004
20.777199    33.91    22.2004
20.8244    33.919598    22.2004
20.838    33.922    22.2004
20.8508    33.9244    22.2004
20.9124    33.938    22.2004
20.9292    33.941998    22.2004
20.9716    33.954    22.2004
20.996399    33.9612    22.2004
21.013199    33.9668    22.2004
21.042799    33.978    22.2004
21.0772    33.995598    22.2004
21.094    34.003597    22.2004
21.1108    34.012398    22.2004
21.1364    34.0284    22.2004
21.1588    34.0436    22.2004
21.178    34.0556    22.2004
21.2092    34.078    22.2004
21.212399    34.0804    22.2004
21.2516    34.113197    22.2004
21.271599    34.1316    22.2004
21.2804    34.1404    22.2004
21.282    34.142    22.2004
21.3284    34.194    22.2004
21.3324    34.1996    22.2004
21.3372    34.205997    22.2004
21.3564    34.2332    22.2004
21.362799    34.242798    22.2004
21.3676    34.25    22.2004
21.382    34.2748    22.2004
21.3876    34.2868    22.2004
21.403599    34.3252    22.2004
21.4068    34.3332    22.2004
21.414    34.3532    22.2004
21.416399    34.3588    22.2004
21.416399    34.360397    22.2004
21.4172    34.362    22.2004
21.4188    34.3676    22.2004
21.4268    34.4092    22.2004
21.4268    34.425198    22.2004
21.4284    34.4412    22.2004
21.4244    34.461998    22.2004
21.4244    34.4692    22.2004
21.4236    34.4748    22.2004
21.4228    34.478    22.2004
21.4196    34.4932    22.2004
21.414799    34.51    22.2004
21.409199    34.522    22.2004
21.403599    34.540398    22.2004
21.3956    34.5524    22.2004
21.378    34.5724    22.2004
21.3668    34.5836    22.2004
21.3452    34.599598    22.2004
21.3444    34.599598    22.2004
21.3436    34.6004    22.2004
21.342    34.6004    22.2004
21.278    34.6284    22.2004
21.2596    34.638798    22.2004
21.2236    34.6524    22.2004
21.1948    34.6644    22.2004
21.1772    34.6692    22.2004
21.1588    34.672398    22.2004
21.143599    34.6772    22.2004
21.126799    34.6804    22.2004
21.118    34.6828    22.2004
21.1092    34.6868    22.2004
21.0924    34.689198    22.2004
21.0684    34.694798    22.2004
21.0588    34.6988    22.2004
21.0516    34.7028    22.2004
21.0324    34.7084    22.2004
21.0148    34.7156    22.2004
21.0028    34.7268    22.2004
20.9828    34.7404    22.2004
20.9636    34.7604    22.2004
20.9548    34.7692    22.2004
20.9452    34.7828    22.2004
20.925999    34.809998    22.2004
20.892399    34.8628    22.2004
20.881199    34.882    22.2004
20.8716    34.8964    22.2004
20.838799    34.941998    22.2004
20.8364    34.946    22.2004
20.8268    34.9604    22.2004
20.8004    34.9972    22.2004
20.7924    35.006798    22.2004
20.7748    35.0284    22.2004
20.7636    35.042    22.2004
20.754799    35.0524    22.2004
20.734    35.0724    22.2004
20.721199    35.085197    22.2004
20.7036    35.1004    22.2004
20.6708    35.1308    22.2004
20.6612    35.138    22.2004
20.6356    35.1564    22.2004
20.6132    35.174    22.2004
20.604399    35.1804    22.2004
20.5972    35.183598    22.2004
20.569199    35.1956    22.2004
20.562    35.1988    22.2004
20.5268    35.211597    22.2004
20.5084    35.2188    22.2004
20.4772    35.225998    22.2004
20.4764    35.2268    22.2004
20.4756    35.2268    22.2004
20.4468    35.23    22.2004
20.425999    35.2308    22.2004
20.420399    35.2308    22.2004
20.3956    35.2292    22.2004
20.378    35.228397    22.2004
20.3612    35.2252    22.2004
20.323599    35.2196    22.2004
20.3092    35.218    22.2004
20.3044    35.217197    22.2004
20.253199    35.2044    22.2004
20.2164    35.1932    22.2004
20.194    35.186    22.2004
20.1868    35.183598    22.2004
20.1796    35.1804    22.2004
20.1524    35.1692    22.2004
20.1468    35.166798    22.2004
20.1444    35.166    22.2004
20.1132    35.1524    22.2004
20.0972    35.142    22.2004
20.0908    35.1396    22.2004
20.0788    35.1316    22.2004
20.065199    35.1212    22.2004
20.0556    35.113197    22.2004
20.037199    35.1012    22.2004
20.031599    35.0956    22.2004
20.007599    35.0732    22.2004
20.0036    35.068398    22.2004
19.979599    35.045998    22.2004
19.9692    35.03    22.2004
19.9548    35.0108    22.2004
19.938799    34.9836    22.2004
19.914    34.945198    22.2004
19.8972    34.922    22.2004
19.862799    34.877197    22.2004
19.845999    34.8564    22.2004
19.8156    34.8228    22.2004
19.795599    34.802    22.2004
19.771599    34.7828    22.2004
19.7524    34.765198    22.2004
19.7228    34.742798    22.2004
19.695599    34.722    22.2004
19.6244    34.6708    22.2004
19.598799    34.6524    22.2004
19.514    34.5956    22.2004
19.4644    34.562    22.2004
19.4124    34.5268    22.2004
19.3948    34.5156    22.2004
19.362799    34.494    22.2004
19.2708    34.4324    22.2004
19.230799    34.4044    22.2004
19.139599    34.3332    22.2004
19.132399    34.3276    22.2004
19.128399    34.324398    22.2004
19.1036    34.302    22.2004
19.0228    34.23    22.2004
18.9068    34.126    22.2004
18.8996    34.1204    22.2004
18.789999    34.0108    22.2004
18.774    33.9948    22.2004
18.758799    33.978798    22.2004
18.6356    33.8516    22.2004
18.5852    33.798    22.2004
18.431599    33.6348    22.2004
18.406    33.606    22.2004
18.378    33.571598    22.2004
18.326    33.506798    22.2004
18.2756    33.4412    22.2004
18.260399    33.4204    22.2004
18.2484    33.4036    22.2004
18.2116    33.349197    22.2004
18.1884    33.314    22.2004
18.1348    33.23    22.2004
18.0908    33.1564    22.2004
18.078    33.133198    22.2004
18.0452    33.0724    22.2004
18.035599    33.0532    22.2004
17.986    32.954    22.2004
17.983599    32.9484    22.2004
17.979599    32.9412    22.2004
17.942    32.854797    22.2004
17.920399    32.806    22.2004
17.9076    32.7748    22.2004
17.8972    32.75    22.2004
17.875599    32.6916    22.2004
17.866    32.661198    22.2004
17.845999    32.596397    22.2004
17.8356    32.558    22.2004
17.8196    32.4964    22.2004
17.795599    32.402    22.2004
17.7932    32.391598    22.2004
17.7908    32.380398    22.2004
17.7748    32.2892    22.2004
17.7684    32.245197    22.2004
17.7652    32.214    22.2004
17.762    32.186    22.2004
17.760399    32.158    22.2004
17.758799    32.1244    22.2004
17.7572    32.0868    22.2004
17.7564    32.0444    22.2004
17.7564    32.01    22.2004
17.758799    31.9644    22.2004
17.7612    31.9308    22.2004
17.7644    31.9012    22.2004
17.7708    31.847599    22.2004
17.7796    31.7876    22.2004
17.7852    31.7524    22.2004
17.7892    31.732399    22.2004
17.806799    31.6596    22.2004
17.812399    31.637999    22.2004
17.8204    31.6052    22.2004
17.8468    31.509998    22.2004
17.857199    31.476398    22.2004
17.8788    31.414    22.2004
17.9116    31.327599    22.2004
17.916399    31.314798    22.2004
17.920399    31.306    22.2004
17.937199    31.2676    22.2004
17.9828    31.165998    22.2004
17.9924    31.145199    22.2004
18.0212    31.085999    22.2004
18.026    31.0772    22.2004
18.0324    31.066    22.2004
18.053999    31.031599    22.2004
18.0556    31.0292    22.2004
18.0604    31.0148    22.2004
18.066    31.001999    22.2004
18.0588    30.9916    22.2004
18.0492    30.966    22.2004
18.018    30.9564    22.2004
18.0164    30.955599    22.2004
18.0156    30.955599    22.2004
18.0148    30.955599    22.2004
18.014    30.9548    22.2004
17.994799    30.949999    22.2004
17.9756    30.944399    22.2004
17.9596    30.938    22.2004
17.9508    30.934    22.2004
17.937199    30.927599    22.2004
17.910799    30.914799    22.2004
17.9076    30.913198    22.2004
17.886    30.903599    22.2004
17.8764    30.897999    22.2004
17.8604    30.8884    22.2004
17.851599    30.882    22.2004
17.8276    30.862799    22.2004
17.8244    30.8596    22.2004
17.812399    30.8484    22.2004
17.7948    30.8308    22.2004
17.7876    30.8228    22.2004
17.77    30.801199    22.2004
17.7668    30.7964    22.2004
17.749199    30.7692    22.2004
17.741999    30.758799    22.2004
17.7412    30.757198    22.2004
17.7396    30.754799    22.2004
17.7356    30.7452    22.2004
17.726    30.7188    22.2004
17.7156    30.6836    22.2004
17.7132    30.6756    22.2004
17.7132    30.673199    22.2004
17.708399    30.6276    22.2004
17.7076    30.6188    22.2004
17.708399    30.5908    22.2004
17.7092    30.5684    22.2004
17.7116    30.5556    22.2004
17.718    30.524399    22.2004
17.7244    30.498798    22.2004
17.7348    30.4716    22.2004
17.747599    30.4452    22.2004
17.7484    30.444399    22.2004
17.753199    30.438    22.2004
17.7668    30.418798    22.2004
17.7836    30.394798    22.2004
17.7892    30.3884    22.2004
17.814    30.3604    22.2004
17.814    30.3596    22.2004
17.8276    30.347599    22.2004
17.8412    30.3356    22.2004
17.8412    30.334799    22.2004
17.853199    30.3252    22.2004
17.8748    30.3084    22.2004
17.8764    30.3076    22.2004
17.9212    30.2764    22.2004
17.9292    30.2708    22.2004
17.9492    30.258799    22.2004
17.9844    30.237999    22.2004
18.0156    30.2204    22.2004
18.0492    30.2044    22.2004
18.09    30.185999    22.2004
18.0996    30.182798    22.2004
18.1404    30.1668    22.2004
18.1436    30.165998    22.2004
18.2124    30.1444    22.2004
18.2644    30.132399    22.2004
18.295599    30.1236    22.2004
18.3284    30.115599    22.2004
18.3396    30.1132    22.2004
18.416399    30.097198    22.2004
18.433199    30.0956    22.2004
18.442799    30.093199    22.2004
18.4588    30.0908    22.2004
18.4932    30.085999    22.2004
18.5148    30.0844    22.2004
18.557999    30.080399    22.2004
18.5612    30.080399    22.2004
18.621199    30.076399    22.2004
18.6316    30.0756    22.2004
18.645199    30.074799    22.2004
18.6596    30.076399    22.2004
18.695599    30.074    22.2004
18.7332    30.0716    22.2004
18.7636    30.069199    22.2004
18.7724    30.0684    22.2004
18.7788    30.0684    22.2004
18.857199    30.067598    22.2004
18.8708    30.0684    22.2004
18.8876    30.069199    22.2004
18.9212    30.0716    22.2004
18.9636    30.076399    22.2004
18.9772    30.078    22.2004
19.011599    30.0844    22.2004
19.035599    30.0892    22.2004
19.1332    30.1124    22.2004
19.1404    30.113998    22.2004
19.1476    30.115599    22.2004
19.202799    30.1244    22.2004
19.222    30.126    22.2004
19.2428    30.126799    22.2004
19.2652    30.1276    22.2004
19.2916    30.126799    22.2004
19.3092    30.1244    22.2004
19.323599    30.122    22.2004
19.3316    30.121199    22.2004
19.3332    30.121199    22.2004
19.3372    30.1204    22.2004
19.3668    30.1132    22.2004
19.3948    30.105999    22.2004
19.4252    30.094    22.2004
19.4508    30.0844    22.2004
19.496399    30.066    22.2004
19.542799    30.045198    22.2004
19.600399    30.022799    22.2004
19.6148    30.017199    22.2004
19.67    30.0028    22.2004
19.6764    30.001999    22.2004
19.7236    29.994799    22.2004
19.726799    29.994799    22.2004
19.7276    29.994799    22.2004
19.7804    29.994799    22.2004
19.7812    29.994799    22.2004
19.8116    30.0036    22.2004
19.8188    30.004398    22.2004
19.8508    30.0148    22.2004
19.851599    30.0148    22.2004
19.853199    30.015598    22.2004
19.9412    30.0684    22.2004
19.948399    30.0756    22.2004
19.97    30.093199    22.2004
19.9844    30.109999    22.2004
19.9956    30.1332    22.2004
19.9972    30.136398    22.2004
19.9996    30.1428    22.2004
20.01    30.182    22.2004
20.01    30.1964    22.2004
20.007599    30.2188    22.2004
20.0052    30.230799    22.2004
20.000399    30.247599    22.2004
19.9956    30.258799    22.2004
19.99    30.2724    22.2004
19.9812    30.2892    22.2004
19.9772    30.301199    22.2004
19.9732    30.310799    22.2004
19.973999    30.3308    22.2004
19.979599    30.3468    22.2004
19.994799    30.3636    22.2004
20.0092    30.369999    22.2004
20.0276    30.39    22.2004
20.057999    30.3988    22.2004
20.066    30.3996    22.2004
20.0852    30.4028    22.2004
20.115599    30.4052    22.2004
20.17    30.4116    22.2004
20.1884    30.4156    22.2004
20.2404    30.4308    22.2004
20.2452    30.4324    22.2004
20.2868    30.446798    22.2004
20.2892    30.448399    22.2004
20.3228    30.4636    22.2004
20.3252    30.4644    22.2004
20.3284    30.466    22.2004
20.364399    30.487598    22.2004
20.369999    30.490799    22.2004
20.3956    30.509998    22.2004
20.421999    30.531599    22.2004
20.438    30.546    22.2004
20.4476    30.5548    22.2004
20.4756    30.5812    22.2004
20.4924    30.6012    22.2004
20.5028    30.615599    22.2004
20.5268    30.65    22.2004
20.534    30.6612    22.2004
20.542    30.6756    22.2004
20.552399    30.6964    22.2004
20.559599    30.7156    22.2004
20.565199    30.7316    22.2004
20.5684    30.7388    22.2004
20.570799    30.7484    22.2004
20.576399    30.774    22.2004
20.580399    30.8084    22.2004
20.580399    30.81    22.2004
20.580399    30.812399    22.2004
20.5796    30.8172    22.2004
20.576399    30.883598    22.2004
20.5724    30.914    22.2004
20.5724    30.916399    22.2004
20.5668    30.944399    22.2004
20.563599    30.959599    22.2004
20.5572    30.9828    22.2004
20.5444    31.015598    22.2004
20.5404    31.0268    22.2004
20.529999    31.05    22.2004
20.5268    31.057999    22.2004
20.5148    31.078    22.2004
20.511599    31.0836    22.2004
20.5084    31.091599    22.2004
20.4844    31.1332    22.2004
20.483599    31.1412    22.2004
20.4708    31.1668    22.2004
20.4708    31.1684    22.2004
20.4692    31.1724    22.2004
20.4604    31.1932    22.2004
20.4508    31.217999    22.2004
20.4524    31.225199    22.2004
20.4468    31.2452    22.2004
20.442799    31.2564    22.2004
20.4468    31.281199    22.2004
20.4188    31.2748    22.2004
20.414    31.2796    22.2004
20.4156    31.306799    22.2004
20.390799    31.3028    22.2004
20.386    31.3076    22.2004
20.3844    31.3308    22.2004
20.362799    31.323599    22.2004
20.347599    31.33    22.2004
20.3428    31.338799    22.2004
20.3364    31.337198    22.2004
20.3156    31.3396    22.2004
20.3076    31.337198    22.2004
20.289999    31.345999    22.2004
20.2812    31.345999    22.2004
20.2636    31.3548    22.2004
20.2596    31.358    22.2004
20.254    31.355598    22.2004
20.2356    31.3652    22.2004
20.2244    31.366    22.2004
20.2148    31.3716    22.2004
20.1908    31.3804    22.2004
20.1772    31.385199    22.2004
20.1492    31.392399    22.2004
20.1092    31.401999    22.2004
20.1012    31.403599    22.2004
20.0852    31.406    22.2004
20.01    31.4196    22.2004
19.9396    31.4268    22.2004
19.9076    31.4308    22.2004
19.8556    31.438799    22.2004
19.6988    31.4604    22.2004
19.656399    31.466    22.2004
19.600399    31.4748    22.2004
19.5796    31.4772    22.2004
19.5548    31.4812    22.2004
19.5436    31.4844    22.2004
19.522    31.494799    22.2004
19.5124    31.5012    22.2004
19.4972    31.518    22.2004
19.490799    31.5268    22.2004
19.4932    31.5404    22.2004
19.4996    31.563599    22.2004
19.5148    31.5836    22.2004
19.5388    31.608398    22.2004
19.546    31.615599    22.2004
19.552399    31.622799    22.2004
19.553999    31.625198    22.2004
19.5684    31.65    22.2004
19.5724    31.657999    22.2004
19.5836    31.678    22.2004
19.5956    31.7004    22.2004
19.626799    31.760399    22.2004
19.6292    31.765999    22.2004
19.632399    31.7724    22.2004
19.6548    31.8132    22.2004
19.674799    31.8492    22.2004
19.6868    31.866798    22.2004
19.702799    31.8932    22.2004
19.7052    31.896399    22.2004
19.7356    31.9452    22.2004
19.7508    31.965199    22.2004
19.778    31.9972    22.2004
19.7932    32.0156    22.2004
