21.4684    31.6892    15.6004
21.479599    31.677198    15.6004
21.490799    31.6652    15.6004
21.511599    31.650799    15.6004
21.528399    31.639599    15.6004
21.548399    31.626799    15.6004
21.5588    31.621199    15.6004
21.5668    31.617199    15.6004
21.5868    31.6092    15.6004
21.5964    31.605999    15.6004
21.6124    31.6012    15.6004
21.622799    31.5996    15.6004
21.633999    31.598799    15.6004
21.6612    31.600399    15.6004
21.674    31.602    15.6004
21.7036    31.608398    15.6004
21.7092    31.6092    15.6004
21.7156    31.611599    15.6004
21.7468    31.622799    15.6004
21.7684    31.632399    15.6004
21.806799    31.6532    15.6004
21.8156    31.657999    15.6004
21.827599    31.6652    15.6004
21.8508    31.6812    15.6004
21.858    31.688398    15.6004
21.8724    31.6988    15.6004
21.8764    31.702799    15.6004
21.9028    31.725199    15.6004
21.910799    31.737999    15.6004
21.9268    31.7556    15.6004
21.931599    31.7676    15.6004
21.938799    31.7804    15.6004
21.9412    31.793999    15.6004
21.9412    31.799599    15.6004
21.942    31.817999    15.6004
21.9412    31.8308    15.6004
21.938799    31.8452    15.6004
21.9284    31.8692    15.6004
21.9284    31.8708    15.6004
21.9268    31.872398    15.6004
21.91    31.909199    15.6004
21.894    31.9284    15.6004
21.886799    31.935598    15.6004
21.878    31.942799    15.6004
21.869999    31.952398    15.6004
21.8636    31.953999    15.6004
21.8452    31.962    15.6004
21.834    31.963598    15.6004
21.8244    31.966799    15.6004
21.8036    31.966    15.6004
21.7924    31.966799    15.6004
21.771599    31.9676    15.6004
21.712399    31.963598    15.6004
21.71    31.963598    15.6004
21.706    31.9628    15.6004
21.6764    31.9588    15.6004
21.661999    31.9548    15.6004
21.6332    31.948399    15.6004
21.5996    31.938799    15.6004
21.593199    31.937199    15.6004
21.574    31.9308    15.6004
21.559599    31.9252    15.6004
21.552399    31.9212    15.6004
21.5196    31.9068    15.6004
21.514    31.9028    15.6004
21.485199    31.883598    15.6004
21.47    31.8708    15.6004
21.4588    31.858    15.6004
21.449999    31.8436    15.6004
21.444399    31.837198    15.6004
21.437199    31.817999    15.6004
21.4324    31.8044    15.6004
21.4308    31.7932    15.6004
21.4284    31.7804    15.6004
21.4308    31.7636    15.6004
21.4308    31.760399    15.6004
21.431599    31.754799    15.6004
21.4452    31.7244    15.6004
21.4468    31.719599    15.6004
21.449999    31.7148    15.6004
21.4684    31.6892    15.6004
