2.1436    44.01    21.6004
2.146    44.058    21.6004
2.1483998    44.0972    21.6004
2.1524    44.1684    21.6004
2.1627998    44.349197    21.6004
2.1627998    44.3676    21.6004
2.1612    44.430798    21.6004
2.1588    44.4836    21.6004
2.1532    44.548397    21.6004
2.1468    44.6196    21.6004
2.142    44.674    21.6004
2.138    44.7276    21.6004
2.1316    44.7644    21.6004
2.1283998    44.778    21.6004
2.1211998    44.8004    21.6004
2.1116    44.8332    21.6004
2.0956    44.8756    21.6004
2.07    44.9516    21.6004
2.042    45.031597    21.6004
2.0388    45.037197    21.6004
2.03    45.057198    21.6004
1.9756    45.192398    21.6004
1.9372    45.278    21.6004
1.9355999    45.2812    21.6004
1.9347999    45.2836    21.6004
1.9324    45.2884    21.6004
1.926    45.301197    21.6004
1.9196    45.315598    21.6004
1.8995999    45.360397    21.6004
1.8851999    45.3908    21.6004
1.8804    45.398    21.6004
1.8715999    45.4148    21.6004
1.8635999    45.427597    21.6004
1.8563999    45.4324    21.6004
1.8244    45.4516    21.6004
1.81    45.453197    21.6004
1.7883999    45.449997    21.6004
1.7412    45.4356    21.6004
1.6452    45.406    21.6004
1.4692    45.346798    21.6004
1.2412    45.2756    21.6004
1.206    45.265198    21.6004
1.1724    45.2532    21.6004
1.0924    45.2292    21.6004
1.0691999    45.2244    21.6004
1.0516    45.211597    21.6004
1.0428    45.197998    21.6004
1.0316    45.1756    21.6004
1.0236    45.1652    21.6004
1.0092    45.1204    21.6004
1.0052    45.1044    21.6004
1.0012    45.093998    21.6004
0.98999995    45.045998    21.6004
0.98039997    45.0108    21.6004
0.978    44.9996    21.6004
0.97239995    44.978798    21.6004
0.9716    44.9764    21.6004
0.96999997    44.974    21.6004
0.95    44.9428    21.6004
0.9436    44.9348    21.6004
0.93479997    44.9356    21.6004
0.93079996    44.939598    21.6004
0.9044    44.9428    21.6004
0.9036    44.944397    21.6004
0.8908    44.9684    21.6004
0.89    44.9708    21.6004
0.8828    44.984398    21.6004
0.87399995    45.0004    21.6004
0.8732    45.0028    21.6004
0.8716    45.006798    21.6004
0.85639995    45.058    21.6004
0.838    45.107597    21.6004
0.83159995    45.1236    21.6004
0.8268    45.1364    21.6004
0.81159997    45.1764    21.6004
0.80039996    45.203598    21.6004
0.7892    45.2324    21.6004
0.7716    45.2724    21.6004
0.7628    45.2908    21.6004
0.75879997    45.2996    21.6004
0.7436    45.324398    21.6004
0.7388    45.3308    21.6004
0.7356    45.332397    21.6004
0.7132    45.3484    21.6004
0.70519996    45.3532    21.6004
0.6964    45.3596    21.6004
0.69159997    45.362    21.6004
0.634    45.3964    21.6004
0.62759995    45.4004    21.6004
0.57879996    45.426    21.6004
0.5388    45.4468    21.6004
0.494    45.469997    21.6004
0.40039998    45.517998    21.6004
0.38599998    45.5252    21.6004
0.38439998    45.525997    21.6004
0.382    45.5268    21.6004
0.35639998    45.537197    21.6004
0.3524    45.5388    21.6004
0.3516    45.538    21.6004
0.34919998    45.537197    21.6004
0.3268    45.514    21.6004
0.3116    45.486797    21.6004
0.28039998    45.4316    21.6004
0.24919999    45.3796    21.6004
0.2324    45.35    21.6004
0.21239999    45.3092    21.6004
0.2012    45.2868    21.6004
0.19559999    45.267597    21.6004
0.19    45.253998    21.6004
0.19    45.2412    21.6004
0.1876    45.23    21.6004
0.18679999    45.21    21.6004
0.1876    45.183598    21.6004
0.1884    45.118    21.6004
0.1892    45.082798    21.6004
0.1892    45.053997    21.6004
0.1884    44.9372    21.6004
0.1884    44.936398    21.6004
0.19    44.9068    21.6004
0.1916    44.8908    21.6004
0.19319999    44.8756    21.6004
0.1996    44.8396    21.6004
0.2268    44.7076    21.6004
0.2276    44.7012    21.6004
0.23079999    44.6884    21.6004
0.2644    44.5356    21.6004
0.274    44.4892    21.6004
0.31239998    44.326797    21.6004
0.3364    44.222    21.6004
0.38599998    44.001198    21.6004
0.398    43.953197    21.6004
0.41079998    43.898    21.6004
0.43879998    43.774    21.6004
0.4436    43.753998    21.6004
0.4596    43.6852    21.6004
0.46199998    43.6764    21.6004
0.466    43.6644    21.6004
0.4716    43.635597    21.6004
0.4788    43.6156    21.6004
0.47959998    43.613197    21.6004
0.502    43.5556    21.6004
0.51559997    43.525997    21.6004
0.5204    43.5172    21.6004
0.5276    43.4988    21.6004
0.5396    43.4724    21.6004
0.5476    43.4548    21.6004
0.5548    43.438797    21.6004
0.6116    43.313198    21.6004
0.622    43.287598    21.6004
0.63    43.2692    21.6004
0.634    43.259598    21.6004
0.6468    43.233997    21.6004
0.678    43.157997    21.6004
0.69    43.1284    21.6004
0.70199996    43.0948    21.6004
0.714    43.0644    21.6004
0.7532    42.961998    21.6004
0.7596    42.945198    21.6004
0.7996    42.849197    21.6004
0.806    42.8348    21.6004
0.81799996    42.802    21.6004
0.8348    42.761997    21.6004
0.85719997    42.7124    21.6004
0.8716    42.677998    21.6004
0.91959995    42.5692    21.6004
0.9252    42.5548    21.6004
0.93399996    42.5356    21.6004
0.98039997    42.4388    21.6004
0.98999995    42.4188    21.6004
1.0388    42.321198    21.6004
1.0452    42.3076    21.6004
1.1012    42.200397    21.6004
1.1348    42.1372    21.6004
1.162    42.086    21.6004
1.206    42.006    21.6004
1.2667999    41.8956    21.6004
1.2836    41.8644    21.6004
1.2924    41.85    21.6004
1.3019999    41.832397    21.6004
1.3091999    41.8172    21.6004
1.31    41.8124    21.6004
1.3116    41.7972    21.6004
1.3124    41.787598    21.6004
1.3132    41.7852    21.6004
1.314    41.7612    21.6004
1.3132    41.7588    21.6004
1.3083999    41.753998    21.6004
1.2844    41.7292    21.6004
1.2803999    41.7252    21.6004
1.2548    41.6996    21.6004
1.2324    41.666798    21.6004
1.2307999    41.6628    21.6004
1.2164    41.6196    21.6004
1.214    41.610798    21.6004
1.2124    41.598    21.6004
1.2012    41.484398    21.6004
1.1883999    41.3052    21.6004
1.186    41.276398    21.6004
1.1852    41.2636    21.6004
1.1747999    41.0132    21.6004
1.1724    40.969997    21.6004
1.166    40.8012    21.6004
1.1644    40.758    21.6004
1.1644    40.748398    21.6004
1.1644    40.742    21.6004
1.166    40.7108    21.6004
1.1668    40.6972    21.6004
1.1708    40.6844    21.6004
1.1747999    40.67    21.6004
1.1883999    40.646    21.6004
1.2092    40.6116    21.6004
1.2387999    40.5652    21.6004
1.29    40.4908    21.6004
1.3004    40.473198    21.6004
1.3556    40.3908    21.6004
1.3564    40.39    21.6004
1.362    40.3868    21.6004
1.3916    40.3676    21.6004
1.4108    40.3612    21.6004
1.4147999    40.360397    21.6004
1.4156    40.360397    21.6004
1.4363999    40.3572    21.6004
1.4532    40.3532    21.6004
1.4707999    40.352398    21.6004
1.4836    40.3476    21.6004
1.4964    40.342    21.6004
1.502    40.3404    21.6004
1.5036    40.3308    21.6004
1.5123999    40.3084    21.6004
1.51    40.295597    21.6004
1.5059999    40.267597    21.6004
1.5004    40.211597    21.6004
1.4948    40.1572    21.6004
1.4843999    40.038    21.6004
1.4748    39.885998    21.6004
1.474    39.877197    21.6004
1.4732    39.8628    21.6004
1.4756    39.8388    21.6004
1.4779999    39.824398    21.6004
1.4836    39.8012    21.6004
1.486    39.793198    21.6004
1.49    39.786    21.6004
1.5156    39.7524    21.6004
1.5516    39.705997    21.6004
1.5988    39.644398    21.6004
1.6315999    39.605198    21.6004
1.6403999    39.6004    21.6004
1.6588    39.5868    21.6004
1.6636    39.5836    21.6004
1.6876    39.5788    21.6004
1.6924    39.5788    21.6004
1.6932    39.5788    21.6004
1.7324    39.578    21.6004
1.7723999    39.5812    21.6004
1.8052    39.585197    21.6004
1.8844    39.5972    21.6004
2.1028    39.626    21.6004
2.1812    39.6364    21.6004
2.2236    39.642    21.6004
2.2604    39.646    21.6004
2.3604    39.6588    21.6004
2.4187999    39.6652    21.6004
2.4787998    39.674    21.6004
2.4875998    39.6764    21.6004
2.49    39.6764    21.6004
2.5212    39.69    21.6004
2.5268    39.692398    21.6004
2.5276    39.692398    21.6004
2.5435998    39.7044    21.6004
2.554    39.718    21.6004
2.5667999    39.746    21.6004
2.5795999    39.7756    21.6004
2.618    39.862    21.6004
2.6499999    39.9444    21.6004
2.6555998    39.969997    21.6004
2.6555998    39.9708    21.6004
2.6555998    39.9716    21.6004
2.6476    40.0108    21.6004
2.646    40.014797    21.6004
2.6404    40.034    21.6004
2.6116    40.1148    21.6004
2.6067998    40.133198    21.6004
2.602    40.149998    21.6004
2.6155999    40.166798    21.6004
2.6164    40.166798    21.6004
2.6427999    40.1652    21.6004
2.6436    40.166    21.6004
2.6724    40.161198    21.6004
2.6884    40.1772    21.6004
2.6971998    40.1828    21.6004
2.7036    40.194798    21.6004
2.7068    40.202    21.6004
2.7212    40.2308    21.6004
2.7292    40.246    21.6004
2.7428    40.2884    21.6004
2.7459998    40.2948    21.6004
2.7588    40.3396    21.6004
2.7628    40.354797    21.6004
2.7675998    40.3724    21.6004
2.774    40.4172    21.6004
2.7812    40.453197    21.6004
2.7844    40.4748    21.6004
2.7835999    40.4796    21.6004
2.7868    40.509197    21.6004
2.786    40.514    21.6004
2.7907999    40.5228    21.6004
2.7916    40.5284    21.6004
2.7924    40.538    21.6004
2.7868    40.5588    21.6004
2.7868    40.5708    21.6004
2.7763999    40.610798    21.6004
2.7716    40.6284    21.6004
2.7588    40.6596    21.6004
2.7556    40.669197    21.6004
2.7531998    40.6764    21.6004
2.7444    40.6988    21.6004
2.7444    40.705997    21.6004
2.7388    40.7292    21.6004
2.7324    40.7548    21.6004
2.7331998    40.7588    21.6004
2.734    40.7628    21.6004
2.7275999    40.7828    21.6004
2.7284    40.784397    21.6004
2.7244    40.7916    21.6004
2.7212    40.8084    21.6004
2.7203999    40.8108    21.6004
2.7228    40.834    21.6004
2.7228    40.8364    21.6004
2.7236    40.8372    21.6004
2.7292    40.8628    21.6004
2.73    40.869198    21.6004
2.7252    40.8932    21.6004
2.722    40.9188    21.6004
2.7187998    40.9324    21.6004
2.714    40.9668    21.6004
2.7131999    40.973198    21.6004
2.7115998    40.978    21.6004
2.7036    40.9948    21.6004
2.7003999    41.006    21.6004
2.694    41.029198    21.6004
2.6884    41.057198    21.6004
2.6868    41.062    21.6004
2.6787999    41.0788    21.6004
2.6732    41.0956    21.6004
2.666    41.118797    21.6004
2.6612    41.1396    21.6004
2.6604    41.1428    21.6004
2.6564    41.1516    21.6004
2.6508    41.1732    21.6004
2.6371999    41.2108    21.6004
2.6339998    41.220398    21.6004
2.6316    41.2268    21.6004
2.626    41.238    21.6004
2.6123998    41.2756    21.6004
2.61    41.2924    21.6004
2.6092    41.301197    21.6004
2.6076    41.3052    21.6004
2.6044    41.313198    21.6004
2.5836    41.374    21.6004
2.5788    41.3908    21.6004
2.5779998    41.3948    21.6004
2.5732    41.406    21.6004
2.5556    41.4612    21.6004
2.5516    41.4748    21.6004
2.5507998    41.478798    21.6004
2.55    41.481197    21.6004
2.5451999    41.4916    21.6004
2.5276    41.5492    21.6004
2.5252    41.557198    21.6004
2.5163999    41.57    21.6004
2.5012    41.6196    21.6004
2.4996    41.6236    21.6004
2.4796    41.689198    21.6004
2.4524    41.7604    21.6004
2.4443998    41.776398    21.6004
2.4236    41.8116    21.6004
2.418    41.8172    21.6004
2.3916    41.8428    21.6004
2.3908    41.843597    21.6004
2.3604    41.8612    21.6004
2.3436    41.8708    21.6004
2.3068    41.885998    21.6004
2.2804    41.8924    21.6004
2.2804    41.8932    21.6004
2.2468    41.9092    21.6004
2.2292    41.926    21.6004
2.2196    41.938    21.6004
2.2164    41.9436    21.6004
2.2148    41.946    21.6004
2.2115998    41.9492    21.6004
2.1956    41.9684    21.6004
2.1884    41.974    21.6004
2.1692    42.0004    21.6004
2.1596    42.0076    21.6004
2.1483998    42.029198    21.6004
2.1404    42.0388    21.6004
2.1324    42.05    21.6004
2.1211998    42.0676    21.6004
2.0851998    42.121998    21.6004
2.0828    42.127598    21.6004
2.0532    42.169197    21.6004
2.05    42.174797    21.6004
2.0316    42.2012    21.6004
2.0284    42.2068    21.6004
2.0284    42.211597    21.6004
2.0156    42.2348    21.6004
2.0156    42.2364    21.6004
1.9971999    42.2684    21.6004
1.9964    42.2692    21.6004
1.9812    42.2924    21.6004
1.9804    42.2964    21.6004
1.9707999    42.3164    21.6004
1.9707999    42.318798    21.6004
1.9676    42.326    21.6004
1.9668    42.342    21.6004
1.9652    42.3444    21.6004
1.9627999    42.371597    21.6004
1.9612    42.374798    21.6004
1.9555999    42.3852    21.6004
1.954    42.4044    21.6004
1.9532    42.421997    21.6004
1.9652    42.4316    21.6004
1.9707999    42.4356    21.6004
1.9756    42.4372    21.6004
1.9923999    42.438    21.6004
2.0036    42.453197    21.6004
2.0052    42.4548    21.6004
2.0068    42.4836    21.6004
2.0147998    42.558    21.6004
2.0228    42.6308    21.6004
2.0324    42.7132    21.6004
2.05    42.8764    21.6004
2.0651999    43.0084    21.6004
2.0764    43.118797    21.6004
2.0851998    43.2052    21.6004
2.0932    43.286    21.6004
2.1052    43.4044    21.6004
2.1148    43.53    21.6004
2.1139998    43.5356    21.6004
2.1155999    43.5532    21.6004
2.1236    43.689198    21.6004
2.1268    43.7492    21.6004
2.1396    43.9412    21.6004
2.1436    44.01    21.6004
