19.4972    30.0772    22.8004
19.501999    30.078    22.8004
19.552399    30.0924    22.8004
19.574799    30.0996    22.8004
19.5924    30.1052    22.8004
19.6148    30.113998    22.8004
19.6188    30.1164    22.8004
19.621199    30.118    22.8004
19.663599    30.136398    22.8004
19.6668    30.137999    22.8004
19.667599    30.137999    22.8004
19.6964    30.1404    22.8004
19.6996    30.139599    22.8004
19.7244    30.1316    22.8004
19.7284    30.1292    22.8004
19.749199    30.1132    22.8004
19.754799    30.105999    22.8004
19.769999    30.0812    22.8004
19.7764    30.0716    22.8004
19.7852    30.0548    22.8004
19.8004    30.035599    22.8004
19.806799    30.028399    22.8004
19.8148    30.018799    22.8004
19.8324    29.998798    22.8004
19.8548    29.977999    22.8004
19.862799    29.9684    22.8004
19.89    29.946798    22.8004
19.9004    29.937199    22.8004
19.920399    29.9228    22.8004
19.9292    29.9156    22.8004
19.9412    29.907598    22.8004
19.9636    29.892399    22.8004
19.996399    29.873999    22.8004
19.9988    29.8732    22.8004
20.0044    29.8708    22.8004
20.0268    29.8636    22.8004
20.042    29.858799    22.8004
20.065199    29.8524    22.8004
20.1092    29.842    22.8004
20.121199    29.8396    22.8004
20.1908    29.834799    22.8004
20.191599    29.834799    22.8004
20.2244    29.834799    22.8004
20.2564    29.838799    22.8004
20.2572    29.838799    22.8004
20.305199    29.8508    22.8004
20.316399    29.8548    22.8004
20.345999    29.8652    22.8004
20.362799    29.872398    22.8004
20.390799    29.885199    22.8004
20.4196    29.9004    22.8004
20.438    29.910799    22.8004
20.4716    29.935598    22.8004
20.479599    29.942    22.8004
20.5028    29.9644    22.8004
20.5092    29.9716    22.8004
20.5108    29.9732    22.8004
20.5308    29.996399    22.8004
20.5324    29.9996    22.8004
20.546799    30.0268    22.8004
20.5556    30.046    22.8004
20.5588    30.052399    22.8004
20.562    30.0628    22.8004
20.5668    30.0772    22.8004
20.5684    30.091599    22.8004
20.569199    30.1068    22.8004
20.5684    30.1236    22.8004
20.5684    30.1356    22.8004
20.5644    30.154    22.8004
20.5628    30.1588    22.8004
20.5612    30.1644    22.8004
20.5556    30.1852    22.8004
20.546    30.2004    22.8004
20.5404    30.212399    22.8004
20.5284    30.2284    22.8004
20.522    30.236399    22.8004
20.4988    30.2596    22.8004
20.494    30.264399    22.8004
20.4916    30.265999    22.8004
20.4844    30.2708    22.8004
20.472399    30.282    22.8004
20.444399    30.297998    22.8004
20.4052    30.3172    22.8004
20.4028    30.3188    22.8004
20.402    30.3188    22.8004
20.4012    30.3196    22.8004
20.3932    30.321999    22.8004
20.3708    30.3324    22.8004
20.3652    30.3356    22.8004
20.334799    30.3524    22.8004
20.3268    30.358    22.8004
20.2868    30.3788    22.8004
20.269999    30.386799    22.8004
20.2524    30.3956    22.8004
20.2244    30.4084    22.8004
20.2172    30.410799    22.8004
20.2036    30.4172    22.8004
20.1492    30.437199    22.8004
20.1388    30.441198    22.8004
20.1364    30.442    22.8004
20.128399    30.4436    22.8004
20.057999    30.4628    22.8004
20.0308    30.466    22.8004
20.0044    30.470798    22.8004
19.994    30.4716    22.8004
19.9748    30.485199    22.8004
19.966    30.4972    22.8004
19.9716    30.5068    22.8004
19.97    30.5308    22.8004
19.989199    30.5516    22.8004
19.994    30.556398    22.8004
20.0284    30.5868    22.8004
20.05    30.6076    22.8004
20.052399    30.609999    22.8004
20.0532    30.609999    22.8004
20.0532    30.6108    22.8004
20.0788    30.641998    22.8004
20.098799    30.6668    22.8004
20.1108    30.682798    22.8004
20.1276    30.7116    22.8004
20.1388    30.7284    22.8004
20.1572    30.7652    22.8004
20.161999    30.777199    22.8004
20.1724    30.8028    22.8004
20.174    30.8084    22.8004
20.1852    30.842    22.8004
20.1868    30.8468    22.8004
20.194    30.877998    22.8004
20.1988    30.8972    22.8004
20.2004    30.906    22.8004
20.2004    30.937199    22.8004
20.201199    30.962    22.8004
20.202    30.966    22.8004
20.1996    30.989199    22.8004
20.1988    31.009998    22.8004
20.1988    31.015598    22.8004
20.195599    31.026    22.8004
20.189999    31.0556    22.8004
20.1868    31.065199    22.8004
20.1812    31.0836    22.8004
20.161999    31.1204    22.8004
20.1572    31.130798    22.8004
20.1364    31.1612    22.8004
20.1092    31.191599    22.8004
20.1084    31.1924    22.8004
20.1068    31.193998    22.8004
20.0844    31.221199    22.8004
20.078    31.2276    22.8004
20.0588    31.2508    22.8004
20.0532    31.2556    22.8004
20.042799    31.2708    22.8004
20.0404    31.273998    22.8004
20.029999    31.288399    22.8004
20.0252    31.2972    22.8004
20.0236    31.299599    22.8004
20.0228    31.301199    22.8004
20.000399    31.3324    22.8004
19.9988    31.337198    22.8004
19.990799    31.361198    22.8004
19.99    31.362    22.8004
19.9812    31.3844    22.8004
19.979599    31.3884    22.8004
19.9788    31.389198    22.8004
19.9716    31.420399    22.8004
19.9748    31.433199    22.8004
20.0044    31.522    22.8004
20.0044    31.5236    22.8004
20.0052    31.524399    22.8004
20.0052    31.5252    22.8004
20.0148    31.5588    22.8004
20.018799    31.578798    22.8004
20.022    31.5892    22.8004
20.024399    31.608398    22.8004
20.024399    31.6148    22.8004
20.024399    31.6204    22.8004
20.0236    31.6596    22.8004
20.022    31.680399    22.8004
20.0212    31.7276    22.8004
20.022    31.7444    22.8004
20.0236    31.768398    22.8004
20.0252    31.792398    22.8004
20.0276    31.809198    22.8004
20.0284    31.8172    22.8004
20.0348    31.8548    22.8004
20.037199    31.862799    22.8004
20.048399    31.892399    22.8004
20.0516    31.9028    22.8004
20.0588    31.920399    22.8004
20.0716    31.938799    22.8004
20.080399    31.9516    22.8004
20.1028    31.9772    22.8004
20.1148    31.9916    22.8004
20.13    32.0076    22.8004
20.1516    32.029198    22.8004
20.1628    32.0388    22.8004
20.2108    32.0804    22.8004
20.2508    32.113197    22.8004
20.254    32.1156    22.8004
20.3212    32.1636    22.8004
20.3524    32.1852    22.8004
20.3724    32.1988    22.8004
20.396399    32.214    22.8004
20.4412    32.242    22.8004
20.479599    32.2668    22.8004
20.49    32.274    22.8004
20.4988    32.2804    22.8004
20.518799    32.298798    22.8004
20.522    32.302    22.8004
20.538    32.318798    22.8004
20.5404    32.324398    22.8004
20.5516    32.3404    22.8004
20.5548    32.346    22.8004
20.566    32.3708    22.8004
20.5668    32.3724    22.8004
20.5676    32.374    22.8004
20.5716    32.408398    22.8004
20.5724    32.4132    22.8004
20.569199    32.453197    22.8004
20.569199    32.461998    22.8004
20.569199    32.4692    22.8004
20.565199    32.506798    22.8004
20.5612    32.5412    22.8004
20.557999    32.5532    22.8004
20.55    32.593998    22.8004
20.5396    32.626    22.8004
20.5276    32.6588    22.8004
20.5164    32.686    22.8004
20.5012    32.7188    22.8004
20.483599    32.750797    22.8004
20.4468    32.818    22.8004
20.4308    32.8476    22.8004
20.41    32.8796    22.8004
20.362    32.9548    22.8004
20.354    32.966    22.8004
20.306    33.0316    22.8004
20.288399    33.0548    22.8004
20.2484    33.1036    22.8004
20.236399    33.1172    22.8004
20.206    33.1492    22.8004
20.195599    33.1596    22.8004
20.1524    33.1956    22.8004
20.150799    33.1964    22.8004
20.1492    33.1972    22.8004
20.1188    33.2156    22.8004
20.1132    33.218    22.8004
20.104399    33.222    22.8004
20.0724    33.2356    22.8004
20.0404    33.2404    22.8004
20.0324    33.242    22.8004
19.994    33.2444    22.8004
19.9924    33.2444    22.8004
19.990799    33.2444    22.8004
19.9572    33.238    22.8004
19.948399    33.2356    22.8004
19.9308    33.2276    22.8004
19.918    33.222    22.8004
19.902    33.2132    22.8004
19.8932    33.2084    22.8004
19.885199    33.2028    22.8004
19.8636    33.1868    22.8004
19.8444    33.1692    22.8004
19.838    33.1636    22.8004
19.8316    33.1564    22.8004
19.806    33.1292    22.8004
19.7932    33.113197    22.8004
19.7924    33.1116    22.8004
19.7396    33.0396    22.8004
19.73    33.0244    22.8004
19.7052    32.989998    22.8004
19.6964    32.975597    22.8004
19.6764    32.945198    22.8004
19.6708    32.9348    22.8004
19.6476    32.9068    22.8004
19.643599    32.9012    22.8004
19.6236    32.8852    22.8004
19.615599    32.874798    22.8004
19.594    32.863598    22.8004
19.581999    32.8556    22.8004
19.5756    32.8556    22.8004
19.559599    32.846798    22.8004
19.5436    32.843597    22.8004
19.51    32.8364    22.8004
19.4804    32.837997    22.8004
19.4644    32.837997    22.8004
19.4596    32.8388    22.8004
19.438    32.8428    22.8004
19.427599    32.8484    22.8004
19.4068    32.8596    22.8004
19.3972    32.869198    22.8004
19.39    32.878    22.8004
19.378    32.8996    22.8004
19.3748    32.9108    22.8004
19.3652    32.9316    22.8004
19.3604    32.950798    22.8004
19.357199    32.9604    22.8004
19.351599    32.992397    22.8004
19.347599    33.012398    22.8004
19.3468    33.0228    22.8004
19.347599    33.0332    22.8004
19.3468    33.0804    22.8004
19.3468    33.0844    22.8004
19.3548    33.1436    22.8004
19.3564    33.1508    22.8004
19.3732    33.2292    22.8004
19.379599    33.2476    22.8004
19.4076    33.326    22.8004
19.410799    33.3332    22.8004
19.434    33.3924    22.8004
19.437199    33.4004    22.8004
19.4532    33.438    22.8004
19.453999    33.4404    22.8004
19.4588    33.454    22.8004
19.4692    33.486797    22.8004
19.472399    33.494    22.8004
19.485199    33.522    22.8004
19.4884    33.5284    22.8004
19.4932    33.545998    22.8004
19.494    33.5652    22.8004
19.4956    33.5748    22.8004
19.498    33.598    22.8004
19.4988    33.6036    22.8004
19.4932    33.626    22.8004
19.4924    33.629997    22.8004
19.489199    33.6356    22.8004
19.4812    33.642    22.8004
19.4756    33.6452    22.8004
19.4524    33.654    22.8004
19.444399    33.6564    22.8004
19.442    33.6564    22.8004
19.416399    33.6564    22.8004
19.403599    33.655598    22.8004
19.392399    33.6548    22.8004
19.390799    33.6548    22.8004
19.362    33.6452    22.8004
19.3604    33.644398    22.8004
19.357199    33.6436    22.8004
19.327599    33.6308    22.8004
19.3196    33.624397    22.8004
19.3132    33.618    22.8004
19.312399    33.6172    22.8004
19.310799    33.616398    22.8004
19.3004    33.6044    22.8004
19.2892    33.5972    22.8004
19.286    33.5932    22.8004
19.2804    33.59    22.8004
19.2684    33.577198    22.8004
19.253199    33.5668    22.8004
19.2508    33.5644    22.8004
19.247599    33.562    22.8004
19.219599    33.5364    22.8004
19.213999    33.5308    22.8004
19.2068    33.526    22.8004
19.2052    33.523598    22.8004
19.17    33.4916    22.8004
19.169199    33.4908    22.8004
19.1444    33.466    22.8004
19.1404    33.461998    22.8004
19.1124    33.4284    22.8004
19.111599    33.4276    22.8004
19.1108    33.426    22.8004
19.0836    33.3932    22.8004
19.0548    33.3588    22.8004
19.042    33.341198    22.8004
18.9876    33.281998    22.8004
18.985199    33.2788    22.8004
18.9844    33.2788    22.8004
18.9844    33.278    22.8004
18.9228    33.1916    22.8004
18.914    33.1796    22.8004
18.8668    33.113197    22.8004
18.862799    33.1068    22.8004
18.8596    33.101997    22.8004
18.8284    33.0492    22.8004
18.8172    33.0284    22.8004
18.786    32.9724    22.8004
18.7596    32.919598    22.8004
18.75    32.902    22.8004
18.7076    32.804398    22.8004
18.7068    32.8028    22.8004
18.7068    32.802    22.8004
18.685999    32.7468    22.8004
18.678    32.722797    22.8004
18.656399    32.6588    22.8004
18.656399    32.658    22.8004
18.6556    32.6564    22.8004
18.632399    32.5708    22.8004
18.614    32.5052    22.8004
18.5972    32.436398    22.8004
18.5916    32.4076    22.8004
18.5788    32.3444    22.8004
18.5772    32.332397    22.8004
18.576399    32.329998    22.8004
18.5684    32.2676    22.8004
18.563599    32.222    22.8004
18.5628    32.2132    22.8004
18.5604    32.1716    22.8004
18.5604    32.1684    22.8004
18.5604    32.1676    22.8004
18.5628    32.1212    22.8004
18.5644    32.11    22.8004
18.566    32.09    22.8004
18.569199    32.073997    22.8004
18.5716    32.0636    22.8004
18.57    32.0428    22.8004
18.5716    32.0356    22.8004
18.5724    32.0276    22.8004
18.562    32.0084    22.8004
18.563599    31.998798    22.8004
18.5492    31.985199    22.8004
18.5404    31.981998    22.8004
18.5148    31.9868    22.8004
18.5092    31.989199    22.8004
18.4588    32.0196    22.8004
18.455599    32.0212    22.8004
18.4324    32.034798    22.8004
18.397999    32.054    22.8004
18.3828    32.0612    22.8004
18.342    32.0788    22.8004
18.3372    32.0812    22.8004
18.3356    32.082    22.8004
18.3332    32.0836    22.8004
18.3252    32.0876    22.8004
18.295599    32.099598    22.8004
18.27    32.1068    22.8004
18.2628    32.1092    22.8004
18.2596    32.110798    22.8004
18.2444    32.1148    22.8004
18.2236    32.1172    22.8004
18.2124    32.1172    22.8004
18.189999    32.1124    22.8004
18.1828    32.1124    22.8004
18.1572    32.1028    22.8004
18.1524    32.101997    22.8004
18.1348    32.0932    22.8004
18.1292    32.09    22.8004
18.126799    32.088398    22.8004
18.1028    32.0676    22.8004
18.057999    32.0188    22.8004
18.0556    32.0148    22.8004
18.046    31.9972    22.8004
18.0212    31.948399    22.8004
18.0164    31.938    22.8004
18.0124    31.9284    22.8004
17.996399    31.8764    22.8004
17.985199    31.8284    22.8004
17.983599    31.8172    22.8004
17.9772    31.762798    22.8004
17.9764    31.7428    22.8004
17.9748    31.678799    22.8004
17.9764    31.649199    22.8004
17.9812    31.602798    22.8004
17.9876    31.5556    22.8004
17.9924    31.524399    22.8004
18.01    31.429998    22.8004
18.0172    31.394798    22.8004
18.0348    31.3356    22.8004
18.042    31.31    22.8004
18.0588    31.2676    22.8004
18.0772    31.225199    22.8004
18.1076    31.1596    22.8004
18.1084    31.157999    22.8004
18.109999    31.1556    22.8004
18.146    31.093199    22.8004
18.169199    31.0604    22.8004
18.182    31.039598    22.8004
18.2132    30.998    22.8004
18.225199    30.981998    22.8004
18.2452    30.957998    22.8004
18.2684    30.9308    22.8004
18.2764    30.924398    22.8004
18.277199    30.9236    22.8004
18.289999    30.9004    22.8004
18.2932    30.89    22.8004
18.2732    30.8732    22.8004
18.2684    30.8692    22.8004
18.262    30.866    22.8004
18.2396    30.855598    22.8004
18.2188    30.8484    22.8004
18.2004    30.840399    22.8004
18.1828    30.833199    22.8004
18.178799    30.8308    22.8004
18.169199    30.8252    22.8004
18.1364    30.7988    22.8004
18.1356    30.797998    22.8004
18.1124    30.7724    22.8004
18.0972    30.754    22.8004
18.0908    30.7452    22.8004
18.0828    30.7276    22.8004
18.0788    30.721199    22.8004
18.0684    30.6932    22.8004
18.0684    30.6924    22.8004
18.0668    30.6868    22.8004
18.062    30.6556    22.8004
18.0612    30.6484    22.8004
18.0604    30.6148    22.8004
18.0604    30.609999    22.8004
18.066    30.587599    22.8004
18.0668    30.5828    22.8004
18.069199    30.5756    22.8004
18.0772    30.5516    22.8004
18.0844    30.535599    22.8004
18.093199    30.5196    22.8004
18.104399    30.501999    22.8004
18.1188    30.4812    22.8004
18.122799    30.4756    22.8004
18.1276    30.47    22.8004
18.145199    30.448399    22.8004
18.1532    30.4404    22.8004
18.1724    30.4196    22.8004
18.185999    30.407598    22.8004
18.2044    30.3916    22.8004
18.246    30.361198    22.8004
18.2524    30.357199    22.8004
18.2564    30.354    22.8004
18.262    30.3508    22.8004
18.2916    30.331598    22.8004
18.3116    30.320398    22.8004
18.3316    30.31    22.8004
18.351599    30.301199    22.8004
18.375599    30.2916    22.8004
18.3836    30.288399    22.8004
18.3948    30.2852    22.8004
18.4268    30.275599    22.8004
18.437199    30.2748    22.8004
18.4572    30.2668    22.8004
18.461199    30.265999    22.8004
18.4932    30.257198    22.8004
18.494799    30.257198    22.8004
18.4972    30.2564    22.8004
18.501999    30.254    22.8004
18.5404    30.2388    22.8004
18.557999    30.229198    22.8004
18.5716    30.222    22.8004
18.598    30.2036    22.8004
18.6108    30.195599    22.8004
18.626799    30.1836    22.8004
18.637999    30.174    22.8004
18.67    30.149199    22.8004
18.6868    30.1372    22.8004
18.698    30.130798    22.8004
18.7244    30.1188    22.8004
18.7372    30.115599    22.8004
18.760399    30.1108    22.8004
18.782    30.1076    22.8004
18.8036    30.1068    22.8004
18.840399    30.1076    22.8004
18.857199    30.109999    22.8004
18.920399    30.1188    22.8004
18.9468    30.125198    22.8004
18.990799    30.132399    22.8004
19.001999    30.1348    22.8004
19.01    30.1356    22.8004
19.0164    30.136398    22.8004
19.05    30.141998    22.8004
19.063599    30.146    22.8004
19.094    30.1524    22.8004
19.100399    30.154799    22.8004
19.1076    30.156399    22.8004
19.1372    30.157999    22.8004
19.1404    30.157999    22.8004
19.1652    30.1556    22.8004
19.1724    30.1524    22.8004
19.198    30.139599    22.8004
19.2068    30.130798    22.8004
19.2284    30.1188    22.8004
19.254799    30.100399    22.8004
19.262    30.0956    22.8004
19.2724    30.09    22.8004
19.2924    30.081999    22.8004
19.31    30.078    22.8004
19.326    30.073198    22.8004
19.3508    30.0668    22.8004
19.3612    30.065199    22.8004
19.382    30.0644    22.8004
19.386799    30.0644    22.8004
19.39    30.063599    22.8004
19.4052    30.065199    22.8004
19.434    30.0684    22.8004
19.4884    30.0756    22.8004
19.4956    30.076399    22.8004
19.4972    30.0772    22.8004
