18.458    23.8172    18.0004
18.4436    23.812399    18.0004
18.43    23.8084    18.0004
18.4196    23.8036    18.0004
18.39    23.786798    18.0004
18.3772    23.7764    18.0004
18.3636    23.762    18.0004
18.351599    23.747599    18.0004
18.3412    23.732399    18.0004
18.329199    23.7172    18.0004
18.3228    23.702799    18.0004
18.3172    23.689999    18.0004
18.312399    23.673199    18.0004
18.31    23.661999    18.0004
18.3044    23.6356    18.0004
18.3036    23.6252    18.0004
18.3004    23.6084    18.0004
18.301199    23.598    18.0004
18.301199    23.5852    18.0004
18.3044    23.565199    18.0004
18.306799    23.557999    18.0004
18.3276    23.522    18.0004
18.3484    23.4956    18.0004
18.3508    23.4924    18.0004
18.353199    23.490799    18.0004
18.418    23.43    18.0004
18.43    23.4196    18.0004
18.4356    23.414799    18.0004
18.454    23.4012    18.0004
18.4684    23.392399    18.0004
18.482    23.3732    18.0004
18.482    23.357199    18.0004
18.4884    23.3428    18.0004
18.4812    23.3284    18.0004
18.483599    23.3132    18.0004
18.4716    23.2988    18.0004
18.4676    23.2796    18.0004
18.4516    23.258    18.0004
18.442799    23.2516    18.0004
18.4356    23.247599    18.0004
18.414    23.2316    18.0004
18.4076    23.2284    18.0004
18.381199    23.2164    18.0004
18.364399    23.2092    18.0004
18.342    23.1996    18.0004
18.334799    23.195599    18.0004
18.3324    23.194    18.0004
18.310799    23.185999    18.0004
18.298    23.1812    18.0004
18.2876    23.1836    18.0004
18.260399    23.184399    18.0004
18.2452    23.2052    18.0004
18.2404    23.2132    18.0004
18.234    23.2348    18.0004
18.2332    23.2516    18.0004
18.2292    23.264399    18.0004
18.2156    23.31    18.0004
18.2148    23.3132    18.0004
18.213999    23.3148    18.0004
18.2012    23.3716    18.0004
18.1924    23.4196    18.0004
18.1892    23.438    18.0004
18.1884    23.444399    18.0004
18.1852    23.459599    18.0004
18.1796    23.4772    18.0004
18.1684    23.518799    18.0004
18.1572    23.5508    18.0004
18.1404    23.6196    18.0004
18.1348    23.645199    18.0004
18.133999    23.6516    18.0004
18.1292    23.6628    18.0004
18.121199    23.678    18.0004
18.114    23.689999    18.0004
18.093199    23.730799    18.0004
18.0908    23.7356    18.0004
18.0828    23.753199    18.0004
18.069199    23.774    18.0004
18.057999    23.784399    18.0004
18.0404    23.799599    18.0004
18.013199    23.8196    18.0004
18.01    23.8212    18.0004
18.0084    23.821999    18.0004
17.9972    23.829199    18.0004
17.982    23.834799    18.0004
17.9684    23.838799    18.0004
17.93    23.8436    18.0004
17.9116    23.845999    18.0004
17.8972    23.8468    18.0004
17.8596    23.8396    18.0004
17.8244    23.8324    18.0004
17.8228    23.8316    18.0004
17.8212    23.8308    18.0004
17.7964    23.817999    18.0004
17.7708    23.7948    18.0004
17.7644    23.789999    18.0004
17.7508    23.7708    18.0004
17.7452    23.7636    18.0004
17.7412    23.7444    18.0004
17.7372    23.7348    18.0004
17.734    23.7156    18.0004
17.7332    23.702    18.0004
17.721199    23.6836    18.0004
17.7156    23.6716    18.0004
17.6876    23.6716    18.0004
17.673199    23.6644    18.0004
17.661999    23.673199    18.0004
17.6516    23.6868    18.0004
17.6492    23.6908    18.0004
17.6244    23.717999    18.0004
17.622799    23.7204    18.0004
17.6204    23.7228    18.0004
17.618    23.726    18.0004
17.598    23.746    18.0004
17.5676    23.7796    18.0004
17.557999    23.7908    18.0004
17.5508    23.795599    18.0004
17.534    23.8076    18.0004
17.518799    23.8156    18.0004
17.4804    23.8324    18.0004
17.4548    23.844398    18.0004
17.4308    23.849998    18.0004
17.378    23.855598    18.0004
17.3676    23.8564    18.0004
17.345999    23.857199    18.0004
17.3396    23.8564    18.0004
17.3148    23.8484    18.0004
17.284399    23.838799    18.0004
17.2812    23.8372    18.0004
17.2708    23.834    18.0004
17.2588    23.829199    18.0004
17.253199    23.826    18.0004
17.2396    23.8156    18.0004
17.230799    23.8076    18.0004
17.2116    23.789999    18.0004
17.1932    23.7724    18.0004
17.184399    23.7612    18.0004
17.180399    23.7412    18.0004
17.178    23.7356    18.0004
17.178    23.730799    18.0004
17.1772    23.694    18.0004
17.1772    23.6852    18.0004
17.178    23.673199    18.0004
17.182    23.6388    18.0004
17.1836    23.6332    18.0004
17.184399    23.6292    18.0004
17.1876    23.6188    18.0004
17.21    23.5532    18.0004
17.237999    23.483599    18.0004
17.2444    23.4684    18.0004
17.2508    23.453999    18.0004
17.2556    23.4436    18.0004
17.2732    23.4068    18.0004
17.302    23.351599    18.0004
17.3084    23.3412    18.0004
17.3172    23.3268    18.0004
17.364399    23.2516    18.0004
17.3876    23.2164    18.0004
17.392399    23.21    18.0004
17.3932    23.208399    18.0004
17.3964    23.2044    18.0004
17.454    23.117199    18.0004
17.4692    23.0956    18.0004
17.5348    23.011599    18.0004
17.5364    23.0092    18.0004
17.537199    23.0084    18.0004
17.538    23.0068    18.0004
17.5492    22.9924    18.0004
17.559599    22.9788    18.0004
17.5612    22.9772    18.0004
17.581999    22.9492    18.0004
17.626799    22.8892    18.0004
17.6308    22.8836    18.0004
17.684399    22.8172    18.0004
17.706    22.7916    18.0004
17.7164    22.777199    18.0004
17.7284    22.7628    18.0004
17.741999    22.741999    18.0004
17.7428    22.7404    18.0004
17.749199    22.730799    18.0004
17.7524    22.726    18.0004
17.805199    22.6556    18.0004
17.826    22.6276    18.0004
17.8484    22.5964    18.0004
17.8852    22.55    18.0004
17.89    22.5436    18.0004
17.8988    22.5308    18.0004
17.918    22.51    18.0004
17.9364    22.482    18.0004
17.9636    22.446    18.0004
17.9644    22.4436    18.0004
17.99    22.4172    18.0004
17.990799    22.4156    18.0004
18.0164    22.3932    18.0004
18.018799    22.3916    18.0004
18.0404    22.3844    18.0004
18.0444    22.381199    18.0004
18.048399    22.3836    18.0004
18.0684    22.401999    18.0004
18.0748    22.4084    18.0004
18.0852    22.421999    18.0004
18.0964    22.438799    18.0004
18.1036    22.458    18.0004
18.114    22.472399    18.0004
18.122799    22.485199    18.0004
18.128399    22.4924    18.0004
18.142    22.4844    18.0004
18.161999    22.4748    18.0004
18.17    22.462    18.0004
18.191599    22.4404    18.0004
18.2164    22.409199    18.0004
18.2244    22.4012    18.0004
18.2612    22.362799    18.0004
18.2628    22.3612    18.0004
18.2636    22.3604    18.0004
18.302    22.3268    18.0004
18.306799    22.323599    18.0004
18.310799    22.3204    18.0004
18.347599    22.3004    18.0004
18.366    22.2892    18.0004
18.382    22.281199    18.0004
18.3916    22.277199    18.0004
18.410799    22.271599    18.0004
18.4284    22.269999    18.0004
18.4348    22.2668    18.0004
18.449999    22.2652    18.0004
18.4636    22.264399    18.0004
18.4748    22.2636    18.0004
18.49    22.262    18.0004
18.5036    22.265999    18.0004
18.514    22.2668    18.0004
18.524399    22.2692    18.0004
18.5492    22.278    18.0004
18.5676    22.2836    18.0004
18.5756    22.288399    18.0004
18.5844    22.293999    18.0004
18.6012    22.305199    18.0004
18.617199    22.3172    18.0004
18.626    22.323599    18.0004
18.6332    22.329199    18.0004
18.6572    22.3524    18.0004
18.6812    22.3788    18.0004
18.6836    22.382    18.0004
18.6876    22.386799    18.0004
18.708399    22.414799    18.0004
18.71    22.416399    18.0004
18.7284    22.446    18.0004
18.7396    22.4636    18.0004
18.7404    22.465199    18.0004
18.7412    22.466799    18.0004
18.764399    22.51    18.0004
18.784399    22.5516    18.0004
18.7932    22.5732    18.0004
18.8092    22.6108    18.0004
18.821999    22.642    18.0004
18.8324    22.6756    18.0004
18.851599    22.737999    18.0004
18.8564    22.7516    18.0004
18.878    22.83    18.0004
18.8788    22.8316    18.0004
18.8964    22.916399    18.0004
18.9012    22.937199    18.0004
18.9116    22.990799    18.0004
18.9244    23.0628    18.0004
18.9396    23.1532    18.0004
18.942    23.167599    18.0004
18.942799    23.1724    18.0004
18.9532    23.254    18.0004
18.9548    23.2668    18.0004
18.958    23.2908    18.0004
18.966799    23.368399    18.0004
18.9756    23.473999    18.0004
18.9764    23.479599    18.0004
18.9772    23.4916    18.0004
18.983599    23.5676    18.0004
18.986    23.594    18.0004
18.99    23.65    18.0004
18.994    23.7156    18.0004
18.9956    23.7564    18.0004
18.9972    23.805199    18.0004
18.998    23.8748    18.0004
18.9972    23.946    18.0004
18.996399    23.9924    18.0004
18.994799    24.028399    18.0004
18.9932    24.037199    18.0004
18.9812    24.085999    18.0004
18.97    24.1332    18.0004
18.966    24.146    18.0004
18.955599    24.1652    18.0004
18.9436    24.178    18.0004
18.937199    24.184399    18.0004
18.9284    24.1892    18.0004
18.91    24.2036    18.0004
18.8892    24.208399    18.0004
18.885199    24.2092    18.0004
18.8844    24.2092    18.0004
18.8828    24.2092    18.0004
18.8548    24.2092    18.0004
18.8396    24.202    18.0004
18.829199    24.1996    18.0004
18.8156    24.1924    18.0004
18.8028    24.185999    18.0004
18.7868    24.1724    18.0004
18.7788    24.163599    18.0004
18.7668    24.149199    18.0004
18.754    24.13    18.0004
18.7428    24.111599    18.0004
18.7372    24.093199    18.0004
18.7316    24.078    18.0004
18.7156    24.0092    18.0004
18.7116    23.990799    18.0004
18.708399    23.977999    18.0004
18.7068    23.9524    18.0004
18.7052    23.9436    18.0004
18.7004    23.858799    18.0004
18.6948    23.8044    18.0004
18.6908    23.769999    18.0004
18.6884    23.7468    18.0004
18.685999    23.719599    18.0004
18.682    23.6948    18.0004
18.6772    23.6644    18.0004
18.673199    23.6428    18.0004
18.666    23.6076    18.0004
18.6644    23.602    18.0004
18.6644    23.598799    18.0004
18.656399    23.5684    18.0004
18.6556    23.5644    18.0004
18.6548    23.5628    18.0004
18.6548    23.562    18.0004
18.6404    23.5436    18.0004
18.6348    23.537199    18.0004
18.6196    23.5492    18.0004
18.598799    23.5612    18.0004
18.5964    23.57    18.0004
18.5908    23.591599    18.0004
18.5892    23.6148    18.0004
18.5884    23.6308    18.0004
18.5676    23.712399    18.0004
18.5628    23.7316    18.0004
18.5612    23.736399    18.0004
18.5588    23.741999    18.0004
18.5532    23.749199    18.0004
18.5308    23.784399    18.0004
18.5196    23.7988    18.0004
18.5124    23.806799    18.0004
18.490799    23.8132    18.0004
18.4884    23.8148    18.0004
18.462    23.816399    18.0004
18.458    23.8172    18.0004
