6.6516    11.814799    12.9004
6.6499996    11.7836    12.9004
6.6507998    11.75    12.9004
6.6507998    11.7428    12.9004
6.6516    11.7428    12.9004
6.6484    11.7355995    12.9004
6.6419997    11.7108    12.9004
6.6372    11.7084    12.9004
6.6155996    11.694799    12.9004
6.6124    11.6932    12.9004
6.5787997    11.677199    12.9004
6.5435996    11.6588    12.9004
6.5323997    11.6532    12.9004
6.5204    11.646    12.9004
6.4884    11.6276    12.9004
6.4779997    11.6212    12.9004
6.4516    11.606    12.9004
6.4115996    11.5764    12.9004
6.4027996    11.5708    12.9004
6.3924    11.562799    12.9004
6.3652    11.5412    12.9004
6.3492    11.526    12.9004
6.3188    11.4972    12.9004
6.3124    11.4908    12.9004
6.3092    11.487599    12.9004
6.2627997    11.4388    12.9004
6.2483997    11.417999    12.9004
6.2388    11.4052    12.9004
6.2332    11.3907995    12.9004
6.2275996    11.378799    12.9004
6.2251997    11.3596    12.9004
6.2228    11.349999    12.9004
6.2228    11.343599    12.9004
6.2236    11.325999    12.9004
6.2251997    11.3116    12.9004
6.2275996    11.2987995    12.9004
6.2324    11.280399    12.9004
6.2339997    11.2732    12.9004
6.2451997    11.2316    12.9004
6.2532    11.205199    12.9004
6.266    11.1636    12.9004
6.2707996    11.15    12.9004
6.2739997    11.1412    12.9004
6.2907996    11.098    12.9004
6.298    11.0828    12.9004
6.3171997    11.039599    12.9004
6.3244    11.0252    12.9004
6.3276    11.0188    12.9004
6.3715997    10.938    12.9004
6.3859997    10.9116    12.9004
6.4076    10.8756    12.9004
6.4284    10.844399    12.9004
6.4428    10.8228    12.9004
6.4588    10.802    12.9004
6.4964    10.751599    12.9004
6.5243998    10.7156    12.9004
6.5267997    10.7123995    12.9004
6.5276    10.711599    12.9004
6.5628    10.6812    12.9004
6.5796    10.671599    12.9004
6.5875998    10.6676    12.9004
6.5899997    10.6668    12.9004
6.6155996    10.660399    12.9004
6.638    10.660399    12.9004
6.6404    10.660399    12.9004
6.6684    10.6564    12.9004
6.6707997    10.6564    12.9004
6.6731997    10.6556    12.9004
6.7036    10.634    12.9004
6.7068    10.630799    12.9004
6.7156    10.6068    12.9004
6.7188    10.5956    12.9004
6.7204    10.582    12.9004
6.7204    10.5756    12.9004
6.7212    10.5668    12.9004
6.7275996    10.5244    12.9004
6.7339997    10.486    12.9004
6.7451997    10.417999    12.9004
6.7572    10.332399    12.9004
6.7644    10.2932    12.9004
6.7795997    10.1972    12.9004
6.7956    10.1147995    12.9004
6.8004    10.0884    12.9004
6.8012    10.0828    12.9004
6.8036    10.073199    12.9004
6.8051996    10.0668    12.9004
6.8068    10.062799    12.9004
6.8083997    10.0364    12.9004
6.8083997    10.0308    12.9004
6.7995996    10.0036    12.9004
6.786    9.986    12.9004
6.7739997    9.9716    12.9004
6.7507997    9.941199    12.9004
6.7507997    9.9404    12.9004
6.75    9.9404    12.9004
6.7331996    9.8932    12.9004
6.7251997    9.8716    12.9004
6.7139997    9.8316    12.9004
6.6995997    9.7755995    12.9004
6.6892    9.726    12.9004
6.6843996    9.700399    12.9004
6.6756    9.665999    12.9004
6.6692    9.637199    12.9004
6.6628    9.601999    12.9004
6.6468    9.506    12.9004
6.6443996    9.486    12.9004
6.6436    9.474    12.9004
6.6436    9.4724    12.9004
6.6436    9.4396    12.9004
6.6475997    9.414    12.9004
6.6499996    9.4044    12.9004
6.6548    9.3828    12.9004
6.6604    9.3628    12.9004
6.6716    9.3276    12.9004
6.694    9.2628    12.9004
6.6963997    9.2556    12.9004
6.7036    9.2388    12.9004
6.7148    9.2076    12.9004
6.7228    9.189199    12.9004
6.7372    9.1588    12.9004
6.7468    9.1412    12.9004
6.7716    9.094    12.9004
6.7724    9.0932    12.9004
6.778    9.0844    12.9004
6.798    9.0524    12.9004
6.8156    9.0292    12.9004
6.8403997    9.0028    12.9004
6.8508    8.993199    12.9004
6.8603997    8.9852    12.9004
6.8868    8.965199    12.9004
6.9035997    8.9539995    12.9004
6.9388    8.9316    12.9004
6.9532    8.9236    12.9004
7.0044    8.8948    12.9004
7.0052    8.8948    12.9004
7.0731997    8.8619995    12.9004
7.106    8.8492    12.9004
7.1387997    8.8364    12.9004
7.1596    8.8292    12.9004
7.1851997    8.821199    12.9004
7.2236    8.8108    12.9004
7.23    8.809199    12.9004
7.2483997    8.8052    12.9004
7.2627997    8.803599    12.9004
7.2939997    8.8052    12.9004
7.2971997    8.8052    12.9004
7.2995996    8.8052    12.9004
7.3227997    8.8084    12.9004
7.3356    8.8116    12.9004
7.358    8.8172    12.9004
7.4308    8.837999    12.9004
7.4396    8.8404    12.9004
7.4467998    8.8428    12.9004
7.4611998    8.8476    12.9004
7.5332    8.872399    12.9004
7.566    8.8852    12.9004
7.618    8.906    12.9004
7.6275997    8.91    12.9004
7.666    8.9276    12.9004
7.6851997    8.935599    12.9004
7.7516    8.9668    12.9004
7.758    8.969999    12.9004
7.7619996    8.9732    12.9004
7.8012    8.999599    12.9004
7.81    9.0092    12.9004
7.8236    9.0236    12.9004
7.83    9.033199    12.9004
7.8371997    9.0515995    12.9004
7.8427997    9.062799    12.9004
7.8451996    9.0732    12.9004
7.8532    9.118    12.9004
7.8547997    9.1228    12.9004
7.8556    9.13    12.9004
7.8636    9.189199    12.9004
7.8644    9.217199    12.9004
7.8644    9.2436    12.9004
7.8651996    9.2572    12.9004
7.8644    9.263599    12.9004
7.8636    9.2764    12.9004
7.862    9.303599    12.9004
7.8571997    9.3364    12.9004
7.8532    9.354    12.9004
7.8515997    9.3636    12.9004
7.8492    9.37    12.9004
7.8339996    9.4036    12.9004
7.8276    9.418    12.9004
7.8188    9.4484    12.9004
7.818    9.4508    12.9004
7.8171997    9.453199    12.9004
7.8188    9.4636    12.9004
7.822    9.4939995    12.9004
7.8227997    9.4964    12.9004
7.8244    9.5012    12.9004
7.8251996    9.504399    12.9004
7.8444    9.5844    12.9004
7.8483996    9.61    12.9004
7.8715997    9.7644    12.9004
7.8715997    9.7676    12.9004
7.8724    9.7684    12.9004
7.8724    9.769199    12.9004
7.8891997    9.906799    12.9004
7.8915997    9.9292    12.9004
7.9003997    10.0148    12.9004
7.902    10.0372    12.9004
7.9083996    10.142    12.9004
7.91    10.193999    12.9004
7.9179997    10.3292    12.9004
7.9212    10.3924    12.9004
7.9235997    10.4956    12.9004
7.9268    10.5724    12.9004
7.9276    10.6916    12.9004
7.9276    10.73    12.9004
7.9268    10.752399    12.9004
7.9259996    10.8812    12.9004
7.9252    10.894    12.9004
7.9188    11.0468    12.9004
7.9188    11.0476    12.9004
7.9171996    11.0708    12.9004
7.91    11.19    12.9004
7.9091997    11.1988    12.9004
7.9052    11.254    12.9004
7.8915997    11.4452    12.9004
7.89    11.478    12.9004
7.8859997    11.5652    12.9004
7.8835998    11.6092    12.9004
7.8812    11.733999    12.9004
7.8812    11.7484    12.9004
7.882    11.8076    12.9004
7.8827996    11.843599    12.9004
7.8827996    11.854    12.9004
7.8852    11.9332    12.9004
7.8908    11.9956    12.9004
7.8964    12.0492    12.9004
7.9052    12.1188    12.9004
7.9076    12.131599    12.9004
7.9091997    12.1491995    12.9004
7.9244    12.2484    12.9004
7.9308    12.2844    12.9004
7.9427996    12.349199    12.9004
7.9476    12.3708    12.9004
7.954    12.4044    12.9004
7.9708    12.4804    12.9004
7.9756    12.5028    12.9004
8.0028    12.613999    12.9004
8.0068    12.6276    12.9004
8.033999    12.733999    12.9004
8.0428    12.766    12.9004
8.0692    12.8596    12.9004
8.085199    12.914    12.9004
8.0988    12.9595995    12.9004
8.1356    13.0772    12.9004
8.142799    13.0988    12.9004
8.1435995    13.1012    12.9004
8.1444    13.1036    12.9004
8.19    13.25    12.9004
8.1924    13.257199    12.9004
8.240399    13.389999    12.9004
8.242    13.394799    12.9004
8.2716    13.481999    12.9004
8.2796    13.5028    12.9004
8.3004    13.5604    12.9004
8.314    13.5988    12.9004
8.337999    13.6636    12.9004
8.3596    13.7244    12.9004
8.3828    13.7884    12.9004
8.4084    13.854799    12.9004
8.4748    14.03    12.9004
8.5252    14.1692    12.9004
8.5756    14.3076    12.9004
8.6108    14.406799    12.9004
8.6491995    14.5124    12.9004
8.6788    14.5988    12.9004
8.7012    14.665199    12.9004
8.734    14.7652    12.9004
8.7476    14.8052    12.9004
8.778    14.901999    12.9004
8.7908    14.9444    12.9004
8.7996    14.974    12.9004
8.815599    15.0236    12.9004
8.8244    15.055599    12.9004
8.8404    15.1108    12.9004
8.849999    15.1491995    12.9004
8.866    15.2076    12.9004
8.874    15.238    12.9004
8.8916    15.308399    12.9004
8.9028    15.3564    12.9004
8.9212    15.4316    12.9004
8.9276    15.466    12.9004
8.9332    15.497999    12.9004
8.9444    15.5515995    12.9004
8.9516    15.595599    12.9004
8.9595995    15.6396    12.9004
8.966    15.6812    12.9004
8.9796    15.7604    12.9004
8.9868    15.819599    12.9004
8.9916    15.8644    12.9004
8.998799    15.9484    12.9004
9.0028    15.987599    12.9004
9.0068    16.0332    12.9004
9.01    16.0772    12.9004
9.0116    16.122    12.9004
9.014    16.1588    12.9004
9.0156    16.21    12.9004
9.016399    16.2404    12.9004
9.0148    16.306799    12.9004
9.0156    16.340399    12.9004
9.0124    16.414    12.9004
9.0116    16.4404    12.9004
9.0068    16.4884    12.9004
9.002    16.534    12.9004
9.0012    16.546    12.9004
8.9972    16.5748    12.9004
8.9892    16.6164    12.9004
8.9812    16.663599    12.9004
8.964399    16.7388    12.9004
8.9636    16.7404    12.9004
8.941999    16.829199    12.9004
8.938    16.8436    12.9004
8.934    16.854    12.9004
8.9116    16.9324    12.9004
8.901199    16.9676    12.9004
8.8692    17.0676    12.9004
8.8372    17.1684    12.9004
8.8164    17.2388    12.9004
8.7964    17.3148    12.9004
8.794    17.323599    12.9004
8.792399    17.33    12.9004
8.781199    17.381199    12.9004
8.774799    17.4284    12.9004
8.7708    17.466    12.9004
8.769199    17.518799    12.9004
8.7676    17.5388    12.9004
8.769199    17.559599    12.9004
8.7708    17.594799    12.9004
8.7764    17.6596    12.9004
8.778    17.6708    12.9004
8.7796    17.6772    12.9004
8.79    17.7524    12.9004
8.792399    17.7668    12.9004
8.8052    17.842    12.9004
8.8068    17.8484    12.9004
8.83    17.9676    12.9004
8.8316    17.9756    12.9004
8.8331995    17.9828    12.9004
8.8636    18.1404    12.9004
8.8644    18.1468    12.9004
8.874    18.2044    12.9004
8.8828    18.25    12.9004
8.8892    18.288399    12.9004
8.8996    18.342    12.9004
8.8996    18.3492    12.9004
8.9028    18.3708    12.9004
8.914    18.4404    12.9004
8.9172    18.4636    12.9004
8.9284    18.5276    12.9004
8.9292    18.537199    12.9004
8.9428    18.633999    12.9004
8.9428    18.6364    12.9004
8.9436    18.6404    12.9004
8.958799    18.77    12.9004
8.958799    18.7732    12.9004
8.9676    18.8484    12.9004
8.970799    18.9028    12.9004
8.9732    18.9364    12.9004
8.9756    18.9764    12.9004
8.9756    19.034    12.9004
8.9788    19.0836    12.9004
8.978    19.1316    12.9004
8.9772    19.1644    12.9004
8.976399    19.230799    12.9004
8.9772    19.2556    12.9004
8.9748    19.31    12.9004
8.974    19.3468    12.9004
8.969999    19.403599    12.9004
8.9692    19.41    12.9004
8.964399    19.466    12.9004
8.958799    19.511599    12.9004
8.9556    19.542    12.9004
8.9444    19.609999    12.9004
8.9428    19.6308    12.9004
8.9396    19.6484    12.9004
8.929999    19.6964    12.9004
8.924399    19.7228    12.9004
8.9004    19.8116    12.9004
8.898    19.8196    12.9004
8.884399    19.862799    12.9004
8.872399    19.9004    12.9004
8.8716    19.9044    12.9004
8.8675995    19.9116    12.9004
8.8284    19.99    12.9004
8.818    20.0092    12.9004
8.8028    20.0308    12.9004
8.7788    20.059599    12.9004
8.745999    20.105999    12.9004
8.7372    20.1124    12.9004
8.7067995    20.1348    12.9004
8.694799    20.145199    12.9004
8.694799    20.156399    12.9004
8.6924    20.178799    12.9004
8.694    20.184399    12.9004
8.6964    20.191599    12.9004
8.6996    20.2148    12.9004
8.700399    20.2164    12.9004
8.7067995    20.2404    12.9004
8.7084    20.2452    12.9004
8.7156    20.2668    12.9004
8.7156    20.2684    12.9004
8.7252    20.295599    12.9004
8.7252    20.2988    12.9004
8.7268    20.3028    12.9004
8.7436    20.3436    12.9004
8.745999    20.3492    12.9004
8.746799    20.351599    12.9004
8.7484    20.3548    12.9004
8.75    20.358799    12.9004
8.754    20.3716    12.9004
8.7772    20.4396    12.9004
8.782    20.4628    12.9004
8.7828    20.4644    12.9004
8.7828    20.4652    12.9004
8.792399    20.5084    12.9004
8.792399    20.5092    12.9004
8.7996    20.5556    12.9004
8.802    20.602    12.9004
8.802    20.6092    12.9004
8.802    20.6124    12.9004
8.7987995    20.639599    12.9004
8.7987995    20.661999    12.9004
8.7948    20.695599    12.9004
8.7852    20.7628    12.9004
8.781199    20.789999    12.9004
8.7788    20.802    12.9004
8.7628    20.875599    12.9004
8.7588    20.892399    12.9004
8.757999    20.8956    12.9004
8.7564    20.9004    12.9004
8.7196    21.0092    12.9004
8.7067995    21.0348    12.9004
8.705999    21.035599    12.9004
8.6796    21.059599    12.9004
8.665999    21.0676    12.9004
8.653999    21.070799    12.9004
8.6132    21.076399    12.9004
8.5948    21.0772    12.9004
8.585199    21.078    12.9004
8.4828    21.081999    12.9004
8.4812    21.081999    12.9004
8.355599    21.0844    12.9004
8.3532    21.0844    12.9004
8.3476    21.0836    12.9004
8.2396    21.0788    12.9004
8.17    21.0732    12.9004
8.1612    21.0716    12.9004
8.122    21.0588    12.9004
8.1172    21.0564    12.9004
8.0964    21.0452    12.9004
8.0788    21.031599    12.9004
8.0668    21.026    12.9004
8.0612    21.0212    12.9004
8.0404    21.005999    12.9004
8.033999    20.998    12.9004
8.0212    20.9884    12.9004
8.0188    20.986    12.9004
8.016399    20.9844    12.9004
7.9979997    20.9628    12.9004
7.9915996    20.9572    12.9004
7.9796    20.9452    12.9004
7.9635997    20.9284    12.9004
7.934    20.8948    12.9004
7.8876    20.8436    12.9004
7.8795996    20.834799    12.9004
7.862    20.814    12.9004
7.81    20.754    12.9004
7.7956    20.7356    12.9004
7.7836    20.719599    12.9004
7.7292    20.6524    12.9004
7.7268    20.649199    12.9004
7.7236    20.645199    12.9004
7.6819997    20.5844    12.9004
7.6475997    20.5276    12.9004
7.6468    20.5268    12.9004
7.6219997    20.4716    12.9004
7.6204    20.4684    12.9004
7.6099997    20.444399    12.9004
7.6019998    20.421999    12.9004
7.586    20.3708    12.9004
7.5828    20.3612    12.9004
7.5828    20.3604    12.9004
7.582    20.3596    12.9004
7.554    20.2636    12.9004
7.542    20.222    12.9004
7.5316    20.178799    12.9004
7.514    20.1068    12.9004
7.5132    20.102    12.9004
7.5132    20.0996    12.9004
7.5044    20.052399    12.9004
7.5003996    20.026    12.9004
7.4835997    19.9212    12.9004
7.4772    19.879599    12.9004
7.4708    19.834    12.9004
7.4676    19.7964    12.9004
7.4652    19.7748    12.9004
7.4644    19.7596    12.9004
7.4659996    19.7332    12.9004
7.4708    19.691599    12.9004
7.49    19.5716    12.9004
7.4916    19.5612    12.9004
7.4916    19.559599    12.9004
7.5116    19.466799    12.9004
7.5172    19.438799    12.9004
7.5443997    19.321999    12.9004
7.5443997    19.3188    12.9004
7.5452    19.316399    12.9004
7.5652    19.2276    12.9004
7.5667996    19.222    12.9004
7.5676    19.2172    12.9004
7.5692    19.2108    12.9004
7.5699997    19.2068    12.9004
7.5867996    19.1436    12.9004
7.6155996    19.052399    12.9004
7.6204    19.0404    12.9004
7.6275997    19.0228    12.9004
7.638    19.0052    12.9004
7.6492    18.99    12.9004
7.6499996    18.9884    12.9004
7.6524    18.986    12.9004
7.6731997    18.966    12.9004
7.7012    18.9572    12.9004
7.7068    18.955599    12.9004
7.7228    18.9436    12.9004
7.7395997    18.933199    12.9004
7.7404    18.9284    12.9004
7.7412    18.9044    12.9004
7.7412    18.9012    12.9004
7.7395997    18.8716    12.9004
7.738    18.866    12.9004
7.7307997    18.8332    12.9004
7.7148    18.7452    12.9004
7.7148    18.7444    12.9004
7.6972    18.628399    12.9004
7.6924    18.6028    12.9004
7.678    18.518    12.9004
7.6707997    18.4772    12.9004
7.6611996    18.414    12.9004
7.6411996    18.2972    12.9004
7.6387997    18.2796    12.9004
7.6164    18.1596    12.9004
7.6108    18.126    12.9004
7.6004    18.059599    12.9004
7.5916    18.007599    12.9004
7.582    17.9548    12.9004
7.5676    17.879599    12.9004
7.5404    17.7452    12.9004
7.5308    17.702    12.9004
7.5116    17.604399    12.9004
7.4996    17.5444    12.9004
7.4747996    17.425999    12.9004
7.4644    17.375599    12.9004
7.4435997    17.277199    12.9004
7.4276    17.1996    12.9004
7.3988    17.0668    12.9004
7.3964    17.052399    12.9004
7.3724    16.9188    12.9004
7.3588    16.842    12.9004
7.3515997    16.7932    12.9004
7.3412    16.719599    12.9004
7.3339996    16.6668    12.9004
7.3251996    16.5996    12.9004
7.3203998    16.5564    12.9004
7.3107996    16.458    12.9004
7.2988    16.3228    12.9004
7.2988    16.3188    12.9004
7.2988    16.3164    12.9004
7.2924    16.174799    12.9004
7.2924    16.173199    12.9004
7.2868    15.837199    12.9004
7.2836    15.726    12.9004
7.2827997    15.677199    12.9004
7.2804    15.595599    12.9004
7.2795997    15.568399    12.9004
7.2748    15.4612    12.9004
7.2732    15.441999    12.9004
7.2732    15.4307995    12.9004
7.2675996    15.3508    12.9004
7.266    15.3164    12.9004
7.2588    15.2332    12.9004
7.2556    15.199599    12.9004
7.2427998    15.0892    12.9004
7.2419996    15.078799    12.9004
7.2236    14.9556    12.9004
7.2228    14.952399    12.9004
7.2228    14.9508    12.9004
7.2028    14.8244    12.9004
7.2012    14.818    12.9004
7.1956    14.7908    12.9004
7.178    14.702    12.9004
7.1675997    14.6516    12.9004
7.1563997    14.5892    12.9004
7.1475997    14.5532    12.9004
7.1308    14.486    12.9004
7.1172    14.4276    12.9004
7.0923996    14.3172    12.9004
7.0892    14.3043995    12.9004
7.0875998    14.2964    12.9004
7.054    14.1668    12.9004
7.0196    14.032399    12.9004
6.9979997    13.946799    12.9004
6.9684    13.8276    12.9004
6.9291997    13.6723995    12.9004
6.922    13.642799    12.9004
6.9124    13.601999    12.9004
6.89    13.5084    12.9004
6.8724    13.429999    12.9004
6.8556    13.354    12.9004
6.8388    13.2772    12.9004
6.8195996    13.182799    12.9004
6.8083997    13.120399    12.9004
6.7971997    13.055599    12.9004
6.7907996    13.0132    12.9004
6.7771997    12.9307995    12.9004
6.758    12.8132    12.9004
6.7539997    12.792399    12.9004
6.7507997    12.7708    12.9004
6.7404    12.7012    12.9004
6.7236    12.567599    12.9004
6.7188    12.533199    12.9004
6.7172    12.518    12.9004
6.7139997    12.4916    12.9004
6.7019997    12.3996    12.9004
6.6963997    12.338799    12.9004
6.6948    12.322    12.9004
6.6916    12.2996    12.9004
6.6828    12.222    12.9004
6.6772    12.159599    12.9004
6.674    12.130799    12.9004
6.6707997    12.0884    12.9004
6.6668    12.042    12.9004
6.666    12.0308    12.9004
6.6604    11.9564    12.9004
6.658    11.8996    12.9004
6.6555996    11.8748    12.9004
6.6548    11.8564    12.9004
6.6516    11.814799    12.9004
