5.2156    26.9956    1.2004
5.3092    26.9884    1.2004
5.37    26.973999    1.2004
5.4603996    26.9524    1.2004
5.5179996    26.9284    1.2004
5.6052    26.892399    1.2004
5.658    26.8604    1.2004
5.738    26.8116    1.2004
5.786    26.771599    1.2004
5.8571997    26.7108    1.2004
5.898    26.663599    1.2004
5.9588    26.5924    1.2004
5.9916    26.539598    1.2004
6.0411997    26.459599    1.2004
6.0652    26.401999    1.2004
6.1019998    26.316399    1.2004
6.1172    26.2556    1.2004
6.1396    26.1644    1.2004
8.338799    12.9676    1.2004
9.806    4.1644    1.2004
9.8116    4.0956    1.2004
9.8196    3.9915998    1.2004
9.8132    3.9227998    1.2004
9.803599    3.8195999    1.2004
9.7852    3.7524    1.2004
9.757199    3.6524    1.2004
9.7276    3.59    1.2004
9.682799    3.4956    1.2004
9.642799    3.4387999    1.2004
9.5828    3.3539999    1.2004
9.533199    3.3051999    1.2004
9.4595995    3.2315998    1.2004
9.4028    3.1924    1.2004
9.3172    3.1332    1.2004
9.2548    3.1044    1.2004
9.160399    3.0604    1.2004
9.0932    3.0428    1.2004
8.9924    3.0156    1.2004
8.9236    3.0091999    1.2004
8.8196    3.0003998    1.2004
5.9284    3.0003998    1.2004
4.0004    3.0003998    1.2004
3.938    3.0052    1.2004
3.8435998    3.0124    1.2004
3.7828    3.0268    1.2004
3.6915998    3.0491998    1.2004
3.6339998    3.0732    1.2004
3.5468    3.1092    1.2004
3.4931998    3.142    1.2004
3.4124    3.1915998    1.2004
3.3644    3.2324    1.2004
3.2932    3.2932    1.2004
3.2524    3.3411999    1.2004
3.1915998    3.4124    1.2004
3.1588    3.4659998    1.2004
3.1092    3.5468    1.2004
3.0851998    3.6044    1.2004
3.0491998    3.6915998    1.2004
3.0347998    3.7524    1.2004
3.0124    3.8435998    1.2004
3.0075998    3.906    1.2004
3.0003998    4.0004    1.2004
3.0003998    6.0011997    1.2004
3.0003998    9.0004    1.2004
3.0003998    15.802799    1.2004
3.0003998    26.000399    1.2004
3.0052    26.0628    1.2004
3.0124    26.1572    1.2004
3.0268    26.217999    1.2004
3.0491998    26.3092    1.2004
3.0732    26.366798    1.2004
3.1092    26.453999    1.2004
3.142    26.507599    1.2004
3.1915998    26.5884    1.2004
3.2324    26.6364    1.2004
3.2932    26.7076    1.2004
3.3411999    26.7484    1.2004
3.4124    26.809198    1.2004
3.4659998    26.842    1.2004
3.5468    26.8916    1.2004
3.6044    26.9156    1.2004
3.6915998    26.9516    1.2004
3.7524    26.966    1.2004
3.8435998    26.9884    1.2004
3.906    26.993198    1.2004
4.0004    27.000399    1.2004
4.6916    27.000399    1.2004
5.1531997    27.000399    1.2004
5.2156    26.9956    1.2004
