19.1356    25.8324    1.2004
19.1524    25.9284    1.2004
19.174    25.989199    1.2004
19.206    26.0812    1.2004
19.236399    26.137999    1.2004
19.282799    26.2228    1.2004
19.3228    26.274    1.2004
19.382    26.3508    1.2004
19.4292    26.3948    1.2004
19.500399    26.461199    1.2004
19.553999    26.4972    1.2004
19.6348    26.550798    1.2004
19.694    26.578    1.2004
19.782    26.618    1.2004
19.8444    26.6348    1.2004
19.938799    26.660398    1.2004
20.0028    26.6668    1.2004
20.0996    26.6764    1.2004
20.1644    26.6724    1.2004
20.2612    26.6668    1.2004
20.3244    26.6524    1.2004
20.4188    26.6316    1.2004
20.8556    26.494799    1.2004
21.1468    26.403599    1.2004
21.2052    26.3804    1.2004
21.2924    26.3452    1.2004
21.3468    26.3132    1.2004
21.427599    26.2652    1.2004
21.4756    26.225199    1.2004
21.5476    26.1644    1.2004
21.5892    26.117199    1.2004
21.650799    26.046    1.2004
21.684399    25.993198    1.2004
21.7348    25.913198    1.2004
21.7596    25.855598    1.2004
21.7964    25.7692    1.2004
21.8116    25.708399    1.2004
21.834799    25.617199    1.2004
21.840399    25.5548    1.2004
21.8484    25.4604    1.2004
21.844398    25.397999    1.2004
21.838    25.3044    1.2004
21.8244    25.2428    1.2004
21.8036    25.150799    1.2004
20.9084    22.288399    1.2004
20.3116    20.3788    1.2004
20.288399    20.3204    1.2004
20.253199    20.2332    1.2004
20.221199    20.178799    1.2004
20.1724    20.098    1.2004
20.132399    20.05    1.2004
20.0716    19.9772    1.2004
20.024399    19.9356    1.2004
19.9532    19.873999    1.2004
19.9004    19.840399    1.2004
19.8204    19.7908    1.2004
19.7628    19.765999    1.2004
19.6756    19.7292    1.2004
19.6148    19.713999    1.2004
19.5236    19.6908    1.2004
19.461199    19.6852    1.2004
19.3668    19.6772    1.2004
19.3044    19.6812    1.2004
19.21    19.6876    1.2004
19.150799    19.7236    1.2004
19.0628    19.777199    1.2004
19.0108    19.821999    1.2004
18.933199    19.89    1.2004
18.89    19.942799    1.2004
18.8244    20.0228    1.2004
18.7908    20.0828    1.2004
18.7404    20.173199    1.2004
18.718    20.237999    1.2004
18.6836    20.334799    1.2004
18.6724    20.4028    1.2004
18.6548    20.5044    1.2004
18.6548    20.5732    1.2004
18.6556    20.6764    1.2004
18.937199    23.730799    1.2004
19.1244    25.7684    1.2004
19.1356    25.8324    1.2004
