0.6004    0.0004    1.2004
1.5004    0.0004    1.2004
5.0652    0.0004    1.2004
10.41    0.0004    1.2004
13.549999    0.0004    1.2004
18.2564    0.0004    1.2004
20.9548    0.0004    1.2004
25.000399    0.0004    1.2004
28.6292    0.0004    1.2004
34.07    0.0004    1.2004
36.2788    0.0004    1.2004
39.590797    0.0004    1.2004
43.756397    0.0004    1.2004
50.0004    0.0004    1.2004
50.0004    3.602    1.2004
50.0004    9.0004    1.2004
50.0004    17.403599    1.2004
50.0004    30.000399    1.2004
45.8348    30.000399    1.2004
39.590797    30.000399    1.2004
37.382    30.000399    1.2004
34.07    30.000399    1.2004
30.441198    30.000399    1.2004
25.000399    30.000399    1.2004
22.302    30.000399    1.2004
18.2564    30.000399    1.2004
15.1164    30.000399    1.2004
10.41    30.000399    1.2004
6.8452    30.000399    1.2004
1.5004    30.000399    1.2004
0.9004    30.000399    1.2004
0.0004    30.000399    1.2004
0.0004    21.598    1.2004
0.0004    9.0004    1.2004
0.0004    5.3988    1.2004
0.0004    0.0004    1.2004
0.6004    0.0004    1.2004
