39.0004    16.0004    0.0004
39.0004    16.001999    0.0004
39.0004    26.000399    0.0004
38.9884    26.1572    0.0004
38.9516    26.3092    0.0004
38.891598    26.453999    0.0004
38.8092    26.5884    0.0004
38.7076    26.7076    0.0004
38.588398    26.809198    0.0004
38.454    26.8916    0.0004
38.3092    26.9516    0.0004
38.1572    26.9884    0.0004
38.0004    27.000399    0.0004
37.0004    27.000399    0.0004
36.843597    26.9884    0.0004
36.6916    26.9516    0.0004
36.5468    26.8916    0.0004
36.4124    26.809198    0.0004
36.293198    26.7076    0.0004
36.1916    26.5884    0.0004
36.1092    26.453999    0.0004
36.0492    26.3092    0.0004
36.012398    26.1572    0.0004
36.0004    26.000399    0.0004
36.0004    25.9988    0.0004
36.0004    16.0004    0.0004
36.012398    15.843599    0.0004
36.0492    15.6916    0.0004
36.1092    15.5468    0.0004
36.1916    15.412399    0.0004
36.293198    15.2932    0.0004
36.4124    15.1916    0.0004
36.5468    15.1092    0.0004
36.6916    15.0492    0.0004
36.843597    15.0124    0.0004
37.0004    15.0004    0.0004
38.0004    15.0004    0.0004
38.1572    15.0124    0.0004
38.3092    15.0492    0.0004
38.454    15.1092    0.0004
38.588398    15.1916    0.0004
38.7076    15.2932    0.0004
38.8092    15.412399    0.0004
38.891598    15.5468    0.0004
38.9516    15.6916    0.0004
38.9884    15.843599    0.0004
39.0004    16.0004    0.0004
