5.1692    26.998798    0.3004
5.3092    26.9884    0.3004
5.3244    26.9844    0.3004
5.4603996    26.9524    0.3004
5.4747996    26.946    0.3004
5.6052    26.892399    0.3004
5.6187997    26.8844    0.3004
5.738    26.8116    0.3004
5.75    26.801199    0.3004
5.8571997    26.7108    0.3004
5.8676    26.6988    0.3004
5.9588    26.5924    0.3004
5.9667997    26.5788    0.3004
6.0411997    26.459599    0.3004
6.0476    26.4452    0.3004
6.1019998    26.316399    0.3004
6.106    26.301199    0.3004
6.1396    26.1644    0.3004
9.4388    6.3676    0.3004
9.806    4.1644    0.3004
9.8076    4.1468    0.3004
9.8196    3.9915998    0.3004
9.818    3.974    0.3004
9.803599    3.8195999    0.3004
9.7987995    3.8028    0.3004
9.757199    3.6524    0.3004
9.75    3.6364    0.3004
9.682799    3.4956    0.3004
9.6723995    3.4812    0.3004
9.5828    3.3539999    0.3004
9.5708    3.342    0.3004
9.4595995    3.2315998    0.3004
9.4452    3.222    0.3004
9.3172    3.1332    0.3004
9.3012    3.126    0.3004
9.160399    3.0604    0.3004
9.1435995    3.0556    0.3004
8.9924    3.0156    0.3004
8.9748    3.014    0.3004
8.8196    3.0003998    0.3004
4.4828    3.0003998    0.3004
4.0004    3.0003998    0.3004
3.9843998    3.0019999    0.3004
3.8435998    3.0124    0.3004
3.8284    3.0163999    0.3004
3.6915998    3.0491998    0.3004
3.6771998    3.0556    0.3004
3.5468    3.1092    0.3004
3.5332    3.1172    0.3004
3.4124    3.1915998    0.3004
3.4004    3.202    0.3004
3.2932    3.2932    0.3004
3.2828    3.3051999    0.3004
3.1915998    3.4124    0.3004
3.1836    3.4259999    0.3004
3.1092    3.5468    0.3004
3.1028    3.5612    0.3004
3.0491998    3.6915998    0.3004
3.0451999    3.7068    0.3004
3.0124    3.8435998    0.3004
3.0108    3.8595998    0.3004
3.0003998    4.0004    0.3004
3.0003998    4.5011997    0.3004
3.0003998    9.0004    0.3004
3.0003998    10.7028    0.3004
3.0003998    26.000399    0.3004
3.0019999    26.0164    0.3004
3.0124    26.1572    0.3004
3.0163999    26.1724    0.3004
3.0491998    26.3092    0.3004
3.0556    26.323599    0.3004
3.1092    26.453999    0.3004
3.1172    26.4676    0.3004
3.1915998    26.5884    0.3004
3.202    26.600399    0.3004
3.2932    26.7076    0.3004
3.3051999    26.717999    0.3004
3.4124    26.809198    0.3004
3.4259999    26.8172    0.3004
3.5468    26.8916    0.3004
3.5612    26.897999    0.3004
3.6915998    26.9516    0.3004
3.7068    26.955599    0.3004
3.8435998    26.9884    0.3004
3.8595998    26.989199    0.3004
4.0004    27.000399    0.3004
5.038    27.000399    0.3004
5.1531997    27.000399    0.3004
5.1692    26.998798    0.3004
