32.0988    4.282    0.3004
32.1316    4.1324    0.3004
32.1324    4.1156    0.3004
32.1396    3.9627998    0.3004
32.1372    3.9459999    0.3004
32.118797    3.794    0.3004
32.114    3.7779999    0.3004
32.0692    3.6308    0.3004
32.0612    3.6155999    0.3004
31.993198    3.4787998    0.3004
31.9828    3.4652    0.3004
31.892399    3.342    0.3004
31.8804    3.33    0.3004
31.769999    3.2236    0.3004
31.7556    3.214    0.3004
31.6292    3.1283998    0.3004
31.613998    3.1211998    0.3004
31.473999    3.0579998    0.3004
31.4572    3.054    0.3004
31.31    3.0147998    0.3004
31.2932    3.0131998    0.3004
31.1404    3.0003998    0.3004
30.5252    3.0003998    0.3004
25.000399    3.0003998    0.3004
24.385199    3.0003998    0.3004
18.8604    3.0003998    0.3004
18.8436    3.0019999    0.3004
18.6908    3.0147998    0.3004
18.674    3.0188    0.3004
18.5268    3.0579998    0.3004
18.511599    3.0651999    0.3004
18.3716    3.1283998    0.3004
18.357199    3.138    0.3004
18.230799    3.2236    0.3004
18.2188    3.2356    0.3004
18.1084    3.342    0.3004
18.098    3.3555999    0.3004
18.007599    3.4787998    0.3004
17.9996    3.494    0.3004
17.931599    3.6308    0.3004
17.9268    3.6467998    0.3004
17.882    3.794    0.3004
17.879599    3.8107998    0.3004
17.8612    3.9627998    0.3004
17.862    3.9796    0.3004
17.8692    4.1324    0.3004
17.8732    4.1492    0.3004
17.906    4.2988    0.3004
18.0532    4.7692    0.3004
19.375599    9.0004    0.3004
19.8436    10.4972    0.3004
24.046    23.946    0.3004
24.052399    23.962    0.3004
24.109999    24.102798    0.3004
24.1188    24.117199    0.3004
24.1988    24.246    0.3004
24.21    24.258799    0.3004
24.310799    24.3724    0.3004
24.3244    24.3828    0.3004
24.442799    24.477999    0.3004
24.4572    24.486    0.3004
24.59    24.559599    0.3004
24.605999    24.565199    0.3004
24.749199    24.615599    0.3004
24.765999    24.6188    0.3004
24.9156    24.6444    0.3004
24.924398    24.6444    0.3004
25.000399    24.6476    0.3004
25.0092    24.6476    0.3004
25.0852    24.6444    0.3004
25.102    24.6412    0.3004
25.2516    24.615599    0.3004
25.2676    24.609999    0.3004
25.410799    24.559599    0.3004
25.4252    24.5516    0.3004
25.557999    24.477999    0.3004
25.5716    24.4676    0.3004
25.689999    24.3724    0.3004
25.701199    24.3596    0.3004
25.802    24.246    0.3004
25.810799    24.2316    0.3004
25.890799    24.102798    0.3004
25.8972    24.0868    0.3004
25.9548    23.946    0.3004
31.479599    6.266    0.3004
32.0948    4.2988    0.3004
32.0988    4.282    0.3004
