39.0004    16.0004    0.3004
39.0004    17.001999    0.3004
39.0004    26.000399    0.3004
38.989998    26.1412    0.3004
38.9884    26.1572    0.3004
38.9556    26.293999    0.3004
38.9516    26.3092    0.3004
38.898    26.4396    0.3004
38.891598    26.453999    0.3004
38.8172    26.574799    0.3004
38.8092    26.5884    0.3004
38.718    26.695599    0.3004
38.7076    26.7076    0.3004
38.6004    26.7988    0.3004
38.588398    26.809198    0.3004
38.467598    26.8836    0.3004
38.454    26.8916    0.3004
38.3236    26.9452    0.3004
38.3092    26.9516    0.3004
38.172398    26.9844    0.3004
38.1572    26.9884    0.3004
38.0164    26.998798    0.3004
38.0004    27.000399    0.3004
37.9004    27.000399    0.3004
37.0004    27.000399    0.3004
36.8596    26.989199    0.3004
36.843597    26.9884    0.3004
36.7068    26.955599    0.3004
36.6916    26.9516    0.3004
36.5612    26.897999    0.3004
36.5468    26.8916    0.3004
36.426    26.8172    0.3004
36.4124    26.809198    0.3004
36.3052    26.717999    0.3004
36.293198    26.7076    0.3004
36.202    26.600399    0.3004
36.1916    26.5884    0.3004
36.1172    26.4676    0.3004
36.1092    26.453999    0.3004
36.0556    26.323599    0.3004
36.0492    26.3092    0.3004
36.0164    26.1724    0.3004
36.012398    26.1572    0.3004
36.002    26.0164    0.3004
36.0004    26.000399    0.3004
36.0004    24.9988    0.3004
36.0004    16.0004    0.3004
36.0108    15.8596    0.3004
36.012398    15.843599    0.3004
36.0452    15.7067995    0.3004
36.0492    15.6916    0.3004
36.1028    15.561199    0.3004
36.1092    15.5468    0.3004
36.183598    15.426    0.3004
36.1916    15.412399    0.3004
36.2828    15.3052    0.3004
36.293198    15.2932    0.3004
36.4004    15.202    0.3004
36.4124    15.1916    0.3004
36.5332    15.1172    0.3004
36.5468    15.1092    0.3004
36.6772    15.055599    0.3004
36.6916    15.0492    0.3004
36.8284    15.016399    0.3004
36.843597    15.0124    0.3004
36.984398    15.002    0.3004
37.0004    15.0004    0.3004
37.1004    15.0004    0.3004
38.0004    15.0004    0.3004
38.141197    15.010799    0.3004
38.1572    15.0124    0.3004
38.294    15.045199    0.3004
38.3092    15.0492    0.3004
38.439598    15.102799    0.3004
38.454    15.1092    0.3004
38.5748    15.183599    0.3004
38.588398    15.1916    0.3004
38.6956    15.2828    0.3004
38.7076    15.2932    0.3004
38.798798    15.400399    0.3004
38.8092    15.412399    0.3004
38.8836    15.533199    0.3004
38.891598    15.5468    0.3004
38.945198    15.677199    0.3004
38.9516    15.6916    0.3004
38.984398    15.8284    0.3004
38.9884    15.843599    0.3004
38.9988    15.9844    0.3004
39.0004    16.0004    0.3004
