29.598    26.6348    0.3004
29.7396    26.6668    0.3004
29.7556    26.667599    0.3004
29.9012    26.6764    0.3004
29.9172    26.674799    0.3004
30.061998    26.660398    0.3004
30.078    26.656399    0.3004
30.2188    26.618    0.3004
30.2332    26.611599    0.3004
30.366    26.550798    0.3004
30.379599    26.542    0.3004
30.500399    26.461199    0.3004
30.5124    26.449999    0.3004
30.6188    26.3508    0.3004
30.628399    26.338    0.3004
30.717999    26.2228    0.3004
30.726    26.208399    0.3004
30.7948    26.0812    0.3004
30.8004    26.066    0.3004
30.8484    25.9284    0.3004
30.851599    25.9124    0.3004
30.8764    25.7684    0.3004
31.297998    21.185999    0.3004
31.3452    20.6764    0.3004
31.3452    20.6588    0.3004
31.345999    20.5044    0.3004
31.3428    20.4876    0.3004
31.3172    20.334799    0.3004
31.3116    20.3188    0.3004
31.260399    20.173199    0.3004
31.251598    20.157999    0.3004
31.1764    20.0228    0.3004
31.1652    20.0092    0.3004
31.067598    19.89    0.3004
31.0548    19.8788    0.3004
30.938    19.777199    0.3004
30.9236    19.7684    0.3004
30.7908    19.6876    0.3004
30.7748    19.6868    0.3004
30.633999    19.6772    0.3004
30.618    19.678799    0.3004
30.4772    19.6908    0.3004
30.462    19.6948    0.3004
30.3252    19.7292    0.3004
30.310799    19.7356    0.3004
30.180399    19.7908    0.3004
30.1668    19.7988    0.3004
30.0476    19.873999    0.3004
30.035599    19.8844    0.3004
29.9292    19.9772    0.3004
29.918798    19.989199    0.3004
29.8284    20.098    0.3004
29.820398    20.111599    0.3004
29.747599    20.2332    0.3004
29.741999    20.247599    0.3004
29.6892    20.3788    0.3004
28.3468    24.673199    0.3004
28.197199    25.150799    0.3004
28.193998    25.165998    0.3004
28.1628    25.3044    0.3004
28.161999    25.3204    0.3004
28.1524    25.4604    0.3004
28.154    25.476398    0.3004
28.165998    25.617199    0.3004
28.17    25.632399    0.3004
28.2044    25.7692    0.3004
28.2108    25.7836    0.3004
28.265999    25.913198    0.3004
28.2748    25.9268    0.3004
28.349998    26.046    0.3004
28.3604    26.057999    0.3004
28.4532    26.1644    0.3004
28.465199    26.174799    0.3004
28.5732    26.2652    0.3004
28.5868    26.2732    0.3004
28.708399    26.3452    0.3004
28.7228    26.3508    0.3004
28.854    26.403599    0.3004
29.5092    26.608398    0.3004
29.581999    26.6316    0.3004
29.598    26.6348    0.3004
