19.1276    25.784399    0.3004
19.1524    25.9284    0.3004
19.157999    25.9436    0.3004
19.206    26.0812    0.3004
19.213999    26.0956    0.3004
19.282799    26.2228    0.3004
19.2924    26.2356    0.3004
19.382    26.3508    0.3004
19.394    26.362    0.3004
19.500399    26.461199    0.3004
19.514    26.47    0.3004
19.6348    26.550798    0.3004
19.6492    26.5572    0.3004
19.782    26.618    0.3004
19.798    26.622    0.3004
19.938799    26.660398    0.3004
19.9548    26.661999    0.3004
20.0996    26.6764    0.3004
20.115599    26.6756    0.3004
20.2612    26.6668    0.3004
20.277199    26.663599    0.3004
20.4188    26.6316    0.3004
21.074    26.4268    0.3004
21.1468    26.403599    0.3004
21.1612    26.397999    0.3004
21.2924    26.3452    0.3004
21.306    26.3372    0.3004
21.427599    26.2652    0.3004
21.4396    26.254799    0.3004
21.5476    26.1644    0.3004
21.557999    26.1524    0.3004
21.650799    26.046    0.3004
21.6596    26.0324    0.3004
21.7348    25.913198    0.3004
21.7412    25.8988    0.3004
21.7964    25.7692    0.3004
21.8004    25.754    0.3004
21.834799    25.617199    0.3004
21.8364    25.6012    0.3004
21.8484    25.4604    0.3004
21.847599    25.444399    0.3004
21.838    25.3044    0.3004
21.834799    25.2892    0.3004
21.8036    25.150799    0.3004
20.461199    20.8564    0.3004
20.3116    20.3788    0.3004
20.306    20.364399    0.3004
20.253199    20.2332    0.3004
20.2452    20.219599    0.3004
20.1724    20.098    0.3004
20.161999    20.086    0.3004
20.0716    19.9772    0.3004
20.059599    19.966799    0.3004
19.9532    19.873999    0.3004
19.9396    19.866    0.3004
19.8204    19.7908    0.3004
19.806    19.784399    0.3004
19.6756    19.7292    0.3004
19.6604    19.725199    0.3004
19.5236    19.6908    0.3004
19.507599    19.6892    0.3004
19.3668    19.6772    0.3004
19.3508    19.678    0.3004
19.21    19.6876    0.3004
19.195599    19.6964    0.3004
19.0628    19.777199    0.3004
19.05    19.788399    0.3004
18.933199    19.89    0.3004
18.921999    19.903599    0.3004
18.8244    20.0228    0.3004
18.8156    20.038    0.3004
18.7404    20.173199    0.3004
18.7348    20.1892    0.3004
18.6836    20.334799    0.3004
18.680399    20.351599    0.3004
18.6548    20.5044    0.3004
18.6548    20.522    0.3004
18.6556    20.6764    0.3004
19.0772    25.258799    0.3004
19.1244    25.7684    0.3004
19.1276    25.784399    0.3004
