0.15079999    0.0004    0.3004
1.5004    0.0004    0.3004
2.3924    0.0004    0.3004
10.41    0.0004    0.3004
11.1956    0.0004    0.3004
18.2564    0.0004    0.3004
18.931599    0.0004    0.3004
25.000399    0.0004    0.3004
25.9084    0.0004    0.3004
34.07    0.0004    0.3004
34.6228    0.0004    0.3004
39.590797    0.0004    0.3004
40.633198    0.0004    0.3004
50.0004    0.0004    0.3004
50.0004    0.9012    0.3004
50.0004    9.0004    0.3004
50.0004    11.1036    0.3004
50.0004    30.000399    0.3004
48.958    30.000399    0.3004
39.590797    30.000399    0.3004
39.038    30.000399    0.3004
34.07    30.000399    0.3004
33.162    30.000399    0.3004
25.000399    30.000399    0.3004
24.3252    30.000399    0.3004
18.2564    30.000399    0.3004
17.4708    30.000399    0.3004
10.41    30.000399    0.3004
9.518    30.000399    0.3004
1.5004    30.000399    0.3004
1.35    30.000399    0.3004
0.0004    30.000399    0.3004
0.0004    27.897999    0.3004
0.0004    9.0004    0.3004
0.0004    8.0996    0.3004
0.0004    0.0004    0.3004
0.15079999    0.0004    0.3004
