6.986    25.8804    15.9004
6.9923997    25.8708    15.9004
7.022    25.8356    15.9004
7.0348    25.8204    15.9004
7.0379996    25.816399    15.9004
7.0443997    25.81    15.9004
7.0892    25.7676    15.9004
7.1052    25.753199    15.9004
7.1436    25.719599    15.9004
7.1651998    25.702799    15.9004
7.2124    25.671598    15.9004
7.2204    25.6668    15.9004
7.2283998    25.661999    15.9004
7.2932    25.622    15.9004
7.31    25.611599    15.9004
7.3124    25.6108    15.9004
7.3139997    25.6108    15.9004
7.3444    25.6052    15.9004
7.3451996    25.6068    15.9004
7.3547997    25.615599    15.9004
7.3603997    25.6364    15.9004
7.3603997    25.637999    15.9004
7.3603997    25.6404    15.9004
7.3627996    25.6884    15.9004
7.362    25.726    15.9004
7.362    25.740398    15.9004
7.3627996    25.7468    15.9004
7.3612    25.7676    15.9004
7.3636    25.775599    15.9004
7.3659997    25.797998    15.9004
7.37    25.8044    15.9004
7.3691998    25.8092    15.9004
7.3683996    25.8324    15.9004
7.3683996    25.8364    15.9004
7.3652    25.8548    15.9004
7.3652    25.857199    15.9004
7.3612    25.869999    15.9004
7.3603997    25.8844    15.9004
7.3595996    25.886    15.9004
7.3556    25.8996    15.9004
7.3524    25.914799    15.9004
7.3524    25.9172    15.9004
7.3459997    25.949999    15.9004
7.3468    25.9524    15.9004
7.3468    25.9564    15.9004
7.3388    26.017199    15.9004
7.3388    26.026    15.9004
7.3324    26.0404    15.9004
7.3324    26.050798    15.9004
7.3307996    26.0532    15.9004
7.3188    26.074    15.9004
7.3171997    26.0788    15.9004
7.3164    26.0796    15.9004
7.3092    26.108398    15.9004
7.3092    26.1092    15.9004
7.31    26.1348    15.9004
7.3083997    26.1372    15.9004
7.3051996    26.1364    15.9004
7.2948    26.1572    15.9004
7.2892    26.1628    15.9004
7.2763996    26.2052    15.9004
7.2739997    26.2116    15.9004
7.2716    26.2164    15.9004
7.2651997    26.2412    15.9004
7.2612    26.254    15.9004
7.2572    26.265999    15.9004
7.2548    26.2804    15.9004
7.2348    26.3524    15.9004
7.2251997    26.392399    15.9004
7.2187996    26.4172    15.9004
7.2131996    26.4348    15.9004
7.1963997    26.4692    15.9004
7.1948    26.473999    15.9004
7.1772    26.494799    15.9004
7.174    26.500399    15.9004
7.1699996    26.5012    15.9004
7.1507998    26.4972    15.9004
7.1492    26.496399    15.9004
7.146    26.494799    15.9004
7.1099997    26.4772    15.9004
7.0779996    26.4508    15.9004
7.0611997    26.438    15.9004
7.0404    26.418798    15.9004
7.0188    26.396399    15.9004
6.9908    26.3596    15.9004
6.9803996    26.344398    15.9004
6.9603996    26.301199    15.9004
6.9556    26.2908    15.9004
6.9547997    26.289999    15.9004
6.954    26.2876    15.9004
6.9364    26.2388    15.9004
6.9252    26.1932    15.9004
6.922    26.182798    15.9004
6.9147997    26.142    15.9004
6.9147997    26.139599    15.9004
6.9124    26.105999    15.9004
6.9115996    26.098799    15.9004
6.914    26.0852    15.9004
6.9227996    26.018799    15.9004
6.9227996    26.0156    15.9004
6.9332    25.970798    15.9004
6.9347997    25.965199    15.9004
6.9379997    25.955599    15.9004
6.9508    25.9284    15.9004
6.9708    25.8996    15.9004
6.986    25.8804    15.9004
