22.821999    24.7484    11.1004
22.8172    24.758799    11.1004
22.798    24.7972    11.1004
22.789999    24.812399    11.1004
22.782799    24.8228    11.1004
22.7692    24.838799    11.1004
22.7596    24.849998    11.1004
22.746    24.8564    11.1004
22.7388    24.861198    11.1004
22.719599    24.864399    11.1004
22.7132    24.8636    11.1004
22.695599    24.8596    11.1004
22.684399    24.858    11.1004
22.654799    24.8484    11.1004
22.646    24.8452    11.1004
22.6388    24.8412    11.1004
22.5812    24.8148    11.1004
22.578    24.812399    11.1004
22.546799    24.802    11.1004
22.5436    24.801199    11.1004
22.5164    24.8036    11.1004
22.4996    24.81    11.1004
22.4532    24.8324    11.1004
22.4508    24.833199    11.1004
22.4348    24.8412    11.1004
22.4116    24.8484    11.1004
22.4044    24.8508    11.1004
22.386    24.8468    11.1004
22.379599    24.847599    11.1004
22.3524    24.8308    11.1004
22.3508    24.83    11.1004
22.3484    24.8268    11.1004
22.317999    24.797998    11.1004
22.31    24.7892    11.1004
22.2876    24.7652    11.1004
22.275599    24.7508    11.1004
22.271599    24.7484    11.1004
22.25    24.73    11.1004
22.2404    24.7244    11.1004
22.2228    24.7172    11.1004
22.2116    24.7116    11.1004
22.185999    24.706799    11.1004
22.1756    24.7044    11.1004
22.1708    24.7044    11.1004
22.1684    24.7044    11.1004
22.126799    24.6964    11.1004
22.1108    24.691599    11.1004
22.098    24.6876    11.1004
22.09    24.6836    11.1004
22.0644    24.6724    11.1004
22.0164    24.6524    11.1004
21.9916    24.6444    11.1004
21.9884    24.643599    11.1004
21.9812    24.642    11.1004
21.966    24.6404    11.1004
21.9628    24.639599    11.1004
21.953999    24.6388    11.1004
21.925999    24.639599    11.1004
21.9124    24.639599    11.1004
21.8804    24.6444    11.1004
21.8724    24.646    11.1004
21.862799    24.6484    11.1004
21.8452    24.6532    11.1004
21.8428    24.654    11.1004
21.8204    24.6644    11.1004
21.8188    24.6652    11.1004
21.8156    24.6668    11.1004
21.781199    24.6868    11.1004
21.7388    24.7092    11.1004
21.734    24.7116    11.1004
21.7284    24.7148    11.1004
21.7052    24.723598    11.1004
21.678    24.7316    11.1004
21.6756    24.7316    11.1004
21.6724    24.7316    11.1004
21.6524    24.729198    11.1004
21.6356    24.726    11.1004
21.6276    24.725199    11.1004
21.600399    24.7188    11.1004
21.594    24.7172    11.1004
21.5812    24.7132    11.1004
21.5388    24.697199    11.1004
21.5268    24.6924    11.1004
21.5092    24.6852    11.1004
21.482    24.673199    11.1004
21.4676    24.665998    11.1004
21.4564    24.660398    11.1004
21.442    24.6476    11.1004
21.4284    24.6364    11.1004
21.421999    24.6292    11.1004
21.4084    24.6124    11.1004
21.4028    24.602798    11.1004
21.3884    24.580399    11.1004
21.3708    24.5492    11.1004
21.3548    24.518    11.1004
21.3444    24.4972    11.1004
21.334    24.4748    11.1004
21.3228    24.4564    11.1004
21.3172    24.4452    11.1004
21.3116    24.4364    11.1004
21.306799    24.431599    11.1004
21.2908    24.4116    11.1004
21.2668    24.3892    11.1004
21.254799    24.379599    11.1004
21.237999    24.366    11.1004
21.221199    24.351599    11.1004
21.202799    24.334    11.1004
21.194    24.323599    11.1004
21.174799    24.3004    11.1004
21.174799    24.299599    11.1004
21.1572    24.2692    11.1004
21.149199    24.2524    11.1004
21.142    24.230799    11.1004
21.137999    24.2164    11.1004
21.133999    24.1964    11.1004
21.132399    24.1796    11.1004
21.13    24.1684    11.1004
21.1276    24.1372    11.1004
21.1276    24.1332    11.1004
21.126799    24.126    11.1004
21.128399    24.097198    11.1004
21.1308    24.0788    11.1004
21.133999    24.0684    11.1004
21.137999    24.0628    11.1004
21.1476    24.0444    11.1004
21.157999    24.029999    11.1004
21.174    24.01    11.1004
21.1948    23.9884    11.1004
21.2036    23.9772    11.1004
21.222    23.9548    11.1004
21.2388    23.934    11.1004
21.2628    23.9044    11.1004
21.2668    23.8972    11.1004
21.295599    23.840399    11.1004
21.3228    23.7836    11.1004
21.327599    23.7724    11.1004
21.3428    23.743599    11.1004
21.35    23.7332    11.1004
21.373999    23.7052    11.1004
21.3764    23.702799    11.1004
21.401999    23.6836    11.1004
21.409199    23.678    11.1004
21.438799    23.656399    11.1004
21.4828    23.6252    11.1004
21.5444    23.5756    11.1004
21.5564    23.566    11.1004
21.569199    23.5556    11.1004
21.5924    23.5388    11.1004
21.600399    23.5324    11.1004
21.6132    23.5252    11.1004
21.6276    23.518    11.1004
21.6388    23.5148    11.1004
21.6476    23.5148    11.1004
21.669199    23.517199    11.1004
21.7156    23.522    11.1004
21.73    23.524399    11.1004
21.7412    23.526    11.1004
21.798    23.538    11.1004
21.801199    23.539598    11.1004
21.805199    23.5404    11.1004
21.845999    23.5508    11.1004
21.8668    23.5572    11.1004
21.8876    23.5644    11.1004
21.921999    23.576399    11.1004
21.9396    23.5836    11.1004
21.9676    23.594799    11.1004
21.983599    23.602    11.1004
22.0044    23.611599    11.1004
22.0092    23.6132    11.1004
22.0236    23.622    11.1004
22.0364    23.63    11.1004
22.0564    23.645199    11.1004
22.085999    23.67    11.1004
22.0964    23.678799    11.1004
22.1092    23.691599    11.1004
22.118    23.6988    11.1004
22.1412    23.7156    11.1004
22.150799    23.722    11.1004
22.1516    23.7228    11.1004
22.1772    23.732399    11.1004
22.2044    23.7412    11.1004
22.2396    23.7524    11.1004
22.2564    23.758799    11.1004
22.2636    23.762    11.1004
22.2908    23.775599    11.1004
22.2908    23.7764    11.1004
22.2916    23.7764    11.1004
22.3564    23.8092    11.1004
22.3956    23.8324    11.1004
22.4068    23.838    11.1004
22.4156    23.8396    11.1004
22.431599    23.845999    11.1004
22.434    23.8452    11.1004
22.462    23.838799    11.1004
22.4716    23.8316    11.1004
22.513199    23.806799    11.1004
22.5212    23.802    11.1004
22.522799    23.801199    11.1004
22.526    23.8004    11.1004
22.5444    23.7916    11.1004
22.5628    23.7916    11.1004
22.5772    23.7908    11.1004
22.585999    23.7916    11.1004
22.6188    23.7964    11.1004
22.6644    23.8004    11.1004
22.674    23.802    11.1004
22.682    23.8044    11.1004
22.712399    23.81    11.1004
22.726    23.8156    11.1004
22.7388    23.821999    11.1004
22.743599    23.826    11.1004
22.749199    23.8316    11.1004
22.778    23.853199    11.1004
22.786    23.862    11.1004
22.8036    23.8804    11.1004
22.8244    23.907598    11.1004
22.8284    23.9124    11.1004
22.83    23.914    11.1004
22.845999    23.9476    11.1004
22.858    23.9804    11.1004
22.8716    24.018799    11.1004
22.8892    24.0772    11.1004
22.8932    24.0908    11.1004
22.8956    24.1012    11.1004
22.9172    24.182    11.1004
22.9188    24.1924    11.1004
22.931599    24.2444    11.1004
22.9324    24.2452    11.1004
22.9324    24.246    11.1004
22.9356    24.281199    11.1004
22.9348    24.289999    11.1004
22.9324    24.306799    11.1004
22.9292    24.3196    11.1004
22.9252    24.334    11.1004
22.901999    24.4196    11.1004
22.897999    24.4356    11.1004
22.886    24.4772    11.1004
22.885199    24.483599    11.1004
22.8764    24.5332    11.1004
22.8652    24.600399    11.1004
22.864399    24.604399    11.1004
22.8596    24.6348    11.1004
22.853199    24.661999    11.1004
22.849998    24.673199    11.1004
22.8452    24.6988    11.1004
22.844398    24.7004    11.1004
22.8436    24.702799    11.1004
22.821999    24.7484    11.1004
