16.4452    21.4044    7.8004
16.4364    21.4132    7.8004
16.4196    21.4244    7.8004
16.4124    21.4268    7.8004
16.3964    21.4364    7.8004
16.3908    21.4356    7.8004
16.3692    21.4404    7.8004
16.35    21.4396    7.8004
16.3244    21.434    7.8004
16.2964    21.43    7.8004
16.288399    21.427599    7.8004
16.1876    21.3956    7.8004
16.1868    21.3956    7.8004
16.1868    21.3948    7.8004
16.1548    21.381199    7.8004
16.1332    21.3708    7.8004
16.094    21.3524    7.8004
16.0644    21.334799    7.8004
16.059599    21.3324    7.8004
16.0284    21.3156    7.8004
16.0204    21.310799    7.8004
16.0028    21.298    7.8004
15.99    21.2892    7.8004
15.9852    21.2852    7.8004
15.974799    21.275599    7.8004
15.9452    21.254    7.8004
15.9428    21.2508    7.8004
15.9268    21.2284    7.8004
15.9084    21.212399    7.8004
15.898    21.2004    7.8004
15.8876    21.198    7.8004
15.8684    21.1868    7.8004
15.8644    21.1884    7.8004
15.8284    21.1932    7.8004
15.7964    21.213999    7.8004
15.785999    21.219599    7.8004
15.7724    21.225199    7.8004
15.7355995    21.241999    7.8004
15.714    21.25    7.8004
15.686    21.2628    7.8004
15.613999    21.278    7.8004
15.5868    21.284399    7.8004
15.550799    21.288399    7.8004
15.5028    21.2916    7.8004
15.4836    21.293999    7.8004
15.4668    21.293999    7.8004
15.3963995    21.2924    7.8004
15.3916    21.2916    7.8004
15.3236    21.284399    7.8004
15.306    21.282799    7.8004
15.2268    21.2684    7.8004
15.210799    21.265999    7.8004
15.182799    21.258799    7.8004
15.1332    21.2452    7.8004
15.113199    21.2388    7.8004
15.0404    21.2148    7.8004
15.0236    21.208399    7.8004
14.952399    21.182    7.8004
14.9228    21.169199    7.8004
14.858    21.142    7.8004
14.8164    21.122    7.8004
14.7604    21.094799    7.8004
14.7028    21.065199    7.8004
14.653999    21.0396    7.8004
14.6108    21.0164    7.8004
14.578    20.998    7.8004
14.538    20.9732    7.8004
14.506    20.953999    7.8004
14.4436    20.9132    7.8004
14.4251995    20.9012    7.8004
14.3196    20.8308    7.8004
14.294    20.8132    7.8004
14.2708    20.7972    7.8004
14.2036    20.7484    7.8004
14.122    20.689999    7.8004
14.1116    20.6812    7.8004
14.0748    20.6516    7.8004
14.0356    20.6188    7.8004
14.005199    20.594    7.8004
13.9396    20.5396    7.8004
13.8932    20.4988    7.8004
13.854799    20.4636    7.8004
13.808399    20.4188    7.8004
13.752399    20.366    7.8004
13.7036    20.316399    7.8004
13.6756    20.2868    7.8004
13.634    20.2452    7.8004
13.578    20.1852    7.8004
13.5644    20.1708    7.8004
13.556399    20.1628    7.8004
13.5068    20.1076    7.8004
13.4916    20.09    7.8004
13.446    20.0364    7.8004
13.412399    19.998    7.8004
13.382    19.961199    7.8004
13.314    19.875599    7.8004
13.279599    19.8308    7.8004
13.2332    19.771599    7.8004
13.1972    19.7244    7.8004
13.1412    19.6492    7.8004
13.1068    19.600399    7.8004
13.0668    19.5436    7.8004
13.016399    19.4716    7.8004
12.986799    19.427599    7.8004
12.9628    19.390799    7.8004
12.9348    19.3484    7.8004
12.878799    19.2628    7.8004
12.844399    19.2076    7.8004
12.802    19.137999    7.8004
12.7708    19.0868    7.8004
12.7332    19.022    7.8004
12.6932    18.9532    7.8004
12.6692    18.910799    7.8004
12.6268    18.8332    7.8004
12.5948    18.7732    7.8004
12.5596    18.7092    7.8004
12.5236    18.6404    7.8004
12.499599    18.5956    7.8004
12.475599    18.5444    7.8004
12.4436    18.4804    7.8004
12.4156    18.4236    7.8004
12.373199    18.3364    7.8004
12.3396    18.2628    7.8004
12.2948    18.1652    7.8004
12.2612    18.0908    7.8004
12.2156    17.9876    7.8004
12.1916    17.9292    7.8004
12.1572    17.85    7.8004
12.134    17.7932    7.8004
12.1004    17.708399    7.8004
12.058    17.6068    7.8004
12.03    17.537199    7.8004
11.981999    17.4132    7.8004
11.9604    17.3612    7.8004
11.901999    17.2148    7.8004
11.889199    17.182    7.8004
11.8748    17.1412    7.8004
11.814799    16.982    7.8004
11.7411995    16.7796    7.8004
11.7316    16.7508    7.8004
11.729199    16.7452    7.8004
11.7188    16.7188    7.8004
11.6804    16.615599    7.8004
11.674    16.5956    7.8004
11.6348    16.4772    7.8004
11.630799    16.4652    7.8004
11.5748    16.3004    7.8004
11.567599    16.278    7.8004
11.5068    16.0956    7.8004
11.4516    15.9148    7.8004
11.4436    15.889999    7.8004
11.406    15.7644    7.8004
11.4036    15.7556    7.8004
11.3628    15.624399    7.8004
11.361199    15.6172    7.8004
11.325999    15.4916    7.8004
11.3236    15.4852    7.8004
11.2948    15.3868    7.8004
11.291599    15.3764    7.8004
11.262799    15.268399    7.8004
11.262799    15.2668    7.8004
11.262    15.266    7.8004
11.252399    15.229199    7.8004
11.217199    15.095599    7.8004
11.2132    15.079599    7.8004
11.1668    14.8932    7.8004
11.1556    14.846    7.8004
11.1435995    14.797999    7.8004
11.1324    14.752399    7.8004
11.1284    14.7316    7.8004
11.0948    14.584399    7.8004
11.09    14.562799    7.8004
11.0556    14.4036    7.8004
11.05    14.377199    7.8004
11.014    14.202    7.8004
11.002    14.1444    7.8004
10.9748    13.9916    7.8004
10.9636    13.929199    7.8004
10.9428    13.8164    7.8004
10.9292    13.7411995    7.8004
10.9251995    13.716399    7.8004
10.906799    13.6108    7.8004
10.8907995    13.5204    7.8004
10.889999    13.509999    7.8004
10.8684    13.3484    7.8004
10.8644    13.3236    7.8004
10.8644    13.320399    7.8004
10.8636    13.3172    7.8004
10.844399    13.1844    7.8004
10.8428    13.170799    7.8004
10.826799    13.039599    7.8004
10.8244    13.015599    7.8004
10.809999    12.8748    7.8004
10.8068    12.837999    7.8004
10.7964    12.7132    7.8004
10.794    12.6668    7.8004
10.7876    12.5476    7.8004
10.785999    12.486799    7.8004
10.7828    12.37    7.8004
10.782    12.3004    7.8004
10.782    12.222799    7.8004
10.7828    12.1516    7.8004
10.7844    12.0956    7.8004
10.7884    12.004399    7.8004
10.7908    11.935599    7.8004
10.7932    11.894799    7.8004
10.7987995    11.7932    7.8004
10.8043995    11.7044    7.8004
10.8076    11.6748    7.8004
10.820399    11.518    7.8004
10.8284    11.434    7.8004
10.832399    11.3868    7.8004
10.843599    11.2836    7.8004
10.8508    11.234799    7.8004
10.8619995    11.1524    7.8004
10.873199    11.0772    7.8004
10.889199    10.969999    7.8004
10.8963995    10.9204    7.8004
10.901199    10.8972    7.8004
10.9156    10.8164    7.8004
10.934    10.7244    7.8004
10.9452    10.671599    7.8004
10.9604    10.6108    7.8004
10.9892    10.4916    7.8004
10.999599    10.4484    7.8004
11.033199    10.3276    7.8004
11.0468    10.2764    7.8004
11.0515995    10.2612    7.8004
11.079599    10.1796    7.8004
11.1052    10.108399    7.8004
11.1147995    10.0828    7.8004
11.125999    10.054    7.8004
11.1491995    9.9939995    7.8004
11.1756    9.9316    7.8004
11.1916    9.895599    7.8004
11.2036    9.8675995    7.8004
11.257999    9.7628    7.8004
11.2699995    9.7396    7.8004
11.2724    9.7355995    7.8004
11.2796    9.722    7.8004
11.3164    9.659599    7.8004
11.318    9.6572    7.8004
11.326799    9.6388    7.8004
11.3364    9.6236    7.8004
11.3372    9.6188    7.8004
11.343599    9.6068    7.8004
11.3484    9.598    7.8004
11.358    9.5724    7.8004
11.361199    9.568399    7.8004
11.3619995    9.5636    7.8004
11.3572    9.5588    7.8004
11.326799    9.5324    7.8004
11.3068    9.521999    7.8004
11.2964    9.5188    7.8004
11.269199    9.505199    7.8004
11.2476    9.4924    7.8004
11.2355995    9.4812    7.8004
11.2252    9.474    7.8004
11.188399    9.4284    7.8004
11.1876    9.4276    7.8004
11.1868    9.4268    7.8004
11.1868    9.426    7.8004
11.1444    9.361199    7.8004
11.136399    9.346    7.8004
11.122    9.309199    7.8004
11.122    9.3068    7.8004
11.122    9.306    7.8004
11.119599    9.2708    7.8004
11.122    9.266    7.8004
11.1388    9.222799    7.8004
11.1556    9.2052    7.8004
11.1588    9.194799    7.8004
11.1756    9.1764    7.8004
11.1812    9.1652    7.8004
11.211599    9.1236    7.8004
11.2316    9.094    7.8004
11.252399    9.0724    7.8004
11.2556    9.068399    7.8004
11.2604    9.0644    7.8004
11.309199    9.0196    7.8004
11.334    8.9939995    7.8004
11.3468    8.9844    7.8004
11.3804    8.9548    7.8004
11.406799    8.9348    7.8004
11.4452    8.906    7.8004
11.4676    8.8876    7.8004
11.481199    8.877999    7.8004
11.5004    8.8652    7.8004
11.5428    8.837999    7.8004
11.556399    8.8308    7.8004
11.6124    8.8012    7.8004
11.65    8.781199    7.8004
11.660399    8.7764    7.8004
11.699599    8.7604    7.8004
11.7196    8.752399    7.8004
11.7372    8.746799    7.8004
11.786799    8.7284    7.8004
11.842    8.7132    7.8004
11.846    8.711599    7.8004
11.849999    8.7108    7.8004
11.9316    8.6908    7.8004
11.9668    8.6852    7.8004
11.9844    8.682799    7.8004
12.0068    8.6812    7.8004
12.0196    8.682799    7.8004
12.0348    8.6844    7.8004
12.0812    8.6972    7.8004
12.0932    8.700399    7.8004
12.0988    8.7028    7.8004
12.101999    8.7036    7.8004
12.1068    8.705999    7.8004
12.1779995    8.7332    7.8004
12.1868    8.7364    7.8004
12.194799    8.7396    7.8004
12.200399    8.7411995    7.8004
12.2252    8.751599    7.8004
12.233999    8.751599    7.8004
12.252399    8.7596    7.8004
12.254    8.7604    7.8004
12.285999    8.7684    7.8004
12.3012    8.7668    7.8004
12.309999    8.766    7.8004
12.346    8.7596    7.8004
12.3907995    8.754    7.8004
12.413199    8.752399    7.8004
12.4716    8.7556    7.8004
12.487599    8.757999    7.8004
12.502    8.7596    7.8004
12.5316    8.7628    7.8004
12.554    8.7668    7.8004
12.591599    8.7796    7.8004
12.6116    8.786    7.8004
12.6156    8.7876    7.8004
12.6228    8.7884    7.8004
12.654799    8.7932    7.8004
12.6732    8.7996    7.8004
12.6788    8.8012    7.8004
12.734799    8.8252    7.8004
12.7652    8.837999    7.8004
12.7676    8.8396    7.8004
12.8308    8.8692    7.8004
12.837999    8.873199    7.8004
12.9116    8.9164    7.8004
12.946    8.934    7.8004
12.9883995    8.962    7.8004
13.0196    8.978    7.8004
13.026    8.9828    7.8004
13.066    9.0116    7.8004
13.1068    9.0404    7.8004
13.118    9.0476    7.8004
13.148399    9.068399    7.8004
13.183599    9.091599    7.8004
13.2212    9.1188    7.8004
13.2476    9.137199    7.8004
13.2844    9.1612    7.8004
13.320399    9.189199    7.8004
13.366799    9.222799    7.8004
13.4484    9.2828    7.8004
13.4748    9.3012    7.8004
13.5716    9.373199    7.8004
13.5876    9.3852    7.8004
13.6524    9.435599    7.8004
13.6628    9.4428    7.8004
13.745999    9.506    7.8004
13.7588    9.516399    7.8004
13.7652    9.521999    7.8004
13.769199    9.5244    7.8004
13.842799    9.5868    7.8004
13.8812    9.6236    7.8004
13.8972    9.6364    7.8004
13.913199    9.653999    7.8004
13.934799    9.6756    7.8004
13.9452    9.6779995    7.8004
13.958799    9.686    7.8004
13.9628    9.69    7.8004
13.9668    9.6908    7.8004
13.9916    9.6924    7.8004
14.0036    9.69    7.8004
14.0227995    9.682799    7.8004
14.027599    9.683599    7.8004
14.045199    9.6804    7.8004
14.056399    9.682799    7.8004
14.073199    9.682    7.8004
14.095599    9.6932    7.8004
14.1092    9.7012    7.8004
14.1236    9.705999    7.8004
14.125199    9.705999    7.8004
14.131599    9.7108    7.8004
14.15    9.7212    7.8004
14.1796    9.7436    7.8004
14.2252    9.7755995    7.8004
14.285999    9.8236    7.8004
14.3852    9.8996    7.8004
14.3876    9.901999    7.8004
14.3916    9.9044    7.8004
14.401999    9.914    7.8004
14.4676    9.975599    7.8004
14.4939995    9.9972    7.8004
14.533999    10.0356    7.8004
14.5468    10.0484    7.8004
14.596399    10.1012    7.8004
14.6212    10.1348    7.8004
14.629999    10.1468    7.8004
14.6356    10.158    7.8004
14.642799    10.1748    7.8004
14.647599    10.1924    7.8004
14.6572    10.2164    7.8004
14.6668    10.2452    7.8004
14.6788    10.2932    7.8004
14.710799    10.429999    7.8004
14.711599    10.4332    7.8004
14.7156    10.464399    7.8004
14.7196    10.498799    7.8004
14.726    10.538799    7.8004
14.7324    10.5892    7.8004
14.739599    10.6676    7.8004
14.739599    10.6876    7.8004
14.739599    10.7044    7.8004
14.738    10.7596    7.8004
14.7364    10.781199    7.8004
14.7364    10.7987995    7.8004
14.7364    10.834    7.8004
14.734799    10.8428    7.8004
14.728399    10.8644    7.8004
14.717199    10.9028    7.8004
14.716399    10.906799    7.8004
14.716399    10.9092    7.8004
14.7156    10.9108    7.8004
14.7044    10.953199    7.8004
14.699599    10.9668    7.8004
14.6844    11.0092    7.8004
14.6756    11.03    7.8004
14.6668    11.0524    7.8004
14.653999    11.078799    7.8004
14.6435995    11.106    7.8004
14.6164    11.1588    7.8004
14.597199    11.200399    7.8004
14.585199    11.222799    7.8004
14.556399    11.274799    7.8004
14.5372    11.3124    7.8004
14.497999    11.3796    7.8004
14.4748    11.4212    7.8004
14.4564    11.452399    7.8004
14.4316    11.4964    7.8004
14.4156    11.514    7.8004
14.4092    11.5252    7.8004
14.3932    11.5428    7.8004
14.382    11.5548    7.8004
14.372399    11.561999    7.8004
14.3532    11.5803995    7.8004
14.3348    11.5868    7.8004
14.3252    11.591599    7.8004
14.2884    11.606    7.8004
14.2716    11.613999    7.8004
14.1908    11.638    7.8004
14.1644    11.6452    7.8004
14.058    11.674    7.8004
13.976399    11.6964    7.8004
13.965199    11.698    7.8004
13.8564    11.722    7.8004
13.8524    11.723599    7.8004
13.8188    11.73    7.8004
13.818    11.73    7.8004
13.7948    11.7316    7.8004
13.79    11.7308    7.8004
13.766    11.726    7.8004
13.7476    11.7132    7.8004
13.7428    11.7108    7.8004
13.7355995    11.7044    7.8004
13.716399    11.6868    7.8004
13.7076    11.676399    7.8004
13.681999    11.648399    7.8004
13.6684    11.6348    7.8004
13.6508    11.6147995    7.8004
13.6284    11.5988    7.8004
13.625199    11.5988    7.8004
13.5988    11.606    7.8004
13.5764    11.619599    7.8004
13.5588    11.6284    7.8004
13.487599    11.665199    7.8004
13.486799    11.665999    7.8004
13.486    11.665999    7.8004
13.4852    11.6668    7.8004
13.3963995    11.7084    7.8004
13.3675995    11.7252    7.8004
13.331599    11.745999    7.8004
13.246799    11.794    7.8004
13.2388    11.797999    7.8004
13.2316    11.802    7.8004
13.1804    11.8364    7.8004
13.1684    11.846    7.8004
13.1268    11.8772    7.8004
13.097199    11.8988    7.8004
13.044399    11.9404    7.8004
12.9844    11.9924    7.8004
12.9628    12.010799    7.8004
12.953199    12.0196    7.8004
12.882    12.0868    7.8004
12.8652    12.1012    7.8004
12.8043995    12.159599    7.8004
12.745999    12.2156    7.8004
12.7436    12.217199    7.8004
12.742    12.2196    7.8004
12.7316    12.2308    7.8004
12.681999    12.2884    7.8004
12.6452    12.3331995    7.8004
12.622    12.361199    7.8004
12.6036    12.383599    7.8004
12.578799    12.4156    7.8004
12.539599    12.462    7.8004
12.5188    12.4948    7.8004
12.5036    12.5188    7.8004
12.458799    12.5876    7.8004
12.4548    12.5948    7.8004
12.4516    12.601999    7.8004
12.414    12.6796    7.8004
12.4028    12.7028    7.8004
12.386    12.738    7.8004
12.3628    12.7908    7.8004
12.3619995    12.7932    7.8004
12.3428    12.8564    7.8004
12.3172    12.9372    7.8004
12.3116    12.9556    7.8004
12.302    12.9916    7.8004
12.2884    13.044399    7.8004
12.2844    13.0644    7.8004
12.262799    13.181999    7.8004
12.2604    13.1988    7.8004
12.257199    13.222    7.8004
12.2556    13.245999    7.8004
12.245999    13.337999    7.8004
12.2436    13.3748    7.8004
12.2355995    13.4852    7.8004
12.2355995    13.486799    7.8004
12.2355995    13.4892    7.8004
12.234799    13.578    7.8004
12.2372    13.686    7.8004
12.238    13.7123995    7.8004
12.238    13.723599    7.8004
12.240399    13.762    7.8004
12.25    13.9148    7.8004
12.252399    13.9452    7.8004
12.2564    13.9852    7.8004
12.2668    14.0748    7.8004
12.2772    14.1692    7.8004
12.2932    14.2884    7.8004
12.2956    14.306    7.8004
12.314    14.438    7.8004
12.315599    14.4539995    7.8004
12.3331995    14.568399    7.8004
12.3364    14.590799    7.8004
12.355599    14.717999    7.8004
12.361199    14.750799    7.8004
12.366799    14.7908    7.8004
12.3812    14.877199    7.8004
12.407599    15.0356    7.8004
12.45    15.2828    7.8004
12.4668    15.386    7.8004
12.4772    15.4452    7.8004
12.5028    15.578799    7.8004
12.5492    15.8172    7.8004
12.5668    15.9052    7.8004
12.590799    16.0116    7.8004
12.6228    16.1524    7.8004
12.6348    16.1996    7.8004
12.6612    16.3084    7.8004
12.6756    16.364399    7.8004
12.6972    16.4428    7.8004
12.714    16.5036    7.8004
12.738    16.581999    7.8004
12.7652    16.6652    7.8004
12.7708    16.6812    7.8004
12.8124    16.8028    7.8004
12.8452    16.894    7.8004
12.8572    16.9228    7.8004
12.8916    17.01    7.8004
12.9276    17.093199    7.8004
12.941199    17.122    7.8004
12.957999    17.157999    7.8004
13.0004    17.2452    7.8004
13.045199    17.3324    7.8004
13.0716    17.382    7.8004
13.0859995    17.4076    7.8004
13.1068    17.442    7.8004
13.136399    17.494799    7.8004
13.154799    17.5268    7.8004
13.1636    17.541199    7.8004
13.176399    17.5628    7.8004
13.2252    17.6356    7.8004
13.2708    17.7068    7.8004
13.281199    17.721199    7.8004
13.344399    17.8036    7.8004
13.3996    17.8748    7.8004
13.4084    17.8852    7.8004
13.4156    17.892399    7.8004
13.4892    17.973999    7.8004
13.5524    18.0436    7.8004
13.5588    18.0508    7.8004
13.5644    18.0556    7.8004
13.641999    18.122799    7.8004
13.6516    18.1308    7.8004
13.742    18.208399    7.8004
13.7724    18.2316    7.8004
13.854799    18.2924    7.8004
13.958799    18.366    7.8004
13.9748    18.3764    7.8004
14.0004    18.392399    7.8004
14.108399    18.4644    7.8004
14.1924    18.5236    7.8004
14.302799    18.5956    7.8004
14.366799    18.6348    7.8004
14.3916    18.650799    7.8004
14.492399    18.7164    7.8004
14.528399    18.741999    7.8004
14.6636    18.8444    7.8004
14.665199    18.845999    7.8004
14.7668    18.921999    7.8004
14.7908    18.938799    7.8004
14.820399    18.9604    7.8004
14.873199    18.9996    7.8004
14.886    19.01    7.8004
14.946    19.0572    7.8004
14.9948    19.0972    7.8004
15.0468    19.137999    7.8004
15.0932    19.1796    7.8004
15.1491995    19.2236    7.8004
15.187599    19.258799    7.8004
15.2076    19.2756    7.8004
15.2372    19.301199    7.8004
15.2444    19.3076    7.8004
15.2708    19.3252    7.8004
15.2755995    19.33    7.8004
15.2876    19.3316    7.8004
15.3068    19.3244    7.8004
15.313999    19.3204    7.8004
15.3364    19.310799    7.8004
15.355599    19.310799    7.8004
15.5252    19.3604    7.8004
15.5292    19.3612    7.8004
15.5692    19.375599    7.8004
15.6284    19.4012    7.8004
15.6556    19.4116    7.8004
15.7092    19.4324    7.8004
15.7244    19.438799    7.8004
15.742    19.446    7.8004
15.7844    19.4644    7.8004
15.7964    19.4708    7.8004
15.8396    19.489199    7.8004
15.873199    19.5044    7.8004
15.8804    19.5084    7.8004
15.888399    19.513199    7.8004
15.9052    19.5236    7.8004
15.917999    19.531599    7.8004
15.940399    19.5516    7.8004
15.946799    19.553999    7.8004
15.958799    19.565199    7.8004
15.9716    19.574799    7.8004
15.9908    19.5972    7.8004
16.0004    19.6068    7.8004
16.024399    19.6364    7.8004
16.0308    19.645199    7.8004
16.035599    19.6524    7.8004
16.0396    19.6572    7.8004
16.0772    19.7076    7.8004
16.1588    19.8116    7.8004
16.1644    19.8196    7.8004
16.2124    19.8836    7.8004
16.2332    19.91    7.8004
16.2692    19.9628    7.8004
16.293999    19.9988    7.8004
16.310799    20.024399    7.8004
16.342    20.074799    7.8004
16.3708    20.1196    7.8004
16.3844    20.1404    7.8004
16.425999    20.21    7.8004
16.427599    20.2116    7.8004
16.454    20.254    7.8004
16.4708    20.2852    7.8004
16.494799    20.327599    7.8004
16.498    20.334    7.8004
16.501999    20.3436    7.8004
16.5276    20.4084    7.8004
16.5388    20.4356    7.8004
16.552399    20.4708    7.8004
16.581999    20.5604    7.8004
16.594    20.602    7.8004
16.605999    20.642    7.8004
16.615599    20.678799    7.8004
16.6204    20.6996    7.8004
16.626799    20.726    7.8004
16.6468    20.805199    7.8004
16.656399    20.8492    7.8004
16.656399    20.8524    7.8004
16.663599    20.8956    7.8004
16.6644    20.9012    7.8004
16.6684    20.946    7.8004
16.6684    20.9828    7.8004
16.669199    20.9876    7.8004
16.6684    20.994799    7.8004
16.6652    21.0164    7.8004
16.6604    21.0388    7.8004
16.656399    21.053999    7.8004
16.654    21.0604    7.8004
16.6372    21.0956    7.8004
16.626799    21.1188    7.8004
16.6108    21.1532    7.8004
16.5956    21.1884    7.8004
16.5844    21.2076    7.8004
16.55    21.271599    7.8004
16.5436    21.2836    7.8004
16.5332    21.2972    7.8004
16.494799    21.347599    7.8004
16.485199    21.358799    7.8004
16.4452    21.4044    7.8004
