16.351599    29.1484    18.9004
16.33    29.1556    18.9004
16.299599    29.1652    18.9004
16.2644    29.173199    18.9004
16.254799    29.1764    18.9004
16.2332    29.1756    18.9004
16.226799    29.174799    18.9004
16.197199    29.171598    18.9004
16.166    29.1612    18.9004
16.1604    29.1588    18.9004
16.1588    29.1588    18.9004
16.1548    29.157999    18.9004
16.1124    29.1444    18.9004
16.09    29.126    18.9004
16.087599    29.1244    18.9004
16.076399    29.1148    18.9004
16.0636    29.102798    18.9004
16.0564    29.094    18.9004
16.0492    29.0868    18.9004
16.037199    29.074    18.9004
16.0228    29.0556    18.9004
16.0084    29.031599    18.9004
15.9916    28.998798    18.9004
15.9724    28.9588    18.9004
15.969999    28.9524    18.9004
15.9548    28.897999    18.9004
15.9428    28.853199    18.9004
15.9307995    28.8044    18.9004
15.9196    28.7524    18.9004
15.9052    28.6596    18.9004
15.901999    28.63    18.9004
15.8932    28.55    18.9004
15.888399    28.487598    18.9004
15.886    28.4508    18.9004
15.884399    28.4012    18.9004
15.884399    28.344398    18.9004
15.883599    28.306799    18.9004
15.883599    28.245998    18.9004
15.883599    28.1556    18.9004
15.8876    28.0684    18.9004
15.888399    28.0628    18.9004
15.894799    27.9572    18.9004
15.895599    27.9492    18.9004
15.9028    27.8988    18.9004
15.9044    27.885199    18.9004
15.922    27.7652    18.9004
15.934    27.6852    18.9004
15.9539995    27.553999    18.9004
15.965199    27.4884    18.9004
15.993199    27.338    18.9004
15.9972    27.316399    18.9004
16.014    27.2332    18.9004
16.031599    27.1356    18.9004
16.0628    26.973999    18.9004
16.0716    26.9284    18.9004
16.0924    26.833199    18.9004
16.1132    26.73    18.9004
16.1236    26.682798    18.9004
16.13    26.654    18.9004
16.1444    26.5732    18.9004
16.1588    26.498    18.9004
16.167599    26.4564    18.9004
16.174799    26.4308    18.9004
16.19    26.3772    18.9004
16.1988    26.3468    18.9004
16.208399    26.3172    18.9004
16.23    26.2612    18.9004
16.2348    26.2468    18.9004
16.237999    26.241999    18.9004
16.2636    26.1924    18.9004
16.271599    26.178    18.9004
16.3004    26.1308    18.9004
16.3116    26.113998    18.9004
16.3452    26.07    18.9004
16.3508    26.063599    18.9004
16.4044    26.0068    18.9004
16.4252    25.987598    18.9004
16.4516    25.965199    18.9004
16.4636    25.9564    18.9004
16.4916    25.9356    18.9004
16.5116    25.9212    18.9004
16.5332    25.907598    18.9004
16.5588    25.8932    18.9004
16.5884    25.8772    18.9004
16.6444    25.8492    18.9004
16.6572    25.8428    18.9004
16.6668    25.838799    18.9004
16.726    25.8132    18.9004
16.7396    25.8076    18.9004
16.7916    25.7916    18.9004
16.8044    25.7876    18.9004
16.8492    25.778    18.9004
16.8596    25.7764    18.9004
16.8932    25.7732    18.9004
16.9028    25.7732    18.9004
16.933199    25.7732    18.9004
16.9764    25.7764    18.9004
16.9828    25.777199    18.9004
16.9884    25.7788    18.9004
17.0212    25.786798    18.9004
17.0292    25.7892    18.9004
17.0756    25.802    18.9004
17.1188    25.8204    18.9004
17.1252    25.8228    18.9004
17.169199    25.8428    18.9004
17.180399    25.8492    18.9004
17.219599    25.873999    18.9004
17.2556    25.8972    18.9004
17.265999    25.9044    18.9004
17.2708    25.907598    18.9004
17.301199    25.9292    18.9004
17.312399    25.938799    18.9004
17.351599    25.97    18.9004
17.3556    25.9732    18.9004
17.4068    26.022799    18.9004
17.4676    26.085999    18.9004
17.4692    26.0868    18.9004
17.4708    26.0892    18.9004
17.5436    26.1764    18.9004
17.546799    26.180399    18.9004
17.5556    26.191599    18.9004
17.6028    26.2508    18.9004
17.614    26.265999    18.9004
17.666    26.3372    18.9004
17.67    26.3436    18.9004
17.7188    26.413198    18.9004
17.7356    26.438799    18.9004
17.7868    26.518799    18.9004
17.7948    26.531599    18.9004
17.8244    26.5844    18.9004
17.8268    26.5892    18.9004
17.8276    26.5908    18.9004
17.8316    26.5996    18.9004
17.857199    26.6532    18.9004
17.864399    26.67    18.9004
17.8772    26.7036    18.9004
17.8948    26.75    18.9004
17.8996    26.7636    18.9004
17.9188    26.826    18.9004
17.9244    26.8484    18.9004
17.9348    26.89    18.9004
17.9476    26.958    18.9004
17.949999    26.97    18.9004
17.9508    26.9756    18.9004
17.9548    27.014    18.9004
17.9604    27.070799    18.9004
17.966    27.1516    18.9004
17.9684    27.180399    18.9004
17.966    27.2412    18.9004
17.9676    27.2684    18.9004
17.9676    27.2852    18.9004
17.9652    27.333199    18.9004
17.9628    27.386    18.9004
17.962    27.3948    18.9004
17.955599    27.461199    18.9004
17.9548    27.466799    18.9004
17.9508    27.483599    18.9004
17.9412    27.529999    18.9004
17.937199    27.55    18.9004
17.9244    27.605999    18.9004
17.914799    27.632399    18.9004
17.886    27.71    18.9004
17.881199    27.722    18.9004
17.869999    27.7428    18.9004
17.8444    27.7916    18.9004
17.8204    27.8284    18.9004
17.810799    27.8436    18.9004
17.782    27.8772    18.9004
17.747599    27.9084    18.9004
17.7444    27.9116    18.9004
17.7428    27.913198    18.9004
17.7132    27.9364    18.9004
17.6724    27.9644    18.9004
17.663599    27.97    18.9004
17.6468    27.976398    18.9004
17.6132    27.989199    18.9004
17.5748    27.9924    18.9004
17.5572    27.993198    18.9004
17.4988    27.99    18.9004
17.477999    27.989199    18.9004
17.446    27.9884    18.9004
17.4324    27.9868    18.9004
17.416399    27.9868    18.9004
17.406    27.987598    18.9004
17.4028    27.987598    18.9004
17.3828    27.981998    18.9004
17.379599    27.9828    18.9004
17.345999    27.9748    18.9004
17.3444    27.9748    18.9004
17.3396    27.9732    18.9004
17.310799    27.9644    18.9004
17.2892    27.961199    18.9004
17.2796    27.9572    18.9004
17.262    27.953999    18.9004
17.2516    27.949999    18.9004
17.236399    27.9532    18.9004
17.219599    27.9516    18.9004
17.2092    27.9572    18.9004
17.1828    27.959599    18.9004
17.174799    27.9636    18.9004
17.1572    27.9772    18.9004
17.154    27.981998    18.9004
17.142    28.005999    18.9004
17.142    28.0108    18.9004
17.1388    28.0276    18.9004
17.1276    28.081999    18.9004
17.126799    28.087599    18.9004
17.1244    28.1036    18.9004
17.1132    28.1628    18.9004
17.1052    28.188398    18.9004
17.0956    28.221199    18.9004
17.0884    28.2452    18.9004
17.074    28.2804    18.9004
17.059599    28.3132    18.9004
17.0444    28.345999    18.9004
17.0292    28.375599    18.9004
17.024399    28.3844    18.9004
16.9924    28.438    18.9004
16.983599    28.4524    18.9004
16.9476    28.5108    18.9004
16.9052    28.5788    18.9004
16.9004    28.5852    18.9004
16.8692    28.630798    18.9004
16.8388    28.6756    18.9004
16.7932    28.737999    18.9004
16.7724    28.7668    18.9004
16.75    28.7932    18.9004
16.713999    28.834799    18.9004
16.684399    28.8716    18.9004
16.6276    28.935598    18.9004
16.609999    28.953999    18.9004
16.604399    28.959599    18.9004
16.5516    29.011599    18.9004
16.55    29.0148    18.9004
16.538    29.0252    18.9004
16.489199    29.0628    18.9004
16.4492    29.09    18.9004
16.4396    29.098    18.9004
16.427599    29.105999    18.9004
16.3956    29.1244    18.9004
16.375599    29.136398    18.9004
16.362    29.142    18.9004
16.351599    29.1484    18.9004
