39.0004    16.0004    1.8004
39.0004    22.001999    1.8004
39.0004    26.000399    1.8004
38.995598    26.0628    1.8004
38.9884    26.1572    1.8004
38.974    26.217999    1.8004
38.9516    26.3092    1.8004
38.9276    26.366798    1.8004
38.891598    26.453999    1.8004
38.8588    26.507599    1.8004
38.8092    26.5884    1.8004
38.7684    26.6364    1.8004
38.7076    26.7076    1.8004
38.6596    26.7484    1.8004
38.588398    26.809198    1.8004
38.534798    26.842    1.8004
38.454    26.8916    1.8004
38.3964    26.9156    1.8004
38.3092    26.9516    1.8004
38.248398    26.966    1.8004
38.1572    26.9884    1.8004
38.0948    26.993198    1.8004
38.0004    27.000399    1.8004
37.4004    27.000399    1.8004
37.0004    27.000399    1.8004
36.938    26.9956    1.8004
36.843597    26.9884    1.8004
36.7828    26.973999    1.8004
36.6916    26.9516    1.8004
36.634    26.927599    1.8004
36.5468    26.8916    1.8004
36.4932    26.858799    1.8004
36.4124    26.809198    1.8004
36.3644    26.7684    1.8004
36.293198    26.7076    1.8004
36.2524    26.6596    1.8004
36.1916    26.5884    1.8004
36.1588    26.5348    1.8004
36.1092    26.453999    1.8004
36.085197    26.396399    1.8004
36.0492    26.3092    1.8004
36.034798    26.2484    1.8004
36.012398    26.1572    1.8004
36.0076    26.094799    1.8004
36.0004    26.000399    1.8004
36.0004    19.9988    1.8004
36.0004    16.0004    1.8004
36.0052    15.938    1.8004
36.012398    15.843599    1.8004
36.0268    15.7828    1.8004
36.0492    15.6916    1.8004
36.0732    15.634    1.8004
36.1092    15.5468    1.8004
36.142    15.493199    1.8004
36.1916    15.412399    1.8004
36.2324    15.3644    1.8004
36.293198    15.2932    1.8004
36.341198    15.252399    1.8004
36.4124    15.1916    1.8004
36.466    15.158799    1.8004
36.5468    15.1092    1.8004
36.6044    15.085199    1.8004
36.6916    15.0492    1.8004
36.7524    15.0348    1.8004
36.843597    15.0124    1.8004
36.906    15.0076    1.8004
37.0004    15.0004    1.8004
37.6004    15.0004    1.8004
38.0004    15.0004    1.8004
38.062798    15.005199    1.8004
38.1572    15.0124    1.8004
38.218    15.026799    1.8004
38.3092    15.0492    1.8004
38.3668    15.073199    1.8004
38.454    15.1092    1.8004
38.5076    15.141999    1.8004
38.588398    15.1916    1.8004
38.6364    15.2324    1.8004
38.7076    15.2932    1.8004
38.748398    15.3412    1.8004
38.8092    15.412399    1.8004
38.842    15.466    1.8004
38.891598    15.5468    1.8004
38.9156    15.6044    1.8004
38.9516    15.6916    1.8004
38.966    15.752399    1.8004
38.9884    15.843599    1.8004
38.9932    15.905999    1.8004
39.0004    16.0004    1.8004
