39.0004    16.0004    1.5004
39.0004    21.001999    1.5004
39.0004    26.000399    1.5004
38.994    26.0788    1.5004
38.9884    26.1572    1.5004
38.969997    26.2332    1.5004
38.9516    26.3092    1.5004
38.922    26.381199    1.5004
38.891598    26.453999    1.5004
38.8508    26.5212    1.5004
38.8092    26.5884    1.5004
38.7588    26.6476    1.5004
38.7076    26.7076    1.5004
38.6484    26.758    1.5004
38.588398    26.809198    1.5004
38.5212    26.849998    1.5004
38.454    26.8916    1.5004
38.382    26.9212    1.5004
38.3092    26.9516    1.5004
38.2332    26.97    1.5004
38.1572    26.9884    1.5004
38.0788    26.994    1.5004
38.0004    27.000399    1.5004
37.5004    27.000399    1.5004
37.0004    27.000399    1.5004
36.922    26.994799    1.5004
36.843597    26.9884    1.5004
36.767597    26.97    1.5004
36.6916    26.9516    1.5004
36.6196    26.921999    1.5004
36.5468    26.8916    1.5004
36.4796    26.8508    1.5004
36.4124    26.809198    1.5004
36.3532    26.758799    1.5004
36.293198    26.7076    1.5004
36.242798    26.6484    1.5004
36.1916    26.5884    1.5004
36.1508    26.5212    1.5004
36.1092    26.453999    1.5004
36.079597    26.382    1.5004
36.0492    26.3092    1.5004
36.0308    26.2332    1.5004
36.012398    26.1572    1.5004
36.006798    26.0788    1.5004
36.0004    26.000399    1.5004
36.0004    20.9988    1.5004
36.0004    16.0004    1.5004
36.006    15.922    1.5004
36.012398    15.843599    1.5004
36.0308    15.7676    1.5004
36.0492    15.6916    1.5004
36.0788    15.619599    1.5004
36.1092    15.5468    1.5004
36.149998    15.4796    1.5004
36.1916    15.412399    1.5004
36.242    15.3532    1.5004
36.293198    15.2932    1.5004
36.352398    15.2428    1.5004
36.4124    15.1916    1.5004
36.4796    15.1508    1.5004
36.5468    15.1092    1.5004
36.618797    15.079599    1.5004
36.6916    15.0492    1.5004
36.767597    15.0308    1.5004
36.843597    15.0124    1.5004
36.922    15.0068    1.5004
37.0004    15.0004    1.5004
37.5004    15.0004    1.5004
38.0004    15.0004    1.5004
38.0788    15.006    1.5004
38.1572    15.0124    1.5004
38.2332    15.0308    1.5004
38.3092    15.0492    1.5004
38.3812    15.078799    1.5004
38.454    15.1092    1.5004
38.5212    15.15    1.5004
38.588398    15.1916    1.5004
38.6476    15.242    1.5004
38.7076    15.2932    1.5004
38.758    15.3524    1.5004
38.8092    15.412399    1.5004
38.85    15.4796    1.5004
38.891598    15.5468    1.5004
38.9212    15.618799    1.5004
38.9516    15.6916    1.5004
38.969997    15.7676    1.5004
38.9884    15.843599    1.5004
38.994    15.922    1.5004
39.0004    16.0004    1.5004
