19.1388    25.8484    1.5004
19.1524    25.9284    1.5004
19.1796    26.0052    1.5004
19.206    26.0812    1.5004
19.2444    26.1524    1.5004
19.282799    26.2228    1.5004
19.3324    26.286798    1.5004
19.382    26.3508    1.5004
19.4412    26.406    1.5004
19.500399    26.461199    1.5004
19.5676    26.505999    1.5004
19.6348    26.550798    1.5004
19.708399    26.5844    1.5004
19.782    26.618    1.5004
19.8604    26.639599    1.5004
19.938799    26.660398    1.5004
20.0196    26.6684    1.5004
20.0996    26.6764    1.5004
20.180399    26.671598    1.5004
20.2612    26.6668    1.5004
20.340399    26.649199    1.5004
20.4188    26.6316    1.5004
20.782799    26.518    1.5004
21.1468    26.403599    1.5004
21.219599    26.373999    1.5004
21.2924    26.3452    1.5004
21.3604    26.305199    1.5004
21.427599    26.2652    1.5004
21.4876    26.2148    1.5004
21.5476    26.1644    1.5004
21.5996    26.1052    1.5004
21.650799    26.046    1.5004
21.6932    25.979599    1.5004
21.7348    25.913198    1.5004
21.765999    25.8412    1.5004
21.7964    25.7692    1.5004
21.8156    25.6932    1.5004
21.834799    25.617199    1.5004
21.842    25.5388    1.5004
21.8484    25.4604    1.5004
21.8428    25.382    1.5004
21.838    25.3044    1.5004
21.8204    25.2276    1.5004
21.8036    25.150799    1.5004
21.057999    22.7652    1.5004
20.3116    20.3788    1.5004
20.282    20.306    1.5004
20.253199    20.2332    1.5004
20.2124    20.1652    1.5004
20.1724    20.098    1.5004
20.122    20.037199    1.5004
20.0716    19.9772    1.5004
20.0124    19.9252    1.5004
19.9532    19.873999    1.5004
19.886799    19.8324    1.5004
19.8204    19.7908    1.5004
19.747599    19.7596    1.5004
19.6756    19.7292    1.5004
19.5996    19.71    1.5004
19.5236    19.6908    1.5004
19.4452    19.6836    1.5004
19.3668    19.6772    1.5004
19.288399    19.6828    1.5004
19.21    19.6876    1.5004
19.1364    19.732399    1.5004
19.0628    19.777199    1.5004
18.998    19.834    1.5004
18.933199    19.89    1.5004
18.8788    19.9564    1.5004
18.8244    20.0228    1.5004
18.782    20.098    1.5004
18.7404    20.173199    1.5004
18.7116    20.254    1.5004
18.6836    20.334799    1.5004
18.669199    20.4196    1.5004
18.6548    20.5044    1.5004
18.6556    20.5908    1.5004
18.6556    20.6764    1.5004
18.89    23.222    1.5004
19.1244    25.7684    1.5004
19.1388    25.8484    1.5004
