13.078799    26.994    1.5004
13.1572    26.9884    1.5004
13.2332    26.97    1.5004
13.309199    26.9516    1.5004
13.382    26.9212    1.5004
13.4539995    26.8916    1.5004
13.521199    26.849998    1.5004
13.5884    26.809198    1.5004
13.648399    26.758    1.5004
13.7076    26.7076    1.5004
13.7588    26.6476    1.5004
13.809199    26.5884    1.5004
13.8508    26.5212    1.5004
13.8916    26.453999    1.5004
13.922    26.381199    1.5004
13.9516    26.3092    1.5004
13.969999    26.2332    1.5004
13.9883995    26.1572    1.5004
13.9948    26.0788    1.5004
14.0004    26.000399    1.5004
14.0004    21.001999    1.5004
14.0004    16.0004    1.5004
13.9939995    15.922    1.5004
13.9883995    15.843599    1.5004
13.969999    15.7676    1.5004
13.9516    15.6916    1.5004
13.9212    15.618799    1.5004
13.8916    15.5468    1.5004
13.849999    15.4796    1.5004
13.809199    15.412399    1.5004
13.757999    15.3524    1.5004
13.7076    15.2932    1.5004
13.647599    15.242    1.5004
13.5884    15.1916    1.5004
13.521199    15.15    1.5004
13.4539995    15.1092    1.5004
13.3812    15.078799    1.5004
13.309199    15.0492    1.5004
13.2332    15.0308    1.5004
13.1572    15.0124    1.5004
13.078799    15.006    1.5004
13.0004    15.0004    1.5004
12.5004    15.0004    1.5004
12.0004    15.0004    1.5004
11.922    15.0068    1.5004
11.843599    15.0124    1.5004
11.7676    15.0308    1.5004
11.6916    15.0492    1.5004
11.6188    15.079599    1.5004
11.5468    15.1092    1.5004
11.4796    15.1508    1.5004
11.412399    15.1916    1.5004
11.3524    15.2428    1.5004
11.2932    15.2932    1.5004
11.242    15.3532    1.5004
11.1916    15.412399    1.5004
11.15    15.4796    1.5004
11.1092    15.5468    1.5004
11.078799    15.619599    1.5004
11.0492    15.6916    1.5004
11.0308    15.7676    1.5004
11.0124    15.843599    1.5004
11.006    15.922    1.5004
11.0004    16.0004    1.5004
11.0004    20.9988    1.5004
11.0004    26.000399    1.5004
11.0068    26.0788    1.5004
11.0124    26.1572    1.5004
11.0308    26.2332    1.5004
11.0492    26.3092    1.5004
11.079599    26.382    1.5004
11.1092    26.453999    1.5004
11.1508    26.5212    1.5004
11.1916    26.5884    1.5004
11.2428    26.6484    1.5004
11.2932    26.7076    1.5004
11.3532    26.758799    1.5004
11.412399    26.809198    1.5004
11.4796    26.8508    1.5004
11.5468    26.8916    1.5004
11.619599    26.921999    1.5004
11.6916    26.9516    1.5004
11.7676    26.97    1.5004
11.843599    26.9884    1.5004
11.922    26.994799    1.5004
12.0004    27.000399    1.5004
12.5004    27.000399    1.5004
13.0004    27.000399    1.5004
13.078799    26.994    1.5004
