0.75079995    0.0004    1.5004
1.5004    0.0004    1.5004
5.9564    0.0004    1.5004
10.41    0.0004    1.5004
14.334    0.0004    1.5004
18.2564    0.0004    1.5004
21.6292    0.0004    1.5004
25.000399    0.0004    1.5004
29.5364    0.0004    1.5004
34.07    0.0004    1.5004
36.8308    0.0004    1.5004
39.590797    0.0004    1.5004
44.7972    0.0004    1.5004
50.0004    0.0004    1.5004
50.0004    4.502    1.5004
50.0004    9.0004    1.5004
50.0004    19.5028    1.5004
50.0004    30.000399    1.5004
44.794    30.000399    1.5004
39.590797    30.000399    1.5004
36.829998    30.000399    1.5004
34.07    30.000399    1.5004
29.533998    30.000399    1.5004
25.000399    30.000399    1.5004
21.6276    30.000399    1.5004
18.2564    30.000399    1.5004
14.332399    30.000399    1.5004
10.41    30.000399    1.5004
5.954    30.000399    1.5004
1.5004    30.000399    1.5004
0.75    30.000399    1.5004
0.0004    30.000399    1.5004
0.0004    19.498    1.5004
0.0004    9.0004    1.5004
0.0004    4.4996    1.5004
0.0004    0.0004    1.5004
0.75079995    0.0004    1.5004
