15.325999    12.3675995    2.1004
15.315599    12.3516    2.1004
15.291599    12.3084    2.1004
15.285199    12.297199    2.1004
15.282    12.291599    2.1004
15.257199    12.245999    2.1004
15.2411995    12.2196    2.1004
15.226    12.1924    2.1004
15.205999    12.1564    2.1004
15.1812    12.1116    2.1004
15.1572    12.0668    2.1004
15.141999    12.0348    2.1004
15.122    11.9916    2.1004
15.113199    11.9748    2.1004
15.0996    11.9404    2.1004
15.0868    11.912399    2.1004
15.084399    11.906    2.1004
15.082    11.8988    2.1004
15.078    11.8852    2.1004
15.062799    11.8372    2.1004
15.0532    11.8052    2.1004
15.044399    11.7652    2.1004
15.0412    11.752399    2.1004
15.037999    11.738    2.1004
15.033999    11.7123995    2.1004
15.027599    11.6796    2.1004
15.0236    11.6491995    2.1004
15.0171995    11.6044    2.1004
15.0132    11.5612    2.1004
15.010799    11.5372    2.1004
15.009999    11.521999    2.1004
15.0084    11.4788    2.1004
15.0092    11.45    2.1004
15.010799    11.4292    2.1004
15.0124    11.4092    2.1004
15.015599    11.3764    2.1004
15.018    11.3572    2.1004
15.0227995    11.3228    2.1004
15.0292    11.2876    2.1004
15.033199    11.2676    2.1004
15.0356    11.2564    2.1004
15.0412    11.238    2.1004
15.049999    11.2036    2.1004
15.0596    11.1779995    2.1004
15.0636    11.165199    2.1004
15.0828    11.1147995    2.1004
15.0828    11.113999    2.1004
15.102799    11.0692    2.1004
15.1147995    11.0436    2.1004
15.1348    11.0068    2.1004
15.148399    10.9804    2.1004
15.1676    10.95    2.1004
15.186    10.922    2.1004
15.2044    10.8948    2.1004
15.2196    10.8708    2.1004
15.233999    10.8516    2.1004
15.262    10.814    2.1004
15.2764    10.7972    2.1004
15.303599    10.7676    2.1004
15.33    10.7396    2.1004
15.353999    10.7156    2.1004
15.3884    10.6844    2.1004
15.4092    10.665199    2.1004
15.4316    10.6491995    2.1004
15.4628    10.625199    2.1004
15.4892    10.607599    2.1004
15.521199    10.5859995    2.1004
15.568399    10.5604    2.1004
15.5764    10.5556    2.1004
15.5803995    10.5532    2.1004
15.625999    10.533199    2.1004
15.648399    10.5252    2.1004
15.665199    10.5204    2.1004
15.6924    10.5116    2.1004
15.7028    10.5092    2.1004
15.7316    10.5004    2.1004
15.7444    10.4972    2.1004
15.782    10.4916    2.1004
15.820399    10.487599    2.1004
15.825999    10.4868    2.1004
15.8692    10.4836    2.1004
15.8764    10.4836    2.1004
15.9316    10.486    2.1004
15.9324    10.486    2.1004
15.9788    10.49    2.1004
15.9883995    10.4908    2.1004
15.9916    10.4916    2.1004
16.042    10.499599    2.1004
16.048399    10.5004    2.1004
16.076399    10.505199    2.1004
16.09    10.5084    2.1004
16.13    10.5188    2.1004
16.139599    10.5227995    2.1004
16.1684    10.5308    2.1004
16.173199    10.5324    2.1004
16.2132    10.546    2.1004
16.2652    10.5668    2.1004
16.2724    10.57    2.1004
16.3284    10.594    2.1004
16.33    10.5948    2.1004
16.3316    10.5956    2.1004
16.3668    10.6156    2.1004
16.4012    10.6332    2.1004
16.4132    10.6404    2.1004
16.458    10.671599    2.1004
16.4684    10.6779995    2.1004
16.5116    10.7067995    2.1004
16.5332    10.722799    2.1004
16.5588    10.7436    2.1004
16.5812    10.762    2.1004
16.611599    10.7884    2.1004
16.628399    10.803599    2.1004
16.654    10.825999    2.1004
16.6764    10.8476    2.1004
16.702    10.8748    2.1004
16.719599    10.8948    2.1004
16.7452    10.9236    2.1004
16.758    10.938    2.1004
16.7788    10.962    2.1004
16.799599    10.9883995    2.1004
16.817999    11.0124    2.1004
16.838    11.0404    2.1004
16.85    11.058    2.1004
16.8612    11.073199    2.1004
16.8772    11.098    2.1004
16.8948    11.125999    2.1004
16.9116    11.1516    2.1004
16.9356    11.1916    2.1004
16.9452    11.21    2.1004
16.9652    11.25    2.1004
16.972399    11.263599    2.1004
16.9764    11.2724    2.1004
16.9828    11.2876    2.1004
16.994799    11.3188    2.1004
17.0108    11.360399    2.1004
17.0148    11.37    2.1004
17.0196    11.3907995    2.1004
17.0284    11.424399    2.1004
17.0332    11.447599    2.1004
17.0404    11.4804    2.1004
17.042    11.5076    2.1004
17.0444    11.5308    2.1004
17.046799    11.5652    2.1004
17.046799    11.5772    2.1004
17.046799    11.6156    2.1004
17.046799    11.6164    2.1004
17.046799    11.6172    2.1004
17.042    11.682    2.1004
17.0388    11.7164    2.1004
17.038    11.7244    2.1004
17.038    11.7316    2.1004
17.031599    11.7996    2.1004
17.0284    11.83    2.1004
17.0228    11.8748    2.1004
17.0156    11.9156    2.1004
17.0124    11.9372    2.1004
17.0052    11.976399    2.1004
16.9996    12.002    2.1004
16.998    12.009999    2.1004
16.994    12.027599    2.1004
16.982    12.073999    2.1004
16.9684    12.1172    2.1004
16.9604    12.141999    2.1004
16.9484    12.1788    2.1004
16.938    12.2092    2.1004
16.9324    12.2252    2.1004
16.9084    12.286799    2.1004
16.8892    12.3331995    2.1004
16.8884    12.3348    2.1004
16.868399    12.373199    2.1004
16.8668    12.3772    2.1004
16.862799    12.384399    2.1004
16.8436    12.4212    2.1004
16.8332    12.4388    2.1004
16.823599    12.458799    2.1004
16.8076    12.4836    2.1004
16.8028    12.4939995    2.1004
16.7892    12.5132    2.1004
16.782    12.526    2.1004
16.7676    12.5484    2.1004
16.7596    12.5652    2.1004
16.7516    12.578    2.1004
16.7452    12.591599    2.1004
16.7356    12.61    2.1004
16.7276    12.631599    2.1004
16.726    12.636399    2.1004
16.725199    12.6404    2.1004
16.7204    12.6644    2.1004
16.719599    12.694799    2.1004
16.719599    12.699599    2.1004
16.7204    12.702    2.1004
16.7244    12.7355995    2.1004
16.730799    12.7564    2.1004
16.7356    12.7724    2.1004
16.743599    12.7956    2.1004
16.7572    12.8276    2.1004
16.7812    12.883599    2.1004
16.7924    12.9092    2.1004
16.8164    12.9684    2.1004
16.8252    12.9916    2.1004
16.834    13.021199    2.1004
16.85    13.0716    2.1004
16.8556    13.0948    2.1004
16.8652    13.134    2.1004
16.8772    13.189199    2.1004
16.878    13.1932    2.1004
16.8876    13.2484    2.1004
16.89    13.2604    2.1004
16.8916    13.2724    2.1004
16.894    13.308399    2.1004
16.8948    13.332399    2.1004
16.894    13.3619995    2.1004
16.894    13.3748    2.1004
16.89    13.401199    2.1004
16.8892    13.4092    2.1004
16.8892    13.4108    2.1004
16.8828    13.45    2.1004
16.8748    13.4796    2.1004
16.8732    13.486799    2.1004
16.8524    13.546    2.1004
16.8508    13.5515995    2.1004
16.8468    13.561199    2.1004
16.83    13.602799    2.1004
16.8172    13.6284    2.1004
16.812399    13.6356    2.1004
16.81    13.6396    2.1004
16.7892    13.67    2.1004
16.788399    13.670799    2.1004
16.788399    13.671599    2.1004
16.77    13.6932    2.1004
16.753199    13.71    2.1004
16.737999    13.723599    2.1004
16.721199    13.7388    2.1004
16.694    13.762    2.1004
16.678799    13.7732    2.1004
16.6324    13.802799    2.1004
16.626    13.8068    2.1004
16.598799    13.8188    2.1004
16.59    13.8236    2.1004
16.5884    13.8236    2.1004
16.5868    13.8244    2.1004
16.562    13.837999    2.1004
16.5476    13.8452    2.1004
16.531599    13.849199    2.1004
16.5196    13.8524    2.1004
16.5092    13.855599    2.1004
16.4868    13.8564    2.1004
16.4772    13.858    2.1004
16.4492    13.8596    2.1004
16.4452    13.8596    2.1004
16.410799    13.8596    2.1004
16.3556    13.858    2.1004
16.3316    13.8572    2.1004
16.2756    13.8516    2.1004
16.2388    13.8476    2.1004
16.174799    13.8396    2.1004
16.146    13.8348    2.1004
16.1444    13.8348    2.1004
16.0668    13.8188    2.1004
16.062    13.8172    2.1004
16.0156    13.806    2.1004
16.0124    13.8043995    2.1004
15.993199    13.797999    2.1004
15.974799    13.791599    2.1004
15.9595995    13.785999    2.1004
15.941999    13.7788    2.1004
15.923599    13.7699995    2.1004
15.9108    13.763599    2.1004
15.8972    13.7548    2.1004
15.877199    13.739599    2.1004
15.873199    13.7364    2.1004
15.87    13.7324    2.1004
15.866799    13.728399    2.1004
15.858    13.716399    2.1004
15.8476    13.7044    2.1004
15.8452    13.699599    2.1004
15.8331995    13.6812    2.1004
15.819599    13.6612    2.1004
15.814799    13.653199    2.1004
15.7932    13.6068    2.1004
15.790799    13.6012    2.1004
15.769199    13.5524    2.1004
15.7668    13.5476    2.1004
15.7668    13.5468    2.1004
15.7556    13.5132    2.1004
15.7476    13.4916    2.1004
15.73    13.434    2.1004
15.728399    13.4268    2.1004
15.726    13.418799    2.1004
15.710799    13.3508    2.1004
15.702    13.302    2.1004
15.7012    13.297999    2.1004
15.700399    13.2932    2.1004
15.6916    13.2316    2.1004
15.688399    13.183599    2.1004
15.687599    13.1524    2.1004
15.6852    13.1212    2.1004
15.6812    13.046    2.1004
15.6756    12.993199    2.1004
15.6732    12.9684    2.1004
15.670799    12.9556    2.1004
15.6628    12.913199    2.1004
15.65    12.873199    2.1004
15.647599    12.866799    2.1004
15.642799    12.8572    2.1004
15.619599    12.8172    2.1004
15.6068    12.797999    2.1004
15.5868    12.7652    2.1004
15.5652    12.738    2.1004
15.5571995    12.7276    2.1004
15.5524    12.722799    2.1004
15.5316    12.694799    2.1004
15.526    12.6868    2.1004
15.5236    12.682799    2.1004
15.504399    12.654799    2.1004
15.4716    12.6092    2.1004
15.466    12.6004    2.1004
15.458799    12.590799    2.1004
15.434799    12.5548    2.1004
15.4044    12.505199    2.1004
15.4036    12.5036    2.1004
15.394    12.487599    2.1004
15.365999    12.4396    2.1004
15.3636    12.436399    2.1004
15.325999    12.3675995    2.1004
