9.6116    13.091599    9.3004
9.6108    13.2324    9.3004
9.61    13.2699995    9.3004
9.61    13.326799    9.3004
9.6132    13.4572    9.3004
9.6164    13.6332    9.3004
9.6188    13.683599    9.3004
9.619599    13.729199    9.3004
9.625999    13.838799    9.3004
9.6292    13.9028    9.3004
9.6332    13.970799    9.3004
9.6412    14.094    9.3004
9.646    14.1444    9.3004
9.648399    14.1732    9.3004
9.6532    14.214    9.3004
9.658    14.246799    9.3004
9.6636    14.279599    9.3004
9.6708    14.3188    9.3004
9.674    14.3412    9.3004
9.682799    14.401199    9.3004
9.6868    14.4284    9.3004
9.69    14.45    9.3004
9.7028    14.5227995    9.3004
9.7028    14.5244    9.3004
9.7123995    14.57    9.3004
9.717199    14.6044    9.3004
9.722    14.625999    9.3004
9.722799    14.6284    9.3004
9.723599    14.631599    9.3004
9.729199    14.658799    9.3004
9.734799    14.6852    9.3004
9.7355995    14.688399    9.3004
9.7396    14.7067995    9.3004
9.740399    14.710799    9.3004
9.7484    14.756399    9.3004
9.7492    14.757999    9.3004
9.7604    14.7892    9.3004
9.7708    14.822    9.3004
9.7716    14.8244    9.3004
9.7724    14.825999    9.3004
9.797999    14.848399    9.3004
9.7956    14.872399    9.3004
9.7964    14.877199    9.3004
9.797999    14.8876    9.3004
9.8076    14.8924    9.3004
9.8084    14.901999    9.3004
9.8172    14.918799    9.3004
9.8292    14.9324    9.3004
9.8252    14.9548    9.3004
9.826799    14.958799    9.3004
9.8244    14.978    9.3004
9.8524    14.9564    9.3004
9.854    14.911599    9.3004
9.854    14.9092    9.3004
9.855599    14.906799    9.3004
9.854    14.854799    9.3004
9.8532    14.8452    9.3004
9.8548    14.837999    9.3004
9.8548    14.832399    9.3004
9.8572    14.826799    9.3004
9.8564    14.822    9.3004
9.8564    14.808399    9.3004
9.8572    14.794    9.3004
9.8644    14.5588    9.3004
9.866    14.4883995    9.3004
9.8684    14.407599    9.3004
9.8692    14.337999    9.3004
9.87    14.3284    9.3004
9.872399    14.2076    9.3004
9.873199    14.1804    9.3004
9.873199    14.073999    9.3004
9.873199    14.0708    9.3004
9.873199    14.0484    9.3004
9.872399    13.9436    9.3004
9.872399    13.9332    9.3004
9.872399    13.9172    9.3004
9.8716    13.8516    9.3004
9.8692    13.814799    9.3004
9.8684    13.762    9.3004
9.8636    13.6796    9.3004
9.858    13.6164    9.3004
9.8548    13.582    9.3004
9.8468    13.487599    9.3004
9.846    13.4732    9.3004
9.842    13.4396    9.3004
9.8331995    13.349999    9.3004
9.8308    13.309199    9.3004
9.8228    13.2212    9.3004
9.818    13.1668    9.3004
9.814799    13.1324    9.3004
9.809999    13.082    9.3004
9.8052    13.0252    9.3004
9.7972    12.9564    9.3004
9.7916    12.9052    9.3004
9.7876    12.855599    9.3004
9.7836    12.814799    9.3004
9.7796    12.7699995    9.3004
9.778    12.738    9.3004
9.7652    12.6108    9.3004
9.7644    12.598    9.3004
9.763599    12.5932    9.3004
9.7628    12.5644    9.3004
9.757199    12.5348    9.3004
9.7564    12.521999    9.3004
9.7564    12.4732    9.3004
9.75    12.4452    9.3004
9.7484    12.4251995    9.3004
9.7484    12.4228    9.3004
9.7308    12.413199    9.3004
9.7284    12.395599    9.3004
9.723599    12.3716    9.3004
9.71    12.3692    9.3004
9.7084    12.378799    9.3004
9.7076    12.3828    9.3004
9.7108    12.4108    9.3004
9.7108    12.414    9.3004
9.689199    12.4307995    9.3004
9.6876    12.4348    9.3004
9.6812    12.4636    9.3004
9.6812    12.4668    9.3004
9.674    12.492399    9.3004
9.6668    12.5188    9.3004
9.665199    12.5244    9.3004
9.665199    12.526    9.3004
9.658    12.5604    9.3004
9.658    12.5612    9.3004
9.653999    12.585199    9.3004
9.6532    12.5988    9.3004
9.6468    12.642799    9.3004
9.646    12.6588    9.3004
9.6388    12.7012    9.3004
9.6364    12.711599    9.3004
9.6364    12.717999    9.3004
9.625199    12.8508    9.3004
9.625199    12.8532    9.3004
9.625199    12.860399    9.3004
9.6188    12.924399    9.3004
9.6164    12.9892    9.3004
9.6124    13.0571995    9.3004
9.6116    13.091599    9.3004
