13.4595995    19.5892    9.3004
13.526    19.689999    9.3004
13.568399    19.7524    9.3004
13.597199    19.793999    9.3004
13.6052    19.806    9.3004
13.618    19.8252    9.3004
13.6924    19.9308    9.3004
13.716399    19.966    9.3004
13.7372    19.994    9.3004
13.7716    20.0436    9.3004
13.8364    20.132399    9.3004
13.8364    20.1332    9.3004
13.837999    20.1348    9.3004
13.849199    20.15    9.3004
13.9156    20.236399    9.3004
13.9172    20.2388    9.3004
13.9612    20.299599    9.3004
14.015599    20.3724    9.3004
14.046    20.410799    9.3004
14.1036    20.482    9.3004
14.1723995    20.5668    9.3004
14.1756    20.570799    9.3004
14.177199    20.5732    9.3004
14.1788    20.574799    9.3004
14.198    20.594799    9.3004
14.273999    20.6764    9.3004
14.2836    20.6868    9.3004
14.3116    20.7172    9.3004
14.331599    20.7372    9.3004
14.3619995    20.7668    9.3004
14.3868    20.7892    9.3004
14.4332    20.827599    9.3004
14.440399    20.834    9.3004
14.4452    20.838799    9.3004
14.458799    20.8524    9.3004
14.505199    20.896399    9.3004
14.5244    20.9124    9.3004
14.5636    20.942    9.3004
14.597199    20.966799    9.3004
14.6444    21.0028    9.3004
14.676399    21.0276    9.3004
14.754    21.085999    9.3004
14.763599    21.093199    9.3004
14.766    21.094799    9.3004
14.819599    21.1276    9.3004
14.825999    21.1316    9.3004
14.8396    21.137999    9.3004
14.8748    21.154    9.3004
14.8852    21.1596    9.3004
14.9172    21.174799    9.3004
14.934    21.184399    9.3004
14.9844    21.2108    9.3004
15.0292    21.2292    9.3004
15.038799    21.2332    9.3004
15.062799    21.243599    9.3004
15.082    21.2516    9.3004
15.095599    21.2564    9.3004
15.160399    21.278    9.3004
15.1796    21.2836    9.3004
15.238    21.3028    9.3004
15.302799    21.3196    9.3004
15.3172    21.323599    9.3004
15.3564    21.334    9.3004
15.4156    21.3492    9.3004
15.45    21.3556    9.3004
15.527599    21.3692    9.3004
15.658    21.3916    9.3004
15.6779995    21.3948    9.3004
15.693199    21.3972    9.3004
15.8164    21.418    9.3004
15.8756    21.4284    9.3004
15.888399    21.4308    9.3004
15.9668    21.444399    9.3004
15.970799    21.4452    9.3004
16.018799    21.459599    9.3004
16.0236    21.4604    9.3004
16.09    21.4788    9.3004
16.1148    21.486    9.3004
16.1836    21.5084    9.3004
16.237999    21.528399    9.3004
16.3556    21.574799    9.3004
16.3564    21.574799    9.3004
16.357199    21.5756    9.3004
16.4412    21.614    9.3004
16.466799    21.626799    9.3004
16.518799    21.6556    9.3004
16.5444    21.6708    9.3004
16.566    21.6796    9.3004
16.5748    21.6812    9.3004
16.6012    21.6836    9.3004
16.609999    21.6836    9.3004
16.6236    21.6812    9.3004
16.6412    21.678    9.3004
16.6468    21.678    9.3004
16.684399    21.684399    9.3004
16.7588    21.697199    9.3004
16.7652    21.6988    9.3004
16.834    21.7172    9.3004
16.8372    21.7188    9.3004
16.8852    21.7332    9.3004
16.9028    21.7396    9.3004
16.9252    21.7468    9.3004
16.9916    21.769999    9.3004
16.994799    21.7708    9.3004
17.0028    21.774    9.3004
17.076399    21.7988    9.3004
17.128399    21.8196    9.3004
17.1516    21.8284    9.3004
17.185999    21.840399    9.3004
17.2284    21.858799    9.3004
17.2524    21.8716    9.3004
17.2804    21.8884    9.3004
17.286    21.890799    9.3004
17.3092    21.910799    9.3004
17.314    21.914    9.3004
17.3276    21.9284    9.3004
17.342    21.9404    9.3004
17.3604    21.958    9.3004
17.3892    21.985199    9.3004
17.4172    22.0148    9.3004
17.5068    22.111599    9.3004
17.537199    22.145199    9.3004
17.5668    22.1772    9.3004
17.5924    22.2052    9.3004
17.604399    22.219599    9.3004
17.6332    22.254    9.3004
17.6772    22.3092    9.3004
17.708399    22.35    9.3004
17.736399    22.386799    9.3004
17.7564    22.4124    9.3004
17.778    22.4452    9.3004
17.7812    22.449999    9.3004
17.7836    22.455599    9.3004
17.801199    22.485199    9.3004
17.8084    22.5012    9.3004
17.8196    22.524399    9.3004
17.823599    22.535599    9.3004
17.8364    22.57    9.3004
17.8484    22.6068    9.3004
17.851599    22.6124    9.3004
17.858799    22.6372    9.3004
17.864399    22.657999    9.3004
17.868399    22.678    9.3004
17.8764    22.7108    9.3004
17.882    22.7372    9.3004
17.894    22.817999    9.3004
17.8948    22.823599    9.3004
17.8948    22.827599    9.3004
17.8996    22.8676    9.3004
17.902    22.8916    9.3004
17.902    22.8932    9.3004
17.9012    22.938799    9.3004
17.8948    22.9684    9.3004
17.8948    22.970798    9.3004
17.8892    22.989199    9.3004
17.886799    22.994799    9.3004
17.8612    23.035599    9.3004
17.8444    23.0644    9.3004
17.834    23.078    9.3004
17.826    23.0884    9.3004
17.777199    23.1484    9.3004
17.7516    23.1764    9.3004
17.7204    23.2076    9.3004
17.6876    23.237999    9.3004
17.6772    23.2468    9.3004
17.6652    23.2572    9.3004
17.6068    23.3036    9.3004
17.6012    23.3076    9.3004
17.5996    23.3092    9.3004
17.598799    23.3092    9.3004
17.598    23.310799    9.3004
17.5868    23.3156    9.3004
17.565199    23.326    9.3004
17.5404    23.333199    9.3004
17.538    23.334    9.3004
17.5148    23.334    9.3004
17.5124    23.334799    9.3004
17.5052    23.333199    9.3004
17.4876    23.333199    9.3004
17.4844    23.3324    9.3004
17.4676    23.329199    9.3004
17.4356    23.3228    9.3004
17.3988    23.3148    9.3004
17.3548    23.3036    9.3004
17.3364    23.2988    9.3004
17.3196    23.2924    9.3004
17.2892    23.282    9.3004
17.2636    23.271599    9.3004
17.206    23.2428    9.3004
17.189999    23.2348    9.3004
17.1628    23.219599    9.3004
17.1572    23.2156    9.3004
17.1428    23.202    9.3004
17.1308    23.189999    9.3004
17.115599    23.174    9.3004
17.087599    23.145199    9.3004
17.0852    23.142    9.3004
17.0836    23.139599    9.3004
17.0748    23.128399    9.3004
17.048399    23.087599    9.3004
17.046    23.0852    9.3004
17.0444    23.0844    9.3004
17.035599    23.0756    9.3004
17.0172    23.057999    9.3004
16.989199    23.0548    9.3004
16.983599    23.0516    9.3004
16.9548    23.0572    9.3004
16.9524    23.0564    9.3004
16.937199    23.065199    9.3004
16.914    23.0796    9.3004
16.906    23.0836    9.3004
16.902    23.0844    9.3004
16.8972    23.085999    9.3004
16.842    23.1052    9.3004
16.8076    23.1148    9.3004
16.7868    23.1196    9.3004
16.7644    23.1236    9.3004
16.7004    23.1364    9.3004
16.6852    23.1372    9.3004
16.6604    23.1412    9.3004
16.626799    23.143599    9.3004
16.598    23.1476    9.3004
16.541199    23.1484    9.3004
16.5108    23.149199    9.3004
16.490799    23.149199    9.3004
16.4708    23.1484    9.3004
16.438    23.1476    9.3004
16.4084    23.1484    9.3004
16.357199    23.1428    9.3004
16.3188    23.139599    9.3004
16.2572    23.1316    9.3004
16.222    23.1276    9.3004
16.1796    23.121199    9.3004
16.117199    23.109999    9.3004
16.0508    23.0964    9.3004
16.0236    23.0908    9.3004
15.992399    23.0828    9.3004
15.924399    23.0668    9.3004
15.889199    23.0572    9.3004
15.8276    23.039598    9.3004
15.803599    23.031599    9.3004
15.7308    23.007599    9.3004
15.654799    22.979599    9.3004
15.6452    22.9756    9.3004
15.5748    22.946    9.3004
15.5604    22.9404    9.3004
15.545199    22.933199    9.3004
15.470799    22.901999    9.3004
15.445999    22.89    9.3004
15.4044    22.8708    9.3004
15.3468    22.8412    9.3004
15.320399    22.8268    9.3004
15.25    22.788399    9.3004
15.238    22.782    9.3004
15.221999    22.7724    9.3004
15.1324    22.7188    9.3004
15.0372    22.6628    9.3004
15.0204    22.6524    9.3004
14.9684    22.622    9.3004
14.8996    22.580399    9.3004
14.815599    22.526    9.3004
14.785999    22.507599    9.3004
14.7364    22.4764    9.3004
14.699599    22.4532    9.3004
14.681999    22.444399    9.3004
14.6004    22.3932    9.3004
14.561199    22.369999    9.3004
14.558    22.3676    9.3004
14.5524    22.3652    9.3004
14.5492    22.3636    9.3004
14.53    22.3524    9.3004
14.521999    22.347599    9.3004
14.5196    22.345999    9.3004
14.474    22.3316    9.3004
14.470799    22.33    9.3004
14.4444    22.3268    9.3004
14.4324    22.3244    9.3004
14.417999    22.3228    9.3004
14.3876    22.3196    9.3004
14.3684    22.3172    9.3004
14.3068    22.305199    9.3004
14.2652    22.301199    9.3004
14.1972    22.2932    9.3004
14.176399    22.289999    9.3004
14.1156    22.281199    9.3004
14.098    22.2788    9.3004
14.0924    22.278    9.3004
14.0348    22.269999    9.3004
13.975599    22.258799    9.3004
13.9492    22.253199    9.3004
13.884399    22.2404    9.3004
13.877199    22.2388    9.3004
13.8228    22.226    9.3004
13.797999    22.219599    9.3004
13.794    22.2188    9.3004
13.7188    22.1964    9.3004
13.7067995    22.1932    9.3004
13.689199    22.1868    9.3004
13.634    22.1652    9.3004
13.6124    22.154799    9.3004
13.549999    22.1292    9.3004
13.504399    22.105999    9.3004
13.4595995    22.081999    9.3004
13.4116    22.0572    9.3004
13.371599    22.0332    9.3004
13.3404    22.0156    9.3004
13.2884    21.986    9.3004
13.1956    21.9284    9.3004
13.1908    21.9252    9.3004
13.183599    21.9212    9.3004
13.106    21.8676    9.3004
13.0716    21.8428    9.3004
13.038799    21.8172    9.3004
13.0124    21.7988    9.3004
12.941999    21.747599    9.3004
12.9268    21.7356    9.3004
12.861199    21.6812    9.3004
12.8284    21.654    9.3004
12.778    21.6124    9.3004
12.7164    21.562    9.3004
12.714    21.559599    9.3004
12.660399    21.511599    9.3004
12.5884    21.438799    9.3004
12.5772    21.427599    9.3004
12.566    21.4156    9.3004
12.478    21.3268    9.3004
12.4004    21.246    9.3004
12.3828    21.226799    9.3004
12.373199    21.2172    9.3004
12.29    21.1244    9.3004
12.21    21.0348    9.3004
12.1908    21.013199    9.3004
12.1012    20.9044    9.3004
12.0988    20.9012    9.3004
12.0988    20.9004    9.3004
12.098    20.8996    9.3004
12.0036    20.7748    9.3004
11.9348    20.6836    9.3004
11.9268    20.674    9.3004
11.9164    20.6588    9.3004
11.838799    20.5532    9.3004
11.7788    20.4684    9.3004
11.7388    20.414    9.3004
11.6876    20.338    9.3004
11.625199    20.2468    9.3004
11.545199    20.122799    9.3004
11.542    20.1188    9.3004
11.45    19.9764    9.3004
11.4372    19.955599    9.3004
11.3596    19.8268    9.3004
11.354    19.8156    9.3004
11.3012    19.7292    9.3004
11.2355995    19.6132    9.3004
11.228399    19.6012    9.3004
11.228399    19.600399    9.3004
11.1452    19.4452    9.3004
11.134    19.4252    9.3004
11.0668    19.2964    9.3004
11.0524    19.2676    9.3004
11.0308    19.2244    9.3004
10.981999    19.1244    9.3004
10.9388    19.035599    9.3004
10.906    18.9652    9.3004
10.8748    18.8988    9.3004
10.842    18.826    9.3004
10.8196    18.7756    9.3004
10.8012    18.7348    9.3004
10.734799    18.5756    9.3004
10.7044    18.5044    9.3004
10.6244    18.312399    9.3004
10.6108    18.2804    9.3004
10.5292    18.0684    9.3004
10.4964    17.9868    9.3004
10.446    17.853199    9.3004
10.4148    17.7684    9.3004
10.3828    17.6764    9.3004
10.358    17.6052    9.3004
10.3172    17.4916    9.3004
10.309199    17.4684    9.3004
10.2724    17.3564    9.3004
10.2684    17.3436    9.3004
10.266    17.3332    9.3004
10.2612    17.322    9.3004
10.2508    17.282799    9.3004
10.2476    17.274    9.3004
10.2388    17.247599    9.3004
10.229199    17.226    9.3004
10.222799    17.2164    9.3004
10.2212    17.2148    9.3004
10.217199    17.208399    9.3004
10.200399    17.1876    9.3004
10.1988    17.182    9.3004
10.1732    17.157999    9.3004
10.1708    17.1548    9.3004
10.1684    17.1516    9.3004
10.146    17.1292    9.3004
10.1396    17.121199    9.3004
10.1147995    17.0956    9.3004
10.097199    17.0788    9.3004
10.0803995    17.0612    9.3004
10.062799    17.041199    9.3004
10.0612    17.0404    9.3004
10.0571995    17.035599    9.3004
10.0484    17.0252    9.3004
10.005199    16.9748    9.3004
9.9484    16.886799    9.3004
9.9388    16.8724    9.3004
9.8716    16.75    9.3004
9.8708    16.7484    9.3004
9.87    16.747599    9.3004
9.849999    16.7076    9.3004
9.792399    16.5884    9.3004
9.778    16.5588    9.3004
9.769199    16.542799    9.3004
9.7644    16.5308    9.3004
9.7492    16.4988    9.3004
9.7164    16.427599    9.3004
9.6756    16.3372    9.3004
9.665999    16.314    9.3004
9.660399    16.301199    9.3004
9.6516    16.2812    9.3004
9.5868    16.1276    9.3004
9.578    16.105999    9.3004
9.53    15.986799    9.3004
9.5171995    15.952399    9.3004
9.435599    15.7364    9.3004
9.429999    15.7212    9.3004
9.398    15.6324    9.3004
9.386    15.601199    9.3004
9.358    15.518    9.3004
9.3516    15.497999    9.3004
9.2644    15.2596    9.3004
9.2444    15.202    9.3004
9.2268    15.1508    9.3004
9.162    14.9564    9.3004
9.1588    14.946799    9.3004
9.1588    14.946    9.3004
9.158    14.9444    9.3004
9.1292    14.849999    9.3004
9.1147995    14.794    9.3004
9.1036    14.746799    9.3004
9.102    14.7364    9.3004
9.09    14.6868    9.3004
9.085199    14.6628    9.3004
9.0803995    14.6292    9.3004
9.0716    14.561999    9.3004
9.0636    14.499599    9.3004
9.0588    14.4772    9.3004
9.0548    14.4508    9.3004
9.0444    14.3675995    9.3004
9.038    14.3331995    9.3004
9.0372    14.33    9.3004
9.0372    14.3284    9.3004
9.028399    14.2652    9.3004
9.0212    14.2084    9.3004
9.0204    14.2028    9.3004
9.0196    14.194799    9.3004
8.998    14.068399    9.3004
8.9956    14.0436    9.3004
8.9883995    13.975599    9.3004
8.9836    13.9428    9.3004
8.981999    13.929199    9.3004
8.9812    13.9268    9.3004
8.9724    13.8452    9.3004
8.9716    13.8348    9.3004
8.9668    13.7836    9.3004
8.9628    13.7332    9.3004
8.962    13.723599    9.3004
8.95    13.5924    9.3004
8.95    13.5884    9.3004
8.95    13.5859995    9.3004
8.9492    13.5803995    9.3004
8.9396    13.5116    9.3004
8.934    13.372399    9.3004
8.934    13.361199    9.3004
8.9316    13.322    9.3004
8.9268    13.226    9.3004
8.9251995    13.2036    9.3004
8.9236    13.160399    9.3004
8.9092    12.936399    9.3004
8.9084    12.9204    9.3004
8.9084    12.917999    9.3004
8.9084    12.8012    9.3004
8.9084    12.7987995    9.3004
8.906799    12.7316    9.3004
8.9028    12.665199    9.3004
8.9036    12.6532    9.3004
8.9004    12.5884    9.3004
8.9004    12.578    9.3004
8.901199    12.5596    9.3004
8.9052    12.470799    9.3004
8.907599    12.4372    9.3004
8.9108    12.406    9.3004
8.9116    12.3924    9.3004
8.9148    12.3164    9.3004
8.913199    12.2428    9.3004
8.913199    12.228399    9.3004
8.9156    12.1516    9.3004
8.9164    12.1356    9.3004
8.9164    12.1324    9.3004
8.924399    12.097199    9.3004
8.9276    12.0748    9.3004
8.9276    12.0356    9.3004
8.929999    12.0076    9.3004
8.935599    11.9748    9.3004
8.941199    11.9372    9.3004
8.9452    11.9212    9.3004
8.9468    11.9044    9.3004
8.953199    11.8396    9.3004
8.9548    11.8228    9.3004
8.9556    11.818    9.3004
8.9628    11.7724    9.3004
8.9724    11.7188    9.3004
8.9748    11.7108    9.3004
8.9756    11.7028    9.3004
8.9788    11.686    9.3004
8.99    11.6324    9.3004
8.9908    11.6268    9.3004
8.9939995    11.6116    9.3004
9.010799    11.5492    9.3004
9.014    11.5252    9.3004
9.018    11.5068    9.3004
9.0212    11.486799    9.3004
9.0356    11.436399    9.3004
9.0612    11.3372    9.3004
9.0668    11.3188    9.3004
9.07    11.2948    9.3004
9.0708    11.2876    9.3004
9.0708    11.2796    9.3004
9.068399    11.2428    9.3004
9.0692    11.238    9.3004
9.07    11.211599    9.3004
9.07    11.202    9.3004
9.0716    11.1924    9.3004
9.0764    11.177199    9.3004
9.0828    11.162    9.3004
9.0844    11.160399    9.3004
9.0988    11.1452    9.3004
9.1444    11.106    9.3004
9.159599    11.091599    9.3004
9.188399    11.067599    9.3004
9.222799    11.0436    9.3004
9.2492    11.0268    9.3004
9.252399    11.0244    9.3004
9.2548    11.0227995    9.3004
9.294    11.0028    9.3004
9.3004    10.999599    9.3004
9.3532    10.975599    9.3004
9.3756    10.9676    9.3004
9.4044    10.9572    9.3004
9.436399    10.946799    9.3004
9.474    10.938    9.3004
9.4748    10.938    9.3004
9.4772    10.938    9.3004
9.5196    10.9332    9.3004
9.5372    10.9284    9.3004
9.5515995    10.9268    9.3004
9.5596    10.9172    9.3004
9.568399    10.9004    9.3004
9.5692    10.8963995    9.3004
9.5756    10.8756    9.3004
9.5803995    10.8564    9.3004
9.590799    10.8172    9.3004
9.5932    10.8084    9.3004
9.6164    10.7428    9.3004
9.6412    10.6756    9.3004
9.665999    10.607599    9.3004
9.6779995    10.578    9.3004
9.686    10.558    9.3004
9.6964    10.533999    9.3004
9.7028    10.5188    9.3004
9.7084    10.505199    9.3004
9.7204    10.4804    9.3004
9.7204    10.475599    9.3004
9.7212    10.4548    9.3004
9.7212    10.4524    9.3004
9.7204    10.45    9.3004
9.694799    10.41    9.3004
9.688399    10.3996    9.3004
9.682799    10.3876    9.3004
9.6692    10.3604    9.3004
9.6452    10.3004    9.3004
9.6292    10.2612    9.3004
9.625999    10.25    9.3004
9.619599    10.2324    9.3004
9.6164    10.2036    9.3004
9.6124    10.182799    9.3004
9.6132    10.1723995    9.3004
9.6147995    10.153999    9.3004
9.622    10.142    9.3004
9.631599    10.1292    9.3004
9.6468    10.1124    9.3004
9.6628    10.097199    9.3004
9.6956    10.073999    9.3004
9.698    10.0724    9.3004
9.702    10.0692    9.3004
9.7652    10.03    9.3004
9.79    10.0156    9.3004
9.8196    10.0012    9.3004
9.8284    9.9964    9.3004
9.8516    9.9868    9.3004
9.884399    9.970799    9.3004
9.9148    9.9595995    9.3004
9.935599    9.9516    9.3004
9.953199    9.946    9.3004
9.9836    9.9348    9.3004
10.046    9.9172    9.3004
10.0484    9.9164    9.3004
10.050799    9.9156    9.3004
10.0764    9.9028    9.3004
10.090799    9.878799    9.3004
10.094    9.8748    9.3004
10.097199    9.8596    9.3004
10.0996    9.8428    9.3004
10.1004    9.8364    9.3004
10.113999    9.763599    9.3004
10.119599    9.73    9.3004
10.138    9.6236    9.3004
10.1491995    9.5596    9.3004
10.1628    9.49    9.3004
10.1723995    9.4484    9.3004
10.182799    9.407599    9.3004
10.1932    9.3652    9.3004
10.2084    9.3052    9.3004
10.2164    9.2796    9.3004
10.238    9.217199    9.3004
10.245999    9.1932    9.3004
10.266    9.1412    9.3004
10.294    9.0772    9.3004
10.297999    9.0668    9.3004
10.314    9.028399    9.3004
10.3484    8.9636    9.3004
10.3756    8.9108    9.3004
10.3876    8.886    9.3004
10.4028    8.861199    9.3004
10.4236    8.826799    9.3004
10.4508    8.786    9.3004
10.4612    8.7716    9.3004
10.481199    8.7452    9.3004
10.4939995    8.7276    9.3004
10.4956    8.7228    9.3004
10.504399    8.7044    9.3004
10.5068    8.698    9.3004
10.5068    8.6964    9.3004
10.4948    8.6644    9.3004
10.4868    8.6396    9.3004
10.486    8.6396    9.3004
10.486    8.6388    9.3004
10.486    8.638    9.3004
10.475599    8.6147995    9.3004
10.4692    8.5868    9.3004
10.4684    8.5828    9.3004
10.4684    8.579599    9.3004
10.4676    8.5556    9.3004
10.4692    8.5444    9.3004
10.4716    8.53    9.3004
10.4772    8.5044    9.3004
10.4868    8.4676    9.3004
10.5028    8.413199    9.3004
10.5124    8.3836    9.3004
10.533999    8.326799    9.3004
10.5372    8.318    9.3004
10.538    8.3148    9.3004
10.566    8.2364    9.3004
10.5668    8.2364    9.3004
10.568399    8.2324    9.3004
10.5988    8.160399    9.3004
10.6012    8.1556    9.3004
10.602799    8.1508    9.3004
10.6388    8.07    9.3004
10.6572    8.0332    9.3004
10.6692    8.006    9.3004
10.674    7.9964    9.3004
10.6779995    7.9908    9.3004
10.688399    7.9747996    9.3004
10.7052    7.9547997    9.3004
10.711599    7.9476    9.3004
10.7164    7.9435997    9.3004
10.7428    7.922    9.3004
10.7564    7.9115996    9.3004
10.815599    7.8747997    9.3004
10.8356    7.8627996    9.3004
10.914    7.822    9.3004
10.9204    7.818    9.3004
10.9604    7.7995996    9.3004
10.9772    7.7924    9.3004
11.002    7.7836    9.3004
11.0212    7.7771997    9.3004
11.0571995    7.7675996    9.3004
11.066    7.766    9.3004
11.0884    7.7612    9.3004
11.1188    7.758    9.3004
11.1452    7.7572    9.3004
11.1636    7.7595997    9.3004
11.182    7.7619996    9.3004
11.199599    7.766    9.3004
11.2324    7.7763996    9.3004
11.2372    7.778    9.3004
11.245999    7.7819996    9.3004
11.2732    7.7939997    9.3004
11.285999    7.8004    9.3004
11.3188    7.8156    9.3004
11.33    7.8212    9.3004
11.346    7.8315997    9.3004
11.37    7.8459997    9.3004
11.4052    7.8683996    9.3004
11.4332    7.8891997    9.3004
11.4539995    7.9035997    9.3004
11.4748    7.9203997    9.3004
11.4939995    7.9356    9.3004
11.5092    7.9476    9.3004
11.5204    7.9596    9.3004
11.533999    7.9756    9.3004
11.5428    7.9891996    9.3004
11.549999    7.9979997    9.3004
11.5588    8.0188    9.3004
11.5652    8.0332    9.3004
11.578799    8.07    9.3004
11.5844    8.0812    9.3004
11.6156    8.1652    9.3004
11.6268    8.194799    9.3004
11.630799    8.2067995    9.3004
11.6748    8.3284    9.3004
11.6779995    8.337999    9.3004
11.7044    8.4172    9.3004
11.7268    8.498    9.3004
11.7332    8.521999    9.3004
11.738    8.5532    9.3004
11.739599    8.5588    9.3004
11.7388    8.562799    9.3004
11.739599    8.5868    9.3004
11.734799    8.606    9.3004
11.734799    8.6068    9.3004
11.733999    8.6076    9.3004
11.723599    8.6404    9.3004
11.7212    8.6444    9.3004
11.71    8.6723995    9.3004
11.693999    8.7044    9.3004
11.6756    8.738    9.3004
11.6532    8.7755995    9.3004
11.642799    8.792399    9.3004
11.6412    8.7956    9.3004
11.6116    8.8348    9.3004
11.608399    8.8404    9.3004
11.6036    8.8468    9.3004
11.598    8.8564    9.3004
11.5772    8.8892    9.3004
11.5803995    8.918    9.3004
11.5803995    8.924399    9.3004
11.582    8.9348    9.3004
11.585199    8.95    9.3004
11.5859995    8.964399    9.3004
11.5924    9.0428    9.3004
11.5884    9.1156    9.3004
11.5868    9.142    9.3004
11.5868    9.148399    9.3004
11.5859995    9.1532    9.3004
11.573199    9.2452    9.3004
11.5604    9.3132    9.3004
11.5556    9.3412    9.3004
11.5404    9.4052    9.3004
11.5324    9.438    9.3004
11.53    9.4484    9.3004
11.5068    9.5404    9.3004
11.502    9.5604    9.3004
11.4564    9.7324    9.3004
11.4516    9.75    9.3004
11.446    9.7708    9.3004
11.401199    9.9324    9.3004
11.3812    9.999599    9.3004
11.3452    10.118    9.3004
11.3068    10.2484    9.3004
11.2956    10.286799    9.3004
11.2892    10.309199    9.3004
11.252399    10.438    9.3004
11.242    10.474    9.3004
11.2244    10.5364    9.3004
11.222    10.544399    9.3004
11.1852    10.6764    9.3004
11.17    10.7364    9.3004
11.1572    10.786799    9.3004
11.1396    10.8675995    9.3004
11.125999    10.9236    9.3004
11.1147995    10.9748    9.3004
11.107599    11.0116    9.3004
11.0876    11.1172    9.3004
11.0828    11.1435995    9.3004
11.0803995    11.153999    9.3004
11.056399    11.3043995    9.3004
11.0556    11.3116    9.3004
11.0548    11.314    9.3004
11.038    11.422    9.3004
11.038    11.423599    9.3004
11.028399    11.5084    9.3004
11.0268    11.5188    9.3004
11.0171995    11.6092    9.3004
11.016399    11.6164    9.3004
11.0068    11.7204    9.3004
11.004399    11.75    9.3004
10.998    11.838799    9.3004
10.9964    11.866799    9.3004
10.9948    11.906799    9.3004
10.9916    11.9564    9.3004
10.99    12.018    9.3004
10.9892    12.0412    9.3004
10.987599    12.0956    9.3004
10.9868    12.1212    9.3004
10.9883995    12.1684    9.3004
10.9892    12.2252    9.3004
10.9908    12.282    9.3004
10.9908    12.3276    9.3004
10.9924    12.3907995    9.3004
10.993199    12.4164    9.3004
10.9956    12.470799    9.3004
10.9964    12.4908    9.3004
11.0004    12.5524    9.3004
11.0012    12.573199    9.3004
11.0036    12.5988    9.3004
11.0084    12.671599    9.3004
11.016399    12.742    9.3004
11.0212    12.8012    9.3004
11.0236    12.831599    9.3004
11.0268    12.861199    9.3004
11.039599    12.9732    9.3004
11.0428    12.998799    9.3004
11.058    13.113199    9.3004
11.067599    13.174    9.3004
11.0812    13.257999    9.3004
11.0876    13.2932    9.3004
11.107599    13.414    9.3004
11.113999    13.4492    9.3004
11.1332    13.5515995    9.3004
11.1516    13.653999    9.3004
11.165999    13.73    9.3004
11.1876    13.826799    9.3004
11.2156    13.969999    9.3004
11.217999    13.981199    9.3004
11.2204    13.9908    9.3004
11.25    14.13    9.3004
11.2716    14.2252    9.3004
11.29    14.308399    9.3004
11.2892    14.309199    9.3004
11.2948    14.3292    9.3004
11.3364    14.5092    9.3004
11.3428    14.5364    9.3004
11.3796    14.6844    9.3004
11.3868    14.7123995    9.3004
11.4204    14.8476    9.3004
11.429999    14.8852    9.3004
11.4404    14.929999    9.3004
11.4612    15.0148    9.3004
11.465199    15.032399    9.3004
11.4836    15.1052    9.3004
11.4956    15.1508    9.3004
11.5244    15.250799    9.3004
11.538799    15.3052    9.3004
11.582    15.4604    9.3004
11.5859995    15.4724    9.3004
11.591599    15.49    9.3004
11.6284    15.607599    9.3004
11.6556    15.693199    9.3004
11.6628    15.7196    9.3004
11.693999    15.815599    9.3004
11.7092    15.8636    9.3004
11.7188    15.894799    9.3004
11.738    15.9572    9.3004
11.7604    16.0236    9.3004
11.7892    16.109999    9.3004
11.8004    16.1428    9.3004
11.8076    16.163599    9.3004
11.815599    16.1852    9.3004
11.8372    16.2468    9.3004
11.8532    16.2932    9.3004
11.87    16.3388    9.3004
11.898    16.416399    9.3004
11.9148    16.462    9.3004
11.9388    16.5276    9.3004
11.958799    16.5804    9.3004
11.9732    16.618    9.3004
11.986    16.65    9.3004
12.002    16.6948    9.3004
12.009999    16.7156    9.3004
12.018    16.7348    9.3004
12.0571995    16.834    9.3004
12.0924    16.9196    9.3004
12.1172    16.983599    9.3004
12.148399    17.0604    9.3004
12.1844    17.145199    9.3004
12.2148    17.2172    9.3004
12.2556    17.3188    9.3004
12.2716    17.358    9.3004
12.3396    17.518799    9.3004
12.343599    17.5284    9.3004
12.366799    17.5828    9.3004
12.407599    17.6796    9.3004
12.4628    17.8036    9.3004
12.4852    17.8564    9.3004
12.53    17.9588    9.3004
12.558    18.0212    9.3004
12.590799    18.09    9.3004
12.6284    18.167599    9.3004
12.6692    18.2516    9.3004
12.6908    18.295599    9.3004
12.75    18.41    9.3004
12.7948    18.4924    9.3004
12.8172    18.5324    9.3004
12.8244    18.546    9.3004
12.9052    18.6924    9.3004
12.9492    18.7676    9.3004
12.974    18.81    9.3004
12.981999    18.8228    9.3004
13.0076    18.8668    9.3004
13.0612    18.9572    9.3004
13.0724    18.9756    9.3004
13.113199    19.042    9.3004
13.147599    19.098    9.3004
13.194799    19.174799    9.3004
13.2324    19.2372    9.3004
13.263599    19.2852    9.3004
13.3644    19.442    9.3004
13.3692    19.4492    9.3004
13.373199    19.455599    9.3004
13.3772    19.4604    9.3004
13.4595995    19.5892    9.3004
