0.3964    43.8004    20.7004
0.398    43.789997    20.7004
0.40359998    43.758    20.7004
0.4276    43.674797    20.7004
0.4308    43.6628    20.7004
0.4348    43.6548    20.7004
0.46519998    43.579597    20.7004
0.4716    43.5652    20.7004
0.48839998    43.534798    20.7004
0.4996    43.5076    20.7004
0.51879996    43.469997    20.7004
0.5204    43.4684    20.7004
0.5204    43.467598    20.7004
0.522    43.464397    20.7004
0.538    43.436398    20.7004
0.54039997    43.4324    20.7004
0.54359996    43.4268    20.7004
0.59319997    43.35    20.7004
0.64599997    43.2716    20.7004
0.6684    43.238    20.7004
0.6764    43.2252    20.7004
0.69879997    43.1884    20.7004
0.7284    43.1396    20.7004
0.73719996    43.124397    20.7004
0.7924    43.0308    20.7004
0.80359995    43.01    20.7004
0.8828    42.8684    20.7004
0.898    42.841198    20.7004
0.91719997    42.806    20.7004
0.9676    42.7132    20.7004
1.0059999    42.6436    20.7004
1.1012    42.4716    20.7004
1.1764    42.3372    20.7004
1.2012    42.2908    20.7004
1.2396    42.2252    20.7004
1.2564    42.1972    20.7004
1.2947999    42.135597    20.7004
1.31    42.1124    20.7004
1.35    42.0532    20.7004
1.3731999    42.020397    20.7004
1.3988    41.9836    20.7004
1.4067999    41.973198    20.7004
1.4499999    41.9172    20.7004
1.4771999    41.8836    20.7004
1.5036    41.852398    20.7004
1.5316    41.8172    20.7004
1.5356    41.8124    20.7004
1.574    41.767597    20.7004
1.5979999    41.7412    20.7004
1.6251999    41.714    20.7004
1.6572    41.683598    20.7004
1.6628    41.677998    20.7004
1.6852    41.6588    20.7004
1.7052    41.642    20.7004
1.7404    41.6124    20.7004
1.7548    41.6012    20.7004
1.8147999    41.5564    20.7004
1.8227999    41.55    20.7004
1.8283999    41.545998    20.7004
1.834    41.542797    20.7004
1.8571999    41.5252    20.7004
1.8659999    41.5196    20.7004
1.8707999    41.5212    20.7004
1.8867999    41.523598    20.7004
1.89    41.525997    20.7004
1.8987999    41.5476    20.7004
1.9028    41.558    20.7004
1.91    41.5788    20.7004
1.926    41.6316    20.7004
1.9324    41.654    20.7004
1.9388    41.6804    20.7004
1.9524    41.7444    20.7004
1.9571999    41.7628    20.7004
1.9668    41.818798    20.7004
1.9676    41.8308    20.7004
1.9691999    41.8644    20.7004
1.9707999    41.9012    20.7004
1.9707999    41.908398    20.7004
1.9707999    41.9156    20.7004
1.9676    41.946    20.7004
1.9476    42.146797    20.7004
1.9355999    42.245197    20.7004
1.9316    42.273197    20.7004
1.926    42.302    20.7004
1.9147999    42.365997    20.7004
1.8995999    42.445198    20.7004
1.8948    42.4636    20.7004
1.8756    42.5476    20.7004
1.8659999    42.586    20.7004
1.8556    42.6252    20.7004
1.8507999    42.644398    20.7004
1.8396    42.683598    20.7004
1.8244    42.7292    20.7004
1.8083999    42.7724    20.7004
1.7972    42.8036    20.7004
1.7764    42.857998    20.7004
1.7612    42.9004    20.7004
1.7451999    42.936398    20.7004
1.7364    42.954    20.7004
1.7012    43.0388    20.7004
1.6988    43.042797    20.7004
1.6692    43.099598    20.7004
1.6644    43.1084    20.7004
1.6452    43.146    20.7004
1.6436    43.1492    20.7004
1.6428    43.152397    20.7004
1.6212    43.1908    20.7004
1.6187999    43.194798    20.7004
1.6172    43.197998    20.7004
1.6156    43.2012    20.7004
1.5843999    43.2588    20.7004
1.5804    43.2684    20.7004
1.5331999    43.3532    20.7004
1.4948    43.425198    20.7004
1.4692    43.474    20.7004
1.4427999    43.522    20.7004
1.4268    43.5524    20.7004
1.3908    43.621998    20.7004
1.3492    43.7044    20.7004
1.3468    43.709198    20.7004
1.2996    43.8004    20.7004
1.2955999    43.8108    20.7004
1.2675999    43.8724    20.7004
1.2572    43.8964    20.7004
1.2404    43.9404    20.7004
1.226    43.982    20.7004
1.2148    44.012398    20.7004
1.1924    44.078    20.7004
1.1827999    44.099598    20.7004
1.1804    44.106    20.7004
1.1764    44.1124    20.7004
1.1564    44.155598    20.7004
1.1364    44.1756    20.7004
1.134    44.177998    20.7004
1.1308    44.180397    20.7004
1.1212    44.189198    20.7004
1.0588    44.242798    20.7004
0.9956    44.2964    20.7004
0.96199995    44.3236    20.7004
0.922    44.3532    20.7004
0.91319996    44.3596    20.7004
0.8684    44.3852    20.7004
0.82199997    44.41    20.7004
0.7996    44.419598    20.7004
0.746    44.4404    20.7004
0.70919997    44.453197    20.7004
0.6868    44.4604    20.7004
0.5908    44.4908    20.7004
0.5516    44.5044    20.7004
0.5452    44.5052    20.7004
0.522    44.502    20.7004
0.5204    44.501198    20.7004
0.51    44.486    20.7004
0.5068    44.4836    20.7004
0.4892    44.438    20.7004
0.4588    44.3532    20.7004
0.45319998    44.3396    20.7004
0.4348    44.2836    20.7004
0.4324    44.2772    20.7004
0.43159997    44.273197    20.7004
0.4292    44.266    20.7004
0.4252    44.248398    20.7004
0.4132    44.1996    20.7004
0.41    44.1772    20.7004
0.4028    44.1364    20.7004
0.398    44.098    20.7004
0.3956    44.0764    20.7004
0.39319998    44.0604    20.7004
0.3892    44.0172    20.7004
0.3884    43.989998    20.7004
0.3884    43.9604    20.7004
0.3884    43.93    20.7004
0.3884    43.916397    20.7004
0.3908    43.8628    20.7004
0.3908    43.860397    20.7004
0.3964    43.802    20.7004
0.3964    43.8004    20.7004
