7.322    26.2636    18.3004
7.322    26.264399    18.3004
7.3059998    26.333199    18.3004
7.3044    26.338    18.3004
7.2827997    26.3932    18.3004
7.2763996    26.4116    18.3004
7.2619996    26.444399    18.3004
7.2532    26.4628    18.3004
7.2427998    26.4788    18.3004
7.226    26.505999    18.3004
7.2116    26.526    18.3004
7.1931996    26.5516    18.3004
7.158    26.59    18.3004
7.1484    26.600399    18.3004
7.1436    26.6052    18.3004
7.1396    26.608398    18.3004
7.1092    26.6372    18.3004
7.1004    26.643599    18.3004
7.0635996    26.6724    18.3004
7.0396    26.6892    18.3004
7.0323997    26.694    18.3004
7.0291996    26.695599    18.3004
6.9852    26.7188    18.3004
6.9611998    26.7316    18.3004
6.9259996    26.745998    18.3004
6.9179997    26.75    18.3004
6.8915997    26.760399    18.3004
6.8827996    26.7612    18.3004
6.8659997    26.7668    18.3004
6.8524    26.754799    18.3004
6.8468    26.7516    18.3004
6.8459997    26.7468    18.3004
6.8412    26.730799    18.3004
6.8395996    26.6908    18.3004
6.8395996    26.689999    18.3004
6.8395996    26.6884    18.3004
6.8427997    26.6372    18.3004
6.8427997    26.6292    18.3004
6.8444    26.5924    18.3004
6.8459997    26.569199    18.3004
6.8476    26.562    18.3004
6.8483996    26.5516    18.3004
6.8508    26.5324    18.3004
6.8515997    26.524399    18.3004
6.8532    26.4716    18.3004
6.8532    26.4508    18.3004
6.8547997    26.4412    18.3004
6.8532    26.4324    18.3004
6.838    26.416399    18.3004
6.8364    26.414    18.3004
6.8348    26.414799    18.3004
6.8324    26.4156    18.3004
6.8148    26.4236    18.3004
6.8044    26.4284    18.3004
6.7763996    26.4516    18.3004
6.766    26.459599    18.3004
6.7563996    26.465199    18.3004
6.7228    26.487598    18.3004
6.7116    26.494    18.3004
6.6907997    26.5044    18.3004
6.666    26.5196    18.3004
6.6643996    26.5204    18.3004
6.6619997    26.522799    18.3004
6.6284    26.552399    18.3004
6.6268    26.565199    18.3004
6.6219997    26.5796    18.3004
6.6308    26.6132    18.3004
6.6316    26.6252    18.3004
6.634    26.6332    18.3004
6.6348    26.6484    18.3004
6.6355996    26.669199    18.3004
6.6316    26.678799    18.3004
6.6299996    26.6948    18.3004
6.6099997    26.722    18.3004
6.6052    26.729198    18.3004
6.5964    26.7388    18.3004
6.5723996    26.765999    18.3004
6.5555997    26.782    18.3004
6.5516    26.786    18.3004
6.5476    26.7876    18.3004
6.5396    26.7948    18.3004
6.5243998    26.7972    18.3004
6.5044    26.797998    18.3004
6.4988    26.797998    18.3004
6.4644    26.7972    18.3004
6.4491997    26.7964    18.3004
6.4084    26.7948    18.3004
6.3652    26.7932    18.3004
6.3571997    26.7932    18.3004
6.3315997    26.7964    18.3004
6.3236    26.797998    18.3004
6.3156    26.8004    18.3004
6.29    26.8084    18.3004
6.2851996    26.812399    18.3004
6.2507997    26.8252    18.3004
6.2444    26.8284    18.3004
6.1387997    26.8676    18.3004
6.1252    26.872398    18.3004
6.1243997    26.872398    18.3004
6.1236    26.8732    18.3004
6.1148    26.875599    18.3004
6.1036    26.8804    18.3004
6.0828    26.8804    18.3004
6.082    26.8804    18.3004
6.054    26.875599    18.3004
6.022    26.864399    18.3004
6.0211997    26.864399    18.3004
6.0204    26.8636    18.3004
5.9852    26.849998    18.3004
5.9779997    26.8468    18.3004
5.95    26.826    18.3004
5.9315996    26.81    18.3004
5.9308    26.8044    18.3004
5.9259996    26.781199    18.3004
5.9276    26.7524    18.3004
5.9323997    26.7228    18.3004
5.9308    26.7052    18.3004
5.9259996    26.694    18.3004
5.9212    26.6908    18.3004
5.9164    26.689999    18.3004
5.8876    26.678    18.3004
5.8532    26.6724    18.3004
5.8483996    26.671598    18.3004
5.8476    26.6708    18.3004
5.8452    26.6708    18.3004
5.8012    26.6652    18.3004
5.7812    26.6628    18.3004
5.7788    26.6628    18.3004
5.7563996    26.6588    18.3004
5.7492    26.6572    18.3004
5.7307997    26.6532    18.3004
5.7051997    26.646    18.3004
5.674    26.6388    18.3004
5.6587996    26.633999    18.3004
5.6324    26.6308    18.3004
5.6308    26.6308    18.3004
5.5811996    26.628399    18.3004
5.5764    26.6276    18.3004
5.5716    26.628399    18.3004
5.5499997    26.6308    18.3004
5.5379996    26.6292    18.3004
5.5092    26.63    18.3004
5.4884    26.63    18.3004
5.4476    26.63    18.3004
5.4035997    26.6292    18.3004
5.354    26.6252    18.3004
5.3236    26.6252    18.3004
5.2924    26.622799    18.3004
5.2644    26.6188    18.3004
5.2444    26.6164    18.3004
5.2172    26.613998    18.3004
5.2019997    26.611599    18.3004
5.1668    26.6076    18.3004
5.1524    26.6052    18.3004
5.1284    26.598799    18.3004
5.0972    26.5828    18.3004
5.0964    26.5828    18.3004
5.0948    26.581999    18.3004
5.0796    26.562    18.3004
5.0772    26.5572    18.3004
5.0708    26.542    18.3004
5.054    26.501999    18.3004
5.0364    26.461199    18.3004
5.0299997    26.4468    18.3004
5.026    26.434    18.3004
5.0108    26.396399    18.3004
4.9988    26.3652    18.3004
4.9891996    26.342    18.3004
4.9867997    26.334    18.3004
4.9916    26.3252    18.3004
5.0044    26.3228    18.3004
5.0148    26.3172    18.3004
5.0396    26.3172    18.3004
5.0443997    26.3156    18.3004
5.0676    26.314    18.3004
5.0716    26.314    18.3004
5.0972    26.314    18.3004
5.1004    26.3148    18.3004
5.1012    26.3148    18.3004
5.1308    26.3204    18.3004
5.1316    26.3204    18.3004
5.1604    26.3268    18.3004
5.1628    26.3268    18.3004
5.1763997    26.3268    18.3004
5.1907997    26.3252    18.3004
5.1924    26.326    18.3004
5.2116    26.3156    18.3004
5.2188    26.3308    18.3004
5.2395997    26.301199    18.3004
5.2404    26.2892    18.3004
5.2339997    26.275599    18.3004
5.2276    26.2596    18.3004
5.2212    26.2412    18.3004
5.2188    26.226    18.3004
5.218    26.2228    18.3004
5.218    26.2204    18.3004
5.2139997    26.1924    18.3004
5.2116    26.1708    18.3004
5.2107997    26.165998    18.3004
5.2132    26.1428    18.3004
5.2132    26.1404    18.3004
5.2132    26.1364    18.3004
5.2132    26.1092    18.3004
5.2148    26.1036    18.3004
5.2172    26.09    18.3004
5.218    26.0828    18.3004
5.2244    26.0572    18.3004
5.226    26.050798    18.3004
5.2283998    26.0444    18.3004
5.2324    26.0308    18.3004
5.2307997    26.0236    18.3004
5.2236    26.0036    18.3004
5.2172    25.994    18.3004
5.1963997    25.9844    18.3004
5.19    25.983599    18.3004
5.1788    25.979599    18.3004
5.15    25.9732    18.3004
5.1356    25.9716    18.3004
5.1084    25.9636    18.3004
5.1068    25.9628    18.3004
5.106    25.962    18.3004
5.0828    25.942799    18.3004
5.0804    25.9412    18.3004
5.0796    25.9404    18.3004
5.078    25.937199    18.3004
5.0636    25.914799    18.3004
5.0611997    25.9124    18.3004
5.0604    25.91    18.3004
5.0436    25.8828    18.3004
5.034    25.8564    18.3004
5.034    25.8548    18.3004
5.034    25.8524    18.3004
5.038    25.834    18.3004
5.0428    25.826    18.3004
5.0523996    25.8172    18.3004
5.0611997    25.8076    18.3004
5.0884    25.7804    18.3004
5.0931997    25.775599    18.3004
5.1468    25.721199    18.3004
5.158    25.7108    18.3004
5.1916    25.6828    18.3004
5.2148    25.661999    18.3004
5.2228    25.654    18.3004
5.242    25.637999    18.3004
5.2876    25.5996    18.3004
5.3076    25.5844    18.3004
5.3292    25.5668    18.3004
5.3524    25.548399    18.3004
5.3803997    25.526    18.3004
5.4259996    25.4956    18.3004
5.446    25.483599    18.3004
5.4532    25.479599    18.3004
5.4579997    25.477999    18.3004
5.4684    25.4692    18.3004
5.4708    25.4684    18.3004
5.506    25.4524    18.3004
5.5067997    25.4524    18.3004
5.5555997    25.438    18.3004
5.5587997    25.438    18.3004
5.5924    25.4324    18.3004
5.6108    25.431599    18.3004
5.6387997    25.427599    18.3004
5.646    25.4284    18.3004
5.6507998    25.427599    18.3004
5.6619997    25.43    18.3004
5.6972    25.4308    18.3004
5.7107997    25.4308    18.3004
5.7212    25.4308    18.3004
5.7427998    25.434    18.3004
5.7539997    25.431599    18.3004
5.7707996    25.433199    18.3004
5.7812    25.43    18.3004
5.7995996    25.43    18.3004
5.81    25.427599    18.3004
5.8268    25.427599    18.3004
5.8371997    25.4236    18.3004
5.8564    25.4212    18.3004
5.8644    25.418798    18.3004
5.8876    25.4196    18.3004
5.8964    25.416399    18.3004
5.9196    25.409199    18.3004
5.9476    25.3988    18.3004
5.95    25.3972    18.3004
5.9988    25.3804    18.3004
6.0004    25.379599    18.3004
6.0179996    25.3716    18.3004
6.0348    25.3636    18.3004
6.0364    25.362799    18.3004
6.0787997    25.334799    18.3004
6.0804    25.334    18.3004
6.0828    25.3324    18.3004
6.1108    25.314    18.3004
6.1131997    25.312399    18.3004
6.1252    25.306    18.3004
6.1404    25.297998    18.3004
6.1763997    25.286798    18.3004
6.186    25.2852    18.3004
6.2651997    25.2684    18.3004
6.3444    25.2516    18.3004
6.3492    25.25    18.3004
6.3515997    25.25    18.3004
6.3532    25.25    18.3004
6.3883996    25.2404    18.3004
6.3908    25.2404    18.3004
6.4188    25.236399    18.3004
6.4228    25.2372    18.3004
6.4467998    25.2356    18.3004
6.4484    25.2356    18.3004
6.4723997    25.2372    18.3004
6.4747996    25.237999    18.3004
6.4979997    25.2444    18.3004
6.5076    25.249199    18.3004
6.5291996    25.258    18.3004
6.5532    25.2708    18.3004
6.5667996    25.2796    18.3004
6.574    25.284399    18.3004
6.6092    25.306799    18.3004
6.6155996    25.31    18.3004
6.6348    25.3244    18.3004
6.6452    25.327599    18.3004
6.6651998    25.338799    18.3004
6.6924    25.351599    18.3004
6.7004    25.353199    18.3004
6.7228    25.361198    18.3004
6.7283998    25.3596    18.3004
6.7516    25.3564    18.3004
6.7676    25.338    18.3004
6.7716    25.3308    18.3004
6.7716    25.3036    18.3004
6.7716    25.2964    18.3004
6.7683997    25.274    18.3004
6.7668    25.2676    18.3004
6.7612    25.2452    18.3004
6.7604    25.237999    18.3004
6.7588    25.217999    18.3004
6.758    25.197199    18.3004
6.7588    25.178799    18.3004
6.7595997    25.163599    18.3004
6.7595997    25.1628    18.3004
6.7604    25.1596    18.3004
6.7756    25.1428    18.3004
6.7788    25.139599    18.3004
6.7924    25.146    18.3004
6.7948    25.1468    18.3004
6.87    25.185999    18.3004
6.9108    25.212399    18.3004
6.9196    25.217999    18.3004
6.93    25.225199    18.3004
6.9691997    25.2524    18.3004
7.0252    25.2964    18.3004
7.0364    25.306    18.3004
7.046    25.3148    18.3004
7.0899997    25.3548    18.3004
7.1099997    25.378    18.3004
7.126    25.3948    18.3004
7.1636    25.4364    18.3004
7.1643996    25.437199    18.3004
7.2043996    25.4996    18.3004
7.2236    25.533998    18.3004
7.2436    25.5772    18.3004
7.2539997    25.600399    18.3004
7.2572    25.608398    18.3004
7.2804    25.669199    18.3004
7.2836    25.677198    18.3004
7.2868    25.689999    18.3004
7.3051996    25.7556    18.3004
7.3236    25.8484    18.3004
7.3236    25.8508    18.3004
7.3244    25.853199    18.3004
7.3244    25.8548    18.3004
7.33    25.9044    18.3004
7.3339996    25.9524    18.3004
7.3348    25.9564    18.3004
7.3356    25.9684    18.3004
7.3395996    26.069199    18.3004
7.3395996    26.09    18.3004
7.3388    26.1076    18.3004
7.3348    26.17    18.3004
7.3332    26.1796    18.3004
7.322    26.2636    18.3004
