9.4772    27.442799    18.3004
9.518    27.4044    18.3004
9.5364    27.3876    18.3004
9.5956    27.3372    18.3004
9.6052    27.33    18.3004
9.6116    27.323599    18.3004
9.638    27.303598    18.3004
9.654799    27.2908    18.3004
9.683599    27.271599    18.3004
9.7108    27.2524    18.3004
9.7284    27.241999    18.3004
9.7444    27.2332    18.3004
9.757999    27.226    18.3004
9.7908    27.2132    18.3004
9.7964    27.2116    18.3004
9.8228    27.206799    18.3004
9.837999    27.202    18.3004
9.8812    27.191599    18.3004
9.883599    27.1908    18.3004
9.9108    27.182798    18.3004
9.9116    27.182798    18.3004
9.9428    27.1668    18.3004
9.9692    27.146    18.3004
9.987599    27.1316    18.3004
9.998    27.1236    18.3004
10.0244    27.1068    18.3004
10.0348    27.1012    18.3004
10.0484    27.0964    18.3004
10.0652    27.0884    18.3004
10.0859995    27.0828    18.3004
10.1116    27.0772    18.3004
10.125199    27.074799    18.3004
10.162    27.0716    18.3004
10.189199    27.069199    18.3004
10.194799    27.069199    18.3004
10.2668    27.0716    18.3004
10.3108    27.076399    18.3004
10.314    27.076399    18.3004
10.3228    27.0788    18.3004
10.355599    27.0812    18.3004
10.3604    27.0812    18.3004
10.3852    27.0684    18.3004
10.3916    27.059599    18.3004
10.3996    27.042    18.3004
10.4004    27.0404    18.3004
10.4036    27.029999    18.3004
10.4148    27.001999    18.3004
10.4164    26.996399    18.3004
10.4172    26.994    18.3004
10.4204    26.9868    18.3004
10.4251995    26.9772    18.3004
10.4324    26.962    18.3004
10.4716    26.8876    18.3004
10.4868    26.8596    18.3004
10.4972    26.842    18.3004
10.510799    26.8228    18.3004
10.5156    26.8156    18.3004
10.5308    26.7988    18.3004
10.5556    26.7732    18.3004
10.568399    26.7612    18.3004
10.578    26.7524    18.3004
10.585199    26.745998    18.3004
10.6092    26.73    18.3004
10.6108    26.7284    18.3004
10.6116    26.7284    18.3004
10.6404    26.702799    18.3004
10.6404    26.702    18.3004
10.6524    26.669199    18.3004
10.671599    26.587599    18.3004
10.6956    26.4828    18.3004
10.7132    26.4124    18.3004
10.7196    26.386    18.3004
10.722799    26.3724    18.3004
10.7436    26.282    18.3004
10.7564    26.225199    18.3004
10.782    26.122799    18.3004
10.7948    26.065199    18.3004
10.818    25.977999    18.3004
10.821199    25.966    18.3004
10.8356    25.918798    18.3004
10.8619995    25.833199    18.3004
10.878799    25.778    18.3004
10.8876    25.7484    18.3004
10.917999    25.656399    18.3004
10.918799    25.6532    18.3004
10.9196    25.650799    18.3004
10.9204    25.6484    18.3004
10.9284    25.626    18.3004
10.9452    25.6076    18.3004
10.9484    25.600399    18.3004
10.9595995    25.5892    18.3004
10.9716    25.5772    18.3004
10.9924    25.557999    18.3004
11.0171995    25.5364    18.3004
11.042    25.5164    18.3004
11.054    25.505999    18.3004
11.0636    25.4988    18.3004
11.0716    25.4972    18.3004
11.0876    25.4924    18.3004
11.0932    25.4932    18.3004
11.11    25.494    18.3004
11.158    25.5124    18.3004
11.1684    25.5164    18.3004
11.1764    25.5236    18.3004
11.1956    25.538    18.3004
11.211599    25.557999    18.3004
11.2188    25.5676    18.3004
11.223599    25.574    18.3004
11.23    25.5844    18.3004
11.2372    25.5964    18.3004
11.2484    25.611599    18.3004
11.252399    25.615599    18.3004
11.2556    25.6148    18.3004
11.291599    25.6164    18.3004
11.297199    25.6092    18.3004
11.3084    25.591599    18.3004
11.314799    25.578    18.3004
11.3228    25.5588    18.3004
11.3372    25.537199    18.3004
11.343599    25.524399    18.3004
11.3748    25.455599    18.3004
11.3932    25.4196    18.3004
11.4251995    25.347599    18.3004
11.4348    25.326    18.3004
11.441999    25.306    18.3004
11.4612    25.2564    18.3004
11.4676    25.2396    18.3004
11.4796    25.2052    18.3004
11.4844    25.1892    18.3004
11.498799    25.1476    18.3004
11.5068    25.121199    18.3004
11.5356    25.017199    18.3004
11.5556    24.9492    18.3004
11.5692    24.910799    18.3004
11.579599    24.882    18.3004
11.5868    24.858    18.3004
11.5948    24.838    18.3004
11.631599    24.7444    18.3004
11.6404    24.723598    18.3004
11.6491995    24.7004    18.3004
11.6644    24.663599    18.3004
11.6684    24.6556    18.3004
11.705999    24.5812    18.3004
11.714    24.5668    18.3004
11.751599    24.5052    18.3004
11.7732    24.47    18.3004
11.79    24.4476    18.3004
11.8076    24.4236    18.3004
11.8308    24.394    18.3004
11.8708    24.3436    18.3004
11.872399    24.3428    18.3004
11.873199    24.342    18.3004
11.926    24.2836    18.3004
11.9332    24.275599    18.3004
11.9676    24.241999    18.3004
11.993199    24.2172    18.3004
11.9972    24.2132    18.3004
12.045199    24.1716    18.3004
12.0492    24.167599    18.3004
12.094    24.1316    18.3004
12.0956    24.13    18.3004
12.1268    24.1068    18.3004
12.1444    24.094    18.3004
12.176399    24.074799    18.3004
12.200399    24.062    18.3004
12.21    24.0564    18.3004
12.2164    24.053999    18.3004
12.2484    24.042    18.3004
12.2604    24.038    18.3004
12.2772    24.031599    18.3004
12.303599    24.0236    18.3004
12.354    24.013199    18.3004
12.3996    24.005999    18.3004
12.417999    24.0012    18.3004
12.4307995    23.9972    18.3004
12.4548    23.9916    18.3004
12.4716    23.985199    18.3004
12.4836    23.9812    18.3004
12.521199    23.966799    18.3004
12.53    23.9628    18.3004
12.5364    23.959599    18.3004
12.554    23.9516    18.3004
12.5708    23.944399    18.3004
12.579599    23.938799    18.3004
12.597199    23.9284    18.3004
12.620399    23.9124    18.3004
12.6412    23.9004    18.3004
12.6812    23.873999    18.3004
12.733999    23.8356    18.3004
12.7492    23.826    18.3004
12.8116    23.7876    18.3004
12.821199    23.782    18.3004
12.8628    23.7596    18.3004
12.878799    23.7508    18.3004
12.9396    23.722    18.3004
12.9964    23.6948    18.3004
13.0012    23.6924    18.3004
13.0076    23.6908    18.3004
13.0476    23.6756    18.3004
13.0588    23.6724    18.3004
13.089999    23.6596    18.3004
13.1324    23.6468    18.3004
13.15    23.6412    18.3004
13.1852    23.6292    18.3004
13.2028    23.6244    18.3004
13.2364    23.6148    18.3004
13.2411995    23.6132    18.3004
13.252399    23.6108    18.3004
13.297999    23.602798    18.3004
13.2996    23.602798    18.3004
13.3012    23.602798    18.3004
13.3132    23.5996    18.3004
13.3292    23.5996    18.3004
13.3476    23.5956    18.3004
13.3684    23.594799    18.3004
13.3884    23.591599    18.3004
13.4228    23.5908    18.3004
13.435599    23.5908    18.3004
13.458799    23.59    18.3004
13.4948    23.594    18.3004
13.502    23.594799    18.3004
13.5132    23.5964    18.3004
13.5571995    23.602798    18.3004
13.5764    23.6084    18.3004
13.597199    23.611599    18.3004
13.63    23.6204    18.3004
13.6468    23.6252    18.3004
13.6508    23.626799    18.3004
13.6916    23.6444    18.3004
13.71    23.650799    18.3004
13.766    23.678799    18.3004
13.7844    23.6884    18.3004
13.8628    23.7332    18.3004
13.866799    23.736399    18.3004
13.877199    23.743599    18.3004
13.929199    23.7796    18.3004
13.9572    23.7988    18.3004
13.9883995    23.8228    18.3004
14.0171995    23.8428    18.3004
14.038    23.8604    18.3004
14.0484    23.8668    18.3004
14.0716    23.8724    18.3004
14.0764    23.8732    18.3004
14.0772    23.8724    18.3004
14.1052    23.8612    18.3004
14.1164    23.8468    18.3004
14.137199    23.8308    18.3004
14.141999    23.823599    18.3004
14.165199    23.795599    18.3004
14.1676    23.792398    18.3004
14.183599    23.765999    18.3004
14.186    23.7636    18.3004
14.200399    23.7412    18.3004
14.2212    23.7108    18.3004
14.2364    23.6908    18.3004
14.2556    23.663599    18.3004
14.2699995    23.6412    18.3004
14.291599    23.611599    18.3004
14.2996    23.5996    18.3004
14.313999    23.5788    18.3004
14.3396    23.542799    18.3004
14.3516    23.5276    18.3004
14.37    23.501999    18.3004
14.394799    23.4684    18.3004
14.4092    23.4492    18.3004
14.4148    23.442    18.3004
14.4212    23.4356    18.3004
14.4372    23.4116    18.3004
14.4428    23.4044    18.3004
14.463599    23.3828    18.3004
14.474    23.3828    18.3004
14.4892    23.3788    18.3004
14.4972    23.3748    18.3004
14.5076    23.3764    18.3004
14.526    23.381199    18.3004
14.595599    23.3836    18.3004
14.6068    23.3844    18.3004
14.6116    23.3836    18.3004
14.637199    23.3876    18.3004
14.6404    23.3876    18.3004
14.6412    23.3876    18.3004
14.642799    23.3884    18.3004
14.6628    23.382    18.3004
14.665999    23.369999    18.3004
14.677199    23.347599    18.3004
14.6956    23.3284    18.3004
14.7092    23.295599    18.3004
14.711599    23.2908    18.3004
14.7123995    23.2892    18.3004
14.7148    23.2788    18.3004
14.7252    23.225199    18.3004
14.7324    23.1884    18.3004
14.739599    23.1532    18.3004
14.7444    23.1308    18.3004
14.7556    23.0788    18.3004
14.757999    23.066    18.3004
14.763599    23.0492    18.3004
14.774799    23.0268    18.3004
14.7764    23.0236    18.3004
14.7788    23.022    18.3004
14.822    22.9924    18.3004
14.8756    22.9524    18.3004
14.8924    22.9396    18.3004
14.901199    22.933199    18.3004
14.9196    22.920399    18.3004
14.9908    22.8724    18.3004
15.021999    22.8524    18.3004
15.054    22.834    18.3004
15.0948    22.816399    18.3004
15.131599    22.8004    18.3004
15.165199    22.786    18.3004
15.252399    22.7508    18.3004
15.294    22.7412    18.3004
15.2948    22.7412    18.3004
15.2956    22.7412    18.3004
15.3348    22.7428    18.3004
15.3508    22.7516    18.3004
15.3524    22.754    18.3004
15.3572    22.7596    18.3004
15.3644    22.774    18.3004
15.3756    22.7892    18.3004
15.3884    22.810799    18.3004
15.3924    22.817999    18.3004
15.3972    22.8308    18.3004
15.411599    22.8484    18.3004
15.4228    22.869999    18.3004
15.429999    22.8884    18.3004
15.446799    22.93    18.3004
15.4492    22.938    18.3004
15.4548    22.9516    18.3004
15.469999    22.998    18.3004
15.4883995    23.0532    18.3004
15.493199    23.0676    18.3004
15.5004    23.0924    18.3004
15.514    23.1372    18.3004
15.5171995    23.1484    18.3004
15.5227995    23.197199    18.3004
15.53    23.247599    18.3004
15.53    23.2484    18.3004
15.53    23.249199    18.3004
15.5148    23.286798    18.3004
15.499599    23.302    18.3004
15.4972    23.306799    18.3004
15.469999    23.3268    18.3004
15.465199    23.33    18.3004
15.464399    23.3316    18.3004
15.407599    23.369999    18.3004
15.406799    23.3708    18.3004
15.405999    23.3708    18.3004
15.353999    23.4028    18.3004
15.309199    23.4324    18.3004
15.2836    23.448399    18.3004
15.2732    23.453999    18.3004
15.227599    23.4828    18.3004
15.222799    23.486    18.3004
15.200399    23.4988    18.3004
15.1908    23.5036    18.3004
15.188399    23.505999    18.3004
15.1636    23.5276    18.3004
15.1564    23.5324    18.3004
15.138    23.552399    18.3004
15.131599    23.5556    18.3004
15.108399    23.5668    18.3004
15.107599    23.5668    18.3004
15.1068    23.5684    18.3004
15.095599    23.5956    18.3004
15.102799    23.6124    18.3004
15.107599    23.628399    18.3004
15.11    23.6356    18.3004
15.1124    23.6428    18.3004
15.113199    23.649199    18.3004
15.113999    23.6588    18.3004
15.118799    23.702799    18.3004
15.118799    23.7428    18.3004
15.1172    23.786798    18.3004
15.118    23.8252    18.3004
15.1164    23.8492    18.3004
15.1116    23.8724    18.3004
15.0884    23.9236    18.3004
15.0876    23.9284    18.3004
15.073199    23.9508    18.3004
15.0716    23.9572    18.3004
15.0636    23.970798    18.3004
15.039599    24.01    18.3004
14.9772    24.102798    18.3004
14.9772    24.1036    18.3004
14.976399    24.1036    18.3004
14.976399    24.104399    18.3004
14.95    24.1428    18.3004
14.941199    24.154799    18.3004
14.9388    24.1588    18.3004
14.929999    24.1716    18.3004
14.907599    24.201199    18.3004
14.8588    24.2636    18.3004
14.7987995    24.3412    18.3004
14.7332    24.4268    18.3004
14.7012    24.4684    18.3004
14.6636    24.513199    18.3004
14.6444    24.5364    18.3004
14.6236    24.5668    18.3004
14.6228    24.5684    18.3004
14.6092    24.594    18.3004
14.606    24.598799    18.3004
14.601999    24.604399    18.3004
14.5996    24.6124    18.3004
14.589999    24.6404    18.3004
14.591599    24.6484    18.3004
14.5932    24.6652    18.3004
14.618    24.726    18.3004
14.618    24.726799    18.3004
14.618    24.7276    18.3004
14.618799    24.7276    18.3004
14.618799    24.729198    18.3004
14.642799    24.805199    18.3004
14.6508    24.8316    18.3004
14.6692    24.8932    18.3004
14.674    24.9116    18.3004
14.6756    24.9172    18.3004
14.6844    24.955599    18.3004
14.700399    25.0292    18.3004
14.7044    25.048399    18.3004
14.710799    25.091599    18.3004
14.717199    25.1332    18.3004
14.7196    25.154799    18.3004
14.7252    25.221199    18.3004
14.726    25.2396    18.3004
14.7268    25.258799    18.3004
14.7276    25.314    18.3004
14.7268    25.3508    18.3004
14.7244    25.3844    18.3004
14.717999    25.446    18.3004
14.716399    25.4644    18.3004
14.714    25.490799    18.3004
14.7123995    25.505999    18.3004
14.711599    25.513199    18.3004
14.705999    25.5604    18.3004
14.7028    25.5852    18.3004
14.698    25.613998    18.3004
14.6924    25.657999    18.3004
14.6908    25.6652    18.3004
14.6868    25.7204    18.3004
14.6852    25.730799    18.3004
14.682799    25.7612    18.3004
14.682799    25.762    18.3004
14.682799    25.7652    18.3004
14.6804    25.814    18.3004
14.6796    25.8268    18.3004
14.6804    25.8372    18.3004
14.6812    25.8596    18.3004
14.682799    25.882    18.3004
14.681999    25.8844    18.3004
14.681999    25.886799    18.3004
14.6852    25.9236    18.3004
14.687599    25.938799    18.3004
14.6908    25.9548    18.3004
14.6972    25.994    18.3004
14.7028    26.01    18.3004
14.7148    26.0476    18.3004
14.7196    26.057999    18.3004
14.7355995    26.097198    18.3004
14.7428    26.1108    18.3004
14.762    26.146    18.3004
14.7699995    26.1596    18.3004
14.794    26.198    18.3004
14.8124    26.225199    18.3004
14.8644    26.3004    18.3004
14.8756    26.316399    18.3004
14.905999    26.369999    18.3004
14.9156    26.3892    18.3004
14.938    26.429998    18.3004
14.940399    26.4348    18.3004
14.9508    26.4628    18.3004
14.965199    26.4996    18.3004
14.9676    26.5084    18.3004
14.99    26.5836    18.3004
14.9939995    26.5964    18.3004
15.018    26.694    18.3004
15.0436    26.7988    18.3004
15.0724    26.9268    18.3004
15.0836    26.973999    18.3004
15.102799    27.059599    18.3004
15.113999    27.113998    18.3004
15.130799    27.2004    18.3004
15.131599    27.2052    18.3004
15.1491995    27.3116    18.3004
15.15    27.3196    18.3004
15.1556    27.364399    18.3004
15.1564    27.366798    18.3004
15.1564    27.3676    18.3004
15.1636    27.4012    18.3004
15.1844    27.4308    18.3004
15.1852    27.4308    18.3004
15.217199    27.444399    18.3004
15.2411995    27.442799    18.3004
15.246799    27.442799    18.3004
15.2484    27.442    18.3004
15.2764    27.437199    18.3004
15.2996    27.4324    18.3004
15.3164    27.4284    18.3004
15.331599    27.425999    18.3004
15.3348    27.4252    18.3004
15.3364    27.425999    18.3004
15.3588    27.4308    18.3004
15.3628    27.434    18.3004
15.382799    27.4508    18.3004
15.3907995    27.4588    18.3004
15.4251995    27.498    18.3004
15.4372    27.513199    18.3004
15.4604    27.542799    18.3004
15.4716    27.557999    18.3004
15.4852    27.576399    18.3004
15.502    27.5996    18.3004
15.514    27.621199    18.3004
15.5316    27.6516    18.3004
15.561199    27.706799    18.3004
15.5748    27.732399    18.3004
15.5836    27.7556    18.3004
15.585199    27.760399    18.3004
15.584399    27.7628    18.3004
15.582    27.784399    18.3004
15.572399    27.810799    18.3004
15.554    27.858    18.3004
15.5436    27.881199    18.3004
15.533199    27.906    18.3004
15.5308    27.9116    18.3004
15.5132    27.9452    18.3004
15.4883995    27.983599    18.3004
15.4804    27.996399    18.3004
15.4788    27.998798    18.3004
15.4732    28.0068    18.3004
15.4284    28.07    18.3004
15.4148    28.0908    18.3004
15.411599    28.093199    18.3004
15.4044    28.0964    18.3004
15.3924    28.102    18.3004
15.3644    28.100399    18.3004
15.3636    28.100399    18.3004
15.3236    28.094799    18.3004
15.3004    28.0892    18.3004
15.291599    28.0868    18.3004
15.2788    28.0836    18.3004
15.2476    28.0908    18.3004
15.246799    28.0908    18.3004
15.233999    28.1164    18.3004
15.2332    28.122    18.3004
15.2324    28.142    18.3004
15.2324    28.1468    18.3004
15.2316    28.1484    18.3004
15.2316    28.149199    18.3004
15.233999    28.1988    18.3004
15.234799    28.2668    18.3004
15.2355995    28.3916    18.3004
15.2364    28.4684    18.3004
15.2364    28.5108    18.3004
15.240399    28.5668    18.3004
15.242    28.6012    18.3004
15.245999    28.637999    18.3004
15.2476    28.654799    18.3004
15.266    28.8004    18.3004
15.2716    28.857199    18.3004
15.2732    28.877998    18.3004
15.2755995    28.901999    18.3004
15.281199    28.9684    18.3004
15.285199    29.024399    18.3004
15.2876    29.102    18.3004
15.290799    29.1628    18.3004
15.2948    29.229198    18.3004
15.2987995    29.288399    18.3004
15.2987995    29.301199    18.3004
15.2996    29.4124    18.3004
15.2996    29.427599    18.3004
15.2987995    29.442799    18.3004
15.297199    29.479599    18.3004
15.297199    29.490799    18.3004
15.2964    29.4972    18.3004
15.2892    29.5868    18.3004
15.2884    29.598    18.3004
15.2836    29.650799    18.3004
15.278    29.6948    18.3004
15.2755995    29.7148    18.3004
15.2612    29.7932    18.3004
15.2588    29.8076    18.3004
15.2484    29.862799    18.3004
15.2484    29.8636    18.3004
15.222799    29.9788    18.3004
15.2212    29.9828    18.3004
15.2196    29.9924    18.3004
15.214    30.0276    18.3004
15.21    30.0548    18.3004
15.21    30.061998    18.3004
15.2092    30.0756    18.3004
15.2084    30.0852    18.3004
15.2084    30.1052    18.3004
15.2076    30.109999    18.3004
15.21    30.1348    18.3004
15.2092    30.1372    18.3004
15.2123995    30.1596    18.3004
15.2123995    30.1644    18.3004
15.216399    30.1876    18.3004
15.216399    30.1892    18.3004
15.2188    30.1988    18.3004
15.2364    30.2356    18.3004
15.2484    30.2468    18.3004
15.2556    30.247599    18.3004
15.2755995    30.258799    18.3004
15.2884    30.254799    18.3004
15.3052    30.2508    18.3004
15.3292    30.2316    18.3004
15.337199    30.2244    18.3004
15.342    30.2188    18.3004
15.3628    30.1932    18.3004
15.389199    30.15    18.3004
15.3924    30.1412    18.3004
15.414    30.0844    18.3004
15.426    30.045198    18.3004
15.438    29.998798    18.3004
15.457999    29.9236    18.3004
15.4604    29.916399    18.3004
15.462    29.9124    18.3004
15.4852    29.817999    18.3004
15.486    29.814    18.3004
15.497999    29.758    18.3004
15.5068    29.717999    18.3004
15.5116    29.689999    18.3004
15.5188    29.6428    18.3004
15.5227995    29.6188    18.3004
15.5236    29.6076    18.3004
15.53    29.570799    18.3004
15.5308    29.559599    18.3004
15.5364    29.498798    18.3004
15.5404    29.459599    18.3004
15.5468    29.4012    18.3004
15.549999    29.3708    18.3004
15.5532    29.340399    18.3004
15.5548    29.310799    18.3004
15.5596    29.251598    18.3004
15.561999    29.23    18.3004
15.5636    29.2164    18.3004
15.5652    29.199598    18.3004
15.57    29.1244    18.3004
15.5756    29.0588    18.3004
15.5803995    28.9692    18.3004
15.582    28.9348    18.3004
15.5828    28.914    18.3004
15.5859995    28.821999    18.3004
15.591599    28.7116    18.3004
15.5932    28.680399    18.3004
15.5948    28.6572    18.3004
15.6004    28.5868    18.3004
15.6052    28.522    18.3004
15.6092    28.4844    18.3004
15.618799    28.4116    18.3004
15.625199    28.366798    18.3004
15.6292    28.3428    18.3004
15.6404    28.2652    18.3004
15.6412    28.2596    18.3004
15.6636    28.137999    18.3004
15.6676    28.115599    18.3004
15.69    28.000399    18.3004
15.7076    27.9196    18.3004
15.7196    27.8652    18.3004
15.7308    27.8196    18.3004
15.7548    27.722    18.3004
15.769199    27.6668    18.3004
15.779599    27.6276    18.3004
15.802    27.546    18.3004
15.8331995    27.442    18.3004
15.838799    27.4228    18.3004
15.842799    27.410799    18.3004
15.884399    27.2876    18.3004
15.888399    27.274    18.3004
15.922    27.1796    18.3004
15.9316    27.1572    18.3004
15.9724    27.0604    18.3004
15.9788    27.046    18.3004
15.9828    27.038    18.3004
15.99    27.022799    18.3004
16.0148    26.9692    18.3004
16.034    26.934    18.3004
16.0628    26.8772    18.3004
16.070799    26.862799    18.3004
16.078    26.849998    18.3004
16.1084    26.8004    18.3004
16.115599    26.789999    18.3004
16.142    26.753199    18.3004
16.157999    26.73    18.3004
16.206    26.6644    18.3004
16.2244    26.639599    18.3004
16.258    26.6012    18.3004
16.282799    26.570799    18.3004
16.31    26.5388    18.3004
16.317999    26.529999    18.3004
16.3228    26.5252    18.3004
16.358799    26.486    18.3004
16.3964    26.4468    18.3004
16.4012    26.4412    18.3004
16.4044    26.438    18.3004
16.455599    26.3884    18.3004
16.4748    26.3732    18.3004
16.494799    26.3548    18.3004
16.529999    26.329199    18.3004
16.5492    26.3148    18.3004
16.5972    26.2852    18.3004
16.6052    26.2804    18.3004
16.6092    26.278    18.3004
16.6292    26.2668    18.3004
16.6724    26.2444    18.3004
16.726    26.221199    18.3004
16.726799    26.2204    18.3004
16.7276    26.219599    18.3004
16.7372    26.2164    18.3004
16.7788    26.201199    18.3004
16.7836    26.1996    18.3004
16.8356    26.1884    18.3004
16.8388    26.1884    18.3004
16.8844    26.1852    18.3004
16.914    26.182798    18.3004
16.9508    26.182798    18.3004
16.973999    26.184399    18.3004
17.0092    26.191599    18.3004
17.0292    26.197199    18.3004
17.0796    26.2116    18.3004
17.081999    26.212399    18.3004
17.09    26.2156    18.3004
17.1204    26.229198    18.3004
17.1244    26.2316    18.3004
17.138    26.2388    18.3004
17.1724    26.258    18.3004
17.2148    26.286798    18.3004
17.2204    26.2908    18.3004
17.232399    26.2988    18.3004
17.274    26.33    18.3004
17.2892    26.3428    18.3004
17.3076    26.3596    18.3004
17.3188    26.3724    18.3004
17.3492    26.4084    18.3004
17.3652    26.429998    18.3004
17.386    26.462    18.3004
17.394    26.477999    18.3004
17.4084    26.5084    18.3004
17.4244    26.546799    18.3004
17.425999    26.550798    18.3004
17.427599    26.5572    18.3004
17.4452    26.6188    18.3004
17.4492    26.637999    18.3004
17.4564    26.677198    18.3004
17.47    26.754799    18.3004
17.472399    26.774    18.3004
17.4716    26.7804    18.3004
17.4756    26.8212    18.3004
17.4756    26.8268    18.3004
17.4756    26.8356    18.3004
17.4788    26.862    18.3004
17.4788    26.8676    18.3004
17.479599    26.882    18.3004
17.4812    26.946    18.3004
17.4812    26.961199    18.3004
17.4812    27.0148    18.3004
17.4804    27.037199    18.3004
17.479599    27.094799    18.3004
17.4748    27.2388    18.3004
17.4732    27.2972    18.3004
17.47    27.3524    18.3004
17.4684    27.4268    18.3004
17.4684    27.435598    18.3004
17.47    27.5252    18.3004
17.4748    27.598799    18.3004
17.4748    27.600399    18.3004
17.482    27.73    18.3004
17.483599    27.7564    18.3004
17.4868    27.8204    18.3004
17.4868    27.875599    18.3004
17.4868    27.914799    18.3004
17.4844    27.958    18.3004
17.482    27.9996    18.3004
17.4788    28.0308    18.3004
17.4692    28.098799    18.3004
17.4628    28.143599    18.3004
17.4588    28.1668    18.3004
17.4476    28.237999    18.3004
17.437199    28.286    18.3004
17.4292    28.323599    18.3004
17.41    28.4116    18.3004
17.3996    28.4548    18.3004
17.3908    28.4884    18.3004
17.3772    28.537199    18.3004
17.342    28.6596    18.3004
17.3284    28.7044    18.3004
17.2908    28.8188    18.3004
17.2692    28.883598    18.3004
17.2588    28.913198    18.3004
17.2452    28.949999    18.3004
17.2228    29.011599    18.3004
17.2172    29.0268    18.3004
17.180399    29.122799    18.3004
17.1532    29.1836    18.3004
17.1428    29.21    18.3004
17.114    29.2796    18.3004
17.0916    29.3324    18.3004
17.0796    29.3604    18.3004
17.041199    29.4564    18.3004
17.035599    29.4716    18.3004
17.0332    29.477999    18.3004
17.0276    29.4916    18.3004
16.994799    29.5756    18.3004
16.9772    29.6332    18.3004
16.9732    29.6444    18.3004
16.9548    29.698    18.3004
16.944399    29.7372    18.3004
16.938    29.757198    18.3004
16.933199    29.777199    18.3004
16.9252    29.81    18.3004
16.918    29.8436    18.3004
16.8972    29.925999    18.3004
16.8884    29.9588    18.3004
16.8692    30.073198    18.3004
16.858    30.1236    18.3004
16.8444    30.184399    18.3004
16.834799    30.221199    18.3004
16.8076    30.342    18.3004
16.786    30.435598    18.3004
16.7804    30.4564    18.3004
16.7644    30.5212    18.3004
16.743599    30.598799    18.3004
16.7332    30.6404    18.3004
16.7068    30.734    18.3004
16.691599    30.782799    18.3004
16.6716    30.844398    18.3004
16.6292    30.972399    18.3004
16.626799    30.9804    18.3004
16.622799    30.989199    18.3004
16.59    31.057999    18.3004
16.5796    31.081999    18.3004
16.542799    31.15    18.3004
16.5396    31.154799    18.3004
16.537199    31.157999    18.3004
16.5348    31.1612    18.3004
16.4956    31.2148    18.3004
16.4636    31.25    18.3004
16.455599    31.257198    18.3004
16.416399    31.286798    18.3004
16.3988    31.299599    18.3004
16.381199    31.306799    18.3004
16.358799    31.3188    18.3004
16.3092    31.3284    18.3004
16.2988    31.331598    18.3004
16.2836    31.3324    18.3004
16.182    31.3396    18.3004
16.1756    31.340399    18.3004
16.1324    31.3436    18.3004
16.1268    31.3452    18.3004
16.0644    31.357199    18.3004
16.0388    31.3596    18.3004
15.974799    31.366798    18.3004
15.9332    31.3636    18.3004
15.8675995    31.358799    18.3004
15.7948    31.3484    18.3004
15.7716    31.344398    18.3004
15.756399    31.3412    18.3004
15.6812    31.3196    18.3004
15.625999    31.299599    18.3004
15.5988    31.289999    18.3004
15.5812    31.2836    18.3004
15.526799    31.258    18.3004
15.4556    31.219599    18.3004
15.429199    31.2044    18.3004
15.394799    31.1796    18.3004
15.3708    31.1596    18.3004
15.3452    31.1388    18.3004
15.3452    31.137999    18.3004
15.344399    31.1372    18.3004
15.2772    31.057999    18.3004
15.2444    31.0164    18.3004
15.2084    30.970798    18.3004
15.2076    30.97    18.3004
15.2067995    30.97    18.3004
15.2067995    30.9692    18.3004
15.1779995    30.9436    18.3004
15.1676    30.938    18.3004
15.1468    30.933199    18.3004
15.1356    30.9292    18.3004
15.122    30.931599    18.3004
15.108399    30.9292    18.3004
15.0868    30.9364    18.3004
15.078799    30.9364    18.3004
15.061199    30.941198    18.3004
15.049999    30.944399    18.3004
15.033999    30.952398    18.3004
15.0084    30.9628    18.3004
14.974799    30.9772    18.3004
14.964399    30.9812    18.3004
14.958799    30.981998    18.3004
14.946    30.986    18.3004
14.8884    31.0124    18.3004
14.884399    31.014    18.3004
14.882799    31.0148    18.3004
14.8675995    31.0204    18.3004
14.7892    31.0492    18.3004
14.785199    31.050798    18.3004
14.7836    31.050798    18.3004
14.781199    31.0516    18.3004
14.729199    31.07    18.3004
14.711599    31.073198    18.3004
14.665999    31.0868    18.3004
14.653999    31.0892    18.3004
14.6356    31.0956    18.3004
14.6284    31.098    18.3004
14.597199    31.1068    18.3004
14.5876    31.109999    18.3004
14.546    31.121199    18.3004
14.5196    31.128399    18.3004
14.469199    31.1404    18.3004
14.45    31.146    18.3004
14.441999    31.147598    18.3004
14.4196    31.1532    18.3004
14.377999    31.1644    18.3004
14.344399    31.171598    18.3004
14.2932    31.182    18.3004
14.229199    31.1932    18.3004
14.211599    31.195599    18.3004
14.2012    31.197199    18.3004
14.1812    31.2004    18.3004
14.15    31.2036    18.3004
14.1276    31.2044    18.3004
14.1147995    31.205198    18.3004
14.0764    31.2148    18.3004
14.07    31.2156    18.3004
14.055599    31.2228    18.3004
14.073999    31.232399    18.3004
14.0892    31.2596    18.3004
14.101999    31.2668    18.3004
14.118799    31.2788    18.3004
14.1276    31.282799    18.3004
14.1524    31.292398    18.3004
14.158799    31.295599    18.3004
14.1804    31.306    18.3004
14.1932    31.3132    18.3004
14.2324    31.3308    18.3004
14.2436    31.3364    18.3004
14.262    31.344398    18.3004
14.297199    31.361198    18.3004
14.3476    31.383598    18.3004
14.4572    31.4308    18.3004
14.4908    31.444399    18.3004
14.5028    31.448399    18.3004
14.566799    31.4772    18.3004
14.6164    31.4972    18.3004
14.674    31.5204    18.3004
14.686    31.5252    18.3004
14.746799    31.546    18.3004
14.779599    31.557999    18.3004
14.8004    31.565199    18.3004
14.822    31.573198    18.3004
14.8619995    31.5868    18.3004
14.9052    31.600399    18.3004
14.9595995    31.617199    18.3004
14.9828    31.6236    18.3004
15.0748    31.6468    18.3004
15.094    31.6516    18.3004
15.11    31.654799    18.3004
15.176399    31.6684    18.3004
15.2492    31.682    18.3004
15.3012    31.6908    18.3004
15.344399    31.6964    18.3004
15.37    31.7004    18.3004
15.4852    31.7164    18.3004
15.5068    31.719599    18.3004
15.6164    31.7316    18.3004
15.688399    31.7388    18.3004
15.750799    31.7452    18.3004
15.8628    31.7556    18.3004
15.912399    31.758799    18.3004
16.0148    31.7652    18.3004
16.0676    31.7676    18.3004
16.208399    31.775599    18.3004
16.2372    31.777199    18.3004
16.243599    31.778    18.3004
16.2932    31.7804    18.3004
16.3916    31.786    18.3004
16.473999    31.7916    18.3004
16.5796    31.799599    18.3004
16.617199    31.802    18.3004
16.6364    31.803598    18.3004
16.667599    31.806799    18.3004
16.7668    31.8172    18.3004
16.806799    31.821999    18.3004
16.9044    31.833199    18.3004
16.9212    31.8356    18.3004
17.0252    31.8492    18.3004
17.07    31.8548    18.3004
17.0812    31.8564    18.3004
17.094799    31.858799    18.3004
17.2044    31.877998    18.3004
17.2164    31.8804    18.3004
17.2588    31.890799    18.3004
17.2708    31.894    18.3004
17.317999    31.906    18.3004
17.358    31.916399    18.3004
17.373999    31.920399    18.3004
17.4564    31.9452    18.3004
17.5036    31.9604    18.3004
17.557999    31.979599    18.3004
17.576399    31.9868    18.3004
17.5836    31.989199    18.3004
17.5956    31.994    18.3004
17.6404    32.0116    18.3004
17.669199    32.023598    18.3004
17.6724    32.0252    18.3004
17.726    32.05    18.3004
17.7596    32.0676    18.3004
17.799599    32.0924    18.3004
17.8036    32.0948    18.3004
17.8636    32.1292    18.3004
17.8732    32.1348    18.3004
17.9308    32.17    18.3004
17.944399    32.1788    18.3004
17.989199    32.21    18.3004
18.024399    32.2364    18.3004
18.0476    32.2628    18.3004
18.0644    32.2924    18.3004
18.074    32.3116    18.3004
18.076399    32.3172    18.3004
18.0812    32.335598    18.3004
18.0844    32.3428    18.3004
18.1012    32.4148    18.3004
18.1028    32.422    18.3004
18.104399    32.4292    18.3004
18.1084    32.4572    18.3004
18.109999    32.492397    18.3004
18.111599    32.5052    18.3004
18.1108    32.5372    18.3004
18.109999    32.5484    18.3004
18.1068    32.579597    18.3004
18.105999    32.590797    18.3004
18.102    32.6092    18.3004
18.0996    32.6228    18.3004
18.0964    32.6316    18.3004
18.0916    32.646    18.3004
18.0892    32.6524    18.3004
18.0796    32.6764    18.3004
18.0716    32.689198    18.3004
18.065199    32.700397    18.3004
18.048399    32.720398    18.3004
18.0436    32.7268    18.3004
18.037199    32.7332    18.3004
18.0116    32.7564    18.3004
17.9924    32.7748    18.3004
17.97    32.794    18.3004
17.942799    32.8172    18.3004
17.9396    32.8196    18.3004
17.933199    32.8236    18.3004
17.8996    32.8444    18.3004
17.8732    32.8596    18.3004
17.854    32.8708    18.3004
17.8372    32.8796    18.3004
17.816399    32.89    18.3004
17.7972    32.8988    18.3004
17.7516    32.9172    18.3004
17.7356    32.9236    18.3004
17.713999    32.930798    18.3004
17.654    32.9516    18.3004
17.6516    32.9524    18.3004
17.615599    32.9596    18.3004
17.576399    32.9628    18.3004
17.559599    32.964397    18.3004
17.538    32.9652    18.3004
17.4692    32.966    18.3004
17.4356    32.9652    18.3004
17.4052    32.9652    18.3004
17.3396    32.9636    18.3004
17.3156    32.961998    18.3004
17.3084    32.961998    18.3004
17.2516    32.9596    18.3004
17.2396    32.958797    18.3004
17.1572    32.953197    18.3004
17.0924    32.947598    18.3004
17.0788    32.9468    18.3004
16.894    32.930798    18.3004
16.754799    32.918    18.3004
16.726    32.9156    18.3004
16.706    32.9132    18.3004
16.6164    32.902    18.3004
16.553999    32.894    18.3004
16.5124    32.8884    18.3004
16.4604    32.8812    18.3004
16.3724    32.8684    18.3004
16.33    32.8612    18.3004
16.1884    32.8348    18.3004
16.1596    32.8292    18.3004
16.146    32.826    18.3004
16.0684    32.8108    18.3004
16.0436    32.804398    18.3004
15.9548    32.7812    18.3004
15.934799    32.7756    18.3004
15.855599    32.7548    18.3004
15.7708    32.7276    18.3004
15.769199    32.7268    18.3004
15.768399    32.7268    18.3004
15.7676    32.725998    18.3004
15.5348    32.6356    18.3004
15.4939995    32.618797    18.3004
15.4604    32.6036    18.3004
15.401999    32.578    18.3004
15.326799    32.5452    18.3004
15.1964    32.4836    18.3004
15.158799    32.466    18.3004
15.0876    32.4324    18.3004
15.0404    32.4092    18.3004
14.9972    32.3892    18.3004
14.9508    32.3668    18.3004
14.802    32.298    18.3004
14.786799    32.2908    18.3004
14.773999    32.2844    18.3004
14.7532    32.276398    18.3004
14.618    32.2188    18.3004
14.61    32.2156    18.3004
14.5748    32.202    18.3004
14.465199    32.158    18.3004
14.3932    32.126    18.3004
14.3404    32.101997    18.3004
14.334    32.099598    18.3004
14.326799    32.0972    18.3004
14.2908    32.079597    18.3004
14.280399    32.0748    18.3004
14.2668    32.0692    18.3004
14.2332    32.0548    18.3004
14.223599    32.05    18.3004
14.2148    32.045998    18.3004
14.183599    32.0316    18.3004
14.154799    32.017998    18.3004
14.1388    32.012398    18.3004
14.1116    31.9972    18.3004
14.0892    31.9868    18.3004
14.045199    31.966799    18.3004
14.0188    31.953999    18.3004
13.9964    31.9436    18.3004
13.9724    31.9348    18.3004
13.9539995    31.9236    18.3004
13.9372    31.914799    18.3004
13.9156    31.9084    18.3004
13.882    31.8916    18.3004
13.877199    31.889198    18.3004
13.8508    31.885199    18.3004
13.8252    31.866798    18.3004
13.8236    31.866    18.3004
13.7964    31.8604    18.3004
13.7788    31.845999    18.3004
13.7652    31.862    18.3004
13.7604    31.862    18.3004
13.762799    31.866    18.3004
13.763599    31.866798    18.3004
13.781199    31.885199    18.3004
13.831599    31.938    18.3004
13.8564    31.963598    18.3004
13.866799    31.9748    18.3004
13.87    31.977999    18.3004
13.873199    31.9804    18.3004
13.913199    32.017998    18.3004
14.016399    32.118797    18.3004
14.0308    32.1308    18.3004
14.1668    32.2436    18.3004
14.2204    32.2948    18.3004
14.274799    32.3508    18.3004
14.3508    32.436398    18.3004
14.383599    32.4748    18.3004
14.499599    32.606    18.3004
14.514    32.6212    18.3004
14.595599    32.720398    18.3004
14.6468    32.7772    18.3004
14.7388    32.8852    18.3004
14.808399    32.966    18.3004
14.8331995    32.995598    18.3004
14.849999    33.0156    18.3004
14.9604    33.1516    18.3004
14.9772    33.174    18.3004
15.0644    33.2868    18.3004
15.085199    33.3148    18.3004
15.097199    33.3316    18.3004
15.1491995    33.4124    18.3004
15.17    33.445198    18.3004
15.205199    33.5092    18.3004
15.2092    33.5164    18.3004
15.2123995    33.5244    18.3004
15.2428    33.6084    18.3004
15.251599    33.634    18.3004
15.262799    33.6788    18.3004
15.280399    33.7468    18.3004
15.2844    33.7604    18.3004
15.2876    33.7812    18.3004
15.2964    33.8428    18.3004
15.3012    33.8836    18.3004
15.303599    33.9124    18.3004
15.303599    33.9172    18.3004
15.303599    33.9212    18.3004
15.3052    33.938    18.3004
15.3124    34.0692    18.3004
15.3116    34.0804    18.3004
15.3108    34.1044    18.3004
15.3043995    34.138798    18.3004
15.297999    34.154    18.3004
15.2948    34.1788    18.3004
15.2884    34.2124    18.3004
15.285199    34.2188    18.3004
15.279599    34.239597    18.3004
15.2755995    34.2444    18.3004
15.257199    34.25    18.3004
15.2492    34.2476    18.3004
15.2411995    34.246    18.3004
15.2212    34.2356    18.3004
15.2028    34.2308    18.3004
15.1988    34.2292    18.3004
15.1964    34.2276    18.3004
15.174    34.2084    18.3004
15.17    34.2052    18.3004
15.1668    34.2012    18.3004
15.147599    34.1796    18.3004
15.124399    34.1564    18.3004
15.1236    34.1548    18.3004
15.122    34.154    18.3004
15.118    34.1508    18.3004
15.085199    34.1236    18.3004
15.0803995    34.1204    18.3004
15.068399    34.113197    18.3004
15.0532    34.1012    18.3004
15.0404    34.088398    18.3004
15.0348    34.0812    18.3004
15.0084    34.0428    18.3004
15.003599    34.0372    18.3004
14.9892    34.0204    18.3004
14.9788    34.0004    18.3004
14.969999    33.989998    18.3004
14.966    33.9796    18.3004
14.9516    33.9492    18.3004
14.9436    33.9316    18.3004
14.9212    33.898    18.3004
14.9148    33.8908    18.3004
14.9084    33.8836    18.3004
14.898    33.8668    18.3004
14.8812    33.8388    18.3004
14.846    33.7692    18.3004
14.8164    33.71    18.3004
14.8043995    33.6876    18.3004
14.7755995    33.6348    18.3004
14.757199    33.601997    18.3004
14.733999    33.562    18.3004
14.6988    33.4996    18.3004
14.688399    33.4828    18.3004
14.686    33.4796    18.3004
14.6564    33.4292    18.3004
14.6564    33.4268    18.3004
14.654799    33.4244    18.3004
14.653999    33.422    18.3004
14.629999    33.374798    18.3004
14.598    33.3276    18.3004
14.591599    33.318798    18.3004
14.5859995    33.3084    18.3004
14.544399    33.2444    18.3004
14.538    33.233997    18.3004
14.5356    33.2292    18.3004
14.532399    33.2244    18.3004
14.5316    33.222797    18.3004
14.5148    33.1964    18.3004
14.503599    33.1772    18.3004
14.498799    33.17    18.3004
14.4828    33.1412    18.3004
14.474    33.1292    18.3004
14.4251995    33.0548    18.3004
14.4148    33.0364    18.3004
14.4092    33.0228    18.3004
14.405999    33.017998    18.3004
14.3988    33.0044    18.3004
14.361199    32.9468    18.3004
14.3516    32.9324    18.3004
14.3476    32.9268    18.3004
14.3412    32.919598    18.3004
14.3292    32.9052    18.3004
14.3108    32.8756    18.3004
14.308399    32.8724    18.3004
14.3076    32.8708    18.3004
14.3068    32.869198    18.3004
14.2964    32.8516    18.3004
14.286799    32.8372    18.3004
14.285199    32.8332    18.3004
14.282    32.829998    18.3004
14.2724    32.8148    18.3004
14.263599    32.8012    18.3004
14.2476    32.77    18.3004
14.2332    32.75    18.3004
14.2252    32.7332    18.3004
14.217199    32.7236    18.3004
14.1668    32.6476    18.3004
14.158799    32.633198    18.3004
14.154799    32.6292    18.3004
14.141999    32.607597    18.3004
14.1348    32.5972    18.3004
14.120399    32.5596    18.3004
14.1052    32.5356    18.3004
14.1004    32.526    18.3004
14.095599    32.5212    18.3004
14.049999    32.4612    18.3004
14.0428    32.4492    18.3004
14.0308    32.4324    18.3004
14.0036    32.3996    18.3004
14.0012    32.3948    18.3004
13.993199    32.385998    18.3004
13.986799    32.378    18.3004
13.986    32.3764    18.3004
13.970799    32.35    18.3004
13.9564    32.3236    18.3004
13.95    32.315598    18.3004
13.929199    32.287598    18.3004
13.9164    32.2724    18.3004
13.894799    32.242    18.3004
13.8828    32.2308    18.3004
13.8756    32.222    18.3004
13.8516    32.194798    18.3004
13.79    32.121998    18.3004
13.786799    32.1172    18.3004
13.7732    32.106    18.3004
13.6612    32.001198    18.3004
13.6292    31.9716    18.3004
13.620399    31.9644    18.3004
13.6052    31.952398    18.3004
13.5308    31.889198    18.3004
13.510799    31.8716    18.3004
13.466    31.8364    18.3004
13.4307995    31.8076    18.3004
13.401999    31.786798    18.3004
13.358    31.7524    18.3004
13.349199    31.7468    18.3004
13.344399    31.7428    18.3004
13.2588    31.678799    18.3004
13.2123995    31.641998    18.3004
13.1404    31.584398    18.3004
13.1044    31.559599    18.3004
13.0668    31.5332    18.3004
12.9732    31.466799    18.3004
12.958799    31.4564    18.3004
12.953199    31.4516    18.3004
12.9324    31.431599    18.3004
12.923599    31.4236    18.3004
12.8996    31.4084    18.3004
12.8884    31.409199    18.3004
12.8748    31.4052    18.3004
12.8644    31.407598    18.3004
12.8468    31.403599    18.3004
12.8364    31.407598    18.3004
12.8116    31.41    18.3004
12.7996    31.414799    18.3004
12.7852    31.4212    18.3004
12.7755995    31.424398    18.3004
12.7676    31.4284    18.3004
12.7204    31.4452    18.3004
12.705999    31.4516    18.3004
12.6244    31.4804    18.3004
12.618799    31.481998    18.3004
12.6147995    31.483599    18.3004
12.61    31.483599    18.3004
12.585199    31.4916    18.3004
12.57    31.4828    18.3004
12.5708    31.4636    18.3004
12.5708    31.4548    18.3004
12.5724    31.4492    18.3004
12.5756    31.441198    18.3004
12.573999    31.421999    18.3004
12.5716    31.414    18.3004
12.566    31.4052    18.3004
12.5588    31.3996    18.3004
12.533199    31.403599    18.3004
12.5236    31.4084    18.3004
12.505199    31.409199    18.3004
12.498    31.4124    18.3004
12.475599    31.4172    18.3004
12.4748    31.4172    18.3004
12.45    31.4268    18.3004
12.406    31.442799    18.3004
12.3924    31.446798    18.3004
12.3804    31.4516    18.3004
12.355599    31.459599    18.3004
12.2428    31.4956    18.3004
12.2132    31.5052    18.3004
12.1564    31.522799    18.3004
12.119599    31.5364    18.3004
12.098    31.5444    18.3004
12.0859995    31.5492    18.3004
12.0668    31.5532    18.3004
12.0644    31.5532    18.3004
12.062799    31.5532    18.3004
12.0364    31.550798    18.3004
12.0356    31.55    18.3004
11.9828    31.514    18.3004
11.974    31.507599    18.3004
11.969999    31.504398    18.3004
11.957999    31.493198    18.3004
11.9548    31.486    18.3004
11.946799    31.4756    18.3004
11.946799    31.465199    18.3004
11.9444    31.449999    18.3004
11.9436    31.441198    18.3004
11.9444    31.4028    18.3004
11.941999    31.3676    18.3004
11.9332    31.2596    18.3004
11.929999    31.234    18.3004
11.922    31.1628    18.3004
11.9172    31.1188    18.3004
11.9116    31.102    18.3004
11.9092    31.098    18.3004
11.9028    31.0924    18.3004
11.8828    31.0796    18.3004
11.872399    31.074    18.3004
11.849999    31.053999    18.3004
11.8484    31.050798    18.3004
11.8524    31.024399    18.3004
11.855599    31.007599    18.3004
11.860399    30.9716    18.3004
11.8628    30.953999    18.3004
11.8644    30.9364    18.3004
11.8675995    30.889198    18.3004
11.8675995    30.8876    18.3004
11.8675995    30.886799    18.3004
11.8684    30.885199    18.3004
11.8692    30.882    18.3004
11.874    30.858799    18.3004
11.883599    30.838    18.3004
11.8884    30.825998    18.3004
11.9004    30.8084    18.3004
11.9036    30.7988    18.3004
11.9156    30.782    18.3004
11.9251995    30.7668    18.3004
11.9428    30.741999    18.3004
11.9732    30.6964    18.3004
12.014    30.637999    18.3004
12.039599    30.602    18.3004
12.0604    30.5724    18.3004
12.097199    30.5196    18.3004
12.1804    30.406    18.3004
12.182    30.403599    18.3004
12.182799    30.4028    18.3004
12.1844    30.4004    18.3004
12.210799    30.3716    18.3004
12.2148    30.3692    18.3004
12.233999    30.3564    18.3004
12.246799    30.3604    18.3004
12.2484    30.362799    18.3004
12.2548    30.3732    18.3004
12.263599    30.385199    18.3004
12.266    30.390799    18.3004
12.2732    30.4044    18.3004
12.2987995    30.458    18.3004
12.331599    30.528399    18.3004
12.346    30.5588    18.3004
12.406799    30.689999    18.3004
12.407599    30.6908    18.3004
12.4084    30.6924    18.3004
12.45    30.7732    18.3004
12.4612    30.792398    18.3004
12.4916    30.8396    18.3004
12.4948    30.8452    18.3004
12.5204    30.8844    18.3004
12.538799    30.91    18.3004
12.5524    30.9284    18.3004
12.5652    30.946    18.3004
12.5716    30.953999    18.3004
12.5892    30.9772    18.3004
12.6124    31.0028    18.3004
12.6276    31.0196    18.3004
12.6412    31.0348    18.3004
12.6468    31.042    18.3004
12.6788    31.0628    18.3004
12.6788    31.063599    18.3004
12.6796    31.0628    18.3004
12.6796    31.061998    18.3004
12.6876    31.0332    18.3004
12.6876    31.0236    18.3004
12.69    31.0028    18.3004
12.6876    30.994    18.3004
12.6788    30.970798    18.3004
12.6779995    30.97    18.3004
12.6556    30.9492    18.3004
12.65    30.937199    18.3004
12.642799    30.9252    18.3004
12.6324    30.91    18.3004
12.6212    30.886    18.3004
12.613999    30.8716    18.3004
12.6036    30.853199    18.3004
12.5988    30.8412    18.3004
12.594    30.8268    18.3004
12.5932    30.814798    18.3004
12.59    30.806    18.3004
12.594    30.7908    18.3004
12.594    30.782799    18.3004
12.6004    30.7676    18.3004
12.6036    30.7596    18.3004
12.620399    30.734    18.3004
12.6244    30.7284    18.3004
12.6444    30.699598    18.3004
12.6468    30.6964    18.3004
12.6572    30.669199    18.3004
12.6612    30.6628    18.3004
12.6572    30.6412    18.3004
12.6588    30.632399    18.3004
12.654799    30.6236    18.3004
12.6404    30.6036    18.3004
12.6332    30.594    18.3004
12.602799    30.5644    18.3004
12.5764    30.5388    18.3004
12.5636    30.5252    18.3004
12.5148    30.4772    18.3004
12.486    30.4476    18.3004
12.4444    30.4084    18.3004
12.4028    30.369999    18.3004
12.389199    30.3564    18.3004
12.3764    30.3452    18.3004
12.361199    30.333199    18.3004
12.321199    30.297998    18.3004
12.3172    30.2948    18.3004
12.314799    30.292398    18.3004
12.3116    30.289999    18.3004
12.2604    30.2556    18.3004
12.242    30.243599    18.3004
12.228399    30.234    18.3004
12.205999    30.221199    18.3004
12.1876    30.2116    18.3004
12.1844    30.2092    18.3004
12.1564    30.193998    18.3004
12.136399    30.184399    18.3004
12.1044    30.17    18.3004
12.078799    30.1612    18.3004
12.068399    30.1572    18.3004
12.0532    30.1524    18.3004
12.033199    30.1468    18.3004
12.009999    30.141998    18.3004
11.9883995    30.1372    18.3004
11.970799    30.133999    18.3004
11.947599    30.132399    18.3004
11.938    30.1316    18.3004
11.9332    30.1316    18.3004
11.9276    30.1316    18.3004
11.889999    30.13    18.3004
11.846    30.13    18.3004
11.834    30.130798    18.3004
11.8292    30.1316    18.3004
11.7852    30.1348    18.3004
11.774799    30.1356    18.3004
11.7668    30.136398    18.3004
11.7036    30.1444    18.3004
11.6564    30.1516    18.3004
11.6068    30.156399    18.3004
11.5828    30.160398    18.3004
11.538    30.167599    18.3004
11.5204    30.167599    18.3004
11.4972    30.1708    18.3004
11.476399    30.174799    18.3004
11.4668    30.174799    18.3004
11.45    30.178799    18.3004
11.4396    30.180399    18.3004
11.4204    30.1876    18.3004
11.4196    30.188398    18.3004
11.435599    30.2244    18.3004
11.4388    30.23    18.3004
11.45    30.251598    18.3004
11.4628    30.269999    18.3004
11.4732    30.2892    18.3004
11.4836    30.306    18.3004
11.5012    30.338    18.3004
11.5092    30.354    18.3004
11.510799    30.358    18.3004
11.5171995    30.3804    18.3004
11.5171995    30.383598    18.3004
11.509999    30.4028    18.3004
11.5068    30.406    18.3004
11.502    30.407598    18.3004
11.475599    30.4212    18.3004
11.4636    30.4284    18.3004
11.4436    30.4348    18.3004
11.441199    30.435598    18.3004
11.4372    30.4364    18.3004
11.406799    30.4452    18.3004
11.3876    30.448399    18.3004
11.358    30.4508    18.3004
11.3356    30.4532    18.3004
11.297199    30.453999    18.3004
11.2772    30.4564    18.3004
11.2372    30.458    18.3004
11.2132    30.458    18.3004
11.1956    30.4572    18.3004
11.1516    30.4564    18.3004
11.1244    30.453999    18.3004
11.0988    30.4532    18.3004
11.0556    30.4508    18.3004
11.027599    30.4476    18.3004
11.009999    30.4452    18.3004
10.9788    30.441198    18.3004
10.9307995    30.4324    18.3004
10.914    30.4292    18.3004
10.8476    30.4156    18.3004
10.791599    30.4012    18.3004
10.7644    30.394    18.3004
10.745999    30.3884    18.3004
10.6228    30.3524    18.3004
10.6188    30.3508    18.3004
10.5212    30.316399    18.3004
10.5171995    30.314798    18.3004
10.4452    30.288399    18.3004
10.377999    30.2636    18.3004
10.372399    30.2612    18.3004
10.37    30.260399    18.3004
10.3572    30.254799    18.3004
10.2772    30.2204    18.3004
10.223599    30.193998    18.3004
10.199599    30.182798    18.3004
10.1156    30.139599    18.3004
10.106    30.1348    18.3004
10.073999    30.113998    18.3004
10.033199    30.0924    18.3004
9.987599    30.0612    18.3004
9.9684    30.050798    18.3004
9.935599    30.031599    18.3004
9.8963995    30.0068    18.3004
9.8756    29.9924    18.3004
9.803599    29.942    18.3004
9.802    29.9404    18.3004
9.8004    29.9396    18.3004
9.757999    29.9084    18.3004
9.6932    29.861198    18.3004
9.6916    29.8596    18.3004
9.648399    29.83    18.3004
9.613999    29.8028    18.3004
9.591599    29.784399    18.3004
9.5556    29.753199    18.3004
9.5308    29.730799    18.3004
9.504399    29.702799    18.3004
9.4828    29.6796    18.3004
9.4564    29.65    18.3004
9.4116    29.597198    18.3004
9.3812    29.5588    18.3004
9.3684    29.541199    18.3004
9.342    29.5028    18.3004
9.3404    29.5012    18.3004
9.334    29.49    18.3004
9.292399    29.4292    18.3004
9.282    29.41    18.3004
9.246799    29.347599    18.3004
9.2372    29.3308    18.3004
9.2332    29.321999    18.3004
9.1908    29.2372    18.3004
9.186    29.2276    18.3004
9.1852    29.226799    18.3004
9.1524    29.142    18.3004
9.1516    29.1404    18.3004
9.1276    29.0788    18.3004
9.1188    29.050798    18.3004
9.1116    29.0252    18.3004
9.098    28.977999    18.3004
9.091599    28.953999    18.3004
9.0876    28.942    18.3004
9.0636    28.8484    18.3004
9.0596    28.8268    18.3004
9.046    28.7388    18.3004
9.042    28.7132    18.3004
9.0316    28.625198    18.3004
9.0292    28.598    18.3004
9.027599    28.5588    18.3004
9.026    28.500399    18.3004
9.026    28.466799    18.3004
9.026    28.4532    18.3004
9.026    28.4228    18.3004
9.028399    28.3604    18.3004
9.0308    28.3396    18.3004
9.0372    28.277199    18.3004
9.039599    28.2524    18.3004
9.0468    28.206799    18.3004
9.0548    28.1628    18.3004
9.062799    28.122    18.3004
9.068399    28.0964    18.3004
9.0708    28.0892    18.3004
9.0748    28.0732    18.3004
9.090799    28.0212    18.3004
9.1076    27.97    18.3004
9.113999    27.9524    18.3004
9.122    27.934    18.3004
9.1412    27.886799    18.3004
9.1491995    27.872398    18.3004
9.19    27.795599    18.3004
9.1932    27.788399    18.3004
9.194799    27.786798    18.3004
9.200399    27.777199    18.3004
9.2252    27.736399    18.3004
9.2355995    27.721199    18.3004
9.2548    27.694    18.3004
9.2699995    27.673199    18.3004
9.3068    27.622799    18.3004
9.326799    27.598    18.3004
9.37    27.548399    18.3004
9.3716    27.546799    18.3004
9.372399    27.546    18.3004
9.4268    27.490799    18.3004
9.4428    27.4756    18.3004
9.4772    27.442799    18.3004
