14.754    27.057999    12.6004
14.7436    27.0628    12.6004
14.7332    27.070799    12.6004
14.7092    27.0844    12.6004
14.6812    27.102798    12.6004
14.665199    27.113998    12.6004
14.634    27.139599    12.6004
14.6156    27.1556    12.6004
14.5892    27.1796    12.6004
14.5764    27.1908    12.6004
14.5596    27.208399    12.6004
14.5476    27.221199    12.6004
14.53    27.2412    12.6004
14.521199    27.247599    12.6004
14.5148    27.2564    12.6004
14.4908    27.289999    12.6004
14.4684    27.3244    12.6004
14.4628    27.3324    12.6004
14.4572    27.342    12.6004
14.4508    27.349998    12.6004
14.405999    27.4348    12.6004
14.4044    27.438    12.6004
14.4028    27.4404    12.6004
14.3524    27.545198    12.6004
14.3476    27.5556    12.6004
14.342799    27.565199    12.6004
14.3292    27.594799    12.6004
14.282    27.701199    12.6004
14.257199    27.754    12.6004
14.2276    27.8196    12.6004
14.2148    27.845999    12.6004
14.177199    27.9268    12.6004
14.160399    27.959599    12.6004
14.125999    28.0364    12.6004
14.107599    28.0756    12.6004
14.106    28.078    12.6004
14.102799    28.0852    12.6004
14.068399    28.1516    12.6004
14.056399    28.174    12.6004
14.027599    28.2228    12.6004
14.0244    28.2284    12.6004
13.997999    28.274    12.6004
13.9828    28.2964    12.6004
13.965199    28.3228    12.6004
13.9372    28.362    12.6004
13.9228    28.385199    12.6004
13.91    28.401999    12.6004
13.877199    28.4436    12.6004
13.8484    28.4788    12.6004
13.822    28.507599    12.6004
13.8188    28.5108    12.6004
13.7844    28.541199    12.6004
13.7828    28.5436    12.6004
13.779599    28.546799    12.6004
13.733999    28.5892    12.6004
13.717999    28.5996    12.6004
13.671599    28.632399    12.6004
13.65    28.649199    12.6004
13.6356    28.6572    12.6004
13.6004    28.678    12.6004
13.555599    28.7052    12.6004
13.5132    28.7244    12.6004
13.4716    28.7428    12.6004
13.4452    28.751598    12.6004
13.3708    28.775599    12.6004
13.3068    28.7916    12.6004
13.268399    28.801199    12.6004
13.2508    28.806    12.6004
13.1435995    28.83    12.6004
13.0612    28.8468    12.6004
12.9539995    28.8692    12.6004
12.9052    28.879599    12.6004
12.834    28.8972    12.6004
12.740399    28.925999    12.6004
12.734799    28.927599    12.6004
12.7324    28.9284    12.6004
12.7036    28.937199    12.6004
12.6388    28.958    12.6004
12.6332    28.9604    12.6004
12.5356    29.004398    12.6004
12.521999    29.009998    12.6004
12.429199    29.0548    12.6004
12.395599    29.0724    12.6004
12.2596    29.145199    12.6004
12.239599    29.1556    12.6004
12.137199    29.2076    12.6004
12.0412    29.257198    12.6004
12.0348    29.2612    12.6004
12.026    29.264399    12.6004
11.9428    29.301199    12.6004
11.9284    29.3044    12.6004
11.895599    29.314798    12.6004
11.8532    29.3308    12.6004
11.7699995    29.3548    12.6004
11.768399    29.355598    12.6004
11.763599    29.3564    12.6004
11.6723995    29.3716    12.6004
11.6212    29.3764    12.6004
11.602799    29.377998    12.6004
11.591599    29.379599    12.6004
11.5428    29.379599    12.6004
11.5412    29.379599    12.6004
11.538799    29.379599    12.6004
11.498799    29.3764    12.6004
11.4332    29.366798    12.6004
11.4228    29.3652    12.6004
11.3948    29.355598    12.6004
11.394    29.355598    12.6004
11.3932    29.3548    12.6004
11.3476    29.342    12.6004
11.3396    29.3396    12.6004
11.33    29.334    12.6004
11.314799    29.327599    12.6004
11.2964    29.3172    12.6004
11.262799    29.2972    12.6004
11.2372    29.2836    12.6004
11.2276    29.277199    12.6004
11.205999    29.2804    12.6004
11.1932    29.282    12.6004
11.19    29.286798    12.6004
11.1812    29.2964    12.6004
11.165999    29.312399    12.6004
11.1476    29.334799    12.6004
11.1356    29.3492    12.6004
11.1172    29.368399    12.6004
11.1068    29.381199    12.6004
11.096399    29.3916    12.6004
11.0772    29.4116    12.6004
11.0692    29.4172    12.6004
11.0476    29.433199    12.6004
11.027599    29.448399    12.6004
11.016399    29.4548    12.6004
11.0068    29.459599    12.6004
10.9796    29.470798    12.6004
10.962    29.4756    12.6004
10.9539995    29.4788    12.6004
10.946    29.4804    12.6004
10.9092    29.4844    12.6004
10.901199    29.4844    12.6004
10.8963995    29.483599    12.6004
10.8331995    29.473999    12.6004
10.8132    29.4716    12.6004
10.809199    29.470798    12.6004
10.722799    29.455599    12.6004
10.6964    29.449999    12.6004
10.6748    29.4436    12.6004
10.6292    29.429998    12.6004
10.5868    29.414799    12.6004
10.5764    29.4116    12.6004
10.5724    29.41    12.6004
10.562799    29.4068    12.6004
10.486    29.3788    12.6004
10.458    29.364399    12.6004
10.435599    29.351599    12.6004
10.4196    29.3412    12.6004
10.3988    29.317999    12.6004
10.389999    29.310799    12.6004
10.3756    29.2908    12.6004
10.3684    29.281199    12.6004
10.361199    29.2612    12.6004
10.3524    29.237999    12.6004
10.3508    29.230799    12.6004
10.338799    29.198    12.6004
10.3284    29.17    12.6004
10.3124    29.104399    12.6004
10.3028    29.0772    12.6004
10.2884    29.028399    12.6004
10.2796    29.001999    12.6004
10.2676    28.9588    12.6004
10.2484    28.890799    12.6004
10.245999    28.881199    12.6004
10.2364    28.83    12.6004
10.2316    28.8004    12.6004
10.2308    28.7964    12.6004
10.2244    28.7356    12.6004
10.2244    28.734798    12.6004
10.223599    28.689999    12.6004
10.223599    28.6868    12.6004
10.2252    28.643599    12.6004
10.226    28.633999    12.6004
10.228399    28.600399    12.6004
10.2308    28.565199    12.6004
10.2355995    28.5212    12.6004
10.238    28.498798    12.6004
10.242    28.455599    12.6004
10.245999    28.409199    12.6004
10.246799    28.4044    12.6004
10.2484    28.394    12.6004
10.2532    28.358799    12.6004
10.2596    28.3284    12.6004
10.2628    28.309198    12.6004
10.2724    28.260399    12.6004
10.2764    28.2412    12.6004
10.2892    28.1868    12.6004
10.2908    28.1796    12.6004
10.2948    28.1684    12.6004
10.306    28.118    12.6004
10.314    28.09    12.6004
10.3164    28.0812    12.6004
10.322    28.07    12.6004
10.3364    28.0268    12.6004
10.337999    28.0236    12.6004
10.3628    27.9716    12.6004
10.3684    27.9636    12.6004
10.382    27.9364    12.6004
10.3932    27.9156    12.6004
10.406    27.8972    12.6004
10.4204    27.8772    12.6004
10.4556    27.8364    12.6004
10.469999    27.817999    12.6004
10.5227995    27.7572    12.6004
10.5244    27.7556    12.6004
10.5252    27.754799    12.6004
10.5644    27.7132    12.6004
10.594    27.682798    12.6004
10.6228    27.654    12.6004
10.6692    27.613998    12.6004
10.7012    27.5844    12.6004
10.7204    27.5676    12.6004
10.7852    27.5196    12.6004
10.7948    27.5124    12.6004
10.814    27.500399    12.6004
10.8692    27.4676    12.6004
10.9028    27.4468    12.6004
10.9092    27.4436    12.6004
10.9604    27.418    12.6004
10.9788    27.409199    12.6004
10.998    27.4028    12.6004
11.018    27.397999    12.6004
11.03    27.3948    12.6004
11.0412    27.394    12.6004
11.058    27.3916    12.6004
11.07    27.394    12.6004
11.0859995    27.3948    12.6004
11.097199    27.3972    12.6004
11.1116    27.4012    12.6004
11.1268    27.410799    12.6004
11.1524    27.4236    12.6004
11.1564    27.425999    12.6004
11.165999    27.429998    12.6004
11.186    27.409199    12.6004
11.200399    27.394    12.6004
11.211599    27.3692    12.6004
11.2204    27.349998    12.6004
11.2308    27.33    12.6004
11.266    27.2564    12.6004
11.2755995    27.2356    12.6004
11.2788    27.229198    12.6004
11.309999    27.165998    12.6004
11.33    27.126    12.6004
11.360399    27.0644    12.6004
11.394    26.9924    12.6004
11.401999    26.973999    12.6004
11.412399    26.948399    12.6004
11.4212    26.9308    12.6004
11.4436    26.8836    12.6004
11.4684    26.833199    12.6004
11.487599    26.7916    12.6004
11.49    26.788399    12.6004
11.506    26.7572    12.6004
11.582    26.619598    12.6004
11.5948    26.5956    12.6004
11.6116    26.566    12.6004
11.637199    26.518799    12.6004
11.6404    26.513199    12.6004
11.6444    26.505999    12.6004
11.6779995    26.453999    12.6004
11.6868    26.4412    12.6004
11.7188    26.3988    12.6004
11.7332    26.3804    12.6004
11.7596    26.3484    12.6004
11.7668    26.340399    12.6004
11.806    26.302    12.6004
11.8068    26.301199    12.6004
11.844399    26.2684    12.6004
11.849999    26.2636    12.6004
11.8652    26.254799    12.6004
11.8828    26.2428    12.6004
11.8916    26.237999    12.6004
11.9044    26.232399    12.6004
11.9268    26.219599    12.6004
11.9883995    26.1924    12.6004
12.0204    26.178799    12.6004
12.0803995    26.1556    12.6004
12.091599    26.150799    12.6004
12.106    26.146    12.6004
12.1932    26.1108    12.6004
12.2755995    26.074    12.6004
12.2844    26.069199    12.6004
12.285999    26.0684    12.6004
12.3196    26.05    12.6004
12.344399    26.031599    12.6004
12.3588    26.0212    12.6004
12.377999    26.0052    12.6004
12.394    25.987598    12.6004
12.401199    25.9788    12.6004
12.406799    25.9748    12.6004
12.429199    25.949999    12.6004
12.453199    25.9228    12.6004
12.510799    25.8548    12.6004
12.5148    25.849998    12.6004
12.516399    25.847599    12.6004
12.5412    25.8132    12.6004
12.554    25.795599    12.6004
12.594    25.734798    12.6004
12.601999    25.725199    12.6004
12.6292    25.6852    12.6004
12.6732    25.6148    12.6004
12.688399    25.5908    12.6004
12.7276    25.5292    12.6004
12.7596    25.477999    12.6004
12.7676    25.4644    12.6004
12.7996    25.409199    12.6004
12.834    25.3524    12.6004
12.8596    25.310799    12.6004
12.9276    25.1908    12.6004
12.9324    25.182    12.6004
12.9388    25.171598    12.6004
12.99    25.0828    12.6004
13.0236    25.0252    12.6004
13.0252    25.022    12.6004
13.028399    25.0164    12.6004
13.056399    24.9676    12.6004
13.085199    24.914799    12.6004
13.094    24.896399    12.6004
13.1108    24.8668    12.6004
13.1332    24.829199    12.6004
13.1572    24.784399    12.6004
13.1812    24.7396    12.6004
13.205199    24.6908    12.6004
13.2244    24.654    12.6004
13.2316    24.6404    12.6004
13.254    24.598    12.6004
13.278    24.5516    12.6004
13.2844    24.537199    12.6004
13.3068    24.494    12.6004
13.318    24.472399    12.6004
13.3276    24.4532    12.6004
13.3532    24.397999    12.6004
13.4044    24.292398    12.6004
13.4052    24.289999    12.6004
13.426    24.2428    12.6004
13.441199    24.2092    12.6004
13.452399    24.1868    12.6004
13.4548    24.1828    12.6004
13.4684    24.156399    12.6004
13.470799    24.1484    12.6004
13.4716    24.1204    12.6004
13.457999    24.1148    12.6004
13.438    24.098    12.6004
13.434    24.097198    12.6004
13.429999    24.098    12.6004
13.401999    24.091599    12.6004
13.3748    24.0924    12.6004
13.3708    24.094    12.6004
13.344399    24.0908    12.6004
13.3188    24.094    12.6004
13.314    24.0956    12.6004
13.2932    24.1012    12.6004
13.262799    24.1076    12.6004
13.2204    24.114    12.6004
13.1876    24.118    12.6004
13.050799    24.132399    12.6004
13.028399    24.133999    12.6004
12.9228    24.1428    12.6004
12.8868    24.146    12.6004
12.8628    24.1476    12.6004
12.797999    24.15    12.6004
12.6916    24.154    12.6004
12.6876    24.154    12.6004
12.6852    24.154    12.6004
12.677199    24.154    12.6004
12.5404    24.1532    12.6004
12.481999    24.1532    12.6004
12.395599    24.1524    12.6004
12.3252    24.149199    12.6004
12.2492    24.1476    12.6004
12.2332    24.1468    12.6004
12.217999    24.146    12.6004
12.131599    24.139599    12.6004
12.122    24.1388    12.6004
12.090799    24.1356    12.6004
12.0428    24.13    12.6004
12.027599    24.128399    12.6004
11.962    24.1196    12.6004
11.923599    24.1124    12.6004
11.9036    24.1076    12.6004
11.854799    24.097198    12.6004
11.844399    24.094799    12.6004
11.8172    24.085999    12.6004
11.8028    24.0812    12.6004
11.7964    24.0796    12.6004
11.751599    24.063599    12.6004
11.729199    24.053999    12.6004
11.6876    24.0348    12.6004
11.6644    24.0252    12.6004
11.436399    23.918798    12.6004
11.3804    23.892399    12.6004
11.3636    23.885199    12.6004
11.320399    23.8668    12.6004
11.2828    23.8548    12.6004
11.257199    23.8468    12.6004
11.1964    23.834    12.6004
11.05    23.7988    12.6004
10.9939995    23.7852    12.6004
10.976399    23.778    12.6004
10.9516    23.7596    12.6004
10.9492    23.758    12.6004
10.9332    23.7452    12.6004
10.9172    23.732399    12.6004
10.9148    23.730799    12.6004
10.9036    23.7204    12.6004
10.8348    23.65    12.6004
10.781199    23.5956    12.6004
10.7699995    23.5844    12.6004
10.738    23.55    12.6004
10.665999    23.4732    12.6004
10.6396    23.4404    12.6004
10.5988    23.39    12.6004
10.5724    23.3548    12.6004
10.538    23.3076    12.6004
10.499599    23.254    12.6004
10.4828    23.23    12.6004
10.4732    23.2148    12.6004
10.4516    23.1812    12.6004
10.4372    23.1572    12.6004
10.424399    23.132399    12.6004
10.4164    23.1164    12.6004
10.412399    23.105999    12.6004
10.406799    23.087599    12.6004
10.4036    23.0716    12.6004
10.4044    23.052399    12.6004
10.4036    23.0444    12.6004
10.4044    23.0348    12.6004
10.4116    22.996399    12.6004
10.414    22.985199    12.6004
10.418799    22.9684    12.6004
10.4292    22.9364    12.6004
10.429999    22.933199    12.6004
10.4324    22.927599    12.6004
10.441999    22.8972    12.6004
10.4524    22.875599    12.6004
10.464399    22.8604    12.6004
10.4692    22.853199    12.6004
10.476399    22.8452    12.6004
10.4892    22.8356    12.6004
10.498    22.8268    12.6004
10.5204    22.817999    12.6004
10.5252    22.8156    12.6004
10.5324    22.8132    12.6004
10.5571995    22.8076    12.6004
10.5876    22.802    12.6004
10.5988    22.801199    12.6004
10.6244    22.799599    12.6004
10.65    22.7964    12.6004
10.6556    22.7964    12.6004
10.688399    22.798    12.6004
10.6932    22.798    12.6004
10.7084    22.7924    12.6004
10.729199    22.786798    12.6004
10.7372    22.7732    12.6004
10.7492    22.7564    12.6004
10.7548    22.7244    12.6004
10.7548    22.7228    12.6004
10.7492    22.702799    12.6004
10.7484    22.6988    12.6004
10.7268    22.6524    12.6004
10.714    22.626    12.6004
10.700399    22.5924    12.6004
10.6732    22.522    12.6004
10.662    22.490799    12.6004
10.6396    22.4228    12.6004
10.6268    22.3828    12.6004
10.6147995    22.3412    12.6004
10.6044    22.301199    12.6004
10.585199    22.219599    12.6004
10.5764    22.167599    12.6004
10.5644    22.0868    12.6004
10.561999    22.0716    12.6004
10.5548    22.013199    12.6004
10.5524    21.9716    12.6004
10.55    21.9268    12.6004
10.5492    21.8748    12.6004
10.5492    21.8372    12.6004
10.5492    21.7916    12.6004
10.55    21.7428    12.6004
10.5524    21.674799    12.6004
10.556399    21.6148    12.6004
10.558    21.5996    12.6004
10.5588    21.5892    12.6004
10.5692    21.511599    12.6004
10.573999    21.4868    12.6004
10.5876    21.4132    12.6004
10.5948    21.3772    12.6004
10.6044    21.3284    12.6004
10.618    21.2708    12.6004
10.63    21.2244    12.6004
10.6396    21.185999    12.6004
10.6628    21.105999    12.6004
10.6668    21.093199    12.6004
10.6692    21.0844    12.6004
10.6812    21.05    12.6004
10.7108    20.9524    12.6004
10.7428    20.8596    12.6004
10.745999    20.85    12.6004
10.7484    20.842    12.6004
10.7884    20.7276    12.6004
10.791599    20.7164    12.6004
10.809999    20.6604    12.6004
10.818    20.6348    12.6004
10.8196    20.632399    12.6004
10.8452    20.552399    12.6004
10.849999    20.5364    12.6004
10.8508    20.5348    12.6004
10.8564    20.513199    12.6004
10.8852    20.406    12.6004
10.8884    20.396399    12.6004
10.907599    20.301199    12.6004
10.9108    20.2924    12.6004
10.9108    20.2876    12.6004
10.9164    20.2748    12.6004
10.9228    20.254799    12.6004
10.9251995    20.241999    12.6004
10.924399    20.2404    12.6004
10.9228    20.2388    12.6004
10.9164    20.208399    12.6004
10.9156    20.2076    12.6004
10.91    20.1996    12.6004
10.8948    20.185999    12.6004
10.8924    20.1812    12.6004
10.8924    20.178    12.6004
10.889199    20.1532    12.6004
10.8907995    20.15    12.6004
10.8884    20.128399    12.6004
10.8884    20.122799    12.6004
10.872399    20.1052    12.6004
10.8716    20.098    12.6004
10.866    20.081999    12.6004
10.849999    20.0716    12.6004
10.834    20.0644    12.6004
10.8244    20.0612    12.6004
10.809199    20.0588    12.6004
10.7987995    20.0588    12.6004
10.794    20.0572    12.6004
10.791599    20.0572    12.6004
10.7532    20.0452    12.6004
10.734799    20.038    12.6004
10.726    20.0348    12.6004
10.7084    20.0228    12.6004
10.699599    20.018799    12.6004
10.6756    20.0052    12.6004
10.6684    20.0012    12.6004
10.658    19.9924    12.6004
10.6388    19.9756    12.6004
10.6108    19.9492    12.6004
10.607599    19.946    12.6004
10.59    19.927599    12.6004
10.5868    19.9236    12.6004
10.5836    19.9196    12.6004
10.5652    19.8932    12.6004
10.562799    19.89    12.6004
10.55    19.864399    12.6004
10.542    19.838    12.6004
10.539599    19.833199    12.6004
10.533999    19.806    12.6004
10.53    19.75    12.6004
10.5292    19.7372    12.6004
10.528399    19.732399    12.6004
10.528399    19.7076    12.6004
10.5268    19.621199    12.6004
10.5268    19.5628    12.6004
10.5268    19.5332    12.6004
10.527599    19.518799    12.6004
10.53    19.4412    12.6004
10.5316    19.4052    12.6004
10.5372    19.3004    12.6004
10.5412    19.2468    12.6004
10.5484    19.132399    12.6004
10.554    19.065199    12.6004
10.5604    18.9628    12.6004
10.5652    18.89    12.6004
10.5716    18.7652    12.6004
10.5724    18.7516    12.6004
10.5756    18.6996    12.6004
10.5764    18.6708    12.6004
10.5772    18.6548    12.6004
10.5859995    18.6012    12.6004
10.5859995    18.5956    12.6004
10.5884    18.5852    12.6004
10.596399    18.553999    12.6004
10.6108    18.524399    12.6004
10.6388    18.482    12.6004
10.6476    18.4684    12.6004
10.660399    18.4532    12.6004
10.7452    18.35    12.6004
10.757199    18.3364    12.6004
10.8516    18.2228    12.6004
10.9028    18.1644    12.6004
10.9316    18.1316    12.6004
10.946    18.114    12.6004
10.9612    18.098    12.6004
10.998    18.062    12.6004
11.03    18.0308    12.6004
11.062799    18.0108    12.6004
11.067599    18.007599    12.6004
11.0692    18.0068    12.6004
11.1116    17.982    12.6004
11.118    17.9788    12.6004
11.1396    17.972399    12.6004
11.1612    17.966799    12.6004
11.2308    17.954    12.6004
11.2364    17.9532    12.6004
11.2996    17.949999    12.6004
11.3356    17.9476    12.6004
11.343599    17.9476    12.6004
11.462    17.949999    12.6004
11.470799    17.9508    12.6004
11.4836    17.9532    12.6004
11.554    17.9652    12.6004
11.6036    17.973999    12.6004
11.6516    17.985199    12.6004
11.7084    18.0028    12.6004
11.7548    18.0204    12.6004
11.7948    18.0332    12.6004
11.8588    18.0676    12.6004
11.87    18.074    12.6004
11.929999    18.1084    12.6004
11.936399    18.1124    12.6004
11.9396    18.114    12.6004
12.0076    18.1556    12.6004
12.0308    18.169199    12.6004
12.0859995    18.2092    12.6004
12.1052    18.222    12.6004
12.1124    18.2284    12.6004
12.162    18.2644    12.6004
12.199599    18.2988    12.6004
12.2156    18.3116    12.6004
12.2355995    18.33    12.6004
12.2644    18.3564    12.6004
12.2788    18.3716    12.6004
12.2892    18.3804    12.6004
12.3043995    18.394    12.6004
12.3532    18.4492    12.6004
12.361199    18.458    12.6004
12.4164    18.5276    12.6004
12.423599    18.541199    12.6004
12.465199    18.5996    12.6004
12.4948    18.6388    12.6004
12.498799    18.6436    12.6004
12.550799    18.7156    12.6004
12.5756    18.754799    12.6004
12.5884    18.7732    12.6004
12.6052    18.798    12.6004
12.6572    18.8708    12.6004
12.6756    18.8964    12.6004
12.717199    18.9596    12.6004
12.7316    18.9812    12.6004
12.794    19.0732    12.6004
12.83    19.121199    12.6004
12.861199    19.17    12.6004
12.9044    19.2348    12.6004
12.9444    19.2964    12.6004
12.976399    19.3436    12.6004
13.044399    19.442799    12.6004
13.0803995    19.4956    12.6004
13.0892    19.5084    12.6004
13.1756    19.6316    12.6004
13.1932    19.6588    12.6004
13.2067995    19.6764    12.6004
13.2948    19.793999    12.6004
13.4204    19.9532    12.6004
13.429999    19.9652    12.6004
13.4556    19.996399    12.6004
13.481999    20.029999    12.6004
13.5524    20.1132    12.6004
13.6044    20.169199    12.6004
13.619599    20.185999    12.6004
13.6508    20.2172    12.6004
13.6723995    20.237999    12.6004
13.686    20.2516    12.6004
13.6964    20.260399    12.6004
13.7836    20.342    12.6004
13.846    20.3884    12.6004
13.8484    20.390799    12.6004
13.9164    20.434    12.6004
13.9196    20.4356    12.6004
13.9684    20.462    12.6004
13.970799    20.4636    12.6004
13.9748    20.466    12.6004
14.0244    20.4828    12.6004
14.056399    20.4868    12.6004
14.0828    20.4884    12.6004
14.125999    20.483599    12.6004
14.158    20.4804    12.6004
14.1676    20.4788    12.6004
14.285999    20.4452    12.6004
14.291599    20.442    12.6004
14.389999    20.4124    12.6004
14.4428    20.396399    12.6004
14.558    20.345999    12.6004
14.5756    20.3396    12.6004
14.5884    20.3364    12.6004
14.6556    20.3156    12.6004
14.6844    20.3076    12.6004
14.7067995    20.3044    12.6004
14.774799    20.301199    12.6004
14.7908    20.3028    12.6004
14.802799    20.305199    12.6004
14.8236    20.3036    12.6004
14.837199    20.3044    12.6004
14.860399    20.31    12.6004
14.889199    20.3148    12.6004
14.913199    20.321999    12.6004
14.946799    20.33    12.6004
14.957999    20.334799    12.6004
15.005199    20.35    12.6004
15.0188    20.3556    12.6004
15.095599    20.39    12.6004
15.1236    20.4044    12.6004
15.1524    20.4212    12.6004
15.1844    20.442799    12.6004
15.188399    20.444399    12.6004
15.2012    20.458    12.6004
15.214    20.472399    12.6004
15.2212    20.477999    12.6004
15.227599    20.4844    12.6004
15.2388    20.5012    12.6004
15.2676    20.569199    12.6004
15.268399    20.57    12.6004
15.2892    20.621199    12.6004
15.3108    20.682    12.6004
15.3924    20.901999    12.6004
15.424399    20.989199    12.6004
15.441199    21.0348    12.6004
15.4883995    21.1588    12.6004
15.498799    21.1884    12.6004
15.544399    21.306799    12.6004
15.5548    21.334    12.6004
15.562799    21.354    12.6004
15.613999    21.4812    12.6004
15.6524    21.5756    12.6004
15.6684    21.6124    12.6004
15.7067995    21.6964    12.6004
15.7332    21.758    12.6004
15.7588    21.812399    12.6004
15.7755995    21.847599    12.6004
15.809999    21.916399    12.6004
15.8308    21.9548    12.6004
15.8404    21.9756    12.6004
15.855599    22.0036    12.6004
15.884399    22.059599    12.6004
15.900399    22.087599    12.6004
15.9436    22.161999    12.6004
15.95    22.173199    12.6004
15.9548    22.1828    12.6004
15.964399    22.1988    12.6004
15.975599    22.2172    12.6004
15.9956    22.2524    12.6004
16.048399    22.342    12.6004
16.0604    22.364399    12.6004
16.0732    22.386    12.6004
16.133999    22.49    12.6004
16.1556    22.531599    12.6004
16.194    22.5996    12.6004
16.2276    22.660398    12.6004
16.2588    22.7172    12.6004
16.2916    22.782    12.6004
16.306799    22.810799    12.6004
16.3468    22.8844    12.6004
16.35    22.89    12.6004
16.3852    22.9572    12.6004
16.397999    22.9812    12.6004
16.4324    23.0476    12.6004
16.4564    23.0964    12.6004
16.461199    23.1052    12.6004
16.4756    23.1428    12.6004
16.4756    23.1572    12.6004
16.4748    23.1708    12.6004
16.4604    23.1828    12.6004
16.4492    23.1932    12.6004
16.446    23.1948    12.6004
16.434    23.2004    12.6004
16.3852    23.2244    12.6004
16.3436    23.2412    12.6004
16.277199    23.2652    12.6004
16.2524    23.2732    12.6004
16.2004    23.288399    12.6004
16.184399    23.293999    12.6004
16.1524    23.301199    12.6004
16.1068    23.312399    12.6004
16.074    23.317999    12.6004
16.0444    23.3212    12.6004
16.0228    23.3244    12.6004
15.992399    23.326    12.6004
15.9548    23.3268    12.6004
15.8972    23.323599    12.6004
15.886    23.323599    12.6004
15.791599    23.3092    12.6004
15.750799    23.3036    12.6004
15.658    23.2908    12.6004
15.622    23.2852    12.6004
15.5948    23.282    12.6004
15.5476    23.2764    12.6004
15.542    23.2764    12.6004
15.505199    23.2732    12.6004
15.481199    23.2732    12.6004
15.4788    23.2732    12.6004
15.475599    23.2732    12.6004
15.4372    23.2796    12.6004
15.4251995    23.282    12.6004
15.4148    23.2852    12.6004
15.3796    23.2988    12.6004
15.349999    23.3116    12.6004
15.3116    23.333199    12.6004
15.274799    23.3508    12.6004
15.222799    23.3844    12.6004
15.216399    23.3884    12.6004
15.210799    23.390799    12.6004
15.1852    23.409199    12.6004
15.1812    23.4172    12.6004
15.182799    23.4212    12.6004
15.1868    23.4532    12.6004
15.188399    23.4548    12.6004
15.19    23.4604    12.6004
15.193999    23.4828    12.6004
15.193999    23.489199    12.6004
15.2092    23.5068    12.6004
15.221999    23.518799    12.6004
15.240399    23.531599    12.6004
15.245999    23.5388    12.6004
15.2612    23.548399    12.6004
15.274799    23.5564    12.6004
15.297999    23.5684    12.6004
15.33    23.5852    12.6004
15.384399    23.6196    12.6004
15.4148    23.6372    12.6004
15.458799    23.667599    12.6004
15.5068    23.7004    12.6004
15.526    23.713999    12.6004
15.5476    23.729198    12.6004
15.561999    23.7388    12.6004
15.5996    23.765999    12.6004
15.658    23.8092    12.6004
15.702    23.840399    12.6004
15.7612    23.8884    12.6004
15.7892    23.9124    12.6004
15.844399    23.9628    12.6004
15.894    24.0052    12.6004
15.9796    24.0788    12.6004
15.980399    24.0796    12.6004
16.0828    24.1628    12.6004
16.104399    24.1812    12.6004
16.1628    24.2284    12.6004
16.19    24.2508    12.6004
16.2124    24.2668    12.6004
16.225199    24.2764    12.6004
16.2316    24.281199    12.6004
16.282    24.3172    12.6004
16.3076    24.334799    12.6004
16.3132    24.338    12.6004
16.3188    24.338799    12.6004
16.3428    24.3452    12.6004
16.3692    24.349998    12.6004
16.3916    24.3548    12.6004
16.397999    24.357199    12.6004
16.4468    24.3716    12.6004
16.4628    24.378    12.6004
16.531599    24.4084    12.6004
16.5588    24.418798    12.6004
16.5868    24.4292    12.6004
16.6036    24.434    12.6004
16.621199    24.4396    12.6004
16.6708    24.448399    12.6004
16.6724    24.4492    12.6004
16.6796    24.449999    12.6004
16.6996    24.4532    12.6004
16.749199    24.4572    12.6004
16.782    24.459599    12.6004
16.7876    24.459599    12.6004
16.789999    24.459599    12.6004
16.7916    24.459599    12.6004
16.814    24.458    12.6004
16.8452    24.455599    12.6004
16.8804    24.4516    12.6004
16.946    24.442    12.6004
17.042    24.427599    12.6004
17.059599    24.4236    12.6004
17.2316    24.3892    12.6004
17.243599    24.386799    12.6004
17.277199    24.382    12.6004
17.3732    24.3692    12.6004
17.4516    24.3676    12.6004
17.4572    24.3676    12.6004
17.479599    24.3724    12.6004
17.4924    24.3748    12.6004
17.494    24.3748    12.6004
17.5436    24.3844    12.6004
17.546799    24.386    12.6004
17.5548    24.3884    12.6004
17.6108    24.41    12.6004
17.628399    24.418    12.6004
17.6612    24.433199    12.6004
17.6812    24.444399    12.6004
17.695599    24.4516    12.6004
17.7396    24.479599    12.6004
17.7556    24.490799    12.6004
17.774    24.505999    12.6004
17.8204    24.5444    12.6004
17.8452    24.563599    12.6004
17.869999    24.5852    12.6004
17.937199    24.6428    12.6004
17.989199    24.6892    12.6004
18.0228    24.721199    12.6004
18.0388    24.7356    12.6004
18.053999    24.7524    12.6004
18.065199    24.7636    12.6004
18.0676    24.765999    12.6004
18.094    24.786798    12.6004
18.1012    24.7876    12.6004
18.128399    24.7876    12.6004
18.157999    24.781199    12.6004
18.1604    24.781199    12.6004
18.1612    24.781199    12.6004
18.1828    24.7796    12.6004
18.197199    24.781199    12.6004
18.2116    24.784399    12.6004
18.2396    24.7948    12.6004
18.247599    24.7972    12.6004
18.2524    24.799599    12.6004
18.260399    24.8028    12.6004
18.302    24.8228    12.6004
18.3908    24.864399    12.6004
18.486    24.9084    12.6004
18.5564    24.942    12.6004
18.669199    24.9988    12.6004
18.7124    25.024399    12.6004
18.7276    25.035599    12.6004
18.7396    25.042799    12.6004
18.7564    25.0572    12.6004
18.7628    25.0644    12.6004
18.778    25.0868    12.6004
18.7916    25.109999    12.6004
18.8116    25.142    12.6004
18.8316    25.1756    12.6004
18.8372    25.184399    12.6004
18.8764    25.254    12.6004
18.9068    25.3092    12.6004
18.910799    25.3156    12.6004
18.9324    25.357199    12.6004
18.9436    25.378    12.6004
18.9476    25.386    12.6004
18.9516    25.3948    12.6004
18.9772    25.4468    12.6004
19.000399    25.5012    12.6004
19.0172    25.541199    12.6004
19.0228    25.5572    12.6004
19.0308    25.581999    12.6004
19.0332    25.594799    12.6004
19.0388    25.622799    12.6004
19.0404    25.6428    12.6004
19.042    25.661999    12.6004
19.0396    25.6756    12.6004
19.0388    25.6884    12.6004
19.038    25.6996    12.6004
19.035599    25.7132    12.6004
19.024399    25.764399    12.6004
19.0228    25.774    12.6004
19.018799    25.788399    12.6004
19.011599    25.812399    12.6004
18.9972    25.8564    12.6004
18.994799    25.8652    12.6004
18.9884    25.886    12.6004
18.9764    25.9156    12.6004
18.9716    25.9284    12.6004
18.961199    25.953999    12.6004
18.946    25.99    12.6004
18.937199    26.0092    12.6004
18.9308    26.0236    12.6004
18.9132    26.0572    12.6004
18.9044    26.070799    12.6004
18.8876    26.091599    12.6004
18.8788    26.102798    12.6004
18.873999    26.1076    12.6004
18.8596    26.122    12.6004
18.8548    26.126799    12.6004
18.851599    26.1292    12.6004
18.771599    26.1908    12.6004
18.7444    26.21    12.6004
18.7036    26.237999    12.6004
18.6756    26.258    12.6004
18.63    26.286798    12.6004
18.600399    26.3044    12.6004
18.5452    26.3372    12.6004
18.5444    26.338    12.6004
18.5396    26.340399    12.6004
18.4708    26.3788    12.6004
18.4548    26.3892    12.6004
18.4436    26.3932    12.6004
18.4404    26.396399    12.6004
18.4132    26.407598    12.6004
18.4084    26.41    12.6004
18.406    26.410799    12.6004
18.386    26.4172    12.6004
18.3692    26.4196    12.6004
18.3508    26.4196    12.6004
18.3428    26.418798    12.6004
18.3276    26.418798    12.6004
18.306799    26.414    12.6004
18.2988    26.4116    12.6004
18.2708    26.4028    12.6004
18.2572    26.3988    12.6004
18.2508    26.396399    12.6004
18.1932    26.3764    12.6004
18.169199    26.366    12.6004
18.142    26.354    12.6004
18.1244    26.342    12.6004
18.1036    26.327599    12.6004
18.0844    26.31    12.6004
18.0732    26.301199    12.6004
18.0572    26.2876    12.6004
18.048399    26.2788    12.6004
18.0332    26.2764    12.6004
18.0148    26.2764    12.6004
17.9972    26.286798    12.6004
17.983599    26.2948    12.6004
17.9564    26.310799    12.6004
17.9044    26.3436    12.6004
17.8884    26.3524    12.6004
17.8668    26.364399    12.6004
17.7684    26.420399    12.6004
17.7332    26.438    12.6004
17.678    26.4644    12.6004
17.657999    26.473999    12.6004
17.6316    26.485199    12.6004
17.570799    26.5108    12.6004
17.529999    26.5252    12.6004
17.5084    26.531599    12.6004
17.486    26.537199    12.6004
17.4252    26.550798    12.6004
17.4188    26.552399    12.6004
17.4156    26.552399    12.6004
17.3692    26.557999    12.6004
17.354    26.5588    12.6004
17.3284    26.5604    12.6004
17.317999    26.5604    12.6004
17.2724    26.5588    12.6004
17.260399    26.5588    12.6004
17.25    26.557999    12.6004
17.197199    26.548399    12.6004
17.1828    26.545198    12.6004
17.174799    26.5436    12.6004
17.1036    26.518    12.6004
17.0924    26.513199    12.6004
17.087599    26.511599    12.6004
17.0108    26.473999    12.6004
16.9812    26.458    12.6004
16.8796    26.403599    12.6004
16.8396    26.381199    12.6004
16.7764    26.344398    12.6004
16.7348    26.3212    12.6004
16.6876    26.2972    12.6004
16.6772    26.2916    12.6004
16.67    26.2876    12.6004
16.6484    26.277199    12.6004
16.6372    26.2764    12.6004
16.6196    26.2724    12.6004
16.6092    26.2724    12.6004
16.5916    26.274    12.6004
16.5756    26.277199    12.6004
16.5604    26.2796    12.6004
16.5436    26.2852    12.6004
16.534    26.286798    12.6004
16.507599    26.2972    12.6004
16.5068    26.2972    12.6004
16.4788    26.310799    12.6004
16.4508    26.327599    12.6004
16.434    26.338799    12.6004
16.366    26.386    12.6004
16.310799    26.4268    12.6004
16.260399    26.466    12.6004
16.163599    26.537199    12.6004
16.118    26.5724    12.6004
16.0308    26.642    12.6004
15.997999    26.665998    12.6004
15.9396    26.71    12.6004
15.8907995    26.741999    12.6004
15.8644    26.758799    12.6004
15.821199    26.7876    12.6004
15.808399    26.7948    12.6004
15.8012    26.7988    12.6004
15.7732    26.8132    12.6004
15.763599    26.817999    12.6004
15.757199    26.8212    12.6004
15.7268    26.838    12.6004
15.6788    26.858799    12.6004
15.6723995    26.861198    12.6004
15.6508    26.8692    12.6004
15.6292    26.878    12.6004
15.624399    26.879599    12.6004
15.613999    26.8828    12.6004
15.5868    26.890799    12.6004
15.528399    26.9028    12.6004
15.504399    26.909199    12.6004
15.435599    26.920399    12.6004
15.3876    26.9292    12.6004
15.355599    26.933199    12.6004
15.234799    26.948399    12.6004
15.1868    26.9548    12.6004
15.120399    26.9644    12.6004
15.0428    26.9748    12.6004
15.0124    26.979599    12.6004
14.986    26.9828    12.6004
14.91    26.998    12.6004
14.8988    26.9996    12.6004
14.8972    27.000399    12.6004
14.8404    27.0196    12.6004
14.8348    27.0212    12.6004
14.79    27.0388    12.6004
14.7828    27.042    12.6004
14.754    27.057999    12.6004
