11.7828    9.252399    15.9004
11.818    9.1876    15.9004
11.8764    9.09    15.9004
11.883599    9.078    15.9004
11.894    9.0612    15.9004
11.923599    9.0188    15.9004
11.9564    8.978    15.9004
11.9939995    8.9396    15.9004
12.0372    8.901199    15.9004
12.0716    8.8692    15.9004
12.0828    8.8604    15.9004
12.122    8.8348    15.9004
12.1388    8.826    15.9004
12.165199    8.815599    15.9004
12.1812    8.8132    15.9004
12.199599    8.8236    15.9004
12.2044    8.8188    15.9004
12.2156    8.834    15.9004
12.2148    8.854    15.9004
12.2252    8.8892    15.9004
12.2244    8.914    15.9004
12.222799    8.9324    15.9004
12.217999    8.9604    15.9004
12.2148    8.9883995    15.9004
12.1964    9.0556    15.9004
12.193999    9.0636    15.9004
12.1932    9.0668    15.9004
12.1779995    9.11    15.9004
12.1636    9.1468    15.9004
12.147599    9.182    15.9004
12.138    9.21    15.9004
12.1324    9.2244    15.9004
12.1236    9.2444    15.9004
12.1068    9.278    15.9004
12.0748    9.349999    15.9004
12.0596    9.3812    15.9004
12.0571995    9.3852    15.9004
12.0532    9.3963995    15.9004
12.0308    9.438    15.9004
12.0227995    9.4572    15.9004
12.004399    9.4939995    15.9004
11.998    9.5084    15.9004
11.993199    9.5148    15.9004
11.9916    9.5196    15.9004
11.9636    9.5668    15.9004
11.958799    9.5772    15.9004
11.9539995    9.585199    15.9004
11.9452    9.5996    15.9004
11.9332    9.6156    15.9004
11.922    9.6404    15.9004
11.9212    9.642799    15.9004
11.9196    9.6452    15.9004
11.898    9.677199    15.9004
11.8932    9.6852    15.9004
11.872399    9.7164    15.9004
11.87    9.7212    15.9004
11.8619995    9.7364    15.9004
11.8508    9.7532    15.9004
11.806    9.8124    15.9004
11.7964    9.826    15.9004
11.781199    9.842    15.9004
11.762    9.8619995    15.9004
11.7564    9.87    15.9004
11.7436    9.8804    15.9004
11.7276    9.8907995    15.9004
11.7044    9.907599    15.9004
11.6988    9.9116    15.9004
11.6804    9.9212    15.9004
11.662    9.9292    15.9004
11.658    9.9307995    15.9004
11.6468    9.929999    15.9004
11.622    9.9324    15.9004
11.6108    9.9172    15.9004
11.6108    9.9084    15.9004
11.602799    9.8916    15.9004
11.6012    9.8588    15.9004
11.6044    9.8356    15.9004
11.613999    9.7716    15.9004
11.619599    9.746799    15.9004
11.6284    9.7084    15.9004
11.65    9.618    15.9004
11.6692    9.5524    15.9004
11.683599    9.499599    15.9004
11.7132    9.418799    15.9004
11.723599    9.3916    15.9004
11.7324    9.3692    15.9004
11.7556    9.314    15.9004
11.774799    9.2699995    15.9004
11.7828    9.252399    15.9004
