10.0803995    29.2172    10.2004
10.1188    29.21    10.2004
10.1524    29.2036    10.2004
10.1708    29.201199    10.2004
10.198    29.198    10.2004
10.2084    29.1988    10.2004
10.2188    29.2004    10.2004
10.238    29.2044    10.2004
10.2452    29.2052    10.2004
10.2492    29.208399    10.2004
10.257999    29.222    10.2004
10.2612    29.226799    10.2004
10.2732    29.2524    10.2004
10.3108    29.329199    10.2004
10.3116    29.3308    10.2004
10.3196    29.347599    10.2004
10.326799    29.361198    10.2004
10.33    29.3636    10.2004
10.354    29.39    10.2004
10.3675995    29.392399    10.2004
10.3812    29.4004    10.2004
10.3907995    29.4012    10.2004
10.4548    29.3956    10.2004
10.504399    29.394    10.2004
10.5244    29.3956    10.2004
10.544399    29.4012    10.2004
10.5548    29.4012    10.2004
10.5612    29.4052    10.2004
10.5748    29.410799    10.2004
10.5828    29.4196    10.2004
10.602799    29.4508    10.2004
10.6172    29.4804    10.2004
10.630799    29.505999    10.2004
10.642    29.535599    10.2004
10.6532    29.565199    10.2004
10.660399    29.597198    10.2004
10.665199    29.643599    10.2004
10.6668    29.6684    10.2004
10.6668    29.674    10.2004
10.6668    29.689999    10.2004
10.6676    29.7132    10.2004
10.6676    29.7452    10.2004
10.6676    29.7708    10.2004
10.6668    29.7804    10.2004
10.6612    29.823599    10.2004
10.654799    29.8652    10.2004
10.6524    29.873999    10.2004
10.6508    29.882    10.2004
10.6435995    29.918798    10.2004
10.642    29.9268    10.2004
10.63    29.9628    10.2004
10.6236    29.987598    10.2004
10.6036    30.0388    10.2004
10.601999    30.0436    10.2004
10.5828    30.0884    10.2004
10.5788    30.097198    10.2004
10.556399    30.1388    10.2004
10.5524    30.1476    10.2004
10.5356    30.1756    10.2004
10.5227995    30.1988    10.2004
10.505199    30.226    10.2004
10.4924    30.247599    10.2004
10.4772    30.2708    10.2004
10.4388    30.321999    10.2004
10.4148    30.3564    10.2004
10.384399    30.396399    10.2004
10.358    30.4292    10.2004
10.344399    30.448399    10.2004
10.326799    30.4692    10.2004
10.3004    30.4972    10.2004
10.2764    30.518799    10.2004
10.2764    30.5196    10.2004
10.274799    30.5196    10.2004
10.251599    30.5324    10.2004
10.2204    30.5404    10.2004
10.1748    30.5548    10.2004
10.130799    30.57    10.2004
10.122    30.5756    10.2004
10.0988    30.593199    10.2004
10.0859995    30.608398    10.2004
10.0756    30.619598    10.2004
10.0588    30.645199    10.2004
10.0444    30.6652    10.2004
10.021999    30.698    10.2004
9.9892    30.7468    10.2004
9.974    30.769999    10.2004
9.95    30.806799    10.2004
9.9372    30.8252    10.2004
9.9307995    30.833199    10.2004
9.9148    30.8596    10.2004
9.9108    30.866    10.2004
9.9044    30.873999    10.2004
9.8812    30.901999    10.2004
9.8652    30.9196    10.2004
9.8484    30.938799    10.2004
9.8452    30.942    10.2004
9.834    30.949999    10.2004
9.8108    30.966799    10.2004
9.803599    30.97    10.2004
9.7732    30.985199    10.2004
9.7724    30.985199    10.2004
9.7436    30.994799    10.2004
9.7388    30.9956    10.2004
9.714    30.9972    10.2004
9.7123995    30.996399    10.2004
9.6804    30.981998    10.2004
9.674    30.9788    10.2004
9.6636    30.966799    10.2004
9.6468    30.948399    10.2004
9.6364    30.9268    10.2004
9.6292    30.9068    10.2004
9.6268    30.883598    10.2004
9.622    30.853199    10.2004
9.619599    30.7932    10.2004
9.619599    30.786    10.2004
9.619599    30.782799    10.2004
9.619599    30.7372    10.2004
9.620399    30.722    10.2004
9.622    30.6892    10.2004
9.6228    30.6572    10.2004
9.6228    30.6356    10.2004
9.6292    30.574    10.2004
9.6292    30.570799    10.2004
9.6292    30.569199    10.2004
9.63    30.563599    10.2004
9.63    30.5572    10.2004
9.63    30.522799    10.2004
9.6292    30.515598    10.2004
9.630799    30.490799    10.2004
9.6268    30.479599    10.2004
9.622    30.453999    10.2004
9.618    30.444399    10.2004
9.6092    30.434    10.2004
9.566    30.4084    10.2004
9.5484    30.396399    10.2004
9.5252    30.3828    10.2004
9.5036    30.3708    10.2004
9.4924    30.3564    10.2004
9.4916    30.3548    10.2004
9.4908    30.353199    10.2004
9.474    30.3196    10.2004
9.4692    30.289999    10.2004
9.4676    30.254    10.2004
9.4684    30.2452    10.2004
9.4692    30.208399    10.2004
9.4692    30.2044    10.2004
9.469999    30.1596    10.2004
9.470799    30.146    10.2004
9.474    30.1132    10.2004
9.474    30.1012    10.2004
9.4772    30.066    10.2004
9.4796    30.046799    10.2004
9.486    30.015598    10.2004
9.4964    29.9684    10.2004
9.5012    29.946798    10.2004
9.505199    29.9324    10.2004
9.510799    29.9044    10.2004
9.5244    29.8652    10.2004
9.5324    29.8428    10.2004
9.5492    29.8004    10.2004
9.5756    29.743599    10.2004
9.5803995    29.734798    10.2004
9.6156    29.6644    10.2004
9.620399    29.6556    10.2004
9.625199    29.6468    10.2004
9.642    29.617199    10.2004
9.65    29.602798    10.2004
9.6756    29.563599    10.2004
9.6804    29.5556    10.2004
9.6932    29.5388    10.2004
9.7276    29.494799    10.2004
9.7699995    29.442    10.2004
9.7708    29.441198    10.2004
9.7708    29.4404    10.2004
9.803599    29.403599    10.2004
9.8452    29.358799    10.2004
9.8476    29.355598    10.2004
9.8812    29.325998    10.2004
9.886    29.321999    10.2004
9.901999    29.31    10.2004
9.912399    29.3004    10.2004
9.938    29.282    10.2004
9.941199    29.2796    10.2004
9.9428    29.2788    10.2004
9.958    29.269999    10.2004
9.993199    29.249199    10.2004
10.028399    29.232399    10.2004
10.039599    29.2284    10.2004
10.0532    29.2244    10.2004
10.0803995    29.2172    10.2004
