14.394799    34.5668    11.1004
14.394    34.5668    11.1004
14.3916    34.5676    11.1004
14.343599    34.5788    11.1004
14.3364    34.5804    11.1004
14.3043995    34.585197    11.1004
14.2996    34.586    11.1004
14.2644    34.590797    11.1004
14.2596    34.590797    11.1004
14.2148    34.5948    11.1004
14.2123995    34.5948    11.1004
14.210799    34.5948    11.1004
14.1844    34.5956    11.1004
14.1804    34.5948    11.1004
14.160399    34.596397    11.1004
14.153999    34.5956    11.1004
14.134    34.5948    11.1004
14.1164    34.5916    11.1004
14.1036    34.590797    11.1004
14.0868    34.5876    11.1004
14.0772    34.5868    11.1004
14.0571995    34.582798    11.1004
14.0492    34.5812    11.1004
14.0316    34.5764    11.1004
14.014    34.571598    11.1004
14.009999    34.5708    11.1004
14.004399    34.5692    11.1004
13.958799    34.5532    11.1004
13.9428    34.5468    11.1004
13.906799    34.534    11.1004
13.889199    34.5276    11.1004
13.855599    34.5132    11.1004
13.8331995    34.503597    11.1004
13.8132    34.494    11.1004
13.778    34.4764    11.1004
13.7732    34.4748    11.1004
13.7364    34.453197    11.1004
13.7308    34.45    11.1004
13.7268    34.447598    11.1004
13.676399    34.4172    11.1004
13.665999    34.4116    11.1004
13.6508    34.4012    11.1004
13.6172    34.3756    11.1004
13.601999    34.3652    11.1004
13.589999    34.3652    11.1004
13.5692    34.3612    11.1004
13.558    34.3788    11.1004
13.554    34.3892    11.1004
13.5484    34.4092    11.1004
13.545199    34.422    11.1004
13.5404    34.4428    11.1004
13.5348    34.4652    11.1004
13.533199    34.4716    11.1004
13.5292    34.497997    11.1004
13.5292    34.506798    11.1004
13.538    34.5372    11.1004
13.5372    34.5476    11.1004
13.539599    34.562    11.1004
13.5364    34.5756    11.1004
13.527599    34.5932    11.1004
13.526799    34.606    11.1004
13.5236    34.624397    11.1004
13.521999    34.6596    11.1004
13.5204    34.6732    11.1004
13.5196    34.69    11.1004
13.514    34.7164    11.1004
13.5132    34.7292    11.1004
13.5116    34.761997    11.1004
13.5076    34.7804    11.1004
13.5036    34.802    11.1004
13.499599    34.815598    11.1004
13.4972    34.8332    11.1004
13.4939995    34.8564    11.1004
13.486799    34.882    11.1004
13.4836    34.8948    11.1004
13.4796    34.9124    11.1004
13.474    34.9292    11.1004
13.469999    34.941998    11.1004
13.4668    34.9612    11.1004
13.463599    34.9724    11.1004
13.475599    34.9876    11.1004
13.475599    34.997997    11.1004
13.4804    35.012398    11.1004
13.4892    35.0244    11.1004
13.5076    35.0532    11.1004
13.510799    35.0564    11.1004
13.53    35.077198    11.1004
13.5436    35.0972    11.1004
13.550799    35.110798    11.1004
13.5588    35.1196    11.1004
13.567599    35.135597    11.1004
13.573999    35.1572    11.1004
13.5756    35.1644    11.1004
13.573199    35.1772    11.1004
13.5772    35.1876    11.1004
13.5636    35.21    11.1004
13.561999    35.214798    11.1004
13.550799    35.2388    11.1004
13.546    35.2436    11.1004
13.5404    35.2556    11.1004
13.538799    35.2804    11.1004
13.538    35.2956    11.1004
13.5436    35.3076    11.1004
13.5588    35.329998    11.1004
13.561999    35.332397    11.1004
13.562799    35.3332    11.1004
13.5644    35.3348    11.1004
13.5884    35.3652    11.1004
13.591599    35.371597    11.1004
13.6036    35.3908    11.1004
13.608399    35.4012    11.1004
13.61    35.4156    11.1004
13.6092    35.426    11.1004
13.598    35.4428    11.1004
13.5756    35.469997    11.1004
13.5716    35.474    11.1004
13.5716    35.4772    11.1004
13.573199    35.492397    11.1004
13.573199    35.51    11.1004
13.5748    35.512398    11.1004
13.6036    35.542    11.1004
13.6156    35.5524    11.1004
13.65    35.5764    11.1004
13.660399    35.5836    11.1004
13.6804    35.5988    11.1004
13.7308    35.635597    11.1004
13.7428    35.6436    11.1004
13.751599    35.6508    11.1004
13.7716    35.6676    11.1004
13.7772    35.6732    11.1004
13.7876    35.683598    11.1004
13.797199    35.6972    11.1004
13.8108    35.7212    11.1004
13.8164    35.731598    11.1004
13.822    35.7548    11.1004
13.8244    35.774    11.1004
13.8244    35.7796    11.1004
13.8252    35.787598    11.1004
13.821199    35.806    11.1004
13.814799    35.822    11.1004
13.809199    35.8348    11.1004
13.7987995    35.8556    11.1004
13.797199    35.8596    11.1004
13.79    35.8684    11.1004
13.7612    35.8964    11.1004
13.7411995    35.9108    11.1004
13.7276    35.9228    11.1004
13.7092    35.945198    11.1004
13.702    35.9524    11.1004
13.699599    35.9548    11.1004
13.6988    35.958    11.1004
13.6964    35.966    11.1004
13.6916    35.9804    11.1004
13.6908    35.9836    11.1004
13.6804    36.0548    11.1004
13.6796    36.0612    11.1004
13.677199    36.0676    11.1004
13.6676    36.0948    11.1004
13.6524    36.1268    11.1004
13.6516    36.1284    11.1004
13.6508    36.1292    11.1004
13.620399    36.1564    11.1004
13.6156    36.1604    11.1004
13.6004    36.1748    11.1004
13.5948    36.183598    11.1004
13.5884    36.202    11.1004
13.5892    36.2188    11.1004
13.597199    36.250797    11.1004
13.598    36.259598    11.1004
13.5988    36.2668    11.1004
13.602799    36.2836    11.1004
13.6108    36.3116    11.1004
13.6108    36.3124    11.1004
13.6108    36.313198    11.1004
13.613199    36.3364    11.1004
13.613199    36.363598    11.1004
13.6124    36.369198    11.1004
13.606    36.3996    11.1004
13.6052    36.402798    11.1004
13.6036    36.406    11.1004
13.5892    36.4468    11.1004
13.584399    36.4596    11.1004
13.567599    36.4916    11.1004
13.5652    36.495598    11.1004
13.5604    36.502    11.1004
13.5484    36.517998    11.1004
13.5324    36.5308    11.1004
13.528399    36.5324    11.1004
13.4748    36.5468    11.1004
13.4508    36.5508    11.1004
13.4396    36.5564    11.1004
13.4307995    36.5636    11.1004
13.407599    36.590797    11.1004
13.4052    36.5956    11.1004
13.4044    36.6028    11.1004
13.4036    36.621998    11.1004
13.4028    36.6348    11.1004
13.4028    36.6508    11.1004
13.398    36.6708    11.1004
13.3972    36.6756    11.1004
13.394799    36.6812    11.1004
13.3828    36.697998    11.1004
13.3652    36.714798    11.1004
13.3524    36.7276    11.1004
13.3284    36.7468    11.1004
13.3196    36.7516    11.1004
13.286799    36.7692    11.1004
13.279599    36.7724    11.1004
13.2764    36.773197    11.1004
13.2316    36.7868    11.1004
13.222799    36.7892    11.1004
13.2036    36.7908    11.1004
13.1804    36.794    11.1004
13.1684    36.793198    11.1004
13.1508    36.7924    11.1004
13.131599    36.7884    11.1004
13.101999    36.7804    11.1004
13.085199    36.7772    11.1004
13.067599    36.7724    11.1004
13.0532    36.774    11.1004
13.039599    36.7716    11.1004
13.021199    36.773197    11.1004
13.0124    36.773197    11.1004
12.9908    36.7796    11.1004
12.974    36.7852    11.1004
12.9276    36.8036    11.1004
12.9204    36.8068    11.1004
12.8932    36.8124    11.1004
12.886    36.8148    11.1004
12.846    36.818798    11.1004
12.844399    36.818798    11.1004
12.843599    36.818798    11.1004
12.7788    36.8108    11.1004
12.778    36.8108    11.1004
12.7436    36.8012    11.1004
12.7308    36.798    11.1004
12.7156    36.7948    11.1004
12.674    36.7812    11.1004
12.659599    36.7756    11.1004
12.6284    36.761997    11.1004
12.619599    36.7572    11.1004
12.5924    36.7444    11.1004
12.555599    36.722    11.1004
12.554    36.720398    11.1004
12.5524    36.7188    11.1004
12.4948    36.6772    11.1004
12.447599    36.6404    11.1004
12.441999    36.6372    11.1004
12.4372    36.634    11.1004
12.4028    36.6092    11.1004
12.3907995    36.6012    11.1004
12.358    36.5788    11.1004
12.292399    36.5444    11.1004
12.2884    36.542    11.1004
12.2612    36.523598    11.1004
12.2588    36.522    11.1004
12.2556    36.5196    11.1004
12.2332    36.5004    11.1004
12.2196    36.486797    11.1004
12.2092    36.473198    11.1004
12.199599    36.4572    11.1004
12.1916    36.445198    11.1004
12.1788    36.4212    11.1004
12.1723995    36.406    11.1004
12.1491995    36.342    11.1004
12.1452    36.3332    11.1004
12.136399    36.3172    11.1004
12.1268    36.304398    11.1004
12.1236    36.298    11.1004
12.1164    36.2964    11.1004
12.0876    36.29    11.1004
12.0836    36.2916    11.1004
12.062799    36.302    11.1004
12.0596    36.304398    11.1004
12.0116    36.3316    11.1004
12.004399    36.335598    11.1004
12.0028    36.3364    11.1004
11.9964    36.3396    11.1004
11.976399    36.35    11.1004
11.9748    36.3508    11.1004
11.9732    36.3508    11.1004
11.947599    36.3596    11.1004
11.9452    36.360397    11.1004
11.9268    36.363598    11.1004
11.918799    36.363598    11.1004
11.8932    36.3612    11.1004
11.8756    36.3588    11.1004
11.843599    36.3516    11.1004
11.802    36.3428    11.1004
11.791599    36.3396    11.1004
11.7884    36.337997    11.1004
11.7764    36.3292    11.1004
11.766    36.321198    11.1004
11.7612    36.3148    11.1004
11.751599    36.3028    11.1004
11.7476    36.2964    11.1004
11.7364    36.27    11.1004
11.73    36.2516    11.1004
11.7244    36.2236    11.1004
11.7212    36.205997    11.1004
11.7108    36.1716    11.1004
11.7067995    36.1644    11.1004
11.698    36.144398    11.1004
11.6844    36.133198    11.1004
11.6788    36.1284    11.1004
11.674    36.1268    11.1004
11.665999    36.1292    11.1004
11.6435995    36.1348    11.1004
11.6276    36.141197    11.1004
11.6092    36.1484    11.1004
11.5884    36.1548    11.1004
11.5756    36.1548    11.1004
11.5596    36.1524    11.1004
11.5468    36.1492    11.1004
11.5324    36.144398    11.1004
11.514    36.127598    11.1004
11.510799    36.124397    11.1004
11.4972    36.110798    11.1004
11.487599    36.099598    11.1004
11.474    36.082    11.1004
11.452399    36.054    11.1004
11.4484    36.0468    11.1004
11.4372    36.029198    11.1004
11.4204    36.002    11.1004
11.401199    35.9668    11.1004
11.3924    35.9468    11.1004
11.3756    35.9076    11.1004
11.3716    35.897198    11.1004
11.366799    35.8756    11.1004
11.361199    35.8428    11.1004
11.3572    35.8204    11.1004
11.354    35.7692    11.1004
11.354    35.7684    11.1004
11.358    35.7044    11.1004
11.360399    35.6876    11.1004
11.366799    35.6492    11.1004
11.3708    35.6324    11.1004
11.3796    35.606    11.1004
11.3852    35.590797    11.1004
11.4044    35.5428    11.1004
11.4052    35.542    11.1004
11.4292    35.509197    11.1004
11.4404    35.4932    11.1004
11.45    35.478798    11.1004
11.453199    35.4628    11.1004
11.4668    35.4428    11.1004
11.465199    35.430798    11.1004
11.4716    35.4148    11.1004
11.452399    35.3892    11.1004
11.4516    35.388397    11.1004
11.4268    35.3596    11.1004
11.426    35.3588    11.1004
11.426    35.357998    11.1004
11.422    35.3332    11.1004
11.4251995    35.321198    11.1004
11.4284    35.3036    11.1004
11.434    35.2852    11.1004
11.4436    35.27    11.1004
11.4636    35.237198    11.1004
11.4668    35.2324    11.1004
11.498    35.1844    11.1004
11.498799    35.183598    11.1004
11.549999    35.127598    11.1004
11.578799    35.0972    11.1004
11.607599    35.0668    11.1004
11.63    35.0428    11.1004
11.6396    35.0324    11.1004
11.6756    34.9988    11.1004
11.7044    34.973198    11.1004
11.733999    34.9468    11.1004
11.7596    34.926    11.1004
11.792399    34.8996    11.1004
11.814799    34.882797    11.1004
11.842    34.860397    11.1004
11.8564    34.85    11.1004
11.8684    34.8428    11.1004
11.8772    34.837997    11.1004
11.8996    34.8228    11.1004
11.914    34.8148    11.1004
11.9324    34.802    11.1004
11.9404    34.7852    11.1004
11.947599    34.776398    11.1004
11.9484    34.761997    11.1004
11.9539995    34.750797    11.1004
11.952399    34.7332    11.1004
11.9556    34.7196    11.1004
11.9548    34.69    11.1004
11.9556    34.6692    11.1004
11.9556    34.6676    11.1004
11.9556    34.6628    11.1004
11.9564    34.6532    11.1004
11.9572    34.6324    11.1004
11.9636    34.618797    11.1004
11.9676    34.605198    11.1004
11.9804    34.59    11.1004
11.9852    34.582    11.1004
11.9908    34.5788    11.1004
12.0012    34.5732    11.1004
12.0308    34.5604    11.1004
12.0532    34.5508    11.1004
12.09    34.5372    11.1004
12.1052    34.5316    11.1004
12.1268    34.522    11.1004
12.1452    34.506798    11.1004
12.1556    34.501198    11.1004
12.1684    34.4964    11.1004
12.182799    34.481197    11.1004
12.1924    34.473198    11.1004
12.199599    34.458    11.1004
12.2084    34.434    11.1004
12.2123995    34.422    11.1004
12.2204    34.4036    11.1004
12.2324    34.3756    11.1004
12.2444    34.352398    11.1004
12.2644    34.318798    11.1004
12.280399    34.2908    11.1004
12.29    34.276398    11.1004
12.2964    34.2676    11.1004
12.314799    34.2436    11.1004
12.3356    34.218    11.1004
12.343599    34.21    11.1004
12.3756    34.1764    11.1004
12.3907995    34.1604    11.1004
12.4196    34.1356    11.1004
12.4332    34.124397    11.1004
12.4436    34.116398    11.1004
12.4772    34.090797    11.1004
12.4939995    34.0804    11.1004
12.5252    34.0604    11.1004
12.542    34.0508    11.1004
12.5716    34.0372    11.1004
12.6092    34.0196    11.1004
12.6435995    34.0084    11.1004
12.6572    34.0044    11.1004
12.7132    33.9908    11.1004
12.740399    33.9836    11.1004
12.7996    33.975597    11.1004
12.83    33.9716    11.1004
12.866799    33.9708    11.1004
12.913199    33.9724    11.1004
12.9444    33.974    11.1004
13.0292    33.9836    11.1004
13.0316    33.9836    11.1004
13.0372    33.9852    11.1004
13.0924    34.0044    11.1004
13.118    34.0148    11.1004
13.136399    34.0252    11.1004
13.1516    34.0332    11.1004
13.177199    34.0428    11.1004
13.186    34.0444    11.1004
13.199599    34.0228    11.1004
13.194799    34.0076    11.1004
13.1964    33.9908    11.1004
13.1876    33.975597    11.1004
13.1796    33.9708    11.1004
13.1844    33.9628    11.1004
13.183599    33.95    11.1004
13.1723995    33.9316    11.1004
13.1636    33.9188    11.1004
13.146    33.897198    11.1004
13.1388    33.8868    11.1004
13.134    33.8812    11.1004
13.097199    33.8396    11.1004
13.096399    33.837997    11.1004
13.084399    33.824398    11.1004
13.067599    33.806    11.1004
13.0644    33.802    11.1004
13.027599    33.7636    11.1004
13.0236    33.7604    11.1004
12.9972    33.733997    11.1004
12.9948    33.731598    11.1004
12.9916    33.73    11.1004
12.964399    33.7068    11.1004
12.9604    33.7052    11.1004
12.95    33.697998    11.1004
12.929999    33.6852    11.1004
12.913199    33.674    11.1004
12.883599    33.6564    11.1004
12.8684    33.6508    11.1004
12.8476    33.6404    11.1004
12.831599    33.6348    11.1004
12.8196    33.627598    11.1004
12.814799    33.6284    11.1004
12.791599    33.6228    11.1004
12.7844    33.6252    11.1004
12.763599    33.6236    11.1004
12.7556    33.627598    11.1004
12.7332    33.6372    11.1004
12.7164    33.649998    11.1004
12.694799    33.6628    11.1004
12.6852    33.67    11.1004
12.6404    33.7052    11.1004
12.607599    33.7324    11.1004
12.591599    33.746    11.1004
12.5772    33.7556    11.1004
12.5644    33.7668    11.1004
12.5492    33.7756    11.1004
12.539599    33.7812    11.1004
12.5364    33.7836    11.1004
12.5324    33.7844    11.1004
12.5252    33.7868    11.1004
12.509999    33.794    11.1004
12.4844    33.8012    11.1004
12.4804    33.8028    11.1004
12.4539995    33.8092    11.1004
12.4428    33.8116    11.1004
12.441199    33.8116    11.1004
12.418799    33.809998    11.1004
12.3988    33.8092    11.1004
12.3796    33.8076    11.1004
12.358    33.806    11.1004
12.3564    33.806    11.1004
12.354    33.8052    11.1004
12.302    33.7996    11.1004
12.2932    33.7972    11.1004
12.242    33.787598    11.1004
12.23    33.7844    11.1004
12.1972    33.7772    11.1004
12.1636    33.7684    11.1004
12.1516    33.7644    11.1004
12.1172    33.748398    11.1004
12.1164    33.748398    11.1004
12.1147995    33.7476    11.1004
12.0859995    33.7332    11.1004
12.073199    33.7268    11.1004
12.0668    33.7244    11.1004
12.0356    33.702    11.1004
12.0188    33.6916    11.1004
11.993199    33.672398    11.1004
11.9828    33.6652    11.1004
11.974    33.6588    11.1004
11.9436    33.6372    11.1004
11.9052    33.6084    11.1004
11.889199    33.5988    11.1004
11.832399    33.557198    11.1004
11.814799    33.5452    11.1004
11.782    33.523598    11.1004
11.7612    33.5092    11.1004
11.752399    33.5028    11.1004
11.6556    33.4388    11.1004
11.620399    33.4188    11.1004
11.6156    33.4164    11.1004
11.6124    33.4156    11.1004
11.59    33.406    11.1004
11.562799    33.4092    11.1004
11.5316    33.4228    11.1004
11.5004    33.4468    11.1004
11.4956    33.45    11.1004
11.3963995    33.538    11.1004
11.3924    33.5412    11.1004
11.3812    33.5484    11.1004
11.349199    33.57    11.1004
11.3428    33.573997    11.1004
11.326799    33.5804    11.1004
11.3004    33.5924    11.1004
11.2844    33.598    11.1004
11.257199    33.6068    11.1004
11.222799    33.610798    11.1004
11.2212    33.610798    11.1004
11.2196    33.610798    11.1004
11.182799    33.610798    11.1004
11.1524    33.607597    11.1004
11.0844    33.6004    11.1004
11.0292    33.5924    11.1004
11.015599    33.5892    11.1004
10.9804    33.579597    11.1004
10.974    33.578    11.1004
10.9628    33.5732    11.1004
10.9292    33.557198    11.1004
10.9116    33.5468    11.1004
10.8924    33.5356    11.1004
10.855599    33.506    11.1004
10.8524    33.503597    11.1004
10.8524    33.5028    11.1004
10.849999    33.5004    11.1004
10.797999    33.4428    11.1004
10.7476    33.382    11.1004
10.7444    33.377197    11.1004
10.7396    33.371597    11.1004
10.69    33.304398    11.1004
10.6804    33.2884    11.1004
10.6796    33.2884    11.1004
10.665199    33.266    11.1004
10.660399    33.2572    11.1004
10.6572    33.250797    11.1004
10.6404    33.211597    11.1004
10.63    33.172398    11.1004
10.6244    33.149998    11.1004
10.6124    33.0948    11.1004
10.6044    33.0532    11.1004
10.594    33.0028    11.1004
10.5844    32.9436    11.1004
10.579599    32.9268    11.1004
10.5764    32.9132    11.1004
10.568399    32.882    11.1004
10.5668    32.8796    11.1004
10.544399    32.837997    11.1004
10.53    32.8196    11.1004
10.4796    32.759598    11.1004
10.4396    32.711597    11.1004
10.426    32.694    11.1004
10.418799    32.683598    11.1004
10.401999    32.649998    11.1004
10.3988    32.642    11.1004
10.3948    32.634    11.1004
10.377999    32.596397    11.1004
10.3675995    32.565998    11.1004
10.3508    32.522    11.1004
10.33    32.467598    11.1004
10.3244    32.453197    11.1004
10.3108    32.4076    11.1004
10.309199    32.402798    11.1004
10.3084    32.402    11.1004
10.3052    32.3924    11.1004
10.285999    32.3316    11.1004
10.2755995    32.298    11.1004
10.263599    32.281998    11.1004
10.246799    32.274    11.1004
10.2324    32.2908    11.1004
10.2204    32.324398    11.1004
10.2156    32.335598    11.1004
10.21    32.3516    11.1004
10.2028    32.3836    11.1004
10.1988    32.4004    11.1004
10.19    32.43    11.1004
10.1852    32.456398    11.1004
10.1723995    32.5108    11.1004
10.17    32.5212    11.1004
10.160399    32.562    11.1004
10.15    32.596397    11.1004
10.1476    32.6116    11.1004
10.131599    32.6516    11.1004
10.120399    32.6732    11.1004
10.1044    32.694798    11.1004
10.0892    32.7052    11.1004
10.079599    32.7132    11.1004
10.07    32.7188    11.1004
10.0492    32.728397    11.1004
10.021999    32.742    11.1004
9.9939995    32.7556    11.1004
9.9828    32.7644    11.1004
9.965199    32.7748    11.1004
9.9539995    32.794    11.1004
9.9388    32.8228    11.1004
9.9348    32.829998    11.1004
9.9284    32.8476    11.1004
9.9164    32.8812    11.1004
9.895599    32.9492    11.1004
9.8764    33.0028    11.1004
9.8716    33.0188    11.1004
9.8596    33.0508    11.1004
9.849199    33.07    11.1004
9.834    33.093998    11.1004
9.822    33.11    11.1004
9.8084    33.118    11.1004
9.8004    33.124397    11.1004
9.774    33.126    11.1004
9.7724    33.1268    11.1004
9.7699995    33.1268    11.1004
9.746799    33.13    11.1004
9.7308    33.126    11.1004
9.7156    33.124397    11.1004
9.6868    33.1172    11.1004
9.6852    33.116398    11.1004
9.683599    33.1156    11.1004
9.6812    33.114    11.1004
9.658    33.1028    11.1004
9.6476    33.098    11.1004
9.6348    33.0892    11.1004
9.6236    33.079597    11.1004
9.606    33.0652    11.1004
9.5988    33.057198    11.1004
9.5748    33.038    11.1004
9.5716    33.034    11.1004
9.5268    32.981197    11.1004
9.4924    32.9404    11.1004
9.4908    32.938    11.1004
9.4908    32.9372    11.1004
9.4892    32.9348    11.1004
9.4539995    32.8852    11.1004
9.4388    32.860397    11.1004
9.418799    32.829998    11.1004
9.3884    32.776398    11.1004
9.3796    32.7612    11.1004
9.366799    32.7388    11.1004
9.3596    32.725998    11.1004
9.326    32.6484    11.1004
9.3172    32.627598    11.1004
9.2987995    32.577198    11.1004
9.292399    32.554    11.1004
9.2764    32.5004    11.1004
9.2564    32.4228    11.1004
9.2548    32.4124    11.1004
9.252399    32.402    11.1004
9.2428    32.3508    11.1004
9.2388    32.314    11.1004
9.2316    32.2628    11.1004
9.2268    32.217197    11.1004
9.222799    32.1796    11.1004
9.2196    32.1372    11.1004
9.2123995    32.062798    11.1004
9.2108    32.026    11.1004
9.2084    31.9804    11.1004
9.2067995    31.938    11.1004
9.2067995    31.9068    11.1004
9.2067995    31.8692    11.1004
9.2092    31.83    11.1004
9.2108    31.7668    11.1004
9.2108    31.7636    11.1004
9.211599    31.760399    11.1004
9.217199    31.723598    11.1004
9.2244    31.680399    11.1004
9.2244    31.678799    11.1004
9.2355995    31.632399    11.1004
9.245999    31.591599    11.1004
9.2556    31.559599    11.1004
9.2755995    31.5028    11.1004
9.2972    31.455599    11.1004
9.3004    31.4476    11.1004
9.302    31.444399    11.1004
9.3052    31.438799    11.1004
9.3276    31.4012    11.1004
9.3404    31.3844    11.1004
9.3564    31.362799    11.1004
9.3764    31.342    11.1004
9.3828    31.3356    11.1004
9.401199    31.3188    11.1004
9.4084    31.314    11.1004
9.414    31.309198    11.1004
9.434    31.2972    11.1004
9.462    31.284399    11.1004
9.4636    31.2836    11.1004
9.487599    31.277199    11.1004
9.4892    31.2764    11.1004
9.4972    31.2748    11.1004
9.538799    31.264399    11.1004
9.545199    31.2636    11.1004
9.5764    31.262    11.1004
9.5844    31.2636    11.1004
9.6004    31.264399    11.1004
9.6244    31.282    11.1004
9.6268    31.2836    11.1004
9.6284    31.286    11.1004
9.654799    31.3188    11.1004
9.671599    31.3412    11.1004
9.6844    31.358799    11.1004
9.7252    31.424398    11.1004
9.7411995    31.449999    11.1004
9.7652    31.4844    11.1004
9.7708    31.4916    11.1004
9.7996    31.5268    11.1004
9.8043995    31.5308    11.1004
9.8244    31.546799    11.1004
9.838799    31.5556    11.1004
9.8484    31.557999    11.1004
9.8619995    31.565199    11.1004
9.882    31.5684    11.1004
9.894    31.57    11.1004
9.9156    31.569199    11.1004
9.929999    31.5668    11.1004
9.9612    31.5532    11.1004
9.9668    31.550798    11.1004
9.993199    31.5404    11.1004
9.9948    31.5404    11.1004
10.0084    31.5404    11.1004
10.0227995    31.5404    11.1004
10.0244    31.5404    11.1004
10.0492    31.545198    11.1004
10.0692    31.5572    11.1004
10.073199    31.5604    11.1004
10.0884    31.573198    11.1004
10.106    31.585999    11.1004
10.1156    31.5956    11.1004
10.1356    31.622    11.1004
10.1516    31.6356    11.1004
10.1636    31.6332    11.1004
10.1796    31.6372    11.1004
10.193999    31.6332    11.1004
10.214    31.628399    11.1004
10.2204    31.622799    11.1004
10.222799    31.6076    11.1004
10.228399    31.5884    11.1004
10.2316    31.553999    11.1004
10.240399    31.472399    11.1004
10.245999    31.4084    11.1004
10.2548    31.344398    11.1004
10.2644    31.2836    11.1004
10.2796    31.1988    11.1004
10.2836    31.178    11.1004
10.2972    31.119598    11.1004
10.3043995    31.0884    11.1004
10.3068    31.0772    11.1004
10.3228    31.0236    11.1004
10.334    30.9828    11.1004
10.3364    30.9772    11.1004
10.354799    30.924398    11.1004
10.3564    30.9212    11.1004
10.3748    30.8732    11.1004
10.3892    30.8396    11.1004
10.41    30.7972    11.1004
10.417999    30.7796    11.1004
10.4268    30.762    11.1004
10.4636    30.698    11.1004
10.4684    30.6892    11.1004
10.470799    30.6852    11.1004
10.4772    30.6756    11.1004
10.5188    30.6036    11.1004
10.5268    30.591599    11.1004
10.5604    30.5388    11.1004
10.6052    30.470798    11.1004
10.622    30.4452    11.1004
10.665999    30.381199    11.1004
10.682799    30.358    11.1004
10.7036    30.329199    11.1004
10.7196    30.309198    11.1004
10.7492    30.274    11.1004
10.7684    30.2524    11.1004
10.7956    30.2204    11.1004
10.809999    30.205198    11.1004
10.8188    30.197199    11.1004
10.8348    30.1812    11.1004
10.8356    30.180399    11.1004
10.837999    30.178    11.1004
10.854799    30.1628    11.1004
10.861199    30.1556    11.1004
10.8812    30.1428    11.1004
10.8924    30.132399    11.1004
10.906    30.1244    11.1004
10.9212    30.111599    11.1004
10.9268    30.109999    11.1004
10.9508    30.097198    11.1004
10.981199    30.0852    11.1004
10.9924    30.0812    11.1004
11.056399    30.056398    11.1004
11.1068    30.038    11.1004
11.153999    30.0212    11.1004
11.189199    30.0068    11.1004
11.217199    29.9996    11.1004
11.226    29.9972    11.1004
11.245999    29.9956    11.1004
11.252399    29.994    11.1004
11.282    29.998798    11.1004
11.285999    29.998    11.1004
11.3172    30.0052    11.1004
11.4228    30.031599    11.1004
11.4732    30.033998    11.1004
11.550799    30.038    11.1004
11.5668    30.042799    11.1004
11.5803995    30.046799    11.1004
11.5844    30.050798    11.1004
11.6004    30.066    11.1004
11.6276    30.105999    11.1004
11.6324    30.1124    11.1004
11.6444    30.1348    11.1004
11.653999    30.1476    11.1004
11.683599    30.1924    11.1004
11.700399    30.208399    11.1004
11.7164    30.219599    11.1004
11.7212    30.223598    11.1004
11.7252    30.2244    11.1004
11.79    30.223598    11.1004
11.820399    30.223598    11.1004
11.8484    30.225199    11.1004
11.8588    30.226    11.1004
11.9036    30.2316    11.1004
11.9212    30.2356    11.1004
11.9572    30.245998    11.1004
11.9972    30.262798    11.1004
12.004399    30.2668    11.1004
12.016399    30.2732    11.1004
12.0372    30.284399    11.1004
12.045199    30.2988    11.1004
12.0515995    30.3044    11.1004
12.056399    30.317999    11.1004
12.056399    30.320398    11.1004
12.0636    30.3596    11.1004
12.0708    30.420399    11.1004
12.0716    30.425999    11.1004
12.0716    30.4348    11.1004
12.0708    30.485199    11.1004
12.068399    30.548399    11.1004
12.067599    30.561998    11.1004
12.0668    30.5724    11.1004
12.066    30.581999    11.1004
12.0636    30.6556    11.1004
12.0644    30.71    11.1004
12.068399    30.758    11.1004
12.0708    30.7836    11.1004
12.0748    30.810799    11.1004
12.078    30.833199    11.1004
12.0884    30.872398    11.1004
12.0956    30.890799    11.1004
12.1124    30.9268    11.1004
12.137199    30.9716    11.1004
12.1508    30.987598    11.1004
12.162    31.0012    11.1004
12.183599    31.018    11.1004
12.202    31.022    11.1004
12.2076    31.026    11.1004
12.222799    31.024399    11.1004
12.23    31.0252    11.1004
12.25    31.021198    11.1004
12.2596    31.022    11.1004
12.285999    31.011599    11.1004
12.2964    31.009998    11.1004
12.3276    30.996399    11.1004
12.3516    30.9868    11.1004
12.3884    30.9692    11.1004
12.412399    30.9572    11.1004
12.476399    30.9268    11.1004
12.4948    30.918    11.1004
12.6444    30.840399    11.1004
12.6636    30.8308    11.1004
12.742    30.7948    11.1004
12.7508    30.7908    11.1004
12.7612    30.786798    11.1004
12.7732    30.782    11.1004
12.786799    30.7764    11.1004
12.8068    30.7692    11.1004
12.825999    30.762    11.1004
12.8396    30.757198    11.1004
12.8756    30.7508    11.1004
12.889999    30.7484    11.1004
12.900399    30.7468    11.1004
12.9044    30.745998    11.1004
12.9212    30.743599    11.1004
12.970799    30.734798    11.1004
12.9908    30.730799    11.1004
13.0364    30.722    11.1004
13.0596    30.7148    11.1004
13.094    30.706    11.1004
13.15    30.6868    11.1004
13.158    30.6852    11.1004
13.211599    30.67    11.1004
13.229199    30.6652    11.1004
13.252399    30.6596    11.1004
13.2732    30.6556    11.1004
13.3052    30.6532    11.1004
13.33    30.654    11.1004
13.3636    30.654    11.1004
13.384399    30.654    11.1004
13.4044    30.656399    11.1004
13.4284    30.661999    11.1004
13.4307995    30.6628    11.1004
13.4492    30.674799    11.1004
13.464399    30.6852    11.1004
13.498799    30.7116    11.1004
13.5596    30.762    11.1004
13.561199    30.762798    11.1004
13.566    30.764399    11.1004
13.5988    30.775599    11.1004
13.607599    30.7788    11.1004
13.608399    30.7788    11.1004
13.73    30.7916    11.1004
13.754    30.793999    11.1004
13.7548    30.7948    11.1004
13.779599    30.803598    11.1004
13.786799    30.806799    11.1004
13.7956    30.812399    11.1004
13.7964    30.814    11.1004
13.8188    30.827599    11.1004
13.849199    30.847599    11.1004
13.8812    30.8676    11.1004
13.906799    30.8876    11.1004
13.9108    30.89    11.1004
13.9428    30.914    11.1004
13.99    30.948399    11.1004
14.03    30.9772    11.1004
14.038799    30.981998    11.1004
14.0468    30.986    11.1004
14.062799    30.99    11.1004
14.073199    30.994799    11.1004
14.089999    30.9924    11.1004
14.1012    30.994799    11.1004
14.119599    30.993198    11.1004
14.136399    30.99    11.1004
14.193999    30.9788    11.1004
14.2212    30.973999    11.1004
14.2564    30.9676    11.1004
14.2755995    30.965199    11.1004
14.2964    30.9636    11.1004
14.309199    30.966    11.1004
14.33    30.966799    11.1004
14.3564    30.9732    11.1004
14.3619995    30.9748    11.1004
14.3636    30.9756    11.1004
14.37    30.977999    11.1004
14.3756    30.981998    11.1004
14.4052    30.9996    11.1004
14.417999    31.0092    11.1004
14.464399    31.042799    11.1004
14.4892    31.0612    11.1004
14.5004    31.069199    11.1004
14.5227995    31.0796    11.1004
14.5412    31.0812    11.1004
14.5515995    31.084398    11.1004
14.573999    31.0772    11.1004
14.585199    31.078798    11.1004
14.602799    31.0684    11.1004
14.6156    31.066    11.1004
14.6268    31.057999    11.1004
14.648399    31.0436    11.1004
14.705199    31.0068    11.1004
14.73    30.9916    11.1004
14.779599    30.962    11.1004
14.7884    30.9572    11.1004
14.797199    30.9532    11.1004
14.8331995    30.9324    11.1004
14.855599    30.9212    11.1004
14.871599    30.914799    11.1004
14.886    30.91    11.1004
14.8996    30.9068    11.1004
14.9156    30.9012    11.1004
14.934799    30.8972    11.1004
14.962    30.890799    11.1004
14.9972    30.8884    11.1004
15.0252    30.8844    11.1004
15.046    30.8844    11.1004
15.066    30.883598    11.1004
15.1044    30.885199    11.1004
15.146    30.8884    11.1004
15.193999    30.889198    11.1004
15.2132    30.89    11.1004
15.257199    30.8932    11.1004
15.3284    30.8996    11.1004
15.3331995    30.9004    11.1004
15.343599    30.9012    11.1004
15.487599    30.9068    11.1004
15.5492    30.9124    11.1004
15.556399    30.913198    11.1004
15.6004    30.920399    11.1004
15.6156    30.924398    11.1004
15.654799    30.9348    11.1004
15.677199    30.9404    11.1004
15.7012    30.9492    11.1004
15.710799    30.952398    11.1004
15.754    30.965199    11.1004
15.797999    30.9788    11.1004
15.8068    30.9828    11.1004
15.838799    30.9972    11.1004
15.8619995    31.0108    11.1004
15.8628    31.011599    11.1004
15.87    31.022799    11.1004
15.8708    31.0292    11.1004
15.871599    31.046799    11.1004
15.8708    31.067598    11.1004
15.8692    31.0772    11.1004
15.8596    31.126    11.1004
15.8572    31.1348    11.1004
15.8164    31.281199    11.1004
15.8132    31.2932    11.1004
15.8108    31.31    11.1004
15.8076    31.331598    11.1004
15.809999    31.3396    11.1004
15.8308    31.364399    11.1004
15.8331995    31.369999    11.1004
15.838799    31.3732    11.1004
15.8396    31.3732    11.1004
15.9036    31.3828    11.1004
15.965199    31.3884    11.1004
15.974    31.39    11.1004
16.0036    31.394    11.1004
16.007599    31.394    11.1004
16.01    31.394798    11.1004
16.0612    31.416399    11.1004
16.0636    31.4172    11.1004
16.0892    31.431599    11.1004
16.1052    31.4476    11.1004
16.118    31.4644    11.1004
16.1356    31.4996    11.1004
16.145199    31.5196    11.1004
16.1548    31.542    11.1004
16.166    31.5628    11.1004
16.1668    31.563599    11.1004
16.1684    31.563599    11.1004
16.1988    31.578798    11.1004
16.2124    31.5812    11.1004
16.237999    31.585999    11.1004
16.2988    31.597198    11.1004
16.3268    31.6036    11.1004
16.368399    31.6148    11.1004
16.378    31.618    11.1004
16.394    31.6236    11.1004
16.4292    31.637999    11.1004
16.455599    31.649199    11.1004
16.5092    31.674799    11.1004
16.537199    31.6932    11.1004
16.5492    31.702    11.1004
16.5716    31.7276    11.1004
16.6148    31.7692    11.1004
16.6236    31.778    11.1004
16.6316    31.784399    11.1004
16.6716    31.806    11.1004
16.6812    31.8116    11.1004
16.6876    31.814    11.1004
16.694    31.814    11.1004
16.725199    31.8156    11.1004
16.754799    31.8116    11.1004
16.762    31.8132    11.1004
16.7868    31.8084    11.1004
16.795599    31.8084    11.1004
16.8036    31.8076    11.1004
16.8268    31.801199    11.1004
16.8468    31.797998    11.1004
16.8996    31.7836    11.1004
16.9308    31.777199    11.1004
16.961199    31.769999    11.1004
17.018799    31.758799    11.1004
17.0388    31.7556    11.1004
17.1292    31.7412    11.1004
17.1428    31.7396    11.1004
17.241999    31.721199    11.1004
17.2908    31.7132    11.1004
17.3412    31.7036    11.1004
17.3956    31.6932    11.1004
17.421999    31.6868    11.1004
17.51    31.667599    11.1004
17.5916    31.649199    11.1004
17.6124    31.6444    11.1004
17.666    31.6332    11.1004
17.7292    31.6148    11.1004
17.736399    31.6132    11.1004
17.7452    31.609999    11.1004
17.8316    31.584398    11.1004
17.8804    31.5644    11.1004
17.903599    31.556398    11.1004
18.0124    31.513199    11.1004
18.0164    31.511599    11.1004
18.018    31.5108    11.1004
18.094    31.477999    11.1004
18.1484    31.4516    11.1004
18.1668    31.442799    11.1004
18.3044    31.3804    11.1004
18.3172    31.373999    11.1004
18.3988    31.3324    11.1004
18.4004    31.3324    11.1004
18.4596    31.301199    11.1004
18.49    31.284399    11.1004
18.500399    31.2788    11.1004
18.5292    31.262    11.1004
18.5548    31.247599    11.1004
18.5796    31.2316    11.1004
18.6068    31.2164    11.1004
18.626799    31.2036    11.1004
18.6708    31.178    11.1004
18.684399    31.17    11.1004
18.847599    31.076399    11.1004
18.8604    31.0684    11.1004
18.8652    31.066    11.1004
18.8708    31.0628    11.1004
18.9476    31.015598    11.1004
19.0252    30.9628    11.1004
19.0332    30.957998    11.1004
19.0348    30.9572    11.1004
19.0388    30.953999    11.1004
19.1084    30.9068    11.1004
19.1476    30.875599    11.1004
19.1516    30.8732    11.1004
19.1556    30.869999    11.1004
19.198    30.8396    11.1004
19.288399    30.7724    11.1004
19.2892    30.7724    11.1004
19.2916    30.769999    11.1004
19.3508    30.723598    11.1004
19.3596    30.7172    11.1004
19.3892    30.6948    11.1004
19.4196    30.67    11.1004
19.437199    30.656399    11.1004
19.490799    30.6188    11.1004
19.5148    30.602798    11.1004
19.5404    30.585999    11.1004
19.553999    30.5772    11.1004
19.5796    30.5612    11.1004
19.6276    30.5324    11.1004
19.6716    30.505999    11.1004
19.746    30.4628    11.1004
19.7636    30.4532    11.1004
19.778    30.446    11.1004
19.8156    30.4268    11.1004
19.8212    30.424398    11.1004
19.8612    30.4052    11.1004
19.8636    30.403599    11.1004
19.8676    30.401999    11.1004
19.882    30.3956    11.1004
19.9788    30.3524    11.1004
20.035599    30.3268    11.1004
20.0604    30.316399    11.1004
20.074    30.31    11.1004
20.118    30.292398    11.1004
20.1412    30.2836    11.1004
20.1756    30.2724    11.1004
20.206    30.262798    11.1004
20.2348    30.2524    11.1004
20.2596    30.245998    11.1004
20.326    30.229198    11.1004
20.3316    30.226799    11.1004
20.3412    30.225199    11.1004
20.403599    30.2108    11.1004
20.438799    30.2036    11.1004
20.4684    30.199598    11.1004
20.5212    30.1932    11.1004
20.5404    30.189999    11.1004
20.570799    30.1876    11.1004
20.593199    30.1852    11.1004
20.6028    30.1852    11.1004
20.63    30.1852    11.1004
20.666    30.1852    11.1004
20.726799    30.1876    11.1004
20.8212    30.1924    11.1004
20.834    30.1924    11.1004
20.847599    30.1932    11.1004
20.8844    30.197199    11.1004
20.8956    30.199598    11.1004
20.9068    30.2004    11.1004
20.9132    30.2036    11.1004
20.93    30.2092    11.1004
20.959599    30.223598    11.1004
20.965199    30.2276    11.1004
20.9844    30.2484    11.1004
20.9932    30.2676    11.1004
20.9988    30.2836    11.1004
21.0148    30.325998    11.1004
21.0564    30.442799    11.1004
21.0572    30.444399    11.1004
21.0908    30.476398    11.1004
21.094799    30.479599    11.1004
21.115599    30.481998    11.1004
21.1276    30.483599    11.1004
21.1468    30.4844    11.1004
21.163599    30.486    11.1004
21.1836    30.486    11.1004
21.212399    30.487598    11.1004
21.2292    30.49    11.1004
21.237999    30.490799    11.1004
21.2484    30.493198    11.1004
21.2908    30.501999    11.1004
21.293999    30.5028    11.1004
21.2964    30.5028    11.1004
21.3188    30.509998    11.1004
21.3324    30.518    11.1004
21.3508    30.5276    11.1004
21.375599    30.5532    11.1004
21.378    30.5548    11.1004
21.385199    30.580399    11.1004
21.386    30.5828    11.1004
21.386    30.585999    11.1004
21.3836    30.609999    11.1004
21.373999    30.6236    11.1004
21.3668    30.6356    11.1004
21.3484    30.65    11.1004
21.3412    30.657999    11.1004
21.33    30.6684    11.1004
21.301199    30.6932    11.1004
21.2724    30.7156    11.1004
21.249199    30.7332    11.1004
21.2396    30.740398    11.1004
21.197199    30.768398    11.1004
21.1836    30.777199    11.1004
21.1588    30.7916    11.1004
21.1556    30.7932    11.1004
21.1372    30.801199    11.1004
21.1148    30.8084    11.1004
21.0972    30.8156    11.1004
21.0612    30.825998    11.1004
21.0388    30.8324    11.1004
21.0324    30.834    11.1004
20.9996    30.8428    11.1004
20.9548    30.854    11.1004
20.9044    30.866798    11.1004
20.9028    30.866798    11.1004
20.854    30.8732    11.1004
20.802    30.8788    11.1004
20.774    30.8828    11.1004
20.7572    30.886    11.1004
20.7348    30.890799    11.1004
20.71    30.9004    11.1004
20.706799    30.901999    11.1004
20.685999    30.913198    11.1004
20.6684    30.9212    11.1004
20.511599    31.009998    11.1004
20.4716    31.0324    11.1004
20.4396    31.05    11.1004
20.41    31.066    11.1004
20.373999    31.084398    11.1004
20.3492    31.0964    11.1004
20.3212    31.109999    11.1004
20.258799    31.1404    11.1004
20.25    31.1444    11.1004
20.197199    31.167599    11.1004
20.1652    31.182    11.1004
20.1532    31.1868    11.1004
20.07    31.219599    11.1004
20.038    31.2316    11.1004
19.9876    31.25    11.1004
19.9348    31.268398    11.1004
19.914    31.275599    11.1004
19.864399    31.292398    11.1004
19.8092    31.3116    11.1004
19.7188    31.340399    11.1004
19.6652    31.358799    11.1004
19.5548    31.394798    11.1004
19.414799    31.4404    11.1004
19.3604    31.4588    11.1004
19.254799    31.494    11.1004
19.1764    31.522    11.1004
19.1276    31.539598    11.1004
19.09    31.550798    11.1004
19.041199    31.566    11.1004
19.0068    31.5756    11.1004
18.9476    31.594    11.1004
18.8932    31.611599    11.1004
18.8604    31.619598    11.1004
18.8092    31.6356    11.1004
18.7628    31.645199    11.1004
18.718    31.6588    11.1004
18.684399    31.669199    11.1004
18.642    31.6764    11.1004
18.604399    31.6892    11.1004
18.59    31.6932    11.1004
18.5676    31.6988    11.1004
18.5292    31.706    11.1004
18.507599    31.712399    11.1004
18.4596    31.726    11.1004
18.4468    31.729198    11.1004
18.4396    31.7316    11.1004
18.4236    31.7356    11.1004
18.3972    31.741999    11.1004
18.3772    31.7508    11.1004
18.3724    31.757198    11.1004
18.373999    31.758799    11.1004
18.3612    31.7876    11.1004
18.358    31.8004    11.1004
18.368399    31.81    11.1004
18.3748    31.8284    11.1004
18.385199    31.833199    11.1004
18.410799    31.8452    11.1004
18.4132    31.845999    11.1004
18.4212    31.8484    11.1004
18.4468    31.8596    11.1004
18.4564    31.866    11.1004
18.494    31.8884    11.1004
18.505999    31.897999    11.1004
18.5284    31.925999    11.1004
18.5292    31.9268    11.1004
18.5292    31.927599    11.1004
18.537199    31.9532    11.1004
18.5348    31.970798    11.1004
18.5324    31.9772    11.1004
18.522    31.9972    11.1004
18.505999    32.0244    11.1004
18.500399    32.0332    11.1004
18.47    32.0708    11.1004
18.461199    32.0812    11.1004
18.4588    32.0836    11.1004
18.4068    32.1404    11.1004
18.394    32.154    11.1004
18.3436    32.202    11.1004
18.310799    32.2324    11.1004
18.2916    32.2508    11.1004
18.2564    32.281998    11.1004
18.2524    32.2844    11.1004
18.2164    32.3116    11.1004
18.1948    32.3276    11.1004
18.191599    32.329998    11.1004
18.126    32.371597    11.1004
18.087599    32.3956    11.1004
18.0788    32.4012    11.1004
18.0396    32.4244    11.1004
17.8932    32.512398    11.1004
17.8708    32.526    11.1004
17.845999    32.5412    11.1004
17.789999    32.5764    11.1004
17.7004    32.6316    11.1004
17.674    32.6468    11.1004
17.6036    32.6868    11.1004
17.500399    32.745197    11.1004
17.392399    32.8092    11.1004
17.3636    32.826    11.1004
17.3316    32.846798    11.1004
17.1828    32.9388    11.1004
17.154    32.958    11.1004
17.0364    33.0316    11.1004
17.007599    33.05    11.1004
16.9636    33.0756    11.1004
16.944399    33.0876    11.1004
16.8932    33.1148    11.1004
16.8836    33.1204    11.1004
16.8764    33.124397    11.1004
16.8724    33.1268    11.1004
16.7932    33.1596    11.1004
16.7876    33.162    11.1004
16.7332    33.1804    11.1004
16.713999    33.1868    11.1004
16.6548    33.2076    11.1004
16.5972    33.2276    11.1004
16.5732    33.233997    11.1004
16.5516    33.239597    11.1004
16.482    33.2612    11.1004
16.420399    33.278    11.1004
16.354    33.2972    11.1004
16.3524    33.2972    11.1004
16.3092    33.298    11.1004
16.2932    33.298798    11.1004
16.243599    33.3004    11.1004
16.2148    33.2972    11.1004
16.174    33.2948    11.1004
16.154    33.293198    11.1004
16.1428    33.2908    11.1004
16.1276    33.286    11.1004
16.1244    33.2836    11.1004
16.1236    33.2796    11.1004
16.111599    33.2524    11.1004
16.1084    33.2388    11.1004
16.093199    33.17    11.1004
16.087599    33.1548    11.1004
16.0868    33.1524    11.1004
16.0564    33.124397    11.1004
16.0508    33.121998    11.1004
16.038    33.126    11.1004
16.0196    33.1268    11.1004
16.001999    33.1348    11.1004
15.9883995    33.1396    11.1004
15.9668    33.1476    11.1004
15.924399    33.166798    11.1004
15.8868    33.1812    11.1004
15.858    33.1916    11.1004
15.8043995    33.209198    11.1004
15.794    33.2124    11.1004
15.782    33.218    11.1004
15.763599    33.2308    11.1004
15.7556    33.2348    11.1004
15.723599    33.2604    11.1004
15.714    33.2692    11.1004
15.710799    33.2724    11.1004
15.7076    33.2748    11.1004
15.6668    33.314    11.1004
15.6388    33.3372    11.1004
15.634    33.341198    11.1004
15.6292    33.346    11.1004
15.6236    33.3508    11.1004
15.608399    33.3628    11.1004
15.585199    33.3796    11.1004
15.582    33.382    11.1004
15.579599    33.3836    11.1004
15.5548    33.3956    11.1004
15.550799    33.397198    11.1004
15.542    33.402    11.1004
15.5148    33.4148    11.1004
15.474799    33.4276    11.1004
15.452399    33.436398    11.1004
15.418799    33.4492    11.1004
15.4084    33.4524    11.1004
15.3996    33.4556    11.1004
15.383599    33.461998    11.1004
15.371599    33.4748    11.1004
15.3588    33.484398    11.1004
15.346    33.503597    11.1004
15.3452    33.5052    11.1004
15.344399    33.506    11.1004
15.344399    33.506798    11.1004
15.343599    33.5076    11.1004
15.3396    33.5188    11.1004
15.25    33.7468    11.1004
15.2332    33.7852    11.1004
15.223599    33.8092    11.1004
15.2076    33.842    11.1004
15.200399    33.8556    11.1004
15.1964    33.862    11.1004
15.1676    33.918    11.1004
15.164399    33.925198    11.1004
15.1636    33.9268    11.1004
15.1348    33.9724    11.1004
15.134    33.9724    11.1004
15.1292    33.9772    11.1004
15.1052    33.992397    11.1004
15.0996    33.9932    11.1004
15.078    33.9996    11.1004
15.067599    34.002    11.1004
15.037999    34.006798    11.1004
15.0068    34.0108    11.1004
14.9804    34.0132    11.1004
14.969199    34.0148    11.1004
14.946799    34.017998    11.1004
14.9396    34.0188    11.1004
14.9196    34.0164    11.1004
14.914    34.0156    11.1004
14.883599    34.0108    11.1004
14.8812    34.01    11.1004
14.8756    34.009197    11.1004
14.7948    33.9948    11.1004
14.781199    33.992397    11.1004
14.7724    33.9916    11.1004
14.762    33.994    11.1004
14.740399    33.9964    11.1004
14.7204    34.012398    11.1004
14.71    34.0228    11.1004
14.7044    34.0332    11.1004
14.6956    34.0612    11.1004
14.6924    34.073997    11.1004
14.6924    34.082798    11.1004
14.6796    34.174    11.1004
14.6748    34.2132    11.1004
14.6692    34.2588    11.1004
14.6612    34.3108    11.1004
14.659599    34.318798    11.1004
14.658    34.324398    11.1004
14.6516    34.3372    11.1004
14.6452    34.352398    11.1004
14.638    34.3644    11.1004
14.6092    34.4124    11.1004
14.596399    34.434    11.1004
14.5876    34.445198    11.1004
14.5772    34.4596    11.1004
14.5716    34.4684    11.1004
14.567599    34.4724    11.1004
14.546    34.4988    11.1004
14.5252    34.5148    11.1004
14.5196    34.5196    11.1004
14.497999    34.5284    11.1004
14.4948    34.53    11.1004
14.4916    34.5316    11.1004
14.464399    34.5428    11.1004
14.4595995    34.5452    11.1004
14.436399    34.5532    11.1004
14.394799    34.5668    11.1004
