18.9052    30.2276    21.3004
18.892399    30.2332    21.3004
18.878    30.2396    21.3004
18.875599    30.262798    21.3004
18.875599    30.268398    21.3004
18.875599    30.2724    21.3004
18.878    30.282799    21.3004
18.882    30.3028    21.3004
18.882    30.3084    21.3004
18.8836    30.3308    21.3004
18.8844    30.3324    21.3004
18.885199    30.334799    21.3004
18.8892    30.357199    21.3004
18.906    30.373999    21.3004
18.914799    30.386    21.3004
18.927599    30.3732    21.3004
18.9436    30.362799    21.3004
18.9508    30.3492    21.3004
18.9596    30.333199    21.3004
18.966    30.323599    21.3004
18.9756    30.306799    21.3004
18.9884    30.2892    21.3004
18.9972    30.275599    21.3004
19.0052    30.262    21.3004
19.011599    30.2468    21.3004
19.0028    30.2284    21.3004
18.998    30.219599    21.3004
18.9884    30.221199    21.3004
18.9652    30.222    21.3004
18.942799    30.225199    21.3004
18.9252    30.226799    21.3004
18.9052    30.2276    21.3004
