19.6364    30.8268    21.3004
19.650799    30.844398    21.3004
19.667599    30.864399    21.3004
19.7052    30.913198    21.3004
19.7076    30.914799    21.3004
19.7284    30.942799    21.3004
19.73    30.944399    21.3004
19.7316    30.946    21.3004
19.753199    30.981998    21.3004
19.7636    30.9972    21.3004
19.7668    31.0068    21.3004
19.774    31.0268    21.3004
19.7748    31.0292    21.3004
19.7756    31.042    21.3004
19.7804    31.065199    21.3004
19.7812    31.070799    21.3004
19.7804    31.076399    21.3004
19.778    31.111599    21.3004
19.7748    31.1204    21.3004
19.7652    31.1412    21.3004
19.7524    31.163599    21.3004
19.7484    31.1708    21.3004
19.746    31.174799    21.3004
19.736399    31.191599    21.3004
19.7244    31.205198    21.3004
19.7092    31.219599    21.3004
19.697199    31.229198    21.3004
19.6756    31.249199    21.3004
19.6516    31.262    21.3004
19.632399    31.2732    21.3004
19.6148    31.282    21.3004
19.5828    31.303598    21.3004
19.5732    31.309198    21.3004
19.541199    31.329199    21.3004
19.5052    31.349998    21.3004
19.49    31.357199    21.3004
19.4684    31.3652    21.3004
19.4508    31.3708    21.3004
19.4228    31.3788    21.3004
19.4004    31.386    21.3004
19.3916    31.3876    21.3004
19.3188    31.3988    21.3004
19.3156    31.3988    21.3004
19.314    31.3996    21.3004
19.31    31.3996    21.3004
19.2564    31.3996    21.3004
19.2244    31.397999    21.3004
19.128399    31.39    21.3004
19.1188    31.39    21.3004
19.0156    31.3884    21.3004
18.977999    31.383598    21.3004
18.944399    31.3788    21.3004
18.9068    31.3716    21.3004
18.8524    31.3604    21.3004
18.7452    31.3356    21.3004
18.7428    31.334799    21.3004
18.7388    31.333199    21.3004
18.633999    31.302    21.3004
18.6108    31.2948    21.3004
18.4884    31.251598    21.3004
18.473999    31.245998    21.3004
18.4548    31.2388    21.3004
18.3212    31.185999    21.3004
18.2836    31.1724    21.3004
18.2564    31.1652    21.3004
18.2276    31.156399    21.3004
18.222    31.154799    21.3004
18.21    31.1516    21.3004
18.1556    31.1356    21.3004
18.1012    31.118    21.3004
18.0828    31.111599    21.3004
18.069199    31.1052    21.3004
18.0268    31.085999    21.3004
18.0052    31.074    21.3004
17.99    31.066    21.3004
17.973999    31.0556    21.3004
17.938799    31.0276    21.3004
17.925999    31.0164    21.3004
17.91    31.0084    21.3004
17.8948    31.000399    21.3004
17.8876    31.000399    21.3004
17.8612    31.000399    21.3004
17.8196    31.0148    21.3004
17.8044    31.018799    21.3004
17.8004    31.0204    21.3004
17.7964    31.021198    21.3004
17.7628    31.0268    21.3004
17.747599    31.0292    21.3004
17.746    31.0292    21.3004
17.713999    31.0308    21.3004
17.7108    31.0308    21.3004
17.708399    31.0308    21.3004
17.684399    31.0268    21.3004
17.6828    31.0268    21.3004
17.6532    31.018    21.3004
17.6356    31.011599    21.3004
17.6236    31.005999    21.3004
17.6148    31.0012    21.3004
17.600399    30.9924    21.3004
17.5868    30.9828    21.3004
17.5748    30.9732    21.3004
17.5556    30.9564    21.3004
17.5516    30.9516    21.3004
17.5492    30.9476    21.3004
17.5396    30.931599    21.3004
17.526    30.8988    21.3004
17.524399    30.8956    21.3004
17.5236    30.892399    21.3004
17.522    30.8884    21.3004
17.5124    30.8596    21.3004
17.51    30.849998    21.3004
17.5036    30.8324    21.3004
17.4996    30.805199    21.3004
17.4988    30.801199    21.3004
17.4956    30.774    21.3004
17.4956    30.7596    21.3004
17.4932    30.7412    21.3004
17.4932    30.719599    21.3004
17.494799    30.702    21.3004
17.496399    30.680399    21.3004
17.496399    30.6684    21.3004
17.4996    30.641998    21.3004
17.4996    30.6372    21.3004
17.500399    30.6348    21.3004
17.5036    30.6204    21.3004
17.5108    30.5884    21.3004
17.513199    30.5836    21.3004
17.5236    30.550798    21.3004
17.5252    30.546799    21.3004
17.535599    30.526    21.3004
17.5364    30.524399    21.3004
17.5364    30.5236    21.3004
17.5532    30.498    21.3004
17.569199    30.481998    21.3004
17.578    30.4716    21.3004
17.598799    30.453999    21.3004
17.605999    30.446798    21.3004
17.6236    30.4364    21.3004
17.6244    30.435598    21.3004
17.632399    30.4324    21.3004
17.6516    30.4252    21.3004
17.6556    30.424398    21.3004
17.678799    30.4172    21.3004
17.6964    30.413198    21.3004
17.7036    30.4124    21.3004
17.721199    30.409199    21.3004
17.7388    30.407598    21.3004
17.7564    30.4044    21.3004
17.7668    30.389198    21.3004
17.7708    30.3844    21.3004
17.774    30.358    21.3004
17.7668    30.338799    21.3004
17.7652    30.3284    21.3004
17.7572    30.309198    21.3004
17.7516    30.2988    21.3004
17.737999    30.2668    21.3004
17.726799    30.2412    21.3004
17.7156    30.2276    21.3004
17.7012    30.2164    21.3004
17.684399    30.2108    21.3004
17.6724    30.208399    21.3004
17.6596    30.2076    21.3004
17.632399    30.205198    21.3004
17.6076    30.202    21.3004
17.5956    30.2004    21.3004
17.569199    30.1964    21.3004
17.5604    30.1932    21.3004
17.5444    30.1868    21.3004
17.529999    30.180399    21.3004
17.5196    30.174    21.3004
17.51    30.1652    21.3004
17.4956    30.1524    21.3004
17.486    30.1404    21.3004
17.4812    30.1332    21.3004
17.473999    30.117199    21.3004
17.466799    30.104399    21.3004
17.462    30.0908    21.3004
17.4548    30.0684    21.3004
17.4492    30.0436    21.3004
17.4468    30.0308    21.3004
17.442799    30.0092    21.3004
17.4348    29.948399    21.3004
17.431599    29.9052    21.3004
17.427599    29.855598    21.3004
17.4268    29.8428    21.3004
17.427599    29.7732    21.3004
17.4284    29.7676    21.3004
17.43    29.7388    21.3004
17.4348    29.6908    21.3004
17.4356    29.6868    21.3004
17.4364    29.684399    21.3004
17.4436    29.6684    21.3004
17.4596    29.656399    21.3004
17.462    29.654799    21.3004
17.466    29.654    21.3004
17.49    29.6444    21.3004
17.505999    29.642    21.3004
17.5148    29.6428    21.3004
17.522    29.643599    21.3004
17.5396    29.646    21.3004
17.566    29.645199    21.3004
17.5716    29.645199    21.3004
17.5804    29.639599    21.3004
17.5852    29.6372    21.3004
17.5924    29.622799    21.3004
17.604399    29.6164    21.3004
17.6124    29.602798    21.3004
17.6148    29.5868    21.3004
17.615599    29.561998    21.3004
17.615599    29.550798    21.3004
17.6204    29.518    21.3004
17.6204    29.5092    21.3004
17.621199    29.4956    21.3004
17.6276    29.461199    21.3004
17.6292    29.4548    21.3004
17.63    29.438    21.3004
17.63    29.421999    21.3004
17.6252    29.406    21.3004
17.6164    29.386799    21.3004
17.6076    29.3732    21.3004
17.598    29.358799    21.3004
17.587599    29.344398    21.3004
17.5828    29.3316    21.3004
17.576399    29.301199    21.3004
17.5548    29.219599    21.3004
17.5548    29.2188    21.3004
17.5548    29.217999    21.3004
17.553999    29.2156    21.3004
17.5268    29.1188    21.3004
17.522    29.098799    21.3004
17.5212    29.09    21.3004
17.5236    29.0836    21.3004
17.5444    29.0628    21.3004
17.5492    29.0588    21.3004
17.5868    29.0332    21.3004
17.593199    29.028399    21.3004
17.6084    29.018799    21.3004
17.6372    29.005999    21.3004
17.6404    29.004398    21.3004
17.642    29.004398    21.3004
17.6596    29.0028    21.3004
17.674    29.0052    21.3004
17.7004    29.0124    21.3004
17.721199    29.018    21.3004
17.771599    29.0332    21.3004
17.7988    29.039598    21.3004
17.8132    29.0404    21.3004
17.821999    29.038    21.3004
17.8484    29.022799    21.3004
17.851599    29.018799    21.3004
17.864399    29.0052    21.3004
17.886799    28.9868    21.3004
17.921999    28.962    21.3004
17.9244    28.9604    21.3004
17.9252    28.959599    21.3004
17.9292    28.9572    21.3004
17.9484    28.9492    21.3004
17.9876    28.9308    21.3004
17.9932    28.9228    21.3004
18.0012    28.906    21.3004
17.9972    28.896399    21.3004
17.9916    28.873999    21.3004
17.9804    28.857199    21.3004
17.9788    28.8452    21.3004
17.966799    28.8268    21.3004
17.9588    28.8116    21.3004
17.938    28.782799    21.3004
17.9268    28.7684    21.3004
17.920399    28.7612    21.3004
17.9116    28.745998    21.3004
17.9012    28.7332    21.3004
17.8964    28.7228    21.3004
17.8844    28.7092    21.3004
17.881199    28.7044    21.3004
17.8748    28.688398    21.3004
17.868399    28.6796    21.3004
17.8692    28.663599    21.3004
17.864399    28.6532    21.3004
17.8788    28.6292    21.3004
17.882    28.626    21.3004
17.9028    28.6148    21.3004
17.9284    28.6036    21.3004
17.9532    28.593199    21.3004
18.024399    28.566    21.3004
18.038    28.5612    21.3004
18.0452    28.559599    21.3004
18.062    28.553999    21.3004
18.121199    28.533998    21.3004
18.1356    28.533998    21.3004
18.1484    28.538    21.3004
18.156399    28.542799    21.3004
18.157999    28.5444    21.3004
18.1612    28.546    21.3004
18.1828    28.5612    21.3004
18.1892    28.569199    21.3004
18.2124    28.5884    21.3004
18.234    28.615599    21.3004
18.2348    28.6164    21.3004
18.2356    28.618    21.3004
18.2612    28.65    21.3004
18.2724    28.6668    21.3004
18.2916    28.6964    21.3004
18.3132    28.7332    21.3004
18.316399    28.736399    21.3004
18.323599    28.757198    21.3004
18.329199    28.7676    21.3004
18.3396    28.799599    21.3004
18.3412    28.803598    21.3004
18.3452    28.8372    21.3004
18.347599    28.8492    21.3004
18.35    28.866798    21.3004
18.351599    28.8844    21.3004
18.3564    28.9028    21.3004
18.357199    28.9156    21.3004
18.3612    28.931599    21.3004
18.3636    28.946    21.3004
18.3732    28.9588    21.3004
18.3804    28.979599    21.3004
18.39    28.9916    21.3004
18.3988    29.0068    21.3004
18.414    29.028399    21.3004
18.4252    29.0404    21.3004
18.4532    29.0388    21.3004
18.4652    29.042799    21.3004
18.485199    29.0252    21.3004
18.4988    29.018799    21.3004
18.5212    28.9828    21.3004
18.529999    28.9676    21.3004
18.5476    28.949999    21.3004
18.5572    28.942799    21.3004
18.570799    28.9348    21.3004
18.5812    28.9292    21.3004
18.5892    28.927599    21.3004
18.6028    28.9212    21.3004
18.604399    28.920399    21.3004
18.605999    28.920399    21.3004
18.6204    28.9284    21.3004
18.6404    28.9564    21.3004
18.71    29.046    21.3004
18.7284    29.069199    21.3004
18.734    29.078    21.3004
18.736399    29.0868    21.3004
18.741999    29.0996    21.3004
18.7396    29.1124    21.3004
18.741999    29.1244    21.3004
18.7356    29.1372    21.3004
18.7332    29.1484    21.3004
18.7284    29.1596    21.3004
18.7124    29.1892    21.3004
18.691599    29.232399    21.3004
18.6764    29.2692    21.3004
18.663599    29.2972    21.3004
18.6532    29.3196    21.3004
18.6492    29.3268    21.3004
18.6476    29.33    21.3004
18.6428    29.351599    21.3004
18.6404    29.366798    21.3004
18.6436    29.386    21.3004
18.6436    29.392399    21.3004
18.645199    29.3988    21.3004
18.6684    29.4532    21.3004
18.6716    29.461199    21.3004
18.678    29.4772    21.3004
18.6948    29.5236    21.3004
18.7188    29.598799    21.3004
18.726799    29.617199    21.3004
18.732399    29.636398    21.3004
18.7412    29.6516    21.3004
18.7556    29.663599    21.3004
18.77    29.6756    21.3004
18.7892    29.6868    21.3004
18.7972    29.6892    21.3004
18.802    29.689999    21.3004
18.8244    29.695599    21.3004
18.8412    29.706    21.3004
18.862    29.712399    21.3004
18.8964    29.7332    21.3004
18.91    29.740398    21.3004
18.916399    29.745998    21.3004
18.9236    29.7564    21.3004
18.938    29.7732    21.3004
18.9732    29.851599    21.3004
18.979599    29.8652    21.3004
19.0036    29.927599    21.3004
19.0196    29.973999    21.3004
19.0292    30.0084    21.3004
19.0452    30.0628    21.3004
19.0492    30.087599    21.3004
19.0516    30.1036    21.3004
19.057999    30.1292    21.3004
19.059599    30.137999    21.3004
19.074    30.1468    21.3004
19.0844    30.1556    21.3004
19.093199    30.1476    21.3004
19.1076    30.136398    21.3004
19.1196    30.1244    21.3004
19.132399    30.1092    21.3004
19.157999    30.0868    21.3004
19.1716    30.074799    21.3004
19.1868    30.063599    21.3004
19.2204    30.0388    21.3004
19.2372    30.0276    21.3004
19.2692    30.0092    21.3004
19.2964    29.9956    21.3004
19.321999    29.9844    21.3004
19.3556    29.9716    21.3004
19.4116    29.9516    21.3004
19.4244    29.946798    21.3004
19.4348    29.944399    21.3004
19.4828    29.9324    21.3004
19.507599    29.927599    21.3004
19.5556    29.9196    21.3004
19.5684    29.918    21.3004
19.5788    29.9172    21.3004
19.6196    29.916399    21.3004
19.643599    29.9172    21.3004
19.6764    29.918798    21.3004
19.7052    29.9212    21.3004
19.7292    29.9268    21.3004
19.753199    29.933199    21.3004
19.7612    29.935598    21.3004
19.7748    29.9404    21.3004
19.810799    29.9532    21.3004
19.838    29.966    21.3004
19.8484    29.970798    21.3004
19.8764    29.9916    21.3004
19.886    29.9972    21.3004
19.9068    30.015598    21.3004
19.9188    30.024399    21.3004
19.937199    30.0404    21.3004
19.949999    30.052399    21.3004
19.955599    30.059599    21.3004
19.972399    30.078798    21.3004
19.994799    30.1076    21.3004
20.007599    30.126799    21.3004
20.018799    30.141998    21.3004
20.0284    30.160398    21.3004
20.037199    30.178799    21.3004
20.0436    30.197199    21.3004
20.0492    30.2092    21.3004
20.052399    30.219599    21.3004
20.0612    30.2468    21.3004
20.063599    30.2676    21.3004
20.0668    30.2852    21.3004
20.065199    30.2988    21.3004
20.065199    30.312399    21.3004
20.0644    30.327599    21.3004
20.057999    30.3452    21.3004
20.053999    30.353199    21.3004
20.0324    30.382    21.3004
20.0276    30.3884    21.3004
20.026    30.39    21.3004
20.0012    30.406    21.3004
19.9788    30.4156    21.3004
19.927599    30.4364    21.3004
19.921999    30.438    21.3004
19.916399    30.438799    21.3004
19.890799    30.446798    21.3004
19.8716    30.449999    21.3004
19.862799    30.4532    21.3004
19.8412    30.458    21.3004
19.823599    30.459599    21.3004
19.814    30.4588    21.3004
19.782799    30.461199    21.3004
19.758799    30.462    21.3004
19.741999    30.4644    21.3004
19.71    30.4684    21.3004
19.7036    30.4684    21.3004
19.702    30.4692    21.3004
19.6484    30.4788    21.3004
19.643599    30.4812    21.3004
19.621199    30.489199    21.3004
19.6188    30.49    21.3004
19.581999    30.5028    21.3004
19.5684    30.509998    21.3004
19.5548    30.5164    21.3004
19.531599    30.5292    21.3004
19.5204    30.533998    21.3004
19.507599    30.541199    21.3004
19.4924    30.5492    21.3004
19.4844    30.5556    21.3004
19.4644    30.5668    21.3004
19.453999    30.574    21.3004
19.442    30.581999    21.3004
19.4172    30.5996    21.3004
19.410799    30.604399    21.3004
19.3932    30.622799    21.3004
19.386799    30.632399    21.3004
19.3884    30.6532    21.3004
19.392399    30.6684    21.3004
19.409199    30.6836    21.3004
19.4172    30.6876    21.3004
19.4228    30.6892    21.3004
19.449999    30.6964    21.3004
19.49    30.7108    21.3004
19.4956    30.7132    21.3004
19.5284    30.730799    21.3004
19.5292    30.730799    21.3004
19.559599    30.754    21.3004
19.576399    30.7676    21.3004
19.5956    30.7836    21.3004
19.6084    30.7964    21.3004
19.6364    30.8268    21.3004
