19.4732    30.6708    23.1004
19.4684    30.6684    23.1004
19.442799    30.657999    23.1004
19.4188    30.661999    23.1004
19.4084    30.660398    23.1004
19.3884    30.6684    23.1004
19.381199    30.669199    23.1004
19.3716    30.6724    23.1004
19.3604    30.680399    23.1004
19.3436    30.689999    23.1004
19.33    30.7036    23.1004
19.299599    30.725199    23.1004
19.2852    30.7372    23.1004
19.2676    30.7444    23.1004
19.2564    30.7612    23.1004
19.2452    30.7764    23.1004
19.254    30.7876    23.1004
19.2636    30.814798    23.1004
19.264399    30.816399    23.1004
19.3028    30.834799    23.1004
19.3044    30.8364    23.1004
19.306    30.8372    23.1004
19.31    30.838799    23.1004
19.3324    30.844398    23.1004
19.3636    30.8468    23.1004
19.3724    30.8484    23.1004
19.3772    30.8492    23.1004
19.433199    30.8508    23.1004
19.434    30.851599    23.1004
19.472399    30.8492    23.1004
19.4732    30.8484    23.1004
19.4756    30.847599    23.1004
19.4988    30.8396    23.1004
19.500399    30.838799    23.1004
19.5212    30.8268    23.1004
19.5292    30.8188    23.1004
19.5556    30.784399    23.1004
19.5588    30.768398    23.1004
19.562    30.751598    23.1004
19.5564    30.745998    23.1004
19.5444    30.732399    23.1004
19.5324    30.7188    23.1004
19.529999    30.7132    23.1004
19.5236    30.708399    23.1004
19.5156    30.701199    23.1004
19.4916    30.6836    23.1004
19.4732    30.6708    23.1004
