20.126799    32.9436    23.1004
20.0908    32.9772    23.1004
20.0772    32.989998    23.1004
20.035599    33.0252    23.1004
20.0236    33.034    23.1004
19.982    33.062798    23.1004
19.9804    33.0644    23.1004
19.977999    33.0652    23.1004
19.9764    33.065998    23.1004
19.966799    33.07    23.1004
19.944399    33.078    23.1004
19.938799    33.0804    23.1004
19.914799    33.086    23.1004
19.8932    33.082798    23.1004
19.886799    33.0804    23.1004
19.864399    33.058    23.1004
19.847599    33.0396    23.1004
19.827599    33.0052    23.1004
19.7964    32.95    23.1004
19.789999    32.936398    23.1004
19.7836    32.9204    23.1004
19.769999    32.8868    23.1004
19.7556    32.862    23.1004
19.736399    32.8204    23.1004
19.7276    32.8012    23.1004
19.722    32.7844    23.1004
19.7124    32.759598    23.1004
19.698    32.7332    23.1004
19.6868    32.705997    23.1004
19.6724    32.682    23.1004
19.6684    32.6764    23.1004
19.656399    32.6572    23.1004
19.642    32.6452    23.1004
19.6412    32.6436    23.1004
19.639599    32.6428    23.1004
19.614    32.618797    23.1004
19.5836    32.5972    23.1004
19.57    32.5892    23.1004
19.5332    32.5732    23.1004
19.505999    32.5604    23.1004
19.4812    32.55    23.1004
19.455599    32.540398    23.1004
19.403599    32.523598    23.1004
19.3932    32.5212    23.1004
19.386799    32.5196    23.1004
19.3668    32.512398    23.1004
19.3484    32.506798    23.1004
19.3364    32.5036    23.1004
19.2612    32.4884    23.1004
19.2108    32.4804    23.1004
19.195599    32.4772    23.1004
19.178799    32.475597    23.1004
19.154    32.474    23.1004
19.104399    32.466    23.1004
19.102    32.466    23.1004
19.093199    32.466    23.1004
19.052399    32.4612    23.1004
19.0084    32.458    23.1004
19.0028    32.4572    23.1004
18.9756    32.4548    23.1004
18.9596    32.454    23.1004
18.955599    32.4548    23.1004
18.9116    32.447598    23.1004
18.8956    32.447598    23.1004
18.869999    32.4372    23.1004
18.858    32.4324    23.1004
18.827599    32.4164    23.1004
18.826    32.4164    23.1004
18.8244    32.4148    23.1004
18.795599    32.397198    23.1004
18.7852    32.385998    23.1004
18.7708    32.3708    23.1004
18.760399    32.360397    23.1004
18.7484    32.343597    23.1004
18.7428    32.3364    23.1004
18.734    32.3204    23.1004
18.718    32.293198    23.1004
18.7092    32.2756    23.1004
18.6948    32.2444    23.1004
18.6932    32.238    23.1004
18.6812    32.1852    23.1004
18.6772    32.142    23.1004
18.6764    32.1284    23.1004
18.6764    32.1172    23.1004
18.6764    32.0932    23.1004
18.6812    32.0732    23.1004
18.6836    32.062    23.1004
18.691599    32.042    23.1004
18.6924    32.0396    23.1004
18.6932    32.0364    23.1004
18.6932    32.0084    23.1004
18.6892    32.0052    23.1004
18.6628    31.987598    23.1004
18.646    31.9804    23.1004
18.618    31.9644    23.1004
18.609999    31.959599    23.1004
18.587599    31.9436    23.1004
18.5828    31.9396    23.1004
18.574    31.929998    23.1004
18.5612    31.916399    23.1004
18.5588    31.9116    23.1004
18.5436    31.894    23.1004
18.5404    31.886799    23.1004
18.5308    31.8692    23.1004
18.5252    31.8548    23.1004
18.5204    31.8396    23.1004
18.5148    31.817999    23.1004
18.513199    31.814    23.1004
18.5108    31.788399    23.1004
18.5108    31.7836    23.1004
18.511599    31.757198    23.1004
18.513199    31.741999    23.1004
18.513199    31.7388    23.1004
18.514    31.7356    23.1004
18.5204    31.713999    23.1004
18.5236    31.7004    23.1004
18.524399    31.6988    23.1004
18.5292    31.673199    23.1004
18.5308    31.67    23.1004
18.5276    31.645199    23.1004
18.5284    31.6428    23.1004
18.5284    31.6388    23.1004
18.5252    31.63    23.1004
18.511599    31.6124    23.1004
18.4972    31.600399    23.1004
18.4676    31.581999    23.1004
18.4356    31.5548    23.1004
18.4348    31.5548    23.1004
18.4124    31.5276    23.1004
18.41    31.5252    23.1004
18.3916    31.496399    23.1004
18.39    31.493198    23.1004
18.3844    31.483599    23.1004
18.3748    31.4684    23.1004
18.368399    31.446798    23.1004
18.3636    31.433199    23.1004
18.362799    31.431599    23.1004
18.362    31.4292    23.1004
18.3564    31.410799    23.1004
18.351599    31.3764    23.1004
18.35    31.3548    23.1004
18.35    31.3268    23.1004
18.35    31.2932    23.1004
18.3524    31.2596    23.1004
18.353199    31.2428    23.1004
18.3548    31.232399    23.1004
18.3564    31.222    23.1004
18.369999    31.150799    23.1004
18.3716    31.1444    23.1004
18.3804    31.122    23.1004
18.3956    31.080399    23.1004
18.4012    31.069199    23.1004
18.431599    31.015598    23.1004
18.434    31.0108    23.1004
18.442799    30.9972    23.1004
18.4644    30.966    23.1004
18.477999    30.9492    23.1004
18.489199    30.921999    23.1004
18.4916    30.918798    23.1004
18.4916    30.9156    23.1004
18.49    30.906    23.1004
18.4876    30.8884    23.1004
18.485199    30.883598    23.1004
18.4652    30.858    23.1004
18.4468    30.8412    23.1004
18.437199    30.827599    23.1004
18.4308    30.823599    23.1004
18.41    30.803598    23.1004
18.4076    30.802    23.1004
18.3876    30.7836    23.1004
18.3772    30.7748    23.1004
18.3612    30.758    23.1004
18.347599    30.7444    23.1004
18.3372    30.730799    23.1004
18.3268    30.7172    23.1004
18.3172    30.702    23.1004
18.3156    30.6988    23.1004
18.312399    30.6932    23.1004
18.3116    30.689999    23.1004
18.3028    30.6612    23.1004
18.2988    30.646    23.1004
18.2972    30.6388    23.1004
18.293999    30.6148    23.1004
18.2932    30.609999    23.1004
18.2948    30.5892    23.1004
18.295599    30.581999    23.1004
18.2972    30.576399    23.1004
18.301199    30.5548    23.1004
18.3036    30.5492    23.1004
18.31    30.5292    23.1004
18.317999    30.514    23.1004
18.3324    30.489199    23.1004
18.338    30.479599    23.1004
18.3484    30.465199    23.1004
18.3612    30.4508    23.1004
18.3668    30.4436    23.1004
18.385199    30.427599    23.1004
18.394    30.4212    23.1004
18.402    30.414799    23.1004
18.414799    30.406    23.1004
18.438    30.392399    23.1004
18.4436    30.39    23.1004
18.4468    30.389198    23.1004
18.4916    30.382    23.1004
18.5044    30.3804    23.1004
18.5212    30.3804    23.1004
18.5492    30.379599    23.1004
18.552399    30.379599    23.1004
18.586    30.3804    23.1004
18.6188    30.3828    23.1004
18.6332    30.383598    23.1004
18.654    30.383598    23.1004
18.6572    30.383598    23.1004
18.663599    30.3828    23.1004
18.689999    30.381199    23.1004
18.697199    30.3788    23.1004
18.7108    30.373999    23.1004
18.721199    30.3716    23.1004
18.73    30.3652    23.1004
18.7484    30.351599    23.1004
18.760399    30.3372    23.1004
18.7652    30.3308    23.1004
18.795599    30.2876    23.1004
18.799599    30.282    23.1004
18.8004    30.2804    23.1004
18.8172    30.262798    23.1004
18.834    30.2468    23.1004
18.834799    30.2468    23.1004
18.8356    30.245998    23.1004
18.8396    30.243599    23.1004
18.8804    30.2244    23.1004
18.9028    30.217999    23.1004
18.944399    30.206    23.1004
18.9596    30.202799    23.1004
18.9732    30.202    23.1004
19.013199    30.2004    23.1004
19.029999    30.1988    23.1004
19.0452    30.198    23.1004
19.0796    30.202    23.1004
19.094799    30.205198    23.1004
19.111599    30.208399    23.1004
19.1196    30.2108    23.1004
19.1444    30.2164    23.1004
19.157999    30.2204    23.1004
19.180399    30.2284    23.1004
19.2148    30.2444    23.1004
19.226    30.2484    23.1004
19.2276    30.249199    23.1004
19.25    30.264399    23.1004
19.271599    30.2788    23.1004
19.2796    30.2836    23.1004
19.306    30.301199    23.1004
19.3204    30.309198    23.1004
19.33    30.3116    23.1004
19.3492    30.316399    23.1004
19.357199    30.3156    23.1004
19.373999    30.310799    23.1004
19.394    30.284399    23.1004
19.3956    30.282799    23.1004
19.4172    30.230799    23.1004
19.418    30.2276    23.1004
19.4188    30.226799    23.1004
19.4404    30.202    23.1004
19.446    30.198    23.1004
19.4676    30.184399    23.1004
19.4924    30.173199    23.1004
19.5044    30.169199    23.1004
19.526    30.1612    23.1004
19.529999    30.160398    23.1004
19.5588    30.1516    23.1004
19.5644    30.15    23.1004
19.5772    30.1484    23.1004
19.609999    30.141998    23.1004
19.632399    30.1404    23.1004
19.646    30.1388    23.1004
19.6532    30.139599    23.1004
19.6796    30.1388    23.1004
19.702799    30.137999    23.1004
19.7052    30.137999    23.1004
19.7508    30.1412    23.1004
19.7572    30.1412    23.1004
19.7676    30.1428    23.1004
19.789999    30.145199    23.1004
19.8116    30.150799    23.1004
19.833199    30.1556    23.1004
19.854    30.1596    23.1004
19.862    30.161999    23.1004
19.886    30.171598    23.1004
19.8876    30.1724    23.1004
19.8916    30.174799    23.1004
19.925999    30.1932    23.1004
19.934    30.198    23.1004
19.9412    30.2044    23.1004
19.9676    30.2228    23.1004
19.982    30.2356    23.1004
19.9988    30.2524    23.1004
20.0108    30.265999    23.1004
20.0204    30.277199    23.1004
20.029999    30.2892    23.1004
20.0388    30.303598    23.1004
20.046    30.3172    23.1004
20.0532    30.3324    23.1004
20.0556    30.340399    23.1004
20.0628    30.358799    23.1004
20.0644    30.362799    23.1004
20.0676    30.386799    23.1004
20.0676    30.4084    23.1004
20.0684    30.424398    23.1004
20.0676    30.448399    23.1004
20.0676    30.455599    23.1004
20.0668    30.4604    23.1004
20.0588    30.498    23.1004
20.0588    30.498798    23.1004
20.0452    30.528399    23.1004
20.0452    30.529999    23.1004
20.0396    30.5388    23.1004
20.0156    30.580399    23.1004
20.0084    30.598    23.1004
20.0084    30.6124    23.1004
20.014    30.6348    23.1004
20.022    30.646    23.1004
20.029999    30.6532    23.1004
20.0476    30.674799    23.1004
20.0476    30.6756    23.1004
20.074799    30.7004    23.1004
20.076399    30.702    23.1004
20.1012    30.7284    23.1004
20.1276    30.7596    23.1004
20.1372    30.7708    23.1004
20.1628    30.806799    23.1004
20.166    30.81    23.1004
20.1892    30.8468    23.1004
20.194    30.8548    23.1004
20.206799    30.877998    23.1004
20.213999    30.8932    23.1004
20.23    30.9236    23.1004
20.2452    30.961199    23.1004
20.2524    30.979599    23.1004
20.254799    30.9884    23.1004
20.2572    30.9972    23.1004
20.2676    31.0276    23.1004
20.2756    31.066    23.1004
20.2756    31.0684    23.1004
20.2756    31.069199    23.1004
20.2764    31.074799    23.1004
20.282799    31.1108    23.1004
20.2852    31.1276    23.1004
20.286    31.1588    23.1004
20.2876    31.1876    23.1004
20.2868    31.221199    23.1004
20.2852    31.268398    23.1004
20.2804    31.320398    23.1004
20.2748    31.4028    23.1004
20.271599    31.4404    23.1004
20.2692    31.459599    23.1004
20.2652    31.5068    23.1004
20.2636    31.5236    23.1004
20.2628    31.5548    23.1004
20.2596    31.570799    23.1004
20.262    31.6076    23.1004
20.2596    31.6372    23.1004
20.2636    31.6556    23.1004
20.2636    31.669199    23.1004
20.271599    31.695599    23.1004
20.2732    31.702799    23.1004
20.2748    31.706799    23.1004
20.2788    31.7132    23.1004
20.2876    31.719599    23.1004
20.312399    31.7444    23.1004
20.3508    31.7676    23.1004
20.381199    31.7836    23.1004
20.4284    31.8116    23.1004
20.438799    31.8172    23.1004
20.446    31.821999    23.1004
20.477999    31.8412    23.1004
20.489199    31.8524    23.1004
20.5044    31.866    23.1004
20.5252    31.886799    23.1004
20.5348    31.8956    23.1004
20.5476    31.924398    23.1004
20.557999    31.9476    23.1004
20.5628    31.9564    23.1004
20.5756    31.998    23.1004
20.5796    32.0076    23.1004
20.581999    32.0188    23.1004
20.5852    32.0444    23.1004
20.587599    32.057198    23.1004
20.587599    32.0588    23.1004
20.5884    32.062798    23.1004
20.5884    32.0668    23.1004
20.5884    32.110798    23.1004
20.5884    32.1268    23.1004
20.5884    32.1796    23.1004
20.5884    32.2164    23.1004
20.5884    32.220398    23.1004
20.587599    32.2332    23.1004
20.5836    32.2964    23.1004
20.5812    32.314    23.1004
20.57    32.374798    23.1004
20.569199    32.3812    23.1004
20.5684    32.3828    23.1004
20.5676    32.3852    23.1004
20.542799    32.4668    23.1004
20.5364    32.4852    23.1004
20.4956    32.599598    23.1004
20.4916    32.61    23.1004
20.473999    32.6484    23.1004
20.466799    32.6628    23.1004
20.459599    32.674    23.1004
20.4476    32.689198    23.1004
20.43    32.7084    23.1004
20.4188    32.722    23.1004
20.4132    32.7268    23.1004
20.397999    32.745197    23.1004
20.3948    32.75    23.1004
20.392399    32.7532    23.1004
20.3668    32.774    23.1004
20.3564    32.7836    23.1004
20.338    32.7956    23.1004
20.2916    32.8204    23.1004
20.2652    32.8364    23.1004
20.2412    32.8508    23.1004
20.225199    32.8612    23.1004
20.2108    32.874    23.1004
20.198    32.882    23.1004
20.1708    32.9052    23.1004
20.1612    32.9132    23.1004
20.146    32.9268    23.1004
20.1356    32.9372    23.1004
20.1332    32.9388    23.1004
20.126799    32.9436    23.1004
