13.0428    0.5036    15.6004
13.3828    0.5124    15.6004
13.5932    0.5172    15.6004
14.0668    0.52919996    15.6004
14.5812    0.542    15.6004
14.622    0.5428    15.6004
14.6508    0.5428    15.6004
14.6668    0.5428    15.6004
14.671599    0.54359996    15.6004
14.6788    0.5444    15.6004
14.69    0.55799997    15.6004
14.6908    0.5588    15.6004
14.6916    0.5636    15.6004
14.699599    0.5972    15.6004
14.7188    0.694    15.6004
14.7188    0.69479996    15.6004
14.7316    0.7636    15.6004
14.7324    0.7732    15.6004
14.739599    0.83239996    15.6004
14.7492    0.91239995    15.6004
14.75    0.92359996    15.6004
14.750799    0.9316    15.6004
14.754    1.0067999    15.6004
14.7548    1.0228    15.6004
14.7548    1.0236    15.6004
14.7556    1.0419999    15.6004
14.756399    1.0843999    15.6004
14.7548    1.1475999    15.6004
14.7548    1.1516    15.6004
14.751599    1.2076    15.6004
14.7492    1.2548    15.6004
14.7484    1.2595999    15.6004
14.7476    1.2636    15.6004
14.745999    1.2803999    15.6004
14.739599    1.3379999    15.6004
14.7388    1.3476    15.6004
14.7268    1.4132    15.6004
14.7244    1.4228    15.6004
14.7132    1.4884    15.6004
14.705199    1.5228    15.6004
14.6988    1.558    15.6004
14.688399    1.5996    15.6004
14.6812    1.63    15.6004
14.677199    1.6436    15.6004
14.6612    1.7044    15.6004
14.658    1.7163999    15.6004
14.6404    1.7723999    15.6004
14.638    1.7803999    15.6004
14.634    1.79    15.6004
14.6124    1.8452    15.6004
14.6116    1.8476    15.6004
14.61    1.8507999    15.6004
14.5803995    1.9083999    15.6004
14.5724    1.9211999    15.6004
14.5436    1.9684    15.6004
14.5412    1.9724    15.6004
14.539599    1.974    15.6004
14.5372    1.9771999    15.6004
14.4916    2.0396    15.6004
14.458799    2.0804    15.6004
14.4436    2.1011999    15.6004
14.4251995    2.1299999    15.6004
14.41    2.1516    15.6004
14.398    2.1692    15.6004
14.3796    2.198    15.6004
14.3476    2.2516    15.6004
14.3396    2.2668    15.6004
14.315599    2.31    15.6004
14.308399    2.3212    15.6004
14.3012    2.3339999    15.6004
14.274799    2.3844    15.6004
14.2588    2.4148    15.6004
14.242    2.45    15.6004
14.217199    2.4963999    15.6004
14.2076    2.5147998    15.6004
14.1916    2.5532    15.6004
14.187599    2.5604    15.6004
14.1852    2.566    15.6004
14.1684    2.6036    15.6004
14.1491995    2.6468    15.6004
14.1452    2.6571999    15.6004
14.1404    2.6692    15.6004
14.119599    2.7212    15.6004
14.084399    2.8068    15.6004
14.0724    2.8316    15.6004
14.0476    2.8724    15.6004
14.0292    2.9011998    15.6004
14.0132    2.9284    15.6004
13.9939995    2.9515998    15.6004
13.9796    2.9668    15.6004
13.965199    2.9796    15.6004
13.924399    3.0196    15.6004
13.9156    3.0275998    15.6004
13.8804    3.054    15.6004
13.860399    3.0684    15.6004
13.809199    3.106    15.6004
13.7828    3.1299999    15.6004
13.751599    3.1539998    15.6004
13.722    3.1804    15.6004
13.705199    3.1915998    15.6004
13.6956    3.2124    15.6004
13.6788    3.23    15.6004
13.6732    3.2452    15.6004
13.6723995    3.2572    15.6004
13.6684    3.2747998    15.6004
13.671599    3.2924    15.6004
13.670799    3.3019998    15.6004
13.6756    3.3204    15.6004
13.6748    3.3339999    15.6004
13.6756    3.346    15.6004
13.6804    3.3739998    15.6004
13.681999    3.3844    15.6004
13.683599    3.3971999    15.6004
13.687599    3.4211998    15.6004
13.6932    3.4515998    15.6004
13.693999    3.458    15.6004
13.6988    3.4963999    15.6004
13.7036    3.5316    15.6004
13.705199    3.5419998    15.6004
13.7084    3.5884    15.6004
13.7123995    3.6339998    15.6004
13.714    3.6452    15.6004
13.7196    3.7171998    15.6004
13.7188    3.7243998    15.6004
13.7188    3.7324    15.6004
13.717199    3.7556    15.6004
13.717199    3.7763999    15.6004
13.71    3.8188    15.6004
13.71    3.8291998    15.6004
13.7076    3.8388    15.6004
13.7044    3.8532    15.6004
13.6804    3.918    15.6004
13.6644    3.9659998    15.6004
13.658    3.9859998    15.6004
13.6268    4.0931997    15.6004
13.6172    4.1284    15.6004
13.5988    4.1995997    15.6004
13.5924    4.2316    15.6004
13.5836    4.2964    15.6004
13.5724    4.3876    15.6004
13.5652    4.466    15.6004
13.5548    4.5532    15.6004
13.5524    4.5731997    15.6004
13.545199    4.6164    15.6004
13.5412    4.6444    15.6004
13.5356    4.6628    15.6004
13.5348    4.6651998    15.6004
13.5196    4.6956    15.6004
13.5132    4.7044    15.6004
13.5004    4.7244    15.6004
13.4948    4.7324    15.6004
13.4612    4.7804    15.6004
13.3876    4.8924    15.6004
13.3796    4.9059997    15.6004
13.3708    4.9212    15.6004
13.3596    4.9372    15.6004
13.3412    4.9684    15.6004
13.3364    4.974    15.6004
13.3284    4.9876    15.6004
13.315599    5.0076    15.6004
13.297199    5.042    15.6004
13.2836    5.0755997    15.6004
13.2676    5.1099997    15.6004
13.2644    5.1204    15.6004
13.2436    5.1804    15.6004
13.2355995    5.2276    15.6004
13.2324    5.238    15.6004
13.211599    5.29    15.6004
13.2084    5.3012    15.6004
13.2036    5.2956    15.6004
13.1908    5.2572    15.6004
13.188399    5.2507997    15.6004
13.1876    5.2492    15.6004
13.1852    5.2404    15.6004
13.1756    5.1931996    15.6004
13.165999    5.1468    15.6004
13.1491995    5.0587997    15.6004
13.1404    5.002    15.6004
13.130799    4.9452    15.6004
13.1244    4.9164    15.6004
13.1164    4.8715997    15.6004
13.1116    4.842    15.6004
13.0956    4.7756    15.6004
13.0836    4.7219996    15.6004
13.0644    4.658    15.6004
13.0612    4.6387997    15.6004
13.058    4.5924    15.6004
13.055599    4.5428    15.6004
13.055599    4.5355997    15.6004
13.055599    4.5172    15.6004
13.050799    4.4116    15.6004
13.0484    4.3891997    15.6004
13.044399    4.3603997    15.6004
13.0372    4.2988    15.6004
13.0292    4.222    15.6004
13.026799    4.1763997    15.6004
13.0252    4.1363997    15.6004
13.0236    4.0987997    15.6004
13.0227995    4.0836    15.6004
13.0244    4.0436    15.6004
13.0292    4.0155997    15.6004
13.0316    3.962    15.6004
13.0356    3.9459999    15.6004
13.038    3.9283998    15.6004
13.0428    3.9139998    15.6004
13.0468    3.8948    15.6004
13.050799    3.882    15.6004
13.058    3.8732    15.6004
13.0571995    3.862    15.6004
13.0652    3.8428    15.6004
13.066    3.8323998    15.6004
13.0716    3.8204    15.6004
13.0876    3.7756    15.6004
13.094    3.754    15.6004
13.1164    3.6852    15.6004
13.1228    3.6676    15.6004
13.1244    3.6611998    15.6004
13.1268    3.6524    15.6004
13.1572    3.5572    15.6004
13.188399    3.4443998    15.6004
13.2012    3.3996    15.6004
13.2076    3.3755999    15.6004
13.23    3.3068    15.6004
13.2316    3.3028    15.6004
13.2388    3.2812    15.6004
13.2548    3.2331998    15.6004
13.2612    3.2187998    15.6004
13.2644    3.2052    15.6004
13.2708    3.1876    15.6004
13.2676    3.1796    15.6004
13.273999    3.174    15.6004
13.279599    3.1604    15.6004
13.282    3.1444    15.6004
13.279599    3.1316    15.6004
13.2732    3.1051998    15.6004
13.2724    3.1044    15.6004
13.2732    3.1044    15.6004
13.2724    3.1028    15.6004
13.2716    3.1028    15.6004
13.2332    3.0676    15.6004
13.210799    3.0468    15.6004
13.193999    3.03    15.6004
13.17    3.0036    15.6004
13.1404    2.9708    15.6004
13.125999    2.9492    15.6004
13.089999    2.8883998    15.6004
13.0636    2.8436    15.6004
13.0532    2.8244    15.6004
13.033199    2.786    15.6004
13.0012    2.7244    15.6004
12.9883995    2.6964    15.6004
12.969999    2.6604    15.6004
12.9556    2.6283998    15.6004
12.9284    2.5779998    15.6004
12.926    2.5732    15.6004
12.924399    2.57    15.6004
12.906799    2.5324    15.6004
12.8988    2.518    15.6004
12.8796    2.4859998    15.6004
12.8532    2.4387999    15.6004
12.8524    2.438    15.6004
12.8524    2.4371998    15.6004
12.8228    2.386    15.6004
12.797999    2.3444    15.6004
12.7476    2.25    15.6004
12.746799    2.25    15.6004
12.746799    2.2491999    15.6004
12.723599    2.1972    15.6004
12.7123995    2.1684    15.6004
12.6932    2.1188    15.6004
12.6804    2.0851998    15.6004
12.674    2.0667999    15.6004
12.6684    2.0523999    15.6004
12.659599    2.0252    15.6004
12.65    2.0052    15.6004
12.6435995    1.9907999    15.6004
12.6284    1.9619999    15.6004
12.620399    1.9435999    15.6004
12.601999    1.91    15.6004
12.59    1.8828    15.6004
12.5876    1.8779999    15.6004
12.5859995    1.8756    15.6004
12.5636    1.8371999    15.6004
12.5532    1.8155999    15.6004
12.542    1.7924    15.6004
12.5188    1.742    15.6004
12.505199    1.7124    15.6004
12.4948    1.686    15.6004
12.470799    1.6132    15.6004
12.4676    1.602    15.6004
12.465199    1.5956    15.6004
12.4636    1.5884    15.6004
12.4404    1.5059999    15.6004
12.4396    1.502    15.6004
12.438    1.4932    15.6004
12.426    1.4316    15.6004
12.413199    1.3676    15.6004
12.413199    1.3643999    15.6004
12.412399    1.3628    15.6004
12.412399    1.3604    15.6004
12.4028    1.2756    15.6004
12.4004    1.2556    15.6004
12.3972    1.2124    15.6004
12.3932    1.1636    15.6004
12.3924    1.134    15.6004
12.3907995    1.0555999    15.6004
12.3907995    1.0372    15.6004
12.3916    0.99079996    15.6004
12.394    0.94439995    15.6004
12.394799    0.9212    15.6004
12.4028    0.8444    15.6004
12.4044    0.8276    15.6004
12.4092    0.79399997    15.6004
12.4156    0.7428    15.6004
12.4196    0.722    15.6004
12.4316    0.666    15.6004
12.436399    0.64599997    15.6004
12.446    0.6084    15.6004
12.4484    0.6012    15.6004
12.4572    0.5772    15.6004
12.4612    0.57    15.6004
12.4684    0.5588    15.6004
12.4828    0.5388    15.6004
12.499599    0.5244    15.6004
12.509999    0.514    15.6004
12.516399    0.51    15.6004
12.53    0.5044    15.6004
12.538799    0.5004    15.6004
12.542    0.49879998    15.6004
12.5476    0.498    15.6004
12.5708    0.4924    15.6004
12.582    0.4924    15.6004
12.5859995    0.4924    15.6004
12.590799    0.4924    15.6004
12.6012    0.494    15.6004
12.6292    0.4948    15.6004
12.6564    0.4948    15.6004
12.7932    0.49879998    15.6004
12.9164    0.502    15.6004
13.0428    0.5036    15.6004
