18.694    22.771599    14.4004
18.691599    22.75    14.4004
18.6892    22.7332    14.4004
18.6852    22.6988    14.4004
18.6852    22.6812    14.4004
18.682    22.605999    14.4004
18.6812    22.5716    14.4004
18.682    22.5676    14.4004
18.6996    22.5348    14.4004
18.706    22.5308    14.4004
18.7564    22.5204    14.4004
18.7788    22.5204    14.4004
18.798    22.5196    14.4004
18.8116    22.5204    14.4004
18.8356    22.5204    14.4004
18.8508    22.5212    14.4004
18.866    22.5204    14.4004
18.886799    22.522    14.4004
18.9004    22.5204    14.4004
18.918    22.522799    14.4004
18.9268    22.522799    14.4004
18.944399    22.526    14.4004
18.9548    22.5252    14.4004
18.972399    22.5276    14.4004
18.985199    22.526    14.4004
18.9996    22.5276    14.4004
19.01    22.526    14.4004
19.046    22.537199    14.4004
19.0476    22.537199    14.4004
19.0492    22.538    14.4004
19.0788    22.546799    14.4004
19.098    22.5588    14.4004
19.1052    22.5604    14.4004
19.1412    22.5724    14.4004
19.1652    22.585999    14.4004
19.1764    22.594799    14.4004
19.1988    22.6036    14.4004
19.2148    22.6092    14.4004
19.2332    22.622799    14.4004
19.254799    22.6332    14.4004
19.2836    22.6484    14.4004
19.316399    22.6668    14.4004
19.33    22.6756    14.4004
19.334799    22.678    14.4004
19.3508    22.691599    14.4004
19.362799    22.7004    14.4004
19.3772    22.7148    14.4004
19.386    22.7276    14.4004
19.3916    22.747599    14.4004
19.392399    22.7516    14.4004
19.3916    22.7652    14.4004
19.39    22.7788    14.4004
19.334799    22.8692    14.4004
19.2908    22.9228    14.4004
19.277199    22.9364    14.4004
19.265999    22.9492    14.4004
19.2524    22.959599    14.4004
19.2388    22.9732    14.4004
19.2236    22.9772    14.4004
19.2092    22.9772    14.4004
19.1876    22.979599    14.4004
19.1652    22.9788    14.4004
19.1444    22.976398    14.4004
19.098799    22.972399    14.4004
19.0756    22.9676    14.4004
19.0308    22.9572    14.4004
19.0044    22.9508    14.4004
18.955599    22.9348    14.4004
18.9012    22.9172    14.4004
18.858799    22.8988    14.4004
18.834    22.886799    14.4004
18.8116    22.8764    14.4004
18.7948    22.8652    14.4004
18.77    22.8524    14.4004
18.7444    22.8356    14.4004
18.7396    22.8324    14.4004
18.7228    22.816399    14.4004
18.7132    22.8084    14.4004
18.697199    22.782799    14.4004
18.694    22.771599    14.4004
