15.6748    9.5812    0.0004
15.6804    9.5692    0.0004
15.6924    9.5748    0.0004
15.7388    9.5812    0.0004
15.745199    9.5948    0.0004
15.7492    9.6172    0.0004
15.752399    9.6964    0.0004
15.7492    9.774    0.0004
15.745199    9.79    0.0004
15.739599    9.7987995    0.0004
15.653199    9.832399    0.0004
15.6332    9.8308    0.0004
15.624399    9.826    0.0004
15.613999    9.8108    0.0004
15.6348    9.6972    0.0004
15.641999    9.682    0.0004
15.6468    9.6756    0.0004
15.6508    9.6708    0.0004
15.6748    9.5812    0.0004
