11.5084    37.7524    13.5004
11.4964    37.7436    13.5004
11.4836    37.7348    13.5004
11.4556    37.71    13.5004
11.4548    37.709198    13.5004
11.4508    37.7044    13.5004
11.435599    37.6876    13.5004
11.4268    37.677998    13.5004
11.4148    37.661198    13.5004
11.3988    37.6372    13.5004
11.3924    37.6284    13.5004
11.3692    37.586    13.5004
11.3652    37.5788    13.5004
11.3619995    37.5724    13.5004
11.320399    37.4836    13.5004
11.3188    37.478798    13.5004
11.3172    37.4748    13.5004
11.297199    37.4356    13.5004
11.297199    37.434    13.5004
11.2964    37.4324    13.5004
11.2844    37.4116    13.5004
11.2796    37.402798    13.5004
11.266    37.3892    13.5004
11.2532    37.374798    13.5004
11.2196    37.3404    13.5004
11.21    37.3308    13.5004
11.193999    37.313198    13.5004
11.1924    37.3084    13.5004
11.1876    37.302    13.5004
11.170799    37.2644    13.5004
11.17    37.2636    13.5004
11.17    37.2628    13.5004
11.1612    37.2324    13.5004
11.1556    37.2164    13.5004
11.1532    37.203598    13.5004
11.1491995    37.1756    13.5004
11.1476    37.1644    13.5004
11.1452    37.1372    13.5004
11.1444    37.133198    13.5004
11.1444    37.1324    13.5004
11.1435995    37.0932    13.5004
11.1444    37.0836    13.5004
11.1435995    37.0548    13.5004
11.146    37.017998    13.5004
11.1468    37.0052    13.5004
11.15    36.986    13.5004
11.1516    36.973198    13.5004
11.154799    36.947598    13.5004
11.1572    36.938    13.5004
11.1636    36.9052    13.5004
11.1692    36.8796    13.5004
11.1796    36.8388    13.5004
11.183599    36.8252    13.5004
11.205199    36.756397    13.5004
11.205999    36.753998    13.5004
11.2076    36.75    13.5004
11.222799    36.709198    13.5004
11.228399    36.6956    13.5004
11.228399    36.694798    13.5004
11.23    36.6908    13.5004
11.2548    36.6228    13.5004
11.266    36.596397    13.5004
11.2788    36.565998    13.5004
11.2876    36.545998    13.5004
11.3076    36.506    13.5004
11.3108    36.5004    13.5004
11.3284    36.4716    13.5004
11.342    36.4492    13.5004
11.349199    36.4372    13.5004
11.3516    36.426    13.5004
11.3564    36.4036    13.5004
11.3452    36.380398    13.5004
11.3428    36.3764    13.5004
11.338799    36.3756    13.5004
11.3068    36.3596    13.5004
11.3052    36.3588    13.5004
11.2956    36.357998    13.5004
11.285999    36.3564    13.5004
11.280399    36.354    13.5004
11.254    36.3444    13.5004
11.2364    36.335598    13.5004
11.228399    36.3316    13.5004
11.2204    36.3252    13.5004
11.2012    36.3092    13.5004
11.177199    36.2852    13.5004
11.1764    36.2844    13.5004
11.1524    36.2532    13.5004
11.1508    36.2516    13.5004
11.1212    36.211597    13.5004
11.108399    36.192398    13.5004
11.0708    36.1348    13.5004
11.0372    36.0844    13.5004
11.0244    36.0644    13.5004
11.0132    36.0452    13.5004
10.9948    36.0172    13.5004
10.9636    35.964397    13.5004
10.9548    35.9524    13.5004
10.9452    35.941998    13.5004
10.922    35.919598    13.5004
10.9108    35.9148    13.5004
10.873199    35.906    13.5004
10.849999    35.9012    13.5004
10.8412    35.8996    13.5004
10.814799    35.891598    13.5004
10.794    35.8852    13.5004
10.7676    35.878    13.5004
10.757199    35.8732    13.5004
10.7484    35.8708    13.5004
10.7148    35.8596    13.5004
10.699599    35.854    13.5004
10.677199    35.843597    13.5004
10.67    35.8404    13.5004
10.6636    35.8372    13.5004
10.63    35.821198    13.5004
10.6147995    35.813198    13.5004
10.5996    35.804398    13.5004
10.5668    35.7812    13.5004
10.5588    35.7756    13.5004
10.5492    35.7684    13.5004
10.539599    35.761997    13.5004
10.533199    35.7572    13.5004
10.5212    35.7476    13.5004
10.498799    35.7252    13.5004
10.487599    35.7132    13.5004
10.4796    35.7012    13.5004
10.4732    35.692398    13.5004
10.4628    35.6772    13.5004
10.4516    35.6532    13.5004
10.446799    35.6396    13.5004
10.4404    35.6212    13.5004
10.4324    35.5804    13.5004
10.4316    35.5708    13.5004
10.429999    35.5604    13.5004
10.4284    35.545998    13.5004
10.4276    35.5156    13.5004
10.4276    35.5028    13.5004
10.4284    35.495598    13.5004
10.4292    35.4796    13.5004
10.4307995    35.4724    13.5004
10.435599    35.4388    13.5004
10.4404    35.4204    13.5004
10.4508    35.3956    13.5004
10.4524    35.3924    13.5004
10.4539995    35.3876    13.5004
10.4748    35.3532    13.5004
10.476399    35.352398    13.5004
10.4964    35.3364    13.5004
10.5004    35.3332    13.5004
10.5004    35.332397    13.5004
10.506    35.3292    13.5004
10.585199    35.286    13.5004
10.5924    35.281998    13.5004
10.594    35.2812    13.5004
10.598    35.278    13.5004
10.6132    35.2676    13.5004
10.630799    35.245197    13.5004
10.638    35.2268    13.5004
10.653999    35.1868    13.5004
10.662    35.1628    13.5004
10.670799    35.142    13.5004
10.671599    35.1404    13.5004
10.6756    35.1316    13.5004
10.6972    35.088398    13.5004
10.7132    35.0612    13.5004
10.7308    35.0308    13.5004
10.7364    35.017998    13.5004
10.746799    34.984398    13.5004
10.7484    34.9708    13.5004
10.7476    34.95    13.5004
10.7428    34.9348    13.5004
10.7388    34.926    13.5004
10.7372    34.922    13.5004
10.7308    34.91    13.5004
10.694799    34.8364    13.5004
10.677199    34.8012    13.5004
10.6276    34.7084    13.5004
10.6188    34.692398    13.5004
10.6036    34.6636    13.5004
10.5996    34.654    13.5004
10.5859995    34.6236    13.5004
10.5515995    34.534    13.5004
10.533199    34.4804    13.5004
10.5292    34.4692    13.5004
10.5204    34.439598    13.5004
10.49    34.349197    13.5004
10.4892    34.3476    13.5004
10.4883995    34.343597    13.5004
10.4836    34.326    13.5004
10.4836    34.3124    13.5004
10.4796    34.298798    13.5004
10.4852    34.2892    13.5004
10.4892    34.2692    13.5004
10.4956    34.2588    13.5004
10.5316    34.200397    13.5004
10.533999    34.1956    13.5004
10.539599    34.1796    13.5004
10.5515995    34.1524    13.5004
10.556399    34.1316    13.5004
10.5596    34.113197    13.5004
10.5652    34.0756    13.5004
10.5668    34.0596    13.5004
10.5692    34.0436    13.5004
10.5772    33.9988    13.5004
10.5836    33.9708    13.5004
10.5892    33.9428    13.5004
10.591599    33.9356    13.5004
10.596399    33.9212    13.5004
10.6044    33.8996    13.5004
10.6132    33.8852    13.5004
10.6292    33.8708    13.5004
10.6356    33.865997    13.5004
10.642799    33.862    13.5004
10.665199    33.8476    13.5004
10.6852    33.834    13.5004
10.7036    33.8228    13.5004
10.7188    33.8148    13.5004
10.726    33.809998    13.5004
10.7324    33.806    13.5004
10.7492    33.7964    13.5004
10.7508    33.7948    13.5004
10.752399    33.7916    13.5004
10.7676    33.7684    13.5004
10.774799    33.7524    13.5004
10.7764    33.7404    13.5004
10.7788    33.722797    13.5004
10.7755995    33.703598    13.5004
10.774    33.692398    13.5004
10.7724    33.6852    13.5004
10.7676    33.649998    13.5004
10.7652    33.638798    13.5004
10.7652    33.634    13.5004
10.762799    33.616398    13.5004
10.7604    33.593998    13.5004
10.7596    33.5732    13.5004
10.7596    33.5524    13.5004
10.7612    33.5428    13.5004
10.762    33.5372    13.5004
10.766    33.5204    13.5004
10.7699995    33.5044    13.5004
10.7716    33.501198    13.5004
10.786799    33.4716    13.5004
10.786799    33.4708    13.5004
10.8068    33.4492    13.5004
10.8084    33.447598    13.5004
10.8308    33.430798    13.5004
10.832399    33.43    13.5004
10.849999    33.422    13.5004
10.8604    33.4172    13.5004
10.8619995    33.4172    13.5004
10.8644    33.4164    13.5004
10.8868    33.4116    13.5004
10.8996    33.4116    13.5004
10.913199    33.4108    13.5004
10.9268    33.4124    13.5004
10.946    33.4148    13.5004
10.964399    33.4188    13.5004
11.0556    33.4404    13.5004
11.0812    33.446    13.5004
11.106    33.450798    13.5004
11.1108    33.4516    13.5004
11.136399    33.45    13.5004
11.1444    33.4492    13.5004
11.165999    33.446    13.5004
11.1924    33.4356    13.5004
11.1972    33.4332    13.5004
11.23    33.413998    13.5004
11.297199    33.3756    13.5004
11.306    33.37    13.5004
11.3076    33.369198    13.5004
11.309999    33.3676    13.5004
11.354799    33.3452    13.5004
11.374    33.3364    13.5004
11.4436    33.3068    13.5004
11.458799    33.2996    13.5004
11.504399    33.2812    13.5004
11.5308    33.2716    13.5004
11.5356    33.2692    13.5004
11.539599    33.2676    13.5004
11.566    33.259598    13.5004
11.5868    33.253998    13.5004
11.6036    33.25    13.5004
11.622    33.2468    13.5004
11.677199    33.238    13.5004
11.682799    33.237198    13.5004
11.69    33.2364    13.5004
11.717199    33.231598    13.5004
11.7276    33.2292    13.5004
11.7364    33.225998    13.5004
11.757999    33.222    13.5004
11.778    33.2156    13.5004
11.7828    33.214798    13.5004
11.8428    33.192398    13.5004
11.894799    33.1748    13.5004
11.924399    33.1652    13.5004
11.9452    33.1604    13.5004
11.9724    33.1548    13.5004
12.0036    33.1484    13.5004
12.0292    33.1428    13.5004
12.0492    33.138    13.5004
12.067599    33.133198    13.5004
12.0803995    33.1284    13.5004
12.0956    33.124397    13.5004
12.122    33.1092    13.5004
12.1244    33.107597    13.5004
12.1276    33.106    13.5004
12.1508    33.0892    13.5004
12.1804    33.065998    13.5004
12.1924    33.0556    13.5004
12.238    33.0116    13.5004
12.246799    33.003597    13.5004
12.2932    32.9556    13.5004
12.2956    32.953197    13.5004
12.343599    32.9012    13.5004
12.37    32.8732    13.5004
12.414    32.826    13.5004
12.4148    32.8252    13.5004
12.453199    32.7892    13.5004
12.4564    32.7868    13.5004
12.4612    32.7828    13.5004
12.486    32.7644    13.5004
12.4939995    32.7604    13.5004
12.515599    32.7468    13.5004
12.5356    32.737198    13.5004
12.5468    32.731598    13.5004
12.566    32.7268    13.5004
12.57    32.7252    13.5004
12.578799    32.722    13.5004
12.602799    32.7188    13.5004
12.6172    32.7164    13.5004
12.646    32.7156    13.5004
12.65    32.7156    13.5004
12.6556    32.7164    13.5004
12.693999    32.720398    13.5004
12.7332    32.725998    13.5004
12.7668    32.7308    13.5004
12.8132    32.7388    13.5004
12.815599    32.7388    13.5004
12.8164    32.7388    13.5004
12.895599    32.7588    13.5004
12.9172    32.7636    13.5004
12.936399    32.7668    13.5004
12.9436    32.7676    13.5004
12.958799    32.7668    13.5004
12.974    32.7628    13.5004
12.9852    32.7628    13.5004
13.0076    32.753998    13.5004
13.0148    32.750797    13.5004
13.021999    32.7492    13.5004
13.0644    32.7292    13.5004
13.078799    32.7212    13.5004
13.170799    32.6732    13.5004
13.174    32.6716    13.5004
13.1756    32.6708    13.5004
13.1796    32.6692    13.5004
13.2123995    32.658    13.5004
13.2332    32.6532    13.5004
13.2708    32.6476    13.5004
13.286799    32.646    13.5004
13.2996    32.6452    13.5004
13.3331995    32.6436    13.5004
13.342    32.6452    13.5004
13.37    32.6484    13.5004
13.3988    32.6524    13.5004
13.4204    32.658    13.5004
13.4396    32.6628    13.5004
13.4572    32.6684    13.5004
13.4772    32.6764    13.5004
13.514    32.6908    13.5004
13.5292    32.6988    13.5004
13.546    32.71    13.5004
13.558    32.722797    13.5004
13.578    32.7492    13.5004
13.5836    32.7588    13.5004
13.594    32.776398    13.5004
13.636399    32.854797    13.5004
13.646    32.8676    13.5004
13.6491995    32.877197    13.5004
13.6684    32.8964    13.5004
13.671599    32.8996    13.5004
13.686    32.9108    13.5004
13.7332    32.946    13.5004
13.766    32.969997    13.5004
13.778    32.9796    13.5004
13.809199    33.0116    13.5004
13.832399    33.0332    13.5004
13.877999    33.0732    13.5004
13.900399    33.090797    13.5004
13.912399    33.1004    13.5004
13.934    33.114    13.5004
13.9516    33.1252    13.5004
13.9612    33.13    13.5004
13.969199    33.1316    13.5004
13.9883995    33.1396    13.5004
13.998799    33.1412    13.5004
14.0171995    33.1476    13.5004
14.0292    33.1492    13.5004
14.045199    33.149998    13.5004
14.084399    33.1524    13.5004
14.097199    33.1532    13.5004
14.153999    33.1604    13.5004
14.1612    33.162    13.5004
14.171599    33.1644    13.5004
14.188399    33.166    13.5004
14.1988    33.17    13.5004
14.214    33.1732    13.5004
14.2276    33.1804    13.5004
14.233999    33.1844    13.5004
14.2372    33.186    13.5004
14.2676    33.209198    13.5004
14.2708    33.211597    13.5004
14.2755995    33.2156    13.5004
14.302    33.239597    13.5004
14.308399    33.246    13.5004
14.3276    33.265198    13.5004
14.337199    33.276398    13.5004
14.3452    33.2884    13.5004
14.3524    33.2996    13.5004
14.360399    33.3124    13.5004
14.3764    33.337997    13.5004
14.3828    33.3532    13.5004
14.3884    33.365997    13.5004
14.394    33.382    13.5004
14.3988    33.3924    13.5004
14.3996    33.397198    13.5004
14.4036    33.4172    13.5004
14.406799    33.43    13.5004
14.4084    33.445198    13.5004
14.414    33.4764    13.5004
14.414    33.481197    13.5004
14.4156    33.4908    13.5004
14.422    33.545998    13.5004
14.424399    33.6012    13.5004
14.4276    33.6732    13.5004
14.429199    33.692398    13.5004
14.4324    33.717197    13.5004
14.434799    33.7364    13.5004
14.4388    33.756397    13.5004
14.440399    33.766    13.5004
14.441999    33.7716    13.5004
14.4595995    33.798    13.5004
14.4628    33.804398    13.5004
14.478    33.813198    13.5004
14.492399    33.8204    13.5004
14.515599    33.8252    13.5004
14.5292    33.826    13.5004
14.555599    33.8276    13.5004
14.5812    33.829998    13.5004
14.590799    33.8316    13.5004
14.6292    33.8372    13.5004
14.647599    33.8396    13.5004
14.6491995    33.8396    13.5004
14.6564    33.8404    13.5004
14.6628    33.842    13.5004
14.683599    33.8476    13.5004
14.717199    33.8628    13.5004
14.7604    33.8836    13.5004
14.7652    33.885998    13.5004
14.7676    33.8868    13.5004
14.8108    33.897198    13.5004
14.8132    33.898    13.5004
14.8164    33.898    13.5004
14.8172    33.8988    13.5004
14.837999    33.902    13.5004
14.883599    33.908398    13.5004
14.914    33.913998    13.5004
14.9324    33.919598    13.5004
14.9396    33.9212    13.5004
14.953199    33.926    13.5004
14.9676    33.9332    13.5004
14.9852    33.946    13.5004
14.997999    33.958    13.5004
15.0076    33.9708    13.5004
15.0292    33.9988    13.5004
15.0348    34.0076    13.5004
15.0484    34.0244    13.5004
15.056399    34.0324    13.5004
15.0772    34.0492    13.5004
15.0892    34.0556    13.5004
15.130799    34.077198    13.5004
15.1404    34.082    13.5004
15.165199    34.0948    13.5004
15.1748    34.1004    13.5004
15.198    34.1156    13.5004
15.2076    34.121998    13.5004
15.2132    34.1268    13.5004
15.233999    34.1484    13.5004
15.2428    34.1572    13.5004
15.269199    34.183598    13.5004
15.318    34.2356    13.5004
15.3404    34.2604    13.5004
15.3532    34.276398    13.5004
15.354799    34.278    13.5004
15.355599    34.278    13.5004
15.382799    34.2972    13.5004
15.417999    34.3196    13.5004
15.434    34.329998    13.5004
15.4492    34.3388    13.5004
15.4716    34.352398    13.5004
15.493199    34.369198    13.5004
15.506    34.378    13.5004
15.533199    34.4004    13.5004
15.5348    34.402    13.5004
15.5372    34.4044    13.5004
15.5948    34.458    13.5004
15.6036    34.4668    13.5004
15.631599    34.4948    13.5004
15.6612    34.5268    13.5004
15.694799    34.571598    13.5004
15.698    34.5756    13.5004
15.705999    34.586    13.5004
15.7411995    34.634    13.5004
15.756399    34.6572    13.5004
15.7764    34.689198    13.5004
15.7932    34.7188    13.5004
15.7987995    34.73    13.5004
15.8052    34.7476    13.5004
15.808399    34.7676    13.5004
15.809999    34.7756    13.5004
15.8108    34.7836    13.5004
15.8124    34.818798    13.5004
15.8124    34.8396    13.5004
15.8132    34.854    13.5004
15.814799    34.8868    13.5004
15.814799    34.8908    13.5004
15.815599    34.902798    13.5004
15.8132    34.9516    13.5004
15.8132    34.956398    13.5004
15.8124    34.9628    13.5004
15.8068    35.0604    13.5004
15.8052    35.0748    13.5004
15.8043995    35.0788    13.5004
15.802799    35.085197    13.5004
15.7987995    35.106    13.5004
15.7987995    35.1068    13.5004
15.797999    35.1084    13.5004
15.786799    35.1364    13.5004
15.7764    35.1532    13.5004
15.769199    35.1604    13.5004
15.746799    35.1828    13.5004
15.7316    35.197998    13.5004
15.717999    35.209198    13.5004
15.71    35.2164    13.5004
15.6788    35.239597    13.5004
15.6692    35.2468    13.5004
15.659599    35.2532    13.5004
15.636399    35.2684    13.5004
15.619599    35.278    13.5004
15.61    35.2828    13.5004
15.602799    35.2852    13.5004
15.5859995    35.2908    13.5004
15.566799    35.2948    13.5004
15.555599    35.2956    13.5004
15.542    35.2972    13.5004
15.4668    35.3036    13.5004
15.441999    35.3076    13.5004
15.418799    35.3124    13.5004
15.3932    35.318798    13.5004
15.3748    35.3228    13.5004
15.3644    35.326    13.5004
15.308399    35.3364    13.5004
15.3004    35.3388    13.5004
15.278    35.3404    13.5004
15.2604    35.3404    13.5004
15.246799    35.3396    13.5004
15.228399    35.3364    13.5004
15.202    35.3308    13.5004
15.1756    35.3236    13.5004
15.1292    35.3084    13.5004
15.097199    35.2972    13.5004
15.061999    35.286    13.5004
15.0292    35.2756    13.5004
15.010799    35.2732    13.5004
14.9939995    35.2724    13.5004
14.9828    35.2972    13.5004
14.9796    35.302    13.5004
14.981199    35.3172    13.5004
14.9796    35.332397    13.5004
14.987599    35.365997    13.5004
14.9908    35.3812    13.5004
14.993199    35.397198    13.5004
14.9964    35.4092    13.5004
14.9964    35.434    13.5004
14.9972    35.441998    13.5004
14.9892    35.461998    13.5004
14.987599    35.467598    13.5004
14.969999    35.486    13.5004
14.9628    35.4932    13.5004
14.9612    35.4948    13.5004
14.9595995    35.4964    13.5004
14.9316    35.5228    13.5004
14.9196    35.5332    13.5004
14.906799    35.5444    13.5004
14.894799    35.5556    13.5004
14.882799    35.571598    13.5004
14.877999    35.5748    13.5004
14.87    35.5956    13.5004
14.861199    35.6092    13.5004
14.860399    35.6212    13.5004
14.8564    35.641197    13.5004
14.8564    35.6732    13.5004
14.8564    35.6852    13.5004
14.8564    35.6932    13.5004
14.8564    35.7044    13.5004
14.8564    35.7188    13.5004
14.855599    35.7468    13.5004
14.849199    35.7892    13.5004
14.848399    35.794    13.5004
14.8476    35.802    13.5004
14.8331995    35.8628    13.5004
14.8244    35.8964    13.5004
14.8188    35.9148    13.5004
14.8116    35.9316    13.5004
14.8012    35.950798    13.5004
14.794    35.964397    13.5004
14.780399    35.975597    13.5004
14.7668    35.9852    13.5004
14.7644    35.986797    13.5004
14.7372    36.003597    13.5004
14.717199    36.014    13.5004
14.6924    36.0268    13.5004
14.6812    36.0324    13.5004
14.665199    36.0428    13.5004
14.6491995    36.051598    13.5004
14.6396    36.0804    13.5004
14.6348    36.088398    13.5004
14.65    36.110798    13.5004
14.654799    36.1212    13.5004
14.670799    36.1364    13.5004
14.6988    36.1628    13.5004
14.7092    36.174    13.5004
14.751599    36.2244    13.5004
14.7892    36.270798    13.5004
14.7932    36.2748    13.5004
14.8116    36.298798    13.5004
14.837999    36.3316    13.5004
14.8404    36.335598    13.5004
14.849199    36.3484    13.5004
14.871599    36.3788    13.5004
14.8756    36.385998    13.5004
14.8812    36.3996    13.5004
14.889199    36.419598    13.5004
14.8932    36.4276    13.5004
14.8996    36.4524    13.5004
14.901199    36.458    13.5004
14.9028    36.478798    13.5004
14.901199    36.501198    13.5004
14.901199    36.506798    13.5004
14.900399    36.514797    13.5004
14.898    36.5316    13.5004
14.895599    36.5412    13.5004
14.8916    36.562    13.5004
14.8876    36.5756    13.5004
14.8804    36.6004    13.5004
14.877999    36.606    13.5004
14.861199    36.6396    13.5004
14.8596    36.6428    13.5004
14.842799    36.6716    13.5004
14.8284    36.697998    13.5004
14.825999    36.703598    13.5004
14.8188    36.7292    13.5004
14.8188    36.7308    13.5004
14.818    36.7324    13.5004
14.8164    36.750797    13.5004
14.8124    36.767597    13.5004
14.8108    36.7868    13.5004
14.809999    36.7884    13.5004
14.8012    36.8148    13.5004
14.791599    36.832397    13.5004
14.7836    36.843597    13.5004
14.769199    36.8652    13.5004
14.763599    36.8724    13.5004
14.740399    36.898    13.5004
14.7276    36.9108    13.5004
14.7028    36.934    13.5004
14.6844    36.950798    13.5004
14.6723995    36.961998    13.5004
14.660399    36.974    13.5004
14.653999    36.9828    13.5004
14.641999    37.006798    13.5004
14.6388    37.014797    13.5004
14.637199    37.034    13.5004
14.642799    37.0508    13.5004
14.6435995    37.0596    13.5004
14.654799    37.0844    13.5004
14.658799    37.093998    13.5004
14.665999    37.105198    13.5004
14.6844    37.135597    13.5004
14.69    37.146    13.5004
14.698    37.1708    13.5004
14.702    37.1788    13.5004
14.7044    37.1876    13.5004
14.705199    37.205997    13.5004
14.705999    37.2132    13.5004
14.7028    37.2308    13.5004
14.699599    37.242798    13.5004
14.6972    37.25    13.5004
14.6868    37.2684    13.5004
14.6644    37.298    13.5004
14.636399    37.3276    13.5004
14.629999    37.334    13.5004
14.6147995    37.3452    13.5004
14.6004    37.354    13.5004
14.590799    37.3588    13.5004
14.5756    37.3668    13.5004
14.555599    37.374798    13.5004
14.5492    37.378    13.5004
14.545199    37.3796    13.5004
14.5084    37.391598    13.5004
14.5028    37.393997    13.5004
14.466    37.402    13.5004
14.464399    37.402    13.5004
14.4396    37.406    13.5004
14.436399    37.4068    13.5004
14.4332    37.4068    13.5004
14.411599    37.41    13.5004
14.401999    37.4116    13.5004
14.3804    37.4132    13.5004
14.366799    37.4148    13.5004
14.2156    37.4228    13.5004
14.2132    37.4228    13.5004
14.2123995    37.4228    13.5004
14.2067995    37.4228    13.5004
14.1636    37.4228    13.5004
14.1356    37.4244    13.5004
14.1284    37.425198    13.5004
14.1236    37.4276    13.5004
14.096399    37.4372    13.5004
14.0764    37.450798    13.5004
14.0724    37.454    13.5004
14.054    37.4708    13.5004
14.050799    37.474    13.5004
14.049999    37.4748    13.5004
14.0484    37.4764    13.5004
14.0132    37.514797    13.5004
13.9948    37.5324    13.5004
13.987599    37.5388    13.5004
13.9668    37.5532    13.5004
13.9508    37.5636    13.5004
13.935599    37.5708    13.5004
13.9052    37.5924    13.5004
13.9028    37.593998    13.5004
13.8764    37.618    13.5004
13.8692    37.624397    13.5004
13.8524    37.644398    13.5004
13.8188    37.683598    13.5004
13.8052    37.6964    13.5004
13.7908    37.7068    13.5004
13.7652    37.7252    13.5004
13.757199    37.731598    13.5004
13.7484    37.7364    13.5004
13.7148    37.7532    13.5004
13.7084    37.7556    13.5004
13.7036    37.758    13.5004
13.665199    37.774    13.5004
13.6332    37.7836    13.5004
13.6092    37.79    13.5004
13.5932    37.794    13.5004
13.5708    37.798798    13.5004
13.558    37.8004    13.5004
13.5436    37.802    13.5004
13.533199    37.8028    13.5004
13.5188    37.804398    13.5004
13.497999    37.8028    13.5004
13.4892    37.8028    13.5004
13.478    37.7996    13.5004
13.4564    37.7916    13.5004
13.4516    37.7892    13.5004
13.4084    37.7716    13.5004
13.3963995    37.7684    13.5004
13.377999    37.766    13.5004
13.37    37.765198    13.5004
13.3484    37.7644    13.5004
13.331599    37.767597    13.5004
13.3196    37.7692    13.5004
13.2892    37.7796    13.5004
13.2588    37.79    13.5004
13.2428    37.7964    13.5004
13.233999    37.798798    13.5004
13.189199    37.8084    13.5004
13.188399    37.8084    13.5004
13.1644    37.8116    13.5004
13.1412    37.8148    13.5004
13.1404    37.8148    13.5004
13.1396    37.8148    13.5004
13.0868    37.8196    13.5004
13.0724    37.8196    13.5004
13.0364    37.8204    13.5004
13.0171995    37.8196    13.5004
12.9788    37.818    13.5004
12.9284    37.813198    13.5004
12.918799    37.8124    13.5004
12.907599    37.8108    13.5004
12.861199    37.8036    13.5004
12.8564    37.8028    13.5004
12.815599    37.7972    13.5004
12.7876    37.7892    13.5004
12.7732    37.786    13.5004
12.7548    37.7796    13.5004
12.728399    37.7716    13.5004
12.7156    37.7668    13.5004
12.705999    37.761997    13.5004
12.6796    37.7516    13.5004
12.6612    37.739597    13.5004
12.6524    37.7348    13.5004
12.6435995    37.728397    13.5004
12.638    37.7244    13.5004
12.6276    37.718    13.5004
12.6052    37.6996    13.5004
12.6044    37.6988    13.5004
12.602799    37.697998    13.5004
12.544399    37.6396    13.5004
12.526    37.624397    13.5004
12.515599    37.6156    13.5004
12.509999    37.614    13.5004
12.4844    37.601997    13.5004
12.475599    37.6004    13.5004
12.453199    37.598    13.5004
12.4324    37.598    13.5004
12.424399    37.598    13.5004
12.412399    37.6004    13.5004
12.395599    37.6028    13.5004
12.3644    37.6148    13.5004
12.3644    37.6156    13.5004
12.344399    37.626    13.5004
12.337999    37.6292    13.5004
12.303599    37.6476    13.5004
12.2699995    37.666    13.5004
12.245999    37.6796    13.5004
12.1356    37.7388    13.5004
12.1348    37.7388    13.5004
12.1332    37.739597    13.5004
12.0716    37.7692    13.5004
12.038    37.7852    13.5004
12.027599    37.79    13.5004
12.016399    37.794    13.5004
11.976399    37.8084    13.5004
11.9595995    37.814    13.5004
11.9444    37.818798    13.5004
11.9324    37.8228    13.5004
11.906    37.829998    13.5004
11.877999    37.8364    13.5004
11.858    37.8404    13.5004
11.837999    37.843597    13.5004
11.8196    37.846    13.5004
11.8043995    37.846798    13.5004
11.7852    37.849197    13.5004
11.763599    37.8484    13.5004
11.757999    37.8484    13.5004
11.754    37.8484    13.5004
11.7276    37.846798    13.5004
11.702    37.842    13.5004
11.699599    37.841198    13.5004
11.69    37.8388    13.5004
11.665999    37.8316    13.5004
11.6532    37.826797    13.5004
11.631599    37.821198    13.5004
11.5996    37.8068    13.5004
11.590799    37.8028    13.5004
11.5748    37.793198    13.5004
11.562799    37.787598    13.5004
11.5548    37.7828    13.5004
11.5348    37.7724    13.5004
11.5292    37.7684    13.5004
11.5084    37.7524    13.5004
