



















































































































































































































































































































































































































24.114    27.9116    0.0004
24.1852    28.7564    0.0004
24.3996    29.5772    0.0004
24.7484    30.349998    0.0004
25.223598    31.052399    0.0004
25.81    31.6652    0.0004
26.4924    32.1692    0.0004
27.249199    32.5508    0.0004
28.0604    32.7996    0.0004
28.9012    32.9068    0.0004
29.7484    32.8708    0.0004
30.578    32.692398    0.0004
31.364399    32.3764    0.0004
32.0868    31.931599    0.0004
32.7236    31.3716    0.0004
33.2564    30.7116    0.0004
33.67    29.970798    0.0004
33.9524    29.171598    0.0004
34.0956    28.3356    0.0004
34.114    27.9116    0.0004
34.0956    27.487598    0.0004
33.9524    26.6516    0.0004
33.67    25.8524    0.0004
33.2564    25.111599    0.0004
32.7236    24.4516    0.0004
32.0868    23.8916    0.0004
31.364399    23.4468    0.0004
30.578    23.1308    0.0004
29.7484    22.9524    0.0004
28.9012    22.916399    0.0004
28.0604    23.0236    0.0004
27.249199    23.2724    0.0004
26.4924    23.654    0.0004
25.81    24.157999    0.0004
25.223598    24.7708    0.0004
24.7484    25.4732    0.0004
24.3996    26.246    0.0004
24.1852    27.0668    0.0004
24.114    27.9116    0.0004
24.114    27.9116    0.0004
1348083461 0 0.0004


































































































































































































































































































































































































































































































































































































24.114    27.9116    0.3004
24.1356    28.1652    0.3004
24.1852    28.7564    0.3004
24.25    29.0028    0.3004
24.3996    29.5772    0.3004
24.5044    29.809198    0.3004
24.7484    30.349998    0.3004
24.890799    30.5612    0.3004
25.223598    31.052399    0.3004
25.3996    31.236399    0.3004
25.81    31.6652    0.3004
26.0148    31.816399    0.3004
26.4924    32.1692    0.3004
26.719599    32.2836    0.3004
27.249199    32.5508    0.3004
27.493198    32.6252    0.3004
28.0604    32.7996    0.3004
28.3132    32.8316    0.3004
28.9012    32.9068    0.3004
29.1556    32.8956    0.3004
29.7484    32.8708    0.3004
29.998    32.8172    0.3004
30.578    32.692398    0.3004
30.814    32.5972    0.3004
31.364399    32.3764    0.3004
31.5812    32.242798    0.3004
32.0868    31.931599    0.3004
32.278    31.7636    0.3004
32.7236    31.3716    0.3004
32.8836    31.173199    0.3004
33.2564    30.7116    0.3004
33.380398    30.489199    0.3004
33.67    29.970798    0.3004
33.7548    29.730799    0.3004
33.9524    29.171598    0.3004
33.995598    28.920399    0.3004
34.0956    28.3356    0.3004
34.1012    28.208399    0.3004
34.114    27.9116    0.3004
34.1084    27.784399    0.3004
34.0956    27.487598    0.3004
34.0524    27.236399    0.3004
33.9524    26.6516    0.3004
33.8676    26.4116    0.3004
33.67    25.8524    0.3004
33.545998    25.63    0.3004
33.2564    25.111599    0.3004
33.096397    24.913198    0.3004
32.7236    24.4516    0.3004
32.5324    24.2836    0.3004
32.0868    23.8916    0.3004
31.869999    23.758    0.3004
31.364399    23.4468    0.3004
31.128399    23.351599    0.3004
30.578    23.1308    0.3004
30.3284    23.0772    0.3004
29.7484    22.9524    0.3004
29.494    22.9412    0.3004
28.9012    22.916399    0.3004
28.6484    22.948399    0.3004
28.0604    23.0236    0.3004
27.816399    23.098    0.3004
27.249199    23.2724    0.3004
27.022    23.386799    0.3004
26.4924    23.654    0.3004
26.2876    23.805199    0.3004
25.81    24.157999    0.3004
25.633999    24.342    0.3004
25.223598    24.7708    0.3004
25.0812    24.981998    0.3004
24.7484    25.4732    0.3004
24.643599    25.7052    0.3004
24.3996    26.246    0.3004
24.334799    26.4924    0.3004
24.1852    27.0668    0.3004
24.163599    27.3204    0.3004
24.114    27.9116    0.3004
24.114    27.9116    0.3004
1348083461 0 0.3004


































































































































































































































































































































































































































































































































































































24.114    27.9116    0.6004
24.156399    28.418798    0.6004
24.1852    28.7564    0.6004
24.314    29.249199    0.6004
24.3996    29.5772    0.6004
24.6092    30.041199    0.6004
24.7484    30.349998    0.6004
25.033998    30.771599    0.6004
25.223598    31.052399    0.6004
25.5756    31.420399    0.6004
25.81    31.6652    0.6004
26.219599    31.9676    0.6004
26.4924    32.1692    0.6004
26.9468    32.398    0.6004
27.249199    32.5508    0.6004
27.736399    32.700397    0.6004
28.0604    32.7996    0.6004
28.565199    32.863598    0.6004
28.9012    32.9068    0.6004
29.41    32.8852    0.6004
29.7484    32.8708    0.6004
30.2468    32.7636    0.6004
30.578    32.692398    0.6004
31.05    32.5028    0.6004
31.364399    32.3764    0.6004
31.797998    32.1092    0.6004
32.0868    31.931599    0.6004
32.4692    31.5956    0.6004
32.7236    31.3716    0.6004
33.0436    30.9756    0.6004
33.2564    30.7116    0.6004
33.5044    30.2668    0.6004
33.67    29.970798    0.6004
33.8396    29.490799    0.6004
33.9524    29.171598    0.6004
34.038    28.67    0.6004
34.0956    28.3356    0.6004
34.1068    28.0812    0.6004
34.114    27.9116    0.6004
34.1028    27.6572    0.6004
34.0956    27.487598    0.6004
34.01    26.986    0.6004
33.9524    26.6516    0.6004
33.7828    26.171598    0.6004
33.67    25.8524    0.6004
33.422    25.407598    0.6004
33.2564    25.111599    0.6004
32.936398    24.7156    0.6004
32.7236    24.4516    0.6004
32.341198    24.115599    0.6004
32.0868    23.8916    0.6004
31.6532    23.6244    0.6004
31.364399    23.4468    0.6004
30.892399    23.2572    0.6004
30.578    23.1308    0.6004
30.0796    23.0236    0.6004
29.7484    22.9524    0.6004
29.2396    22.9308    0.6004
28.9012    22.916399    0.6004
28.396399    22.9804    0.6004
28.0604    23.0236    0.6004
27.5732    23.173199    0.6004
27.249199    23.2724    0.6004
26.7948    23.5012    0.6004
26.4924    23.654    0.6004
26.0828    23.9564    0.6004
25.81    24.157999    0.6004
25.458    24.526    0.6004
25.223598    24.7708    0.6004
24.938    25.1924    0.6004
24.7484    25.4732    0.6004
24.5388    25.937199    0.6004
24.3996    26.246    0.6004
24.2708    26.7388    0.6004
24.1852    27.0668    0.6004
24.1428    27.574    0.6004
24.114    27.9116    0.6004
24.114    27.9116    0.6004
1348083461 0 0.6004


































































































































































































































































































































































































































































































































































































24.114    27.9116    0.9004
24.178    28.6724    0.9004
24.1852    28.7564    0.9004
24.378    29.4956    0.9004
24.3996    29.5772    0.9004
24.713999    30.2732    0.9004
24.7484    30.349998    0.9004
25.1764    30.9828    0.9004
25.223598    31.052399    0.9004
25.7516    31.604399    0.9004
25.81    31.6652    0.9004
26.424398    32.118797    0.9004
26.4924    32.1692    0.9004
27.174    32.512398    0.9004
27.249199    32.5508    0.9004
27.979599    32.7748    0.9004
28.0604    32.7996    0.9004
28.8172    32.8964    0.9004
28.9012    32.9068    0.9004
29.6644    32.874    0.9004
29.7484    32.8708    0.9004
30.4956    32.71    0.9004
30.578    32.692398    0.9004
31.286    32.4076    0.9004
31.364399    32.3764    0.9004
32.0148    31.9756    0.9004
32.0868    31.931599    0.9004
32.6604    31.427599    0.9004
32.7236    31.3716    0.9004
33.203598    30.777199    0.9004
33.2564    30.7116    0.9004
33.6292    30.0444    0.9004
33.67    29.970798    0.9004
33.9244    29.251598    0.9004
33.9524    29.171598    0.9004
34.0812    28.418798    0.9004
34.0956    28.3356    0.9004
34.1124    27.953999    0.9004
34.114    27.9116    0.9004
34.0972    27.529999    0.9004
34.0956    27.487598    0.9004
33.9668    26.734798    0.9004
33.9524    26.6516    0.9004
33.697998    25.931599    0.9004
33.67    25.8524    0.9004
33.2972    25.1852    0.9004
33.2564    25.111599    0.9004
32.776398    24.517199    0.9004
32.7236    24.4516    0.9004
32.149998    23.9476    0.9004
32.0868    23.8916    0.9004
31.4364    23.490799    0.9004
31.364399    23.4468    0.9004
30.656399    23.161999    0.9004
30.578    23.1308    0.9004
29.8308    22.97    0.9004
29.7484    22.9524    0.9004
28.985199    22.9196    0.9004
28.9012    22.916399    0.9004
28.1444    23.013199    0.9004
28.0604    23.0236    0.9004
27.33    23.247599    0.9004
27.249199    23.2724    0.9004
26.5676    23.615599    0.9004
26.4924    23.654    0.9004
25.878    24.1076    0.9004
25.81    24.157999    0.9004
25.282    24.71    0.9004
25.223598    24.7708    0.9004
24.795599    25.403599    0.9004
24.7484    25.4732    0.9004
24.434    26.169199    0.9004
24.3996    26.246    0.9004
24.206799    26.985199    0.9004
24.1852    27.0668    0.9004
24.121199    27.827599    0.9004
24.114    27.9116    0.9004
24.114    27.9116    0.9004
1348083461 0 0.9004
