25.1036    35.1004    0.0004
24.786    34.363598    0.0004
24.518    33.945198    0.0004
24.2524    33.646    0.0004
23.986    33.426    0.0004
23.691599    33.2548    0.0004
23.373999    33.1348    0.0004
23.0308    33.065998    0.0004
22.6404    33.0492    0.0004
22.1756    33.096397    0.0004
21.6628    33.2188    0.0004
20.3788    34.2212    0.0004
20.378    34.2212    0.0004
19.3252    35.0524    0.0004
19.3244    35.0524    0.0004
18.3412    35.7788    0.0004
15.1404    37.753998    0.0004
15.1388    37.7548    0.0004
12.6908    39.4132    0.0004
12.69    39.413998    0.0004
11.0484    40.5948    0.0004
11.0476    40.5956    0.0004
9.8588    41.3404    0.0004
9.858    41.3404    0.0004
9.3188    41.610798    0.0004
8.374    41.9468    0.0004
7.3859997    42.1204    0.0004
6.3844    42.1268    0.0004
6.3835998    42.1268    0.0004
5.394    41.966    0.0004
4.4444    41.6428    0.0004
3.5619998    41.166798    0.0004
2.7716    40.5492    0.0004
2.0948    39.8092    0.0004
1.5508    38.967598    0.0004
1.1547999    38.045998    0.0004
0.918    37.071598    0.0004
0.84599996    36.0724    0.0004
0.84599996    36.071598    0.0004
0.942    35.0748    0.0004
0.942    35.073997    0.0004
1.2027999    34.105198    0.0004
1.6212    33.194    0.0004
2.1852    32.3652    0.0004
2.8795998    31.641998    0.0004
3.3091998    31.2116    0.0004
3.6548    30.849998    0.0004
3.7403998    30.7284    0.0004
3.8028    30.6092    0.0004
3.8379998    30.507599    0.0004
3.8548    30.4084    0.0004
3.8555999    30.317999    0.0004
3.8404    30.219599    0.0004
3.8068    30.117199    0.0004
3.75    30.004398    0.0004
3.6483998    29.861198    0.0004
3.4348    29.6412    0.0004
2.9524    29.282799    0.0004
2.6748    29.113998    0.0004
1.7523999    28.189999    0.0004
1.0044    27.121199    0.0004
1.0044    27.1204    0.0004
0.4524    25.938    0.0004
0.4524    25.937199    0.0004
0.1148    24.6772    0.0004
0.1148    24.6764    0.0004
0.0004    23.3764    0.0004
0.0004    23.375599    0.0004
0.113199994    22.0756    0.0004
0.113199994    22.074799    0.0004
0.45    20.8148    0.0004
0.45    20.814    0.0004
1.0004    19.6308    0.0004
1.0004    19.63    0.0004
1.7476    18.5604    0.0004
1.7476    18.559599    0.0004
2.6692    17.6356    0.0004
3.7364    16.8844    0.0004
3.7372    16.8844    0.0004
4.9188    16.33    0.0004
4.9196    16.33    0.0004
6.1787996    15.9892    0.0004
6.1796    15.9892    0.0004
7.4788    15.872399    0.0004
7.4796    15.872399    0.0004
8.7796    15.981999    0.0004
8.780399    15.981999    0.0004
10.042    16.3164    0.0004
10.0428    16.3164    0.0004
11.2268    16.8636    0.0004
11.2276    16.8636    0.0004
13.7188    18.3268    0.0004
13.7196    18.3276    0.0004
15.5116    19.4956    0.0004
15.5124    19.496399    0.0004
16.9788    20.6188    0.0004
16.979599    20.6196    0.0004
18.2988    21.8748    0.0004
18.299599    21.875599    0.0004
19.682    23.483599    0.0004
19.6828    23.4844    0.0004
20.777199    24.886799    0.0004
20.778    24.8876    0.0004
21.4924    24.6292    0.0004
21.8932    24.4052    0.0004
22.1796    24.180399    0.0004
22.390799    23.953999    0.0004
22.5476    23.721199    0.0004
22.6724    23.4492    0.0004
22.7524    23.1572    0.0004
22.7892    22.8284    0.0004
22.7748    22.4396    0.0004
22.660398    21.8508    0.0004
22.604399    21.6628    0.0004
21.602    20.3788    0.0004
21.602    20.378    0.0004
20.7708    19.3252    0.0004
20.7708    19.3244    0.0004
20.0452    18.3412    0.0004
18.069199    15.1404    0.0004
18.0684    15.1388    0.0004
16.410799    12.6908    0.0004
16.41    12.69    0.0004
15.228399    11.0484    0.0004
15.227599    11.0476    0.0004
14.4836    9.8588    0.0004
14.4836    9.858    0.0004
14.2123995    9.3188    0.0004
13.8764    8.374    0.0004
13.7036    7.3859997    0.0004
13.6964    6.3844    0.0004
13.6964    6.3835998    0.0004
13.8572    5.394    0.0004
14.1804    4.4444    0.0004
14.6572    3.5619998    0.0004
15.273999    2.7716    0.0004
16.014    2.0948    0.0004
16.8556    1.5508    0.0004
17.777199    1.1547999    0.0004
18.7516    0.918    0.0004
19.7508    0.84599996    0.0004
19.7516    0.84599996    0.0004
20.749199    0.942    0.0004
21.717999    1.2027999    0.0004
22.6292    1.6212    0.0004
23.458    2.1852    0.0004
24.1812    2.8795998    0.0004
24.611599    3.3091998    0.0004
24.9732    3.6548    0.0004
25.094799    3.7403998    0.0004
25.213999    3.8028    0.0004
25.3156    3.8379998    0.0004
25.414799    3.8548    0.0004
25.5052    3.8555999    0.0004
25.6036    3.8404    0.0004
25.706    3.8068    0.0004
25.8188    3.75    0.0004
25.962    3.6483998    0.0004
26.182    3.4348    0.0004
26.5404    2.9524    0.0004
26.71    2.6748    0.0004
27.6332    1.7523999    0.0004
28.702    1.0044    0.0004
28.702799    1.0044    0.0004
29.885199    0.4524    0.0004
29.886    0.4524    0.0004
31.1468    0.1148    0.0004
31.147598    0.1148    0.0004
32.4468    0.0004    0.0004
32.447598    0.0004    0.0004
33.7476    0.113199994    0.0004
33.748398    0.113199994    0.0004
35.0084    0.45    0.0004
35.009197    0.45    0.0004
36.192398    1.0004    0.0004
36.1932    1.0004    0.0004
37.2628    1.7476    0.0004
37.2636    1.7476    0.0004
38.1884    2.6692    0.0004
38.9388    3.7364    0.0004
38.9388    3.7372    0.0004
39.4932    4.9188    0.0004
39.4932    4.9196    0.0004
39.834    6.1787996    0.0004
39.834    6.1796    0.0004
39.950798    7.4788    0.0004
39.950798    7.4796    0.0004
39.841198    8.7796    0.0004
39.841198    8.780399    0.0004
39.506798    10.042    0.0004
39.506798    10.0428    0.0004
38.9596    11.2268    0.0004
38.9596    11.2276    0.0004
37.4964    13.7188    0.0004
37.495598    13.7196    0.0004
36.3276    15.5116    0.0004
36.326797    15.5124    0.0004
35.2044    16.9788    0.0004
35.203598    16.979599    0.0004
33.9484    18.2988    0.0004
33.947598    18.299599    0.0004
32.3396    19.682    0.0004
32.3388    19.6828    0.0004
32.211597    19.7836    0.0004
32.3572    20.6196    0.0004
32.5116    21.080399    0.0004
32.6708    21.392399    0.0004
32.8292    21.6124    0.0004
32.989998    21.7732    0.0004
33.162    21.8988    0.0004
33.3532    21.994    0.0004
33.558    22.0564    0.0004
33.786    22.0884    0.0004
34.0548    22.085999    0.0004
34.454    22.018799    0.0004
35.0364    21.8196    0.0004
35.3332    21.6828    0.0004
36.413998    20.8428    0.0004
36.4148    20.8428    0.0004
37.3348    20.1444    0.0004
39.697998    18.6796    0.0004
39.6988    18.678799    0.0004
41.9724    17.225199    0.0004
41.973198    17.2244    0.0004
44.933197    15.120399    0.0004
44.934    15.119599    0.0004
46.1044    14.4084    0.0004
46.105198    14.4084    0.0004
46.5044    14.2123995    0.0004
47.449997    13.8764    0.0004
48.4372    13.7036    0.0004
49.438797    13.6964    0.0004
49.439598    13.6964    0.0004
50.43    13.8572    0.0004
51.3788    14.1804    0.0004
52.2612    14.6572    0.0004
53.051598    15.273999    0.0004
53.728397    16.014    0.0004
54.2724    16.8556    0.0004
54.6684    17.777199    0.0004
54.905197    18.7516    0.0004
54.9772    19.7508    0.0004
54.9772    19.7516    0.0004
54.8812    20.749199    0.0004
54.6204    21.717999    0.0004
54.202    22.6292    0.0004
53.638    23.458    0.0004
52.9436    24.1812    0.0004
52.514    24.611599    0.0004
52.1684    24.9732    0.0004
52.082798    25.094799    0.0004
52.020397    25.213999    0.0004
51.9852    25.3156    0.0004
51.9684    25.414799    0.0004
51.967598    25.5052    0.0004
51.9828    25.6036    0.0004
52.0164    25.706    0.0004
52.0732    25.8188    0.0004
52.174797    25.962    0.0004
52.3892    26.182    0.0004
52.871597    26.5404    0.0004
53.1484    26.71    0.0004
54.070797    27.6332    0.0004
54.8196    28.702    0.0004
54.8196    28.702799    0.0004
55.3708    29.885199    0.0004
55.3708    29.886    0.0004
55.708397    31.1468    0.0004
55.708397    31.147598    0.0004
55.8228    32.4468    0.0004
55.8228    32.447598    0.0004
55.71    33.7476    0.0004
55.71    33.748398    0.0004
55.3732    35.0084    0.0004
55.3732    35.009197    0.0004
54.8228    36.192398    0.0004
54.8228    36.1932    0.0004
54.0756    37.2628    0.0004
54.0756    37.2636    0.0004
53.154    38.1884    0.0004
52.0868    38.9388    0.0004
52.086    38.9388    0.0004
50.9044    39.4932    0.0004
50.9036    39.4932    0.0004
49.644398    39.834    0.0004
49.6436    39.834    0.0004
48.3444    39.950798    0.0004
48.343597    39.950798    0.0004
47.0436    39.841198    0.0004
47.042797    39.841198    0.0004
45.7812    39.506798    0.0004
45.7804    39.506798    0.0004
44.596397    38.9596    0.0004
44.5956    38.9596    0.0004
42.1044    37.4964    0.0004
42.1036    37.495598    0.0004
40.3124    36.3276    0.0004
40.3116    36.326797    0.0004
38.8444    35.2044    0.0004
38.843597    35.203598    0.0004
37.5244    33.9484    0.0004
37.523598    33.947598    0.0004
36.2724    32.5028    0.0004
36.2716    32.502    0.0004
35.626    32.9092    0.0004
35.2412    33.250797    0.0004
34.966    33.585197    0.0004
34.7684    33.9212    0.0004
34.666    34.166    0.0004
34.562798    34.554    0.0004
34.5212    34.974    0.0004
34.545998    35.4516    0.0004
34.6676    36.0508    0.0004
35.294    36.798798    0.0004
36.2868    38.2796    0.0004
36.2868    38.2804    0.0004
38.0892    41.205997    0.0004
38.09    41.2068    0.0004
39.938    43.8516    0.0004
39.9388    43.852398    0.0004
40.846    45.1484    0.0004
40.846    45.1492    0.0004
41.5116    46.294    0.0004
41.5116    46.2948    0.0004
41.610798    46.5044    0.0004
41.9468    47.449997    0.0004
42.1204    48.4372    0.0004
42.1268    49.438797    0.0004
42.1268    49.439598    0.0004
41.966    50.43    0.0004
41.6428    51.3788    0.0004
41.166798    52.2612    0.0004
40.5492    53.051598    0.0004
39.8092    53.728397    0.0004
38.967598    54.2724    0.0004
38.045998    54.6684    0.0004
37.071598    54.905197    0.0004
36.0724    54.9772    0.0004
36.071598    54.9772    0.0004
35.0748    54.8812    0.0004
35.073997    54.8812    0.0004
34.105198    54.6204    0.0004
33.194    54.202    0.0004
32.3652    53.638    0.0004
31.641998    52.9436    0.0004
31.2116    52.514    0.0004
30.849998    52.1684    0.0004
30.7284    52.082798    0.0004
30.6092    52.020397    0.0004
30.507599    51.9852    0.0004
30.4084    51.9684    0.0004
30.317999    51.967598    0.0004
30.219599    51.9828    0.0004
30.117199    52.0164    0.0004
30.004398    52.0732    0.0004
29.861198    52.174797    0.0004
29.6412    52.3892    0.0004
29.282799    52.871597    0.0004
29.113998    53.1484    0.0004
28.189999    54.070797    0.0004
27.121199    54.8196    0.0004
27.1204    54.8196    0.0004
25.938    55.3708    0.0004
25.937199    55.3708    0.0004
24.6772    55.708397    0.0004
24.6764    55.708397    0.0004
23.3764    55.8228    0.0004
23.375599    55.8228    0.0004
22.0756    55.71    0.0004
22.074799    55.71    0.0004
20.8148    55.3732    0.0004
20.814    55.3732    0.0004
19.6308    54.8228    0.0004
19.63    54.8228    0.0004
18.5604    54.0756    0.0004
18.559599    54.0756    0.0004
17.6356    53.154    0.0004
16.8844    52.0868    0.0004
16.8844    52.086    0.0004
16.33    50.9044    0.0004
16.33    50.9036    0.0004
15.9892    49.644398    0.0004
15.9892    49.6436    0.0004
15.872399    48.3444    0.0004
15.872399    48.343597    0.0004
15.981999    47.0436    0.0004
15.981999    47.042797    0.0004
16.3164    45.7812    0.0004
16.3164    45.7804    0.0004
16.8636    44.596397    0.0004
16.8636    44.5956    0.0004
18.5172    41.7588    0.0004
18.518    41.758    0.0004
19.541199    40.209198    0.0004
19.542    40.2084    0.0004
20.5684    38.908398    0.0004
20.569199    38.9076    0.0004
21.7452    37.7324    0.0004
21.746    37.731598    0.0004
23.3428    36.4324    0.0004
23.3436    36.4316    0.0004
25.102798    35.1012    0.0004
25.1036    35.1004    0.0004
25.1036    35.1004    0.0004
1348083461 0 0.0004
25.1036    35.1004    0.3004
24.881199    34.585197    0.3004
24.786    34.363598    0.3004
24.598799    34.0708    0.3004
24.518    33.945198    0.3004
24.3324    33.7356    0.3004
24.2524    33.646    0.3004
24.066    33.492397    0.3004
23.986    33.426    0.3004
23.7804    33.306    0.3004
23.691599    33.2548    0.3004
23.4692    33.1708    0.3004
23.373999    33.1348    0.3004
23.133999    33.0868    0.3004
23.0308    33.065998    0.3004
22.758    33.054    0.3004
22.6404    33.0492    0.3004
22.3156    33.082    0.3004
22.1756    33.096397    0.3004
21.8172    33.182    0.3004
21.6628    33.2188    0.3004
20.7636    33.9204    0.3004
20.378    34.2212    0.3004
19.6412    34.8028    0.3004
19.3244    35.0524    0.3004
18.6364    35.5604    0.3004
18.3412    35.7788    0.3004
16.1012    37.161198    0.3004
15.1388    37.7548    0.3004
13.426    38.9156    0.3004
12.69    39.413998    0.3004
11.5412    40.2404    0.3004
11.0476    40.5956    0.3004
10.2156    41.116398    0.3004
9.858    41.3404    0.3004
9.4804    41.529198    0.3004
9.3188    41.610798    0.3004
8.658    41.846    0.3004
8.374    41.9468    0.3004
7.6828    42.068398    0.3004
7.3859997    42.1204    0.3004
6.6843996    42.1252    0.3004
6.3835998    42.1268    0.3004
5.6916    42.014    0.3004
5.394    41.966    0.3004
4.73    41.739597    0.3004
4.4444    41.6428    0.3004
3.8267999    41.309998    0.3004
3.5619998    41.166798    0.3004
3.0091999    40.7348    0.3004
2.7716    40.5492    0.3004
2.2979999    40.031597    0.3004
2.0948    39.8092    0.3004
1.714    39.220398    0.3004
1.5508    38.967598    0.3004
1.2739999    38.3228    0.3004
1.1547999    38.045998    0.3004
0.9892    37.3644    0.3004
0.918    37.071598    0.3004
0.86759996    36.371597    0.3004
0.84599996    36.071598    0.3004
0.91319996    35.374    0.3004
0.942    35.073997    0.3004
1.1244    34.3964    0.3004
1.2027999    34.105198    0.3004
1.4956    33.467598    0.3004
1.6212    33.194    0.3004
2.0156    32.614    0.3004
2.1852    32.3652    0.3004
2.6708    31.8596    0.3004
2.8795998    31.641998    0.3004
3.1804    31.3412    0.3004
3.3091998    31.2116    0.3004
3.5507998    30.9588    0.3004
3.6548    30.849998    0.3004
3.7148    30.7652    0.3004
3.7403998    30.7284    0.3004
3.7844    30.645199    0.3004
3.8028    30.6092    0.3004
3.8276    30.538    0.3004
3.8379998    30.507599    0.3004
3.85    30.438    0.3004
3.8548    30.4084    0.3004
3.8555999    30.3452    0.3004
3.8555999    30.317999    0.3004
3.8451998    30.249199    0.3004
3.8404    30.219599    0.3004
3.8172    30.1476    0.3004
3.8068    30.117199    0.3004
3.7668    30.038    0.3004
3.75    30.004398    0.3004
3.6787999    29.9044    0.3004
3.6483998    29.861198    0.3004
3.4987998    29.7076    0.3004
3.4348    29.6412    0.3004
3.0972    29.390799    0.3004
2.9524    29.282799    0.3004
2.758    29.1644    0.3004
2.6748    29.113998    0.3004
2.0291998    28.4676    0.3004
1.7523999    28.189999    0.3004
1.2292    27.442    0.3004
1.0044    27.1204    0.3004
0.618    26.292398    0.3004
0.4524    25.937199    0.3004
0.2164    25.0548    0.3004
0.1148    24.6764    0.3004
0.0348    23.765999    0.3004
0.0004    23.375599    0.3004
0.0796    22.465199    0.3004
0.113199994    22.074799    0.3004
0.34919998    21.1924    0.3004
0.45    20.814    0.3004
0.8348    19.986    0.3004
1.0004    19.63    0.3004
1.5228    18.881199    0.3004
1.7476    18.559599    0.3004
2.3924    17.9132    0.3004
2.6692    17.6356    0.3004
3.4164    17.109999    0.3004
3.7372    16.8844    0.3004
4.5643997    16.496399    0.3004
4.9196    16.33    0.3004
5.8012    16.0916    0.3004
6.1796    15.9892    0.3004
7.0892    15.907599    0.3004
7.4796    15.872399    0.3004
8.389999    15.9492    0.3004
8.780399    15.981999    0.3004
9.6636    16.2156    0.3004
10.0428    16.3164    0.3004
10.8716    16.6996    0.3004
11.2276    16.8636    0.3004
12.970799    17.8876    0.3004
13.7196    18.3276    0.3004
14.974    19.145199    0.3004
15.5124    19.496399    0.3004
16.5388    20.282    0.3004
16.979599    20.6196    0.3004
17.9028    21.498    0.3004
18.299599    21.875599    0.3004
19.2676    23.0012    0.3004
19.6828    23.4844    0.3004
20.4492    24.466    0.3004
20.778    24.8876    0.3004
21.278    24.706799    0.3004
21.4924    24.6292    0.3004
21.7724    24.472399    0.3004
21.8932    24.4052    0.3004
22.093199    24.247599    0.3004
22.1796    24.180399    0.3004
22.327599    24.022    0.3004
22.390799    23.953999    0.3004
22.500399    23.7908    0.3004
22.5476    23.721199    0.3004
22.6348    23.5308    0.3004
22.6724    23.4492    0.3004
22.7284    23.2452    0.3004
22.7524    23.1572    0.3004
22.778    22.9268    0.3004
22.7892    22.8284    0.3004
22.7788    22.5564    0.3004
22.7748    22.4396    0.3004
22.6948    22.0276    0.3004
22.660398    21.8508    0.3004
22.621199    21.719599    0.3004
22.604399    21.6628    0.3004
21.9028    20.7636    0.3004
21.602    20.378    0.3004
21.0204    19.6412    0.3004
20.7708    19.3244    0.3004
20.2628    18.6364    0.3004
20.0452    18.3412    0.3004
18.661999    16.1012    0.3004
18.0684    15.1388    0.3004
16.9084    13.426    0.3004
16.41    12.69    0.3004
15.5828    11.5412    0.3004
15.227599    11.0476    0.3004
14.7067995    10.2156    0.3004
14.4836    9.858    0.3004
14.294    9.4804    0.3004
14.2123995    9.3188    0.3004
13.9772    8.658    0.3004
13.8764    8.374    0.3004
13.7556    7.6828    0.3004
13.7036    7.3859997    0.3004
13.6988    6.6843996    0.3004
13.6964    6.3835998    0.3004
13.809199    5.6916    0.3004
13.8572    5.394    0.3004
14.0836    4.73    0.3004
14.1804    4.4444    0.3004
14.514    3.8267999    0.3004
14.6572    3.5619998    0.3004
15.0884    3.0091999    0.3004
15.273999    2.7716    0.3004
15.791599    2.2979999    0.3004
16.014    2.0948    0.3004
16.6028    1.714    0.3004
16.8556    1.5508    0.3004
17.500399    1.2739999    0.3004
17.777199    1.1547999    0.3004
18.4588    0.9892    0.3004
18.7516    0.918    0.3004
19.4516    0.86759996    0.3004
19.7516    0.84599996    0.3004
20.4492    0.91319996    0.3004
20.749199    0.942    0.3004
21.4268    1.1244    0.3004
21.717999    1.2027999    0.3004
22.3556    1.4956    0.3004
22.6292    1.6212    0.3004
23.2092    2.0156    0.3004
23.458    2.1852    0.3004
23.9636    2.6708    0.3004
24.1812    2.8795998    0.3004
24.481998    3.1804    0.3004
24.611599    3.3091998    0.3004
24.864399    3.5507998    0.3004
24.9732    3.6548    0.3004
25.057999    3.7148    0.3004
25.094799    3.7403998    0.3004
25.178    3.7844    0.3004
25.213999    3.8028    0.3004
25.2852    3.8276    0.3004
25.3156    3.8379998    0.3004
25.385199    3.85    0.3004
25.414799    3.8548    0.3004
25.477999    3.8555999    0.3004
25.5052    3.8555999    0.3004
25.574    3.8451998    0.3004
25.6036    3.8404    0.3004
25.6756    3.8172    0.3004
25.706    3.8068    0.3004
25.7852    3.7668    0.3004
25.8188    3.75    0.3004
25.918798    3.6787999    0.3004
25.962    3.6483998    0.3004
26.115599    3.4987998    0.3004
26.182    3.4348    0.3004
26.4324    3.0972    0.3004
26.5404    2.9524    0.3004
26.6588    2.758    0.3004
26.71    2.6748    0.3004
27.355598    2.0291998    0.3004
27.6332    1.7523999    0.3004
28.381199    1.2292    0.3004
28.702799    1.0044    0.3004
29.5308    0.618    0.3004
29.886    0.4524    0.3004
30.768398    0.2164    0.3004
31.147598    0.1148    0.3004
32.057198    0.0348    0.3004
32.447598    0.0004    0.3004
33.357998    0.0796    0.3004
33.748398    0.113199994    0.3004
34.6308    0.34919998    0.3004
35.009197    0.45    0.3004
35.8372    0.8348    0.3004
36.1932    1.0004    0.3004
36.941998    1.5228    0.3004
37.2636    1.7476    0.3004
37.9108    2.3924    0.3004
38.1884    2.6692    0.3004
38.7132    3.4164    0.3004
38.9388    3.7372    0.3004
39.326797    4.5643997    0.3004
39.4932    4.9196    0.3004
39.731598    5.8012    0.3004
39.834    6.1796    0.3004
39.9156    7.0892    0.3004
39.950798    7.4796    0.3004
39.874    8.389999    0.3004
39.841198    8.780399    0.3004
39.607597    9.6636    0.3004
39.506798    10.0428    0.3004
39.1236    10.8716    0.3004
38.9596    11.2276    0.3004
37.9356    12.970799    0.3004
37.495598    13.7196    0.3004
36.677998    14.974    0.3004
36.326797    15.5124    0.3004
35.5412    16.5388    0.3004
35.203598    16.979599    0.3004
34.3252    17.9028    0.3004
33.947598    18.299599    0.3004
32.822    19.2676    0.3004
32.3388    19.6828    0.3004
32.25    19.753199    0.3004
32.211597    19.7836    0.3004
32.313198    20.368399    0.3004
32.3572    20.6196    0.3004
32.4652    20.942    0.3004
32.5116    21.080399    0.3004
32.6228    21.2988    0.3004
32.6708    21.392399    0.3004
32.781998    21.546    0.3004
32.8292    21.6124    0.3004
32.941998    21.725199    0.3004
32.989998    21.7732    0.3004
33.11    21.8612    0.3004
33.162    21.8988    0.3004
33.2956    21.965199    0.3004
33.3532    21.994    0.3004
33.4964    22.038    0.3004
33.558    22.0564    0.3004
33.717197    22.0788    0.3004
33.786    22.0884    0.3004
33.974    22.0868    0.3004
34.0548    22.085999    0.3004
34.334    22.0388    0.3004
34.454    22.018799    0.3004
34.8612    21.879599    0.3004
35.0364    21.8196    0.3004
35.2444    21.7236    0.3004
35.3332    21.6828    0.3004
36.09    21.094799    0.3004
36.4148    20.8428    0.3004
37.0588    20.354    0.3004
37.3348    20.1444    0.3004
38.9884    19.1188    0.3004
39.6988    18.678799    0.3004
41.289997    17.6612    0.3004
41.973198    17.2244    0.3004
44.0444    15.751599    0.3004
44.934    15.119599    0.3004
45.7532    14.622    0.3004
46.105198    14.4084    0.3004
46.3844    14.2716    0.3004
46.5044    14.2123995    0.3004
47.166    13.9772    0.3004
47.449997    13.8764    0.3004
48.1404    13.7556    0.3004
48.4372    13.7036    0.3004
49.138798    13.6988    0.3004
49.439598    13.6964    0.3004
50.1324    13.809199    0.3004
50.43    13.8572    0.3004
51.093998    14.0836    0.3004
51.3788    14.1804    0.3004
51.9964    14.514    0.3004
52.2612    14.6572    0.3004
52.814    15.0884    0.3004
53.051598    15.273999    0.3004
53.5252    15.791599    0.3004
53.728397    16.014    0.3004
54.1092    16.6028    0.3004
54.2724    16.8556    0.3004
54.5492    17.500399    0.3004
54.6684    17.777199    0.3004
54.834    18.4588    0.3004
54.905197    18.7516    0.3004
54.955597    19.4516    0.3004
54.9772    19.7516    0.3004
54.91    20.4492    0.3004
54.8812    20.749199    0.3004
54.6988    21.4268    0.3004
54.6204    21.717999    0.3004
54.3276    22.3556    0.3004
54.202    22.6292    0.3004
53.8076    23.2092    0.3004
53.638    23.458    0.3004
53.152397    23.9636    0.3004
52.9436    24.1812    0.3004
52.6428    24.481998    0.3004
52.514    24.611599    0.3004
52.2724    24.864399    0.3004
52.1684    24.9732    0.3004
52.1084    25.057999    0.3004
52.082798    25.094799    0.3004
52.0388    25.178    0.3004
52.020397    25.213999    0.3004
51.995598    25.2852    0.3004
51.9852    25.3156    0.3004
51.973198    25.385199    0.3004
51.9684    25.414799    0.3004
51.967598    25.477999    0.3004
51.967598    25.5052    0.3004
51.977997    25.574    0.3004
51.9828    25.6036    0.3004
52.006    25.6756    0.3004
52.0164    25.706    0.3004
52.0564    25.7852    0.3004
52.0732    25.8188    0.3004
52.144398    25.918798    0.3004
52.174797    25.962    0.3004
52.324398    26.115599    0.3004
52.3892    26.182    0.3004
52.7268    26.4324    0.3004
52.871597    26.5404    0.3004
53.065197    26.6588    0.3004
53.1484    26.71    0.3004
53.794    27.355598    0.3004
54.070797    27.6332    0.3004
54.5948    28.381199    0.3004
54.8196    28.702799    0.3004
55.2052    29.5308    0.3004
55.3708    29.886    0.3004
55.6068    30.768398    0.3004
55.708397    31.147598    0.3004
55.7884    32.057198    0.3004
55.8228    32.447598    0.3004
55.7436    33.357998    0.3004
55.71    33.748398    0.3004
55.474    34.6308    0.3004
55.3732    35.009197    0.3004
54.9884    35.8372    0.3004
54.8228    36.1932    0.3004
54.3004    36.941998    0.3004
54.0756    37.2636    0.3004
53.430798    37.9108    0.3004
53.154    38.1884    0.3004
52.4068    38.7132    0.3004
52.086    38.9388    0.3004
51.2588    39.326797    0.3004
50.9036    39.4932    0.3004
50.022    39.731598    0.3004
49.6436    39.834    0.3004
48.733997    39.9156    0.3004
48.343597    39.950798    0.3004
47.433197    39.874    0.3004
47.042797    39.841198    0.3004
46.1596    39.607597    0.3004
45.7804    39.506798    0.3004
44.9516    39.1236    0.3004
44.5956    38.9596    0.3004
42.852398    37.9356    0.3004
42.1036    37.495598    0.3004
40.85    36.677998    0.3004
40.3116    36.326797    0.3004
39.284397    35.5412    0.3004
38.843597    35.203598    0.3004
37.9204    34.3252    0.3004
37.523598    33.947598    0.3004
36.6476    32.936398    0.3004
36.2716    32.502    0.3004
35.8196    32.7868    0.3004
35.626    32.9092    0.3004
35.3564    33.1484    0.3004
35.2412    33.250797    0.3004
35.0484    33.484398    0.3004
34.966    33.585197    0.3004
34.8276    33.8204    0.3004
34.7684    33.9212    0.3004
34.6964    34.0924    0.3004
34.666    34.166    0.3004
34.593998    34.4372    0.3004
34.562798    34.554    0.3004
34.534    34.8476    0.3004
34.5212    34.974    0.3004
34.5388    35.3084    0.3004
34.545998    35.4516    0.3004
34.6308    35.8708    0.3004
34.6676    36.0508    0.3004
35.106    36.573997    0.3004
35.294    36.798798    0.3004
35.9884    37.835598    0.3004
36.2868    38.2804    0.3004
37.5484    40.3276    0.3004
38.09    41.2068    0.3004
39.3836    43.058    0.3004
39.9388    43.852398    0.3004
40.5732    44.759598    0.3004
40.846    45.1492    0.3004
41.3116    45.950798    0.3004
41.5116    46.2948    0.3004
41.5812    46.4412    0.3004
41.610798    46.5044    0.3004
41.846    47.166    0.3004
41.9468    47.449997    0.3004
42.068398    48.1404    0.3004
42.1204    48.4372    0.3004
42.1252    49.138798    0.3004
42.1268    49.439598    0.3004
42.014    50.1324    0.3004
41.966    50.43    0.3004
41.739597    51.093998    0.3004
41.6428    51.3788    0.3004
41.309998    51.9964    0.3004
41.166798    52.2612    0.3004
40.7348    52.814    0.3004
40.5492    53.051598    0.3004
40.031597    53.5252    0.3004
39.8092    53.728397    0.3004
39.220398    54.1092    0.3004
38.967598    54.2724    0.3004
38.3228    54.5492    0.3004
38.045998    54.6684    0.3004
37.3644    54.834    0.3004
37.071598    54.905197    0.3004
36.371597    54.955597    0.3004
36.071598    54.9772    0.3004
35.374    54.91    0.3004
35.073997    54.8812    0.3004
34.3964    54.6988    0.3004
34.105198    54.6204    0.3004
33.467598    54.3276    0.3004
33.194    54.202    0.3004
32.614    53.8076    0.3004
32.3652    53.638    0.3004
31.8596    53.152397    0.3004
31.641998    52.9436    0.3004
31.3412    52.6428    0.3004
31.2116    52.514    0.3004
30.9588    52.2724    0.3004
30.849998    52.1684    0.3004
30.7652    52.1084    0.3004
30.7284    52.082798    0.3004
30.645199    52.0388    0.3004
30.6092    52.020397    0.3004
30.538    51.995598    0.3004
30.507599    51.9852    0.3004
30.438    51.973198    0.3004
30.4084    51.9684    0.3004
30.3452    51.967598    0.3004
30.317999    51.967598    0.3004
30.249199    51.977997    0.3004
30.219599    51.9828    0.3004
30.1476    52.006    0.3004
30.117199    52.0164    0.3004
30.038    52.0564    0.3004
30.004398    52.0732    0.3004
29.9044    52.144398    0.3004
29.861198    52.174797    0.3004
29.7076    52.324398    0.3004
29.6412    52.3892    0.3004
29.390799    52.7268    0.3004
29.282799    52.871597    0.3004
29.1644    53.065197    0.3004
29.113998    53.1484    0.3004
28.4676    53.794    0.3004
28.189999    54.070797    0.3004
27.442    54.5948    0.3004
27.1204    54.8196    0.3004
26.292398    55.2052    0.3004
25.937199    55.3708    0.3004
25.0548    55.6068    0.3004
24.6764    55.708397    0.3004
23.765999    55.7884    0.3004
23.375599    55.8228    0.3004
22.465199    55.7436    0.3004
22.074799    55.71    0.3004
21.1924    55.474    0.3004
20.814    55.3732    0.3004
19.986    54.9884    0.3004
19.63    54.8228    0.3004
18.881199    54.3004    0.3004
18.559599    54.0756    0.3004
17.9132    53.430798    0.3004
17.6356    53.154    0.3004
17.109999    52.4068    0.3004
16.8844    52.086    0.3004
16.496399    51.2588    0.3004
16.33    50.9036    0.3004
16.0916    50.022    0.3004
15.9892    49.6436    0.3004
15.907599    48.733997    0.3004
15.872399    48.343597    0.3004
15.9492    47.433197    0.3004
15.981999    47.042797    0.3004
16.2156    46.1596    0.3004
16.3164    45.7804    0.3004
16.6996    44.9516    0.3004
16.8636    44.5956    0.3004
18.0212    42.610798    0.3004
18.518    41.758    0.3004
19.234    40.674    0.3004
19.542    40.2084    0.3004
20.260399    39.298    0.3004
20.569199    38.9076    0.3004
21.392399    38.085197    0.3004
21.746    37.731598    0.3004
22.8636    36.822    0.3004
23.3436    36.4316    0.3004
24.574799    35.5004    0.3004
25.1036    35.1004    0.3004
25.1036    35.1004    0.3004
1348083461 0 0.3004
25.1036    35.1004    0.6004
24.976398    34.806    0.6004
24.786    34.363598    0.6004
24.678799    34.1964    0.6004
24.518    33.945198    0.6004
24.4116    33.826    0.6004
24.2524    33.646    0.6004
24.146    33.558    0.6004
23.986    33.426    0.6004
23.868399    33.3572    0.6004
23.691599    33.2548    0.6004
23.5644    33.2068    0.6004
23.373999    33.1348    0.6004
23.2372    33.107597    0.6004
23.0308    33.065998    0.6004
22.8748    33.0596    0.6004
22.6404    33.0492    0.6004
22.4548    33.068398    0.6004
22.1756    33.096397    0.6004
21.970798    33.1452    0.6004
21.6628    33.2188    0.6004
21.149199    33.6196    0.6004
20.378    34.2212    0.6004
19.9572    34.5532    0.6004
19.3244    35.0524    0.6004
18.931599    35.3428    0.6004
18.3412    35.7788    0.6004
17.0612    36.568398    0.6004
15.1388    37.7548    0.6004
14.160399    38.418    0.6004
12.69    39.413998    0.6004
12.033999    39.885998    0.6004
11.0476    40.5956    0.6004
10.5724    40.8932    0.6004
9.858    41.3404    0.6004
9.642799    41.4484    0.6004
9.3188    41.610798    0.6004
8.941199    41.745197    0.6004
8.374    41.9468    0.6004
7.9788    42.0164    0.6004
7.3859997    42.1204    0.6004
6.9852    42.1228    0.6004
6.3835998    42.1268    0.6004
5.9884    42.062798    0.6004
5.394    41.966    0.6004
5.0148    41.8372    0.6004
4.4444    41.6428    0.6004
4.0916    41.4524    0.6004
3.5619998    41.166798    0.6004
3.2459998    40.9204    0.6004
2.7716    40.5492    0.6004
2.5012    40.2532    0.6004
2.0948    39.8092    0.6004
1.8772    39.473198    0.6004
1.5508    38.967598    0.6004
1.3923999    38.599598    0.6004
1.1547999    38.045998    0.6004
1.0604    37.6564    0.6004
0.918    37.071598    0.6004
0.8892    36.6716    0.6004
0.84599996    36.071598    0.6004
0.88439995    35.6732    0.6004
0.942    35.073997    0.6004
1.046    34.6868    0.6004
1.2027999    34.105198    0.6004
1.37    33.7412    0.6004
1.6212    33.194    0.6004
1.8468    32.8628    0.6004
2.1852    32.3652    0.6004
2.4628    32.0764    0.6004
2.8795998    31.641998    0.6004
3.0516    31.47    0.6004
3.3091998    31.2116    0.6004
3.4476    31.0668    0.6004
3.6548    30.849998    0.6004
3.6892    30.801199    0.6004
3.7403998    30.7284    0.6004
3.7652    30.680399    0.6004
3.8028    30.6092    0.6004
3.8172    30.5684    0.6004
3.8379998    30.507599    0.6004
3.8444    30.4676    0.6004
3.8548    30.4084    0.6004
3.8548    30.372398    0.6004
3.8555999    30.317999    0.6004
3.8492    30.2788    0.6004
3.8404    30.219599    0.6004
3.8267999    30.178799    0.6004
3.8068    30.117199    0.6004
3.7844    30.0724    0.6004
3.75    30.004398    0.6004
3.7092    29.946798    0.6004
3.6483998    29.861198    0.6004
3.5628    29.7732    0.6004
3.4348    29.6412    0.6004
3.2419999    29.498    0.6004
2.9524    29.282799    0.6004
2.8411999    29.2156    0.6004
2.6748    29.113998    0.6004
2.306    28.7444    0.6004
1.7523999    28.189999    0.6004
1.4532    27.7628    0.6004
1.0044    27.1204    0.6004
0.7836    26.6476    0.6004
0.4524    25.937199    0.6004
0.3172    25.433199    0.6004
0.1148    24.6764    0.6004
0.0692    24.156399    0.6004
0.0004    23.375599    0.6004
0.045199998    22.8556    0.6004
0.113199994    22.074799    0.6004
0.24759999    21.570799    0.6004
0.45    20.814    0.6004
0.66999996    20.3412    0.6004
1.0004    19.63    0.6004
1.2988    19.202    0.6004
1.7476    18.559599    0.6004
2.1155999    18.189999    0.6004
2.6692    17.6356    0.6004
3.0956    17.3356    0.6004
3.7372    16.8844    0.6004
4.21    16.6628    0.6004
4.9196    16.33    0.6004
5.4228    16.194    0.6004
6.1796    15.9892    0.6004
6.6987996    15.9428    0.6004
7.4796    15.872399    0.6004
7.9996    15.9164    0.6004
8.780399    15.981999    0.6004
9.2852    16.115599    0.6004
10.0428    16.3164    0.6004
10.516399    16.5348    0.6004
11.2276    16.8636    0.6004
12.223599    17.4484    0.6004
13.7196    18.3276    0.6004
14.436399    18.7948    0.6004
15.5124    19.496399    0.6004
16.098799    19.9452    0.6004
16.979599    20.6196    0.6004
17.5068    21.121199    0.6004
18.299599    21.875599    0.6004
18.8524    22.518799    0.6004
19.6828    23.4844    0.6004
20.1204    24.045198    0.6004
20.778    24.8876    0.6004
21.063599    24.784399    0.6004
21.4924    24.6292    0.6004
21.6524    24.539598    0.6004
21.8932    24.4052    0.6004
22.007599    24.3156    0.6004
22.1796    24.180399    0.6004
22.2636    24.09    0.6004
22.390799    23.953999    0.6004
22.4532    23.8612    0.6004
22.5476    23.721199    0.6004
22.597198    23.6124    0.6004
22.6724    23.4492    0.6004
22.7044    23.3324    0.6004
22.7524    23.1572    0.6004
22.7668    23.026    0.6004
22.7892    22.8284    0.6004
22.7836    22.673199    0.6004
22.7748    22.4396    0.6004
22.7292    22.2044    0.6004
22.660398    21.8508    0.6004
22.637999    21.775599    0.6004
22.604399    21.6628    0.6004
22.2036    21.149199    0.6004
21.602    20.378    0.6004
21.269999    19.9572    0.6004
20.7708    19.3244    0.6004
20.4812    18.931599    0.6004
20.0452    18.3412    0.6004
19.2556    17.0612    0.6004
18.0684    15.1388    0.6004
17.406    14.160399    0.6004
16.41    12.69    0.6004
15.9372    12.033999    0.6004
15.227599    11.0476    0.6004
14.929999    10.5724    0.6004
14.4836    9.858    0.6004
14.3756    9.642799    0.6004
14.2123995    9.3188    0.6004
14.078    8.941199    0.6004
13.8764    8.374    0.6004
13.8076    7.9788    0.6004
13.7036    7.3859997    0.6004
13.700399    6.9852    0.6004
13.6964    6.3835998    0.6004
13.7604    5.9884    0.6004
13.8572    5.394    0.6004
13.986    5.0148    0.6004
14.1804    4.4444    0.6004
14.3708    4.0916    0.6004
14.6572    3.5619998    0.6004
14.9036    3.2459998    0.6004
15.273999    2.7716    0.6004
15.57    2.5012    0.6004
16.014    2.0948    0.6004
16.35    1.8772    0.6004
16.8556    1.5508    0.6004
17.2236    1.3923999    0.6004
17.777199    1.1547999    0.6004
18.1668    1.0604    0.6004
18.7516    0.918    0.6004
19.150799    0.8892    0.6004
19.7516    0.84599996    0.6004
20.15    0.88439995    0.6004
20.749199    0.942    0.6004
21.1364    1.046    0.6004
21.717999    1.2027999    0.6004
22.081999    1.37    0.6004
22.6292    1.6212    0.6004
22.9604    1.8468    0.6004
23.458    2.1852    0.6004
23.7468    2.4628    0.6004
24.1812    2.8795998    0.6004
24.353199    3.0516    0.6004
24.611599    3.3091998    0.6004
24.7564    3.4476    0.6004
24.9732    3.6548    0.6004
25.022    3.6892    0.6004
25.094799    3.7403998    0.6004
25.1428    3.7652    0.6004
25.213999    3.8028    0.6004
25.254799    3.8172    0.6004
25.3156    3.8379998    0.6004
25.355598    3.8444    0.6004
25.414799    3.8548    0.6004
25.4508    3.8548    0.6004
25.5052    3.8555999    0.6004
25.5444    3.8492    0.6004
25.6036    3.8404    0.6004
25.6444    3.8267999    0.6004
25.706    3.8068    0.6004
25.7508    3.7844    0.6004
25.8188    3.75    0.6004
25.8764    3.7092    0.6004
25.962    3.6483998    0.6004
26.05    3.5628    0.6004
26.182    3.4348    0.6004
26.3252    3.2419999    0.6004
26.5404    2.9524    0.6004
26.608398    2.8411999    0.6004
26.71    2.6748    0.6004
27.0788    2.306    0.6004
27.6332    1.7523999    0.6004
28.0604    1.4532    0.6004
28.702799    1.0044    0.6004
29.1756    0.7836    0.6004
29.886    0.4524    0.6004
30.39    0.3172    0.6004
31.147598    0.1148    0.6004
31.6668    0.0692    0.6004
32.447598    0.0004    0.6004
32.967598    0.045199998    0.6004
33.748398    0.113199994    0.6004
34.2524    0.24759999    0.6004
35.009197    0.45    0.6004
35.482    0.66999996    0.6004
36.1932    1.0004    0.6004
36.6212    1.2988    0.6004
37.2636    1.7476    0.6004
37.633198    2.1155999    0.6004
38.1884    2.6692    0.6004
38.4884    3.0956    0.6004
38.9388    3.7372    0.6004
39.1604    4.21    0.6004
39.4932    4.9196    0.6004
39.6292    5.4228    0.6004
39.834    6.1796    0.6004
39.880398    6.6987996    0.6004
39.950798    7.4796    0.6004
39.9068    7.9996    0.6004
39.841198    8.780399    0.6004
39.7076    9.2852    0.6004
39.506798    10.0428    0.6004
39.2884    10.516399    0.6004
38.9596    11.2276    0.6004
38.374798    12.223599    0.6004
37.495598    13.7196    0.6004
37.0284    14.436399    0.6004
36.326797    15.5124    0.6004
35.878    16.098799    0.6004
35.203598    16.979599    0.6004
34.702    17.5068    0.6004
33.947598    18.299599    0.6004
33.304398    18.8524    0.6004
32.3388    19.6828    0.6004
32.287598    19.7228    0.6004
32.211597    19.7836    0.6004
32.27    20.118    0.6004
32.3572    20.6196    0.6004
32.4188    20.8036    0.6004
32.5116    21.080399    0.6004
32.5756    21.2052    0.6004
32.6708    21.392399    0.6004
32.733997    21.4804    0.6004
32.8292    21.6124    0.6004
32.8932    21.6764    0.6004
32.989998    21.7732    0.6004
33.0588    21.823599    0.6004
33.162    21.8988    0.6004
33.2388    21.937199    0.6004
33.3532    21.994    0.6004
33.4348    22.018799    0.6004
33.558    22.0564    0.6004
33.6492    22.069199    0.6004
33.786    22.0884    0.6004
33.8932    22.087599    0.6004
34.0548    22.085999    0.6004
34.214    22.0588    0.6004
34.454    22.018799    0.6004
34.6868    21.9396    0.6004
35.0364    21.8196    0.6004
35.1548    21.7652    0.6004
35.3332    21.6828    0.6004
35.765198    21.3468    0.6004
36.4148    20.8428    0.6004
36.7828    20.563599    0.6004
37.3348    20.1444    0.6004
38.2796    19.5588    0.6004
39.6988    18.678799    0.6004
40.607597    18.098    0.6004
41.973198    17.2244    0.6004
43.1564    16.3836    0.6004
44.934    15.119599    0.6004
45.402    14.8356    0.6004
46.105198    14.4084    0.6004
46.2644    14.33    0.6004
46.5044    14.2123995    0.6004
46.882    14.078    0.6004
47.449997    13.8764    0.6004
47.8444    13.8076    0.6004
48.4372    13.7036    0.6004
48.837997    13.700399    0.6004
49.439598    13.6964    0.6004
49.835598    13.7604    0.6004
50.43    13.8572    0.6004
50.8092    13.986    0.6004
51.3788    14.1804    0.6004
51.731598    14.3708    0.6004
52.2612    14.6572    0.6004
52.577198    14.9036    0.6004
53.051598    15.273999    0.6004
53.322    15.57    0.6004
53.728397    16.014    0.6004
53.946    16.35    0.6004
54.2724    16.8556    0.6004
54.430798    17.2236    0.6004
54.6684    17.777199    0.6004
54.7628    18.1668    0.6004
54.905197    18.7516    0.6004
54.934    19.150799    0.6004
54.9772    19.7516    0.6004
54.938797    20.15    0.6004
54.8812    20.749199    0.6004
54.7772    21.1364    0.6004
54.6204    21.717999    0.6004
54.453197    22.081999    0.6004
54.202    22.6292    0.6004
53.9764    22.9604    0.6004
53.638    23.458    0.6004
53.360397    23.7468    0.6004
52.9436    24.1812    0.6004
52.7716    24.353199    0.6004
52.514    24.611599    0.6004
52.3756    24.7564    0.6004
52.1684    24.9732    0.6004
52.134    25.022    0.6004
52.082798    25.094799    0.6004
52.058    25.1428    0.6004
52.020397    25.213999    0.6004
52.006    25.254799    0.6004
51.9852    25.3156    0.6004
51.978798    25.355598    0.6004
51.9684    25.414799    0.6004
51.9684    25.4508    0.6004
51.967598    25.5052    0.6004
51.974    25.5444    0.6004
51.9828    25.6036    0.6004
51.9964    25.6444    0.6004
52.0164    25.706    0.6004
52.0388    25.7508    0.6004
52.0732    25.8188    0.6004
52.114    25.8764    0.6004
52.174797    25.962    0.6004
52.2604    26.05    0.6004
52.3892    26.182    0.6004
52.581997    26.3252    0.6004
52.871597    26.5404    0.6004
52.982    26.608398    0.6004
53.1484    26.71    0.6004
53.5172    27.0788    0.6004
54.070797    27.6332    0.6004
54.37    28.0604    0.6004
54.8196    28.702799    0.6004
55.0396    29.1756    0.6004
55.3708    29.886    0.6004
55.505997    30.39    0.6004
55.708397    31.147598    0.6004
55.753998    31.6668    0.6004
55.8228    32.447598    0.6004
55.778    32.967598    0.6004
55.71    33.748398    0.6004
55.5756    34.2524    0.6004
55.3732    35.009197    0.6004
55.1532    35.482    0.6004
54.8228    36.1932    0.6004
54.5244    36.6212    0.6004
54.0756    37.2636    0.6004
53.7076    37.633198    0.6004
53.154    38.1884    0.6004
52.7276    38.4884    0.6004
52.086    38.9388    0.6004
51.613197    39.1604    0.6004
50.9036    39.4932    0.6004
50.4004    39.6292    0.6004
49.6436    39.834    0.6004
49.124397    39.880398    0.6004
48.343597    39.950798    0.6004
47.823597    39.9068    0.6004
47.042797    39.841198    0.6004
46.538    39.7076    0.6004
45.7804    39.506798    0.6004
45.306797    39.2884    0.6004
44.5956    38.9596    0.6004
43.599598    38.374798    0.6004
42.1036    37.495598    0.6004
41.3876    37.0284    0.6004
40.3116    36.326797    0.6004
39.7252    35.878    0.6004
38.843597    35.203598    0.6004
38.3164    34.702    0.6004
37.523598    33.947598    0.6004
37.023598    33.37    0.6004
36.2716    32.502    0.6004
36.014    32.6644    0.6004
35.626    32.9092    0.6004
35.4724    33.045998    0.6004
35.2412    33.250797    0.6004
35.1316    33.3844    0.6004
34.966    33.585197    0.6004
34.8868    33.7196    0.6004
34.7684    33.9212    0.6004
34.7276    34.0188    0.6004
34.666    34.166    0.6004
34.624397    34.321198    0.6004
34.562798    34.554    0.6004
34.545998    34.722    0.6004
34.5212    34.974    0.6004
34.5308    35.1652    0.6004
34.545998    35.4516    0.6004
34.5948    35.6908    0.6004
34.6676    36.0508    0.6004
34.918    36.35    0.6004
35.294    36.798798    0.6004
35.6908    37.3908    0.6004
36.2868    38.2804    0.6004
37.0076    39.45    0.6004
38.09    41.2068    0.6004
38.8284    42.2636    0.6004
39.9388    43.852398    0.6004
40.3012    44.3708    0.6004
40.846    45.1492    0.6004
41.1116    45.6068    0.6004
41.5116    46.2948    0.6004
41.551598    46.3788    0.6004
41.610798    46.5044    0.6004
41.745197    46.882    0.6004
41.9468    47.449997    0.6004
42.0164    47.8444    0.6004
42.1204    48.4372    0.6004
42.1228    48.837997    0.6004
42.1268    49.439598    0.6004
42.062798    49.835598    0.6004
41.966    50.43    0.6004
41.8372    50.8092    0.6004
41.6428    51.3788    0.6004
41.4524    51.731598    0.6004
41.166798    52.2612    0.6004
40.9204    52.577198    0.6004
40.5492    53.051598    0.6004
40.2532    53.322    0.6004
39.8092    53.728397    0.6004
39.473198    53.946    0.6004
38.967598    54.2724    0.6004
38.599598    54.430798    0.6004
38.045998    54.6684    0.6004
37.6564    54.7628    0.6004
37.071598    54.905197    0.6004
36.6716    54.934    0.6004
36.071598    54.9772    0.6004
35.6732    54.938797    0.6004
35.073997    54.8812    0.6004
34.6868    54.7772    0.6004
34.105198    54.6204    0.6004
33.7412    54.453197    0.6004
33.194    54.202    0.6004
32.8628    53.9764    0.6004
32.3652    53.638    0.6004
32.0764    53.360397    0.6004
31.641998    52.9436    0.6004
31.47    52.7716    0.6004
31.2116    52.514    0.6004
31.0668    52.3756    0.6004
30.849998    52.1684    0.6004
30.801199    52.134    0.6004
30.7284    52.082798    0.6004
30.680399    52.058    0.6004
30.6092    52.020397    0.6004
30.5684    52.006    0.6004
30.507599    51.9852    0.6004
30.4676    51.978798    0.6004
30.4084    51.9684    0.6004
30.372398    51.9684    0.6004
30.317999    51.967598    0.6004
30.2788    51.974    0.6004
30.219599    51.9828    0.6004
30.178799    51.9964    0.6004
30.117199    52.0164    0.6004
30.0724    52.0388    0.6004
30.004398    52.0732    0.6004
29.946798    52.114    0.6004
29.861198    52.174797    0.6004
29.7732    52.2604    0.6004
29.6412    52.3892    0.6004
29.498    52.581997    0.6004
29.282799    52.871597    0.6004
29.2156    52.982    0.6004
29.113998    53.1484    0.6004
28.7444    53.5172    0.6004
28.189999    54.070797    0.6004
27.7628    54.37    0.6004
27.1204    54.8196    0.6004
26.6476    55.0396    0.6004
25.937199    55.3708    0.6004
25.433199    55.505997    0.6004
24.6764    55.708397    0.6004
24.156399    55.753998    0.6004
23.375599    55.8228    0.6004
22.8556    55.778    0.6004
22.074799    55.71    0.6004
21.570799    55.5756    0.6004
20.814    55.3732    0.6004
20.3412    55.1532    0.6004
19.63    54.8228    0.6004
19.202    54.5244    0.6004
18.559599    54.0756    0.6004
18.189999    53.7076    0.6004
17.6356    53.154    0.6004
17.3356    52.7276    0.6004
16.8844    52.086    0.6004
16.6628    51.613197    0.6004
16.33    50.9036    0.6004
16.194    50.4004    0.6004
15.9892    49.6436    0.6004
15.9428    49.124397    0.6004
15.872399    48.343597    0.6004
15.9164    47.823597    0.6004
15.981999    47.042797    0.6004
16.115599    46.538    0.6004
16.3164    45.7804    0.6004
16.5348    45.306797    0.6004
16.8636    44.5956    0.6004
17.524399    43.461998    0.6004
18.518    41.758    0.6004
18.9268    41.138798    0.6004
19.542    40.2084    0.6004
19.9524    39.6884    0.6004
20.569199    38.9076    0.6004
21.0396    38.438    0.6004
21.746    37.731598    0.6004
22.3844    37.2124    0.6004
23.3436    36.4316    0.6004
24.046799    35.8996    0.6004
25.1036    35.1004    0.6004
25.1036    35.1004    0.6004
1348083461 0 0.6004
25.1036    35.1004    0.9004
25.0716    35.0268    0.9004
24.786    34.363598    0.9004
24.7596    34.322    0.9004
24.518    33.945198    0.9004
24.4916    33.9156    0.9004
24.2524    33.646    0.9004
24.226    33.624397    0.9004
23.986    33.426    0.9004
23.9564    33.4092    0.9004
23.691599    33.2548    0.9004
23.6596    33.242798    0.9004
23.373999    33.1348    0.9004
23.3396    33.127598    0.9004
23.0308    33.065998    0.9004
22.9916    33.0644    0.9004
22.6404    33.0492    0.9004
22.594    33.054    0.9004
22.1756    33.096397    0.9004
22.1244    33.1084    0.9004
21.6628    33.2188    0.9004
21.5348    33.318798    0.9004
20.378    34.2212    0.9004
20.2732    34.3036    0.9004
19.3244    35.0524    0.9004
19.226799    35.124397    0.9004
18.3412    35.7788    0.9004
18.022    35.975597    0.9004
15.1388    37.7548    0.9004
14.894799    37.9204    0.9004
12.69    39.413998    0.9004
12.5268    39.531597    0.9004
11.0476    40.5956    0.9004
10.9292    40.67    0.9004
9.858    41.3404    0.9004
9.8043995    41.3676    0.9004
9.3188    41.610798    0.9004
9.2244    41.644398    0.9004
8.374    41.9468    0.9004
8.2755995    41.964397    0.9004
7.3859997    42.1204    0.9004
7.286    42.1212    0.9004
6.3835998    42.1268    0.9004
6.2851996    42.110798    0.9004
5.394    41.966    0.9004
5.2995996    41.934    0.9004
4.4444    41.6428    0.9004
4.3564    41.5956    0.9004
3.5619998    41.166798    0.9004
3.4836    41.105198    0.9004
2.7716    40.5492    0.9004
2.7043998    40.475597    0.9004
2.0948    39.8092    0.9004
2.0404    39.7252    0.9004
1.5508    38.967598    0.9004
1.5116    38.8756    0.9004
1.1547999    38.045998    0.9004
1.1316    37.9492    0.9004
0.918    37.071598    0.9004
0.9108    36.9716    0.9004
0.84599996    36.071598    0.9004
0.8556    35.9724    0.9004
0.942    35.073997    0.9004
0.9676    34.9772    0.9004
1.2027999    34.105198    0.9004
1.2444    34.0148    0.9004
1.6212    33.194    0.9004
1.6772    33.1116    0.9004
2.1852    32.3652    0.9004
2.254    32.293198    0.9004
2.8795998    31.641998    0.9004
2.922    31.598799    0.9004
3.3091998    31.2116    0.9004
3.3436    31.1756    0.9004
3.6548    30.849998    0.9004
3.6636    30.838    0.9004
3.7403998    30.7284    0.9004
3.7468    30.7164    0.9004
3.8028    30.6092    0.9004
3.806    30.598799    0.9004
3.8379998    30.507599    0.9004
3.8395998    30.498    0.9004
3.8548    30.4084    0.9004
3.8548    30.3996    0.9004
3.8555999    30.317999    0.9004
3.8539999    30.3084    0.9004
3.8404    30.219599    0.9004
3.8372    30.2092    0.9004
3.8068    30.117199    0.9004
3.8012    30.105999    0.9004
3.75    30.004398    0.9004
3.7396    29.99    0.9004
3.6483998    29.861198    0.9004
3.6267998    29.8396    0.9004
3.4348    29.6412    0.9004
3.3867998    29.6052    0.9004
2.9524    29.282799    0.9004
2.9243999    29.265999    0.9004
2.6748    29.113998    0.9004
2.5828    29.022    0.9004
1.7523999    28.189999    0.9004
1.678    28.0836    0.9004
1.0044    27.1204    0.9004
0.9492    27.0028    0.9004
0.4524    25.937199    0.9004
0.4188    25.8116    0.9004
0.1148    24.6764    0.9004
0.103599995    24.546799    0.9004
0.0004    23.375599    0.9004
0.0116    23.246    0.9004
0.113199994    22.074799    0.9004
0.1468    21.9492    0.9004
0.45    20.814    0.9004
0.50519997    20.6964    0.9004
1.0004    19.63    0.9004
1.0748    19.5236    0.9004
1.7476    18.559599    0.9004
1.8396    18.4676    0.9004
2.6692    17.6356    0.9004
2.7756    17.5604    0.9004
3.7372    16.8844    0.9004
3.8548    16.829199    0.9004
4.9196    16.33    0.9004
5.0452    16.2964    0.9004
6.1796    15.9892    0.9004
6.3092    15.9772    0.9004
7.4796    15.872399    0.9004
7.6092    15.883599    0.9004
8.780399    15.981999    0.9004
8.906    16.0156    0.9004
10.0428    16.3164    0.9004
10.1612    16.3708    0.9004
11.2276    16.8636    0.9004
11.475599    17.0092    0.9004
13.7196    18.3276    0.9004
13.898    18.444399    0.9004
15.5124    19.496399    0.9004
15.658799    19.6084    0.9004
16.979599    20.6196    0.9004
17.1108    20.7444    0.9004
18.299599    21.875599    0.9004
18.437199    22.035599    0.9004
19.6828    23.4844    0.9004
19.7916    23.6244    0.9004
20.778    24.8876    0.9004
20.8492    24.862    0.9004
21.4924    24.6292    0.9004
21.5324    24.6068    0.9004
21.8932    24.4052    0.9004
21.921999    24.3828    0.9004
22.1796    24.180399    0.9004
22.2004    24.157999    0.9004
22.390799    23.953999    0.9004
22.4068    23.9308    0.9004
22.5476    23.721199    0.9004
22.5604    23.694    0.9004
22.6724    23.4492    0.9004
22.680399    23.420399    0.9004
22.7524    23.1572    0.9004
22.7564    23.1244    0.9004
22.7892    22.8284    0.9004
22.7876    22.789999    0.9004
22.7748    22.4396    0.9004
22.7636    22.381199    0.9004
22.660398    21.8508    0.9004
22.654799    21.8324    0.9004
22.604399    21.6628    0.9004
22.5044    21.5348    0.9004
21.602    20.378    0.9004
21.5196    20.2732    0.9004
20.7708    19.3244    0.9004
20.6988    19.226799    0.9004
20.0452    18.3412    0.9004
19.8484    18.022    0.9004
18.0684    15.1388    0.9004
17.903599    14.894799    0.9004
16.41    12.69    0.9004
16.2924    12.5268    0.9004
15.227599    11.0476    0.9004
15.153199    10.9292    0.9004
14.4836    9.858    0.9004
14.4564    9.8043995    0.9004
14.2123995    9.3188    0.9004
14.1788    9.2244    0.9004
13.8764    8.374    0.9004
13.8588    8.2755995    0.9004
13.7036    7.3859997    0.9004
13.7028    7.286    0.9004
13.6964    6.3835998    0.9004
13.7123995    6.2851996    0.9004
13.8572    5.394    0.9004
13.889199    5.2995996    0.9004
14.1804    4.4444    0.9004
14.2276    4.3564    0.9004
14.6572    3.5619998    0.9004
14.7188    3.4836    0.9004
15.273999    2.7716    0.9004
15.3476    2.7043998    0.9004
16.014    2.0948    0.9004
16.098    2.0404    0.9004
16.8556    1.5508    0.9004
16.9476    1.5116    0.9004
17.777199    1.1547999    0.9004
17.873999    1.1316    0.9004
18.7516    0.918    0.9004
18.851599    0.9108    0.9004
19.7516    0.84599996    0.9004
19.8508    0.8556    0.9004
20.749199    0.942    0.9004
20.845999    0.9676    0.9004
21.717999    1.2027999    0.9004
21.8084    1.2444    0.9004
22.6292    1.6212    0.9004
22.7116    1.6772    0.9004
23.458    2.1852    0.9004
23.529999    2.254    0.9004
24.1812    2.8795998    0.9004
24.2244    2.922    0.9004
24.611599    3.3091998    0.9004
24.6476    3.3436    0.9004
24.9732    3.6548    0.9004
24.985199    3.6636    0.9004
25.094799    3.7403998    0.9004
25.1068    3.7468    0.9004
25.213999    3.8028    0.9004
25.2244    3.806    0.9004
25.3156    3.8379998    0.9004
25.3252    3.8395998    0.9004
25.414799    3.8548    0.9004
25.4236    3.8548    0.9004
25.5052    3.8555999    0.9004
25.5148    3.8539999    0.9004
25.6036    3.8404    0.9004
25.613998    3.8372    0.9004
25.706    3.8068    0.9004
25.7172    3.8012    0.9004
25.8188    3.75    0.9004
25.833199    3.7396    0.9004
25.962    3.6483998    0.9004
25.983599    3.6267998    0.9004
26.182    3.4348    0.9004
26.217999    3.3867998    0.9004
26.5404    2.9524    0.9004
26.5572    2.9243999    0.9004
26.71    2.6748    0.9004
26.802    2.5828    0.9004
27.6332    1.7523999    0.9004
27.7396    1.678    0.9004
28.702799    1.0044    0.9004
28.820398    0.9492    0.9004
29.886    0.4524    0.9004
30.011599    0.4188    0.9004
31.147598    0.1148    0.9004
31.277199    0.103599995    0.9004
32.447598    0.0004    0.9004
32.577198    0.0116    0.9004
33.748398    0.113199994    0.9004
33.874    0.1468    0.9004
35.009197    0.45    0.9004
35.1268    0.50519997    0.9004
36.1932    1.0004    0.9004
36.2996    1.0748    0.9004
37.2636    1.7476    0.9004
37.3556    1.8396    0.9004
38.1884    2.6692    0.9004
38.2628    2.7756    0.9004
38.9388    3.7372    0.9004
38.994    3.8548    0.9004
39.4932    4.9196    0.9004
39.5268    5.0452    0.9004
39.834    6.1796    0.9004
39.846    6.3092    0.9004
39.950798    7.4796    0.9004
39.939598    7.6092    0.9004
39.841198    8.780399    0.9004
39.8076    8.906    0.9004
39.506798    10.0428    0.9004
39.4524    10.1612    0.9004
38.9596    11.2276    0.9004
38.814    11.475599    0.9004
37.495598    13.7196    0.9004
37.3788    13.898    0.9004
36.326797    15.5124    0.9004
36.214798    15.658799    0.9004
35.203598    16.979599    0.9004
35.0788    17.1108    0.9004
33.947598    18.299599    0.9004
33.787598    18.437199    0.9004
32.3388    19.6828    0.9004
32.326    19.6932    0.9004
32.211597    19.7836    0.9004
32.225998    19.8668    0.9004
32.3572    20.6196    0.9004
32.3724    20.6652    0.9004
32.5116    21.080399    0.9004
32.5276    21.111599    0.9004
32.6708    21.392399    0.9004
32.6868    21.414    0.9004
32.8292    21.6124    0.9004
32.8452    21.628399    0.9004
32.989998    21.7732    0.9004
33.006798    21.786    0.9004
33.162    21.8988    0.9004
33.1812    21.9084    0.9004
33.3532    21.994    0.9004
33.3732    22.000399    0.9004
33.558    22.0564    0.9004
33.5804    22.059599    0.9004
33.786    22.0884    0.9004
33.8124    22.0884    0.9004
34.0548    22.085999    0.9004
34.0948    22.0796    0.9004
34.454    22.018799    0.9004
34.512398    21.9988    0.9004
35.0364    21.8196    0.9004
35.065998    21.806    0.9004
35.3332    21.6828    0.9004
35.4412    21.598799    0.9004
36.4148    20.8428    0.9004
36.506798    20.7732    0.9004
37.3348    20.1444    0.9004
37.57    19.9988    0.9004
39.6988    18.678799    0.9004
39.925198    18.534    0.9004
41.973198    17.2244    0.9004
42.2684    17.0148    0.9004
44.934    15.119599    0.9004
45.0508    15.0484    0.9004
46.105198    14.4084    0.9004
46.1452    14.389199    0.9004
46.5044    14.2123995    0.9004
46.5988    14.1788    0.9004
47.449997    13.8764    0.9004
47.548397    13.8588    0.9004
48.4372    13.7036    0.9004
48.537197    13.7028    0.9004
49.439598    13.6964    0.9004
49.538    13.7123995    0.9004
50.43    13.8572    0.9004
50.5244    13.889199    0.9004
51.3788    14.1804    0.9004
51.466797    14.2276    0.9004
52.2612    14.6572    0.9004
52.3396    14.7188    0.9004
53.051598    15.273999    0.9004
53.118797    15.3476    0.9004
53.728397    16.014    0.9004
53.7828    16.098    0.9004
54.2724    16.8556    0.9004
54.3116    16.9476    0.9004
54.6684    17.777199    0.9004
54.691597    17.873999    0.9004
54.905197    18.7516    0.9004
54.9124    18.851599    0.9004
54.9772    19.7516    0.9004
54.967598    19.8508    0.9004
54.8812    20.749199    0.9004
54.8556    20.845999    0.9004
54.6204    21.717999    0.9004
54.5788    21.8084    0.9004
54.202    22.6292    0.9004
54.146    22.7116    0.9004
53.638    23.458    0.9004
53.5692    23.529999    0.9004
52.9436    24.1812    0.9004
52.9012    24.2244    0.9004
52.514    24.611599    0.9004
52.4796    24.6476    0.9004
52.1684    24.9732    0.9004
52.1596    24.985199    0.9004
52.082798    25.094799    0.9004
52.076397    25.1068    0.9004
52.020397    25.213999    0.9004
52.0172    25.2244    0.9004
51.9852    25.3156    0.9004
51.983597    25.3252    0.9004
51.9684    25.414799    0.9004
51.9684    25.4236    0.9004
51.967598    25.5052    0.9004
51.9692    25.5148    0.9004
51.9828    25.6036    0.9004
51.986    25.613998    0.9004
52.0164    25.706    0.9004
52.022    25.7172    0.9004
52.0732    25.8188    0.9004
52.0836    25.833199    0.9004
52.174797    25.962    0.9004
52.1964    25.983599    0.9004
52.3892    26.182    0.9004
52.4372    26.217999    0.9004
52.871597    26.5404    0.9004
52.8988    26.5572    0.9004
53.1484    26.71    0.9004
53.2404    26.802    0.9004
54.070797    27.6332    0.9004
54.1452    27.7396    0.9004
54.8196    28.702799    0.9004
54.874798    28.820398    0.9004
55.3708    29.886    0.9004
55.4044    30.011599    0.9004
55.708397    31.147598    0.9004
55.719597    31.277199    0.9004
55.8228    32.447598    0.9004
55.8116    32.577198    0.9004
55.71    33.748398    0.9004
55.6764    33.874    0.9004
55.3732    35.009197    0.9004
55.317997    35.1268    0.9004
54.8228    36.1932    0.9004
54.748398    36.2996    0.9004
54.0756    37.2636    0.9004
53.983597    37.3556    0.9004
53.154    38.1884    0.9004
53.0476    38.2628    0.9004
52.086    38.9388    0.9004
51.9684    38.994    0.9004
50.9036    39.4932    0.9004
50.778    39.5268    0.9004
49.6436    39.834    0.9004
49.514    39.846    0.9004
48.343597    39.950798    0.9004
48.213997    39.939598    0.9004
47.042797    39.841198    0.9004
46.9172    39.8076    0.9004
45.7804    39.506798    0.9004
45.662    39.4524    0.9004
44.5956    38.9596    0.9004
44.3476    38.814    0.9004
42.1036    37.495598    0.9004
41.925198    37.3788    0.9004
40.3116    36.326797    0.9004
40.1652    36.214798    0.9004
38.843597    35.203598    0.9004
38.7124    35.0788    0.9004
37.523598    33.947598    0.9004
37.3988    33.8036    0.9004
36.2716    32.502    0.9004
36.2076    32.5428    0.9004
35.626    32.9092    0.9004
35.5876    32.9436    0.9004
35.2412    33.250797    0.9004
35.214    33.2844    0.9004
34.966    33.585197    0.9004
34.946    33.618797    0.9004
34.7684    33.9212    0.9004
34.758    33.945198    0.9004
34.666    34.166    0.9004
34.655598    34.2044    0.9004
34.562798    34.554    0.9004
34.5588    34.5956    0.9004
34.5212    34.974    0.9004
34.523598    35.0212    0.9004
34.545998    35.4516    0.9004
34.558    35.5116    0.9004
34.6676    36.0508    0.9004
34.73    36.1252    0.9004
35.294    36.798798    0.9004
35.3932    36.946    0.9004
36.2868    38.2804    0.9004
36.466    38.571598    0.9004
38.09    41.2068    0.9004
38.274    41.469997    0.9004
39.9388    43.852398    0.9004
40.029198    43.981197    0.9004
40.846    45.1492    0.9004
40.9124    45.2636    0.9004
41.5116    46.2948    0.9004
41.5212    46.315598    0.9004
41.610798    46.5044    0.9004
41.644398    46.5988    0.9004
41.9468    47.449997    0.9004
41.964397    47.548397    0.9004
42.1204    48.4372    0.9004
42.1212    48.537197    0.9004
42.1268    49.439598    0.9004
42.110798    49.538    0.9004
41.966    50.43    0.9004
41.934    50.5244    0.9004
41.6428    51.3788    0.9004
41.5956    51.466797    0.9004
41.166798    52.2612    0.9004
41.105198    52.3396    0.9004
40.5492    53.051598    0.9004
40.475597    53.118797    0.9004
39.8092    53.728397    0.9004
39.7252    53.7828    0.9004
38.967598    54.2724    0.9004
38.8756    54.3116    0.9004
38.045998    54.6684    0.9004
37.9492    54.691597    0.9004
37.071598    54.905197    0.9004
36.9716    54.9124    0.9004
36.071598    54.9772    0.9004
35.9724    54.967598    0.9004
35.073997    54.8812    0.9004
34.9772    54.8556    0.9004
34.105198    54.6204    0.9004
34.0148    54.5788    0.9004
33.194    54.202    0.9004
33.1116    54.146    0.9004
32.3652    53.638    0.9004
32.293198    53.5692    0.9004
31.641998    52.9436    0.9004
31.598799    52.9012    0.9004
31.2116    52.514    0.9004
31.1756    52.4796    0.9004
30.849998    52.1684    0.9004
30.838    52.1596    0.9004
30.7284    52.082798    0.9004
30.7164    52.076397    0.9004
30.6092    52.020397    0.9004
30.598799    52.0172    0.9004
30.507599    51.9852    0.9004
30.498    51.983597    0.9004
30.4084    51.9684    0.9004
30.3996    51.9684    0.9004
30.317999    51.967598    0.9004
30.3084    51.9692    0.9004
30.219599    51.9828    0.9004
30.2092    51.986    0.9004
30.117199    52.0164    0.9004
30.105999    52.022    0.9004
30.004398    52.0732    0.9004
29.99    52.0836    0.9004
29.861198    52.174797    0.9004
29.8396    52.1964    0.9004
29.6412    52.3892    0.9004
29.6052    52.4372    0.9004
29.282799    52.871597    0.9004
29.265999    52.8988    0.9004
29.113998    53.1484    0.9004
29.022    53.2404    0.9004
28.189999    54.070797    0.9004
28.0836    54.1452    0.9004
27.1204    54.8196    0.9004
27.0028    54.874798    0.9004
25.937199    55.3708    0.9004
25.8116    55.4044    0.9004
24.6764    55.708397    0.9004
24.546799    55.719597    0.9004
23.375599    55.8228    0.9004
23.246    55.8116    0.9004
22.074799    55.71    0.9004
21.9492    55.6764    0.9004
20.814    55.3732    0.9004
20.6964    55.317997    0.9004
19.63    54.8228    0.9004
19.5236    54.748398    0.9004
18.559599    54.0756    0.9004
18.4676    53.983597    0.9004
17.6356    53.154    0.9004
17.5604    53.0476    0.9004
16.8844    52.086    0.9004
16.829199    51.9684    0.9004
16.33    50.9036    0.9004
16.2964    50.778    0.9004
15.9892    49.6436    0.9004
15.9772    49.514    0.9004
15.872399    48.343597    0.9004
15.883599    48.213997    0.9004
15.981999    47.042797    0.9004
16.0156    46.9172    0.9004
16.3164    45.7804    0.9004
16.3708    45.662    0.9004
16.8636    44.5956    0.9004
17.0284    44.313198    0.9004
18.518    41.758    0.9004
18.6196    41.6036    0.9004
19.542    40.2084    0.9004
19.6444    40.0788    0.9004
20.569199    38.9076    0.9004
20.6868    38.7908    0.9004
21.746    37.731598    0.9004
21.9052    37.601997    0.9004
23.3436    36.4316    0.9004
23.518799    36.298798    0.9004
25.1036    35.1004    0.9004
25.1036    35.1004    0.9004
1348083461 0 0.9004
