20.6652    30.169199    11.4004
20.7052    30.1572    11.4004
20.7116    30.1556    11.4004
20.7708    30.137999    11.4004
20.799599    30.1316    11.4004
20.829199    30.125198    11.4004
20.8548    30.1204    11.4004
20.8732    30.1164    11.4004
20.8876    30.113998    11.4004
20.910799    30.109999    11.4004
20.973999    30.102    11.4004
20.9828    30.100399    11.4004
20.9924    30.0996    11.4004
21.0444    30.0964    11.4004
21.0844    30.098    11.4004
21.117199    30.098799    11.4004
21.2156    30.102    11.4004
21.218    30.102    11.4004
21.2188    30.102    11.4004
21.221199    30.102798    11.4004
21.2892    30.105999    11.4004
21.3116    30.111599    11.4004
21.3172    30.1124    11.4004
21.3228    30.1132    11.4004
21.3412    30.1188    11.4004
21.345999    30.122    11.4004
21.3692    30.137999    11.4004
21.3708    30.1404    11.4004
21.394    30.1684    11.4004
21.4284    30.225199    11.4004
21.4324    30.232399    11.4004
21.4436    30.2556    11.4004
21.4532    30.277199    11.4004
21.4732    30.327599    11.4004
21.490799    30.368399    11.4004
21.4924    30.3772    11.4004
21.500399    30.4012    11.4004
21.51    30.4196    11.4004
21.5164    30.4236    11.4004
21.531599    30.438799    11.4004
21.5332    30.4404    11.4004
21.5364    30.442    11.4004
21.5668    30.4532    11.4004
21.5724    30.4548    11.4004
21.6356    30.4812    11.4004
21.6412    30.4844    11.4004
21.65    30.4916    11.4004
21.6604    30.496399    11.4004
21.666    30.5036    11.4004
21.6812    30.524399    11.4004
21.6828    30.5268    11.4004
21.6828    30.528399    11.4004
21.6932    30.55    11.4004
21.6924    30.557999    11.4004
21.6924    30.5796    11.4004
21.685999    30.5908    11.4004
21.6772    30.6076    11.4004
21.654799    30.632399    11.4004
21.6532    30.6332    11.4004
21.6516    30.6356    11.4004
21.649199    30.637999    11.4004
21.574    30.699598    11.4004
21.570799    30.702    11.4004
21.5452    30.722    11.4004
21.531599    30.7316    11.4004
21.517199    30.7412    11.4004
21.5044    30.75    11.4004
21.494799    30.7556    11.4004
21.4772    30.764399    11.4004
21.4268    30.7836    11.4004
21.4228    30.784399    11.4004
21.414    30.786798    11.4004
21.3916    30.793999    11.4004
21.3676    30.801199    11.4004
21.329199    30.812399    11.4004
21.305199    30.8196    11.4004
21.289999    30.8228    11.4004
21.2596    30.83    11.4004
21.2428    30.833199    11.4004
21.2164    30.8364    11.4004
21.2108    30.8364    11.4004
21.161999    30.8412    11.4004
21.1316    30.842    11.4004
21.115599    30.8428    11.4004
21.0908    30.8436    11.4004
21.0588    30.8468    11.4004
21.042799    30.8524    11.4004
21.022    30.858    11.4004
21.0092    30.8636    11.4004
20.9492    30.8916    11.4004
20.8652    30.9324    11.4004
20.814    30.955599    11.4004
20.7836    30.9684    11.4004
20.7684    30.9756    11.4004
20.7356    30.989199    11.4004
20.7204    30.994799    11.4004
20.7132    30.9972    11.4004
20.666    31.0148    11.4004
20.6164    31.029999    11.4004
20.559599    31.048399    11.4004
20.4804    31.0716    11.4004
20.4756    31.074    11.4004
20.466    31.076399    11.4004
20.3956    31.0996    11.4004
20.31    31.126    11.4004
20.2556    31.1428    11.4004
20.225199    31.1516    11.4004
20.161999    31.169199    11.4004
20.111599    31.1836    11.4004
20.0084    31.210798    11.4004
19.9868    31.2164    11.4004
19.9756    31.2188    11.4004
19.942    31.226799    11.4004
19.847599    31.247599    11.4004
19.827599    31.2508    11.4004
19.8028    31.254    11.4004
19.7564    31.260399    11.4004
19.737999    31.2612    11.4004
19.7108    31.2652    11.4004
19.6892    31.2652    11.4004
19.6548    31.268398    11.4004
19.563599    31.2708    11.4004
19.5556    31.2708    11.4004
19.553999    31.2708    11.4004
19.5508    31.2708    11.4004
19.4924    31.2692    11.4004
19.446    31.264399    11.4004
19.4044    31.2636    11.4004
19.3836    31.2612    11.4004
19.357199    31.258799    11.4004
19.3092    31.25    11.4004
19.299599    31.2468    11.4004
19.278    31.2244    11.4004
19.2724    31.21    11.4004
19.271599    31.1964    11.4004
19.2732    31.188398    11.4004
19.2724    31.167599    11.4004
19.277199    31.161999    11.4004
19.282    31.1428    11.4004
19.289999    31.133999    11.4004
19.305199    31.1132    11.4004
19.3116    31.1076    11.4004
19.3284    31.087599    11.4004
19.3364    31.080399    11.4004
19.354    31.0612    11.4004
19.3716    31.042799    11.4004
19.3836    31.031599    11.4004
19.4188    30.994799    11.4004
19.4524    30.9628    11.4004
19.4676    30.949999    11.4004
19.5164    30.9012    11.4004
19.538    30.882    11.4004
19.5908    30.83    11.4004
19.598    30.8244    11.4004
19.6252    30.7988    11.4004
19.650799    30.7748    11.4004
19.706    30.7244    11.4004
19.7148    30.7164    11.4004
19.7292    30.705198    11.4004
19.7804    30.661999    11.4004
19.81    30.639599    11.4004
19.821999    30.6292    11.4004
19.8284    30.6244    11.4004
19.8788    30.5844    11.4004
19.9028    30.5684    11.4004
19.914799    30.559599    11.4004
19.9516    30.533998    11.4004
20.0092    30.4956    11.4004
20.0404    30.4748    11.4004
20.0828    30.446    11.4004
20.157999    30.396399    11.4004
20.1924    30.3748    11.4004
20.2204    30.3564    11.4004
20.253199    30.3372    11.4004
20.2708    30.327599    11.4004
20.3212    30.303598    11.4004
20.3412    30.293999    11.4004
20.3492    30.289999    11.4004
20.4076    30.2636    11.4004
20.490799    30.23    11.4004
20.505999    30.223598    11.4004
20.524399    30.2164    11.4004
20.562    30.2004    11.4004
20.5972    30.1892    11.4004
20.6412    30.1756    11.4004
20.650799    30.1724    11.4004
20.6548    30.171598    11.4004
20.6652    30.169199    11.4004
