17.482    28.513199    7.5004
17.3676    28.518    7.5004
17.351599    28.517199    7.5004
17.2852    28.507599    7.5004
17.213999    28.49    7.5004
17.1892    28.479599    7.5004
17.1884    28.4436    7.5004
17.198    28.424398    7.5004
17.2284    28.379599    7.5004
17.258    28.347599    7.5004
17.2796    28.33    7.5004
17.3724    28.2684    7.5004
17.3764    28.265999    7.5004
17.379599    28.264399    7.5004
17.3916    28.258799    7.5004
17.5252    28.2076    7.5004
17.598799    28.188398    7.5004
17.7004    28.1708    7.5004
17.73    28.1668    7.5004
17.765999    28.160398    7.5004
17.821999    28.1652    7.5004
17.882    28.178799    7.5004
17.8972    28.182798    7.5004
17.9156    28.21    7.5004
17.9236    28.2188    7.5004
17.9292    28.2332    7.5004
17.916399    28.274    7.5004
17.909199    28.289999    7.5004
17.9068    28.301199    7.5004
17.857199    28.361198    7.5004
17.81    28.394    7.5004
17.7812    28.409199    7.5004
17.7628    28.420399    7.5004
17.6404    28.470798    7.5004
17.6164    28.4804    7.5004
17.5196    28.5068    7.5004
17.5068    28.5108    7.5004
17.482    28.513199    7.5004
