22.2732    30.074799    13.2004
22.299599    30.046    13.2004
22.3228    30.022799    13.2004
22.3324    30.0124    13.2004
22.35    29.998    13.2004
22.3716    29.9788    13.2004
22.41    29.9508    13.2004
22.420399    29.942799    13.2004
22.4252    29.938799    13.2004
22.453999    29.918    13.2004
22.4636    29.9116    13.2004
22.49    29.8948    13.2004
22.526    29.875599    13.2004
22.5508    29.862799    13.2004
22.565199    29.855598    13.2004
22.621199    29.825998    13.2004
22.6524    29.8156    13.2004
22.657999    29.8132    13.2004
22.7076    29.7932    13.2004
22.717999    29.7892    13.2004
22.7628    29.7748    13.2004
22.777199    29.7708    13.2004
22.8308    29.758    13.2004
22.8324    29.757198    13.2004
22.8548    29.754    13.2004
22.862799    29.7524    13.2004
22.906    29.7468    13.2004
22.9172    29.745998    13.2004
22.9452    29.7428    13.2004
22.962    29.7428    13.2004
22.976398    29.743599    13.2004
22.994799    29.7508    13.2004
23.0028    29.7556    13.2004
23.01    29.7596    13.2004
23.0164    29.7636    13.2004
23.037199    29.7796    13.2004
23.069199    29.8044    13.2004
23.09    29.8196    13.2004
23.1052    29.83    13.2004
23.109999    29.834    13.2004
23.1244    29.847599    13.2004
23.139599    29.862    13.2004
23.163599    29.889198    13.2004
23.1652    29.890799    13.2004
23.1716    29.9028    13.2004
23.1772    29.914    13.2004
23.178    29.914799    13.2004
23.178    29.9156    13.2004
23.1764    29.9396    13.2004
23.173199    29.948399    13.2004
23.167599    29.972399    13.2004
23.1596    29.9956    13.2004
23.149199    30.0196    13.2004
23.1356    30.048399    13.2004
23.126799    30.069199    13.2004
23.122799    30.078798    13.2004
23.1188    30.085999    13.2004
23.1124    30.102    13.2004
23.1132    30.113998    13.2004
23.109999    30.1372    13.2004
23.1132    30.1516    13.2004
23.1196    30.173199    13.2004
23.126799    30.188398    13.2004
23.1308    30.206    13.2004
23.133999    30.2132    13.2004
23.1332    30.236399    13.2004
23.132399    30.243599    13.2004
23.1316    30.245998    13.2004
23.1204    30.274    13.2004
23.1124    30.288399    13.2004
23.0996    30.3132    13.2004
23.076399    30.3452    13.2004
23.0716    30.3524    13.2004
23.065199    30.3604    13.2004
23.048399    30.381199    13.2004
23.0308    30.397999    13.2004
23.022    30.407598    13.2004
23.0148    30.4124    13.2004
22.9956    30.4268    13.2004
22.989199    30.431599    13.2004
22.9868    30.434    13.2004
22.937199    30.4644    13.2004
22.9236    30.472399    13.2004
22.892399    30.4868    13.2004
22.8716    30.4924    13.2004
22.8524    30.500399    13.2004
22.8364    30.5036    13.2004
22.821999    30.507599    13.2004
22.774    30.513199    13.2004
22.7652    30.514    13.2004
22.758799    30.513199    13.2004
22.721199    30.5124    13.2004
22.713999    30.509998    13.2004
22.6884    30.5052    13.2004
22.674    30.4996    13.2004
22.663599    30.4956    13.2004
22.6516    30.4884    13.2004
22.6348    30.4756    13.2004
22.6292    30.472399    13.2004
22.6252    30.4692    13.2004
22.6124    30.4516    13.2004
22.6068    30.4396    13.2004
22.6052    30.438799    13.2004
22.574799    30.414    13.2004
22.57    30.4124    13.2004
22.5588    30.41    13.2004
22.518    30.4052    13.2004
22.5092    30.4028    13.2004
22.505999    30.4028    13.2004
22.500399    30.401999    13.2004
22.4916    30.4012    13.2004
22.41    30.390799    13.2004
22.3732    30.3828    13.2004
22.3636    30.381199    13.2004
22.3452    30.3748    13.2004
22.31    30.3636    13.2004
22.288399    30.3548    13.2004
22.2732    30.347599    13.2004
22.2508    30.3364    13.2004
22.23    30.323599    13.2004
22.2172    30.314798    13.2004
22.1964    30.297998    13.2004
22.1908    30.2948    13.2004
22.1836    30.2764    13.2004
22.182    30.2724    13.2004
22.1852    30.2556    13.2004
22.185999    30.249199    13.2004
22.1948    30.2156    13.2004
22.1964    30.21    13.2004
22.1988    30.206    13.2004
22.2108    30.1764    13.2004
22.2156    30.1684    13.2004
22.232399    30.1356    13.2004
22.2332    30.1348    13.2004
22.2332    30.133999    13.2004
22.246    30.1148    13.2004
22.2484    30.1108    13.2004
22.249199    30.109999    13.2004
22.2708    30.0772    13.2004
22.2732    30.074799    13.2004
