39.4124    31.2636    0.3004
41.652397    32.557198    0.3004
41.874798    31.942799    0.3004
42.391598    30.511599    0.3004
42.5356    29.8748    0.3004
42.871597    28.390799    0.3004
42.9356    27.740398    0.3004
43.085197    26.226    0.3004
43.068398    25.5732    0.3004
43.0284    24.052399    0.3004
42.93    23.4068    0.3004
42.702    21.901999    0.3004
42.5244    21.2732    0.3004
42.1116    19.8084    0.3004
41.8572    19.2068    0.3004
41.266    17.805199    0.3004
40.939598    17.2396    0.3004
40.1788    15.9212    0.3004
39.784397    15.400399    0.3004
38.865997    14.187599    0.3004
38.41    13.7196    0.3004
37.3484    12.63    0.3004
36.837997    12.222    0.3004
35.6492    11.2724    0.3004
35.0924    10.9307995    0.3004
33.7956    10.1356    0.3004
33.200397    9.866    0.3004
31.814    9.238    0.3004
31.189999    9.0444    0.3004
29.7372    8.5932    0.3004
29.094    8.478    0.3004
27.5964    8.2108    0.3004
27.5964    14.234799    0.3004
27.5964    16.8212    0.3004
28.5836    17.1332    0.3004
29.007599    17.2676    0.3004
29.929998    17.737999    0.3004
30.325998    17.9396    0.3004
31.1596    18.553999    0.3004
31.517199    18.817999    0.3004
32.238    19.5604    0.3004
32.5476    19.879599    0.3004
33.1372    20.730799    0.3004
33.3908    21.0964    0.3004
33.8332    22.0324    0.3004
34.0228    22.4348    0.3004
34.3052    23.4308    0.3004
34.4268    23.858    0.3004
34.5428    24.886799    0.3004
34.5924    25.3284    0.3004
34.538    26.362799    0.3004
34.5148    26.806799    0.3004
34.2916    27.8172    0.3004
34.1956    28.251598    0.3004
39.4124    31.2636    0.3004
