23.5964    10.7972    0.3004
23.5964    8.2108    0.3004
22.9532    8.326    0.3004
21.455599    8.5932    0.3004
20.8316    8.786799    0.3004
19.378    9.238    0.3004
18.782799    9.5076    0.3004
17.3972    10.1356    0.3004
16.840399    10.4772    0.3004
15.5428    11.2724    0.3004
15.032399    11.6804    0.3004
13.844399    12.63    0.3004
13.3884    13.098    0.3004
12.326799    14.187599    0.3004
11.9324    14.7084    0.3004
11.014    15.9212    0.3004
10.6876    16.4868    0.3004
9.9268    17.805199    0.3004
9.6723995    18.4068    0.3004
9.0812    19.8084    0.3004
8.9036    20.437199    0.3004
8.4908    21.901999    0.3004
8.3924    22.5476    0.3004
8.1644    24.052399    0.3004
8.1476    24.7052    0.3004
8.1076    26.226    0.3004
8.171599    26.8764    0.3004
8.321199    28.390799    0.3004
8.465199    29.0276    0.3004
8.8012    30.511599    0.3004
9.0236    31.126    0.3004
9.5404    32.557198    0.3004
14.757199    29.545198    0.3004
16.9972    28.251598    0.3004
16.774    27.2412    0.3004
16.678    26.806799    0.3004
16.6236    25.7724    0.3004
16.600399    25.3284    0.3004
16.7164    24.299599    0.3004
16.765999    23.858    0.3004
17.048399    22.862    0.3004
17.17    22.4348    0.3004
17.6124    21.4988    0.3004
17.802    21.0964    0.3004
18.3916    20.2452    0.3004
18.645199    19.879599    0.3004
19.366    19.1372    0.3004
19.6756    18.817999    0.3004
20.5092    18.2036    0.3004
20.8668    17.9396    0.3004
21.7892    17.4692    0.3004
22.1852    17.2676    0.3004
23.1724    16.955599    0.3004
23.5964    16.8212    0.3004
23.5964    10.7972    0.3004
