21.5964    45.192398    0.3004
20.7732    44.997997    0.3004
20.4196    44.9148    0.3004
19.609999    44.6716    0.3004
19.2628    44.5668    0.3004
15.6491995    47.3276    0.3004
14.097199    48.5132    0.3004
12.2796    47.4636    0.3004
11.499599    47.0132    0.3004
12.0836    42.503597    0.3004
12.334    40.5668    0.3004
11.717999    39.9876    0.3004
11.4539995    39.7388    0.3004
10.8748    39.1228    0.3004
10.625999    38.857998    0.3004
6.1164    39.441998    0.3004
4.1796    39.6932    0.3004
3.1299999    37.8756    0.3004
2.6796    37.0956    0.3004
5.4403996    33.482    0.3004
6.626    31.929998    0.3004
6.3827996    31.1204    0.3004
6.278    30.7724    0.3004
6.0836    29.949999    0.3004
6.0004    29.5964    0.3004
1.8027999    27.847599    0.3004
0.0004    27.0964    0.3004
0.0004    24.9972    0.3004
0.0004    24.0964    0.3004
4.198    22.347599    0.3004
6.0004    21.5964    0.3004
6.1948    20.7732    0.3004
6.278    20.4196    0.3004
6.5211997    19.609999    0.3004
6.626    19.2628    0.3004
3.8651998    15.6491995    0.3004
2.6796    14.097199    0.3004
3.7292    12.2796    0.3004
4.1796    11.499599    0.3004
8.689199    12.0836    0.3004
10.625999    12.334    0.3004
11.205199    11.717999    0.3004
11.4539995    11.4539995    0.3004
12.07    10.8748    0.3004
12.334    10.625999    0.3004
11.75    6.1164    0.3004
11.499599    4.1796    0.3004
13.3172    3.1299999    0.3004
14.097199    2.6796    0.3004
17.7108    5.4403996    0.3004
19.2628    6.626    0.3004
20.0724    6.3827996    0.3004
20.4196    6.278    0.3004
21.2428    6.0836    0.3004
21.5964    6.0004    0.3004
23.3452    1.8027999    0.3004
24.0964    0.0004    0.3004
26.195599    0.0004    0.3004
27.0964    0.0004    0.3004
28.8452    4.198    0.3004
29.5964    6.0004    0.3004
30.418798    6.1948    0.3004
30.7724    6.278    0.3004
31.581999    6.5211997    0.3004
31.929998    6.626    0.3004
35.5436    3.8651998    0.3004
37.0956    2.6796    0.3004
38.9132    3.7292    0.3004
39.6932    4.1796    0.3004
39.1092    8.689199    0.3004
38.857998    10.625999    0.3004
39.474    11.205199    0.3004
39.7388    11.4539995    0.3004
40.318    12.07    0.3004
40.5668    12.334    0.3004
45.0764    11.75    0.3004
47.0132    11.499599    0.3004
48.062798    13.3172    0.3004
48.5132    14.097199    0.3004
45.7524    17.7108    0.3004
44.5668    19.2628    0.3004
44.809998    20.0724    0.3004
44.9148    20.4196    0.3004
45.1092    21.2428    0.3004
45.192398    21.5964    0.3004
49.39    23.3452    0.3004
51.192398    24.0964    0.3004
51.192398    26.195599    0.3004
51.192398    27.0964    0.3004
46.9948    28.8452    0.3004
45.192398    29.5964    0.3004
44.997997    30.418798    0.3004
44.9148    30.7724    0.3004
44.6716    31.581999    0.3004
44.5668    31.929998    0.3004
47.3276    35.5436    0.3004
48.5132    37.0956    0.3004
47.4636    38.9132    0.3004
47.0132    39.6932    0.3004
42.503597    39.1092    0.3004
40.5668    38.857998    0.3004
39.9876    39.474    0.3004
39.7388    39.7388    0.3004
39.1228    40.318    0.3004
38.857998    40.5668    0.3004
39.441998    45.0764    0.3004
39.6932    47.0132    0.3004
37.8756    48.062798    0.3004
37.0956    48.5132    0.3004
33.482    45.7524    0.3004
31.929998    44.5668    0.3004
31.1204    44.809998    0.3004
30.7724    44.9148    0.3004
29.949999    45.1092    0.3004
29.5964    45.192398    0.3004
27.847599    49.39    0.3004
27.0964    51.192398    0.3004
24.9972    51.192398    0.3004
24.0964    51.192398    0.3004
22.347599    46.9948    0.3004
21.5964    45.192398    0.3004
