16.83    12.3076    3.6004
16.8412    12.3348    3.6004
16.8508    12.3636    3.6004
16.8668    12.407599    3.6004
16.882    12.452399    3.6004
16.89    12.478    3.6004
16.9076    12.539599    3.6004
16.9132    12.5604    3.6004
16.9196    12.585199    3.6004
16.938    12.6636    3.6004
16.938799    12.6684    3.6004
16.9396    12.670799    3.6004
16.9428    12.6876    3.6004
16.961199    12.7716    3.6004
16.962    12.778    3.6004
16.9788    12.8636    3.6004
16.9812    12.877999    3.6004
16.985199    12.901999    3.6004
16.9996    12.99    3.6004
17.001999    13.006    3.6004
17.0084    13.0588    3.6004
17.0116    13.0812    3.6004
17.0172    13.1332    3.6004
17.018799    13.1556    3.6004
17.0252    13.223599    3.6004
17.026    13.238    3.6004
17.0284    13.3228    3.6004
17.0284    13.326799    3.6004
17.0268    13.400399    3.6004
17.0268    13.401199    3.6004
17.0236    13.4556    3.6004
17.0212    13.4844    3.6004
17.018799    13.5076    3.6004
17.014    13.545199    3.6004
17.0084    13.584399    3.6004
17.001999    13.618799    3.6004
16.9972    13.641999    3.6004
16.985199    13.6956    3.6004
16.977999    13.722799    3.6004
16.9636    13.7716    3.6004
16.9572    13.7956    3.6004
16.9468    13.8244    3.6004
16.9292    13.8692    3.6004
16.9012    13.9324    3.6004
16.8996    13.936399    3.6004
16.897999    13.9396    3.6004
16.866    13.9972    3.6004
16.858    14.010799    3.6004
16.8388    14.044399    3.6004
16.829199    14.058    3.6004
16.8004    14.098    3.6004
16.7852    14.1172    3.6004
16.7652    14.1412    3.6004
16.7284    14.1804    3.6004
16.726799    14.182799    3.6004
16.725199    14.183599    3.6004
16.678    14.222799    3.6004
16.6604    14.2355995    3.6004
16.6356    14.252399    3.6004
16.622    14.2596    3.6004
16.5828    14.279599    3.6004
16.5748    14.2836    3.6004
16.5668    14.286799    3.6004
16.542    14.2964    3.6004
16.4988    14.3124    3.6004
16.489199    14.315599    3.6004
16.4652    14.321199    3.6004
16.4396    14.325999    3.6004
16.414799    14.33    3.6004
16.402    14.331599    3.6004
16.3692    14.3348    3.6004
16.354    14.3348    3.6004
16.3268    14.334    3.6004
16.2924    14.332399    3.6004
16.2652    14.3308    3.6004
16.230799    14.326799    3.6004
16.2036    14.3228    3.6004
16.173199    14.3164    3.6004
16.1476    14.3108    3.6004
16.126    14.3043995    3.6004
16.0836    14.292399    3.6004
16.0684    14.2884    3.6004
16.0332    14.2764    3.6004
16.013199    14.268399    3.6004
15.975599    14.252399    3.6004
15.9444    14.239599    3.6004
15.924399    14.23    3.6004
15.8963995    14.2148    3.6004
15.8675995    14.199599    3.6004
15.8404    14.183599    3.6004
15.8116    14.1668    3.6004
15.7764    14.146    3.6004
15.7556    14.131599    3.6004
15.7148    14.102799    3.6004
15.660399    14.062799    3.6004
15.659599    14.061999    3.6004
15.6092    14.0204    3.6004
15.606    14.018    3.6004
15.591599    14.004399    3.6004
15.57    13.9836    3.6004
15.5252    13.938    3.6004
15.5204    13.934    3.6004
15.4852    13.8932    3.6004
15.4804    13.8868    3.6004
15.466    13.8692    3.6004
15.453199    13.8524    3.6004
15.45    13.8476    3.6004
15.417199    13.8004    3.6004
15.4148    13.797199    3.6004
15.4084    13.785999    3.6004
15.3884    13.7548    3.6004
15.386    13.75    3.6004
15.361199    13.7044    3.6004
15.3468    13.676399    3.6004
15.322    13.6292    3.6004
15.297999    13.5812    3.6004
15.281199    13.5476    3.6004
15.256399    13.4892    3.6004
15.2476    13.4684    3.6004
15.2148    13.389999    3.6004
15.2123995    13.383599    3.6004
15.198    13.3484    3.6004
15.1868    13.3164    3.6004
15.1732    13.278    3.6004
15.153999    13.223599    3.6004
15.141999    13.188399    3.6004
15.1396    13.182799    3.6004
15.134    13.1636    3.6004
15.11    13.089999    3.6004
15.1044    13.0724    3.6004
15.0836    12.998    3.6004
15.0636    12.918799    3.6004
15.0588    12.900399    3.6004
15.0588    12.898    3.6004
15.042    12.8308    3.6004
15.037999    12.814799    3.6004
15.026799    12.7508    3.6004
15.026799    12.7476    3.6004
15.026    12.745199    3.6004
15.0132    12.6812    3.6004
15.0076    12.6396    3.6004
15.005199    12.6228    3.6004
15.0012    12.59    3.6004
15.0004    12.5692    3.6004
14.997999    12.5316    3.6004
14.9956    12.493199    3.6004
14.9948    12.462    3.6004
14.9939995    12.435599    3.6004
14.9939995    12.3988    3.6004
14.9956    12.3708    3.6004
14.9972    12.3244    3.6004
14.999599    12.2876    3.6004
15.002    12.2476    3.6004
15.0076    12.205999    3.6004
15.0116    12.177199    3.6004
15.015599    12.1435995    3.6004
15.0204    12.11    3.6004
15.0227995    12.096399    3.6004
15.026    12.0812    3.6004
15.0364    12.0356    3.6004
15.039599    12.018    3.6004
15.049999    11.9724    3.6004
15.0548    11.9564    3.6004
15.0644    11.922    3.6004
15.073199    11.894799    3.6004
15.0836    11.866    3.6004
15.101199    11.8132    3.6004
15.1147995    11.778    3.6004
15.1164    11.774799    3.6004
15.1172    11.7732    3.6004
15.1292    11.7492    3.6004
15.142799    11.7196    3.6004
15.1452    11.7148    3.6004
15.1723995    11.665999    3.6004
15.1804    11.6524    3.6004
15.1804    11.6516    3.6004
15.1812    11.6508    3.6004
15.2067995    11.6068    3.6004
15.210799    11.601999    3.6004
15.238    11.561999    3.6004
15.266    11.521999    3.6004
15.2668    11.5212    3.6004
15.268399    11.5196    3.6004
15.3012    11.4844    3.6004
15.309199    11.475599    3.6004
15.331599    11.4492    3.6004
15.338799    11.4428    3.6004
15.3532    11.4292    3.6004
15.374    11.4108    3.6004
15.3804    11.406    3.6004
15.418799    11.3764    3.6004
15.434799    11.3644    3.6004
15.4484    11.354799    3.6004
15.476399    11.3364    3.6004
15.4852    11.3316    3.6004
15.506    11.3172    3.6004
15.526799    11.3028    3.6004
15.532399    11.2948    3.6004
15.5348    11.2876    3.6004
15.5436    11.2699995    3.6004
15.544399    11.2652    3.6004
15.5484    11.245999    3.6004
15.550799    11.2372    3.6004
15.5515995    11.217199    3.6004
15.556399    11.1732    3.6004
15.561199    11.102799    3.6004
15.5636    11.0668    3.6004
15.566799    11.0428    3.6004
15.5708    11.015599    3.6004
15.5708    11.0132    3.6004
15.573199    10.9924    3.6004
15.578    10.9828    3.6004
15.585199    10.9628    3.6004
15.5932    10.946799    3.6004
15.5948    10.9436    3.6004
15.5988    10.938    3.6004
15.618799    10.906799    3.6004
15.6212    10.9036    3.6004
15.6468    10.8708    3.6004
15.658799    10.858    3.6004
15.6748    10.8412    3.6004
15.6956    10.822    3.6004
15.700399    10.8188    3.6004
15.7044    10.8164    3.6004
15.728399    10.806    3.6004
15.7476    10.806    3.6004
15.752399    10.806    3.6004
15.7644    10.8108    3.6004
15.7755995    10.8132    3.6004
15.791599    10.820399    3.6004
15.802799    10.8244    3.6004
15.8228    10.834    3.6004
15.8516    10.8484    3.6004
15.8748    10.8604    3.6004
15.888399    10.8684    3.6004
15.8972    10.8748    3.6004
15.8988    10.8764    3.6004
15.914    10.8852    3.6004
15.941199    10.9052    3.6004
15.946799    10.91    3.6004
15.9595995    10.922    3.6004
15.9716    10.9332    3.6004
15.9772    10.9436    3.6004
15.9964    10.9724    3.6004
16.0084    10.9908    3.6004
16.0268    11.0236    3.6004
16.0396    11.0468    3.6004
16.0556    11.078799    3.6004
16.062    11.0884    3.6004
16.074    11.1124    3.6004
16.1012    11.1668    3.6004
16.1068    11.177199    3.6004
16.122799    11.214    3.6004
16.1332    11.2372    3.6004
16.146    11.269199    3.6004
16.146    11.2708    3.6004
16.1516    11.286799    3.6004
16.1572    11.3028    3.6004
16.1604    11.309999    3.6004
16.1684    11.3228    3.6004
16.169199    11.325999    3.6004
16.184399    11.3428    3.6004
16.1908    11.354    3.6004
16.202    11.3636    3.6004
16.2204    11.3764    3.6004
16.2444    11.3907995    3.6004
16.2628    11.4028    3.6004
16.282799    11.4172    3.6004
16.31    11.4396    3.6004
16.3244    11.452399    3.6004
16.3484    11.4732    3.6004
16.3676    11.4916    3.6004
16.3916    11.515599    3.6004
16.4028    11.5268    3.6004
16.4076    11.5324    3.6004
16.4364    11.5644    3.6004
16.472399    11.608399    3.6004
16.4932    11.638    3.6004
16.5028    11.6508    3.6004
16.524399    11.682799    3.6004
16.557999    11.7364    3.6004
16.5644    11.745999    3.6004
16.576399    11.7676    3.6004
16.6052    11.8196    3.6004
16.6276    11.8636    3.6004
16.6388    11.886    3.6004
16.6644    11.9388    3.6004
16.6716    11.9516    3.6004
16.6756    11.9612    3.6004
16.7156    12.0468    3.6004
16.737999    12.096399    3.6004
16.7484    12.1188    3.6004
16.777199    12.182    3.6004
16.789999    12.211599    3.6004
16.806799    12.2508    3.6004
16.83    12.3076    3.6004
