18.1196    27.3188    19.2004
18.126799    27.3916    19.2004
18.126799    27.3972    19.2004
18.1276    27.4012    19.2004
18.1276    27.4068    19.2004
18.132399    27.4628    19.2004
18.1316    27.466    19.2004
18.1316    27.4756    19.2004
18.132399    27.542799    19.2004
18.1332    27.5492    19.2004
18.1332    27.552399    19.2004
18.1332    27.5572    19.2004
18.1308    27.6068    19.2004
18.1316    27.613998    19.2004
18.132399    27.619598    19.2004
18.128399    27.6468    19.2004
18.13    27.6516    19.2004
18.1316    27.6764    19.2004
18.1316    27.680399    19.2004
18.1252    27.7044    19.2004
18.126    27.706799    19.2004
18.1276    27.740398    19.2004
18.1308    27.740398    19.2004
18.13    27.7428    19.2004
18.1276    27.7452    19.2004
18.128399    27.7652    19.2004
18.128399    27.765999    19.2004
18.13    27.786798    19.2004
18.1292    27.788399    19.2004
18.126    27.7932    19.2004
18.122799    27.814    19.2004
18.1196    27.823599    19.2004
18.1292    27.8212    19.2004
18.1436    27.8028    19.2004
18.145199    27.7892    19.2004
18.1596    27.7796    19.2004
18.1684    27.760399    19.2004
18.185999    27.7452    19.2004
18.1932    27.734798    19.2004
18.206    27.7156    19.2004
18.2156    27.6964    19.2004
18.23    27.677198    19.2004
18.2404    27.660398    19.2004
18.2652    27.642    19.2004
18.2684    27.639599    19.2004
18.2852    27.6516    19.2004
18.288399    27.6524    19.2004
18.288399    27.6556    19.2004
18.2964    27.701199    19.2004
18.2964    27.7204    19.2004
18.2964    27.7412    19.2004
18.298    27.774    19.2004
18.2948    27.823599    19.2004
18.2932    27.838799    19.2004
18.2908    27.875599    19.2004
18.2876    27.906    19.2004
18.2868    27.9116    19.2004
18.286    27.9228    19.2004
18.278    27.9684    19.2004
18.2756    27.985199    19.2004
18.2644    28.029999    19.2004
18.253199    28.0756    19.2004
18.2396    28.1244    19.2004
18.2332    28.1468    19.2004
18.213999    28.206    19.2004
18.2124    28.2108    19.2004
18.185999    28.2724    19.2004
18.1812    28.2836    19.2004
18.1556    28.334799    19.2004
18.1532    28.3396    19.2004
18.1484    28.347599    19.2004
18.115599    28.3988    19.2004
18.1036    28.414799    19.2004
18.0788    28.446    19.2004
18.0628    28.4636    19.2004
18.046    28.481998    19.2004
18.0228    28.5052    19.2004
17.983599    28.535599    19.2004
17.97    28.546    19.2004
17.9652    28.5492    19.2004
17.910799    28.5828    19.2004
17.910799    28.5836    19.2004
17.91    28.5836    19.2004
17.858799    28.602    19.2004
17.816399    28.6132    19.2004
17.799599    28.617199    19.2004
17.7964    28.617199    19.2004
17.7916    28.618    19.2004
17.7428    28.6236    19.2004
17.732399    28.625198    19.2004
17.7316    28.625198    19.2004
17.73    28.6244    19.2004
17.6812    28.611599    19.2004
17.6444    28.600399    19.2004
17.6356    28.598    19.2004
17.632399    28.5956    19.2004
17.6244    28.5828    19.2004
17.621199    28.566    19.2004
17.6188    28.5476    19.2004
17.6244    28.511599    19.2004
17.6276    28.498798    19.2004
17.628399    28.494799    19.2004
17.6476    28.441198    19.2004
17.6492    28.435598    19.2004
17.65    28.434    19.2004
17.6524    28.4292    19.2004
17.663599    28.4028    19.2004
17.6652    28.3996    19.2004
17.6684    28.3916    19.2004
17.6772    28.3732    19.2004
17.6716    28.357199    19.2004
17.6428    28.362799    19.2004
17.6252    28.358    19.2004
17.6164    28.3548    19.2004
17.604399    28.3524    19.2004
17.5892    28.354    19.2004
17.5644    28.353199    19.2004
17.5396    28.351599    19.2004
17.5228    28.349998    19.2004
17.513199    28.347599    19.2004
17.482    28.342    19.2004
17.43    28.3284    19.2004
17.4196    28.326    19.2004
17.4124    28.323599    19.2004
17.4068    28.3212    19.2004
17.347599    28.297998    19.2004
17.3204    28.2852    19.2004
17.2588    28.2508    19.2004
17.254799    28.2484    19.2004
17.249199    28.2452    19.2004
17.2108    28.2204    19.2004
17.1924    28.206    19.2004
17.17    28.1876    19.2004
17.145199    28.167599    19.2004
17.1276    28.1532    19.2004
17.093199    28.121199    19.2004
17.081999    28.109999    19.2004
17.0668    28.094    19.2004
17.0436    28.0684    19.2004
17.007599    28.0204    19.2004
16.9956    28.004398    19.2004
16.9868    27.9924    19.2004
16.982    27.985199    19.2004
16.961199    27.9492    19.2004
16.9564    27.9404    19.2004
16.942    27.918798    19.2004
16.925999    27.8932    19.2004
16.9076    27.8716    19.2004
16.9044    27.866    19.2004
16.8852    27.8508    19.2004
16.878    27.838    19.2004
16.853199    27.8244    19.2004
16.8436    27.812399    19.2004
16.8324    27.8196    19.2004
16.8252    27.8084    19.2004
16.8148    27.8004    19.2004
16.7948    27.7932    19.2004
16.782    27.7964    19.2004
16.7668    27.81    19.2004
16.7668    27.814798    19.2004
16.7524    27.840399    19.2004
16.73    27.8996    19.2004
16.718    27.9268    19.2004
16.7036    27.9572    19.2004
16.678799    28.031599    19.2004
16.6588    28.0788    19.2004
16.6412    28.1068    19.2004
16.6108    28.1524    19.2004
16.598    28.17    19.2004
16.5684    28.1948    19.2004
16.5564    28.202    19.2004
16.546    28.208399    19.2004
16.506    28.223598    19.2004
16.49    28.226    19.2004
16.4524    28.226799    19.2004
16.438    28.226    19.2004
16.431599    28.223598    19.2004
16.3884    28.2052    19.2004
16.338    28.1556    19.2004
16.3364    28.154    19.2004
16.33    28.143599    19.2004
16.2948    28.091599    19.2004
16.293999    28.0884    19.2004
16.2916    28.0836    19.2004
16.2668    28.0156    19.2004
16.254    27.9684    19.2004
16.2516    27.9604    19.2004
16.25    27.946    19.2004
16.2356    27.854    19.2004
16.2276    27.784399    19.2004
16.2236    27.745998    19.2004
16.2236    27.7284    19.2004
16.2204    27.6444    19.2004
16.218    27.533998    19.2004
16.218    27.528399    19.2004
16.218    27.522    19.2004
16.2188    27.4116    19.2004
16.219599    27.378    19.2004
16.2236    27.2988    19.2004
16.226799    27.1964    19.2004
16.234    27.149199    19.2004
16.236399    27.1164    19.2004
16.2444    27.0404    19.2004
16.2508    26.9884    19.2004
16.2572    26.944399    19.2004
16.2612    26.9044    19.2004
16.2628    26.892399    19.2004
16.2692    26.842    19.2004
16.27    26.806799    19.2004
16.2748    26.7668    19.2004
16.2732    26.7428    19.2004
16.274    26.7116    19.2004
16.2732    26.6924    19.2004
16.2732    26.6684    19.2004
16.2708    26.6148    19.2004
16.27    26.6068    19.2004
16.2692    26.5996    19.2004
16.2692    26.5964    19.2004
16.2636    26.5276    19.2004
16.2636    26.524399    19.2004
16.262    26.490799    19.2004
16.2628    26.4524    19.2004
16.2636    26.4412    19.2004
16.2684    26.3996    19.2004
16.2732    26.3716    19.2004
16.274    26.366    19.2004
16.2788    26.3468    19.2004
16.288399    26.306    19.2004
16.298    26.275599    19.2004
16.310799    26.2444    19.2004
16.3196    26.2228    19.2004
16.3332    26.1924    19.2004
16.345999    26.165998    19.2004
16.3604    26.143599    19.2004
16.3828    26.109999    19.2004
16.3972    26.09    19.2004
16.416399    26.0628    19.2004
16.4252    26.0516    19.2004
16.427599    26.0492    19.2004
16.43    26.046    19.2004
16.4348    26.041199    19.2004
16.472399    26.005999    19.2004
16.4996    25.9804    19.2004
16.506    25.9748    19.2004
16.5196    25.9636    19.2004
16.535599    25.9524    19.2004
16.542799    25.9468    19.2004
16.5756    25.925999    19.2004
16.5908    25.914    19.2004
16.621199    25.892399    19.2004
16.6316    25.885199    19.2004
16.65    25.8732    19.2004
16.6964    25.8428    19.2004
16.749199    25.814    19.2004
16.7508    25.8132    19.2004
16.753199    25.8116    19.2004
16.7876    25.795599    19.2004
16.829199    25.784399    19.2004
16.8468    25.7796    19.2004
16.866    25.7764    19.2004
16.8996    25.771599    19.2004
16.9188    25.7708    19.2004
16.9636    25.769999    19.2004
16.979599    25.7708    19.2004
17.0268    25.7764    19.2004
17.0364    25.778    19.2004
17.042799    25.7796    19.2004
17.0892    25.793999    19.2004
17.1188    25.806    19.2004
17.1356    25.812399    19.2004
17.1532    25.8212    19.2004
17.182    25.8364    19.2004
17.1956    25.8452    19.2004
17.226799    25.8676    19.2004
17.2332    25.8724    19.2004
17.2876    25.913198    19.2004
17.301199    25.9252    19.2004
17.454    26.0604    19.2004
17.4764    26.0788    19.2004
17.5092    26.1092    19.2004
17.5348    26.1332    19.2004
17.5796    26.1852    19.2004
17.5828    26.1884    19.2004
17.6108    26.226799    19.2004
17.6756    26.326    19.2004
17.6764    26.3268    19.2004
17.6772    26.327599    19.2004
17.7292    26.3948    19.2004
17.7852    26.4644    19.2004
17.806    26.49    19.2004
17.816399    26.5028    19.2004
17.8612    26.5604    19.2004
17.89    26.6036    19.2004
17.9076    26.6316    19.2004
17.925999    26.660398    19.2004
17.9436    26.6892    19.2004
17.954    26.7076    19.2004
17.966    26.73    19.2004
17.9732    26.7452    19.2004
17.994    26.789999    19.2004
17.9996    26.802    19.2004
18.000399    26.803598    19.2004
18.022    26.8652    19.2004
18.0308    26.890799    19.2004
18.042    26.921999    19.2004
18.0516    26.961199    19.2004
18.057999    26.985199    19.2004
18.0668    27.0212    19.2004
18.070799    27.041199    19.2004
18.0852    27.105999    19.2004
18.086    27.108398    19.2004
18.105999    27.219599    19.2004
18.1092    27.2396    19.2004
18.1188    27.3148    19.2004
18.1196    27.3188    19.2004
