39.0004    16.0004    0.9004
39.0004    19.001999    0.9004
39.0004    26.000399    0.9004
38.992397    26.109999    0.9004
38.9884    26.1572    0.9004
38.9628    26.2636    0.9004
38.9516    26.3092    0.9004
38.91    26.410799    0.9004
38.891598    26.453999    0.9004
38.834    26.548399    0.9004
38.8092    26.5884    0.9004
38.738    26.671598    0.9004
38.7076    26.7076    0.9004
38.624397    26.7788    0.9004
38.588398    26.809198    0.9004
38.494    26.866798    0.9004
38.454    26.8916    0.9004
38.352398    26.933199    0.9004
38.3092    26.9516    0.9004
38.2028    26.9772    0.9004
38.1572    26.9884    0.9004
38.0476    26.9972    0.9004
38.0004    27.000399    0.9004
37.700397    27.000399    0.9004
37.0004    27.000399    0.9004
36.8908    26.9924    0.9004
36.843597    26.9884    0.9004
36.737198    26.9628    0.9004
36.6916    26.9516    0.9004
36.59    26.91    0.9004
36.5468    26.8916    0.9004
36.4524    26.834    0.9004
36.4124    26.809198    0.9004
36.3292    26.737999    0.9004
36.293198    26.7076    0.9004
36.222    26.6244    0.9004
36.1916    26.5884    0.9004
36.134    26.494    0.9004
36.1092    26.453999    0.9004
36.0676    26.3524    0.9004
36.0492    26.3092    0.9004
36.023598    26.202799    0.9004
36.012398    26.1572    0.9004
36.0044    26.0476    0.9004
36.0004    26.000399    0.9004
36.0004    22.9988    0.9004
36.0004    16.0004    0.9004
36.0084    15.8907995    0.9004
36.012398    15.843599    0.9004
36.038    15.7372    0.9004
36.0492    15.6916    0.9004
36.090797    15.589999    0.9004
36.1092    15.5468    0.9004
36.166798    15.452399    0.9004
36.1916    15.412399    0.9004
36.2628    15.3292    0.9004
36.293198    15.2932    0.9004
36.3764    15.221999    0.9004
36.4124    15.1916    0.9004
36.506798    15.134    0.9004
36.5468    15.1092    0.9004
36.6484    15.067599    0.9004
36.6916    15.0492    0.9004
36.798    15.0236    0.9004
36.843597    15.0124    0.9004
36.953197    15.004399    0.9004
37.0004    15.0004    0.9004
37.3004    15.0004    0.9004
38.0004    15.0004    0.9004
38.11    15.0084    0.9004
38.1572    15.0124    0.9004
38.2636    15.037999    0.9004
38.3092    15.0492    0.9004
38.4108    15.090799    0.9004
38.454    15.1092    0.9004
38.5484    15.1668    0.9004
38.588398    15.1916    0.9004
38.6716    15.262799    0.9004
38.7076    15.2932    0.9004
38.778797    15.3764    0.9004
38.8092    15.412399    0.9004
38.8668    15.5068    0.9004
38.891598    15.5468    0.9004
38.9332    15.648399    0.9004
38.9516    15.6916    0.9004
38.9772    15.797999    0.9004
38.9884    15.843599    0.9004
38.9972    15.953199    0.9004
39.0004    16.0004    0.9004
