13.0476    26.9972    0.9004
13.1572    26.9884    0.9004
13.2028    26.9772    0.9004
13.309199    26.9516    0.9004
13.3524    26.933199    0.9004
13.4539995    26.8916    0.9004
13.4939995    26.866798    0.9004
13.5884    26.809198    0.9004
13.624399    26.7788    0.9004
13.7076    26.7076    0.9004
13.738    26.671598    0.9004
13.809199    26.5884    0.9004
13.834    26.548399    0.9004
13.8916    26.453999    0.9004
13.91    26.410799    0.9004
13.9516    26.3092    0.9004
13.9628    26.2636    0.9004
13.9883995    26.1572    0.9004
13.992399    26.109999    0.9004
14.0004    26.000399    0.9004
14.0004    19.001999    0.9004
14.0004    16.0004    0.9004
13.9964    15.953199    0.9004
13.9883995    15.843599    0.9004
13.9772    15.797999    0.9004
13.9516    15.6916    0.9004
13.9332    15.648399    0.9004
13.8916    15.5468    0.9004
13.866799    15.5068    0.9004
13.809199    15.412399    0.9004
13.7788    15.3764    0.9004
13.7076    15.2932    0.9004
13.671599    15.262799    0.9004
13.5884    15.1916    0.9004
13.5484    15.1668    0.9004
13.4539995    15.1092    0.9004
13.4108    15.090799    0.9004
13.309199    15.0492    0.9004
13.263599    15.037999    0.9004
13.1572    15.0124    0.9004
13.11    15.0084    0.9004
13.0004    15.0004    0.9004
12.3004    15.0004    0.9004
12.0004    15.0004    0.9004
11.953199    15.004399    0.9004
11.843599    15.0124    0.9004
11.797999    15.0236    0.9004
11.6916    15.0492    0.9004
11.648399    15.067599    0.9004
11.5468    15.1092    0.9004
11.5068    15.134    0.9004
11.412399    15.1916    0.9004
11.3764    15.221999    0.9004
11.2932    15.2932    0.9004
11.262799    15.3292    0.9004
11.1916    15.412399    0.9004
11.1668    15.452399    0.9004
11.1092    15.5468    0.9004
11.090799    15.589999    0.9004
11.0492    15.6916    0.9004
11.038    15.7372    0.9004
11.0124    15.843599    0.9004
11.0084    15.8907995    0.9004
11.0004    16.0004    0.9004
11.0004    22.9988    0.9004
11.0004    26.000399    0.9004
11.004399    26.0476    0.9004
11.0124    26.1572    0.9004
11.0236    26.202799    0.9004
11.0492    26.3092    0.9004
11.067599    26.3524    0.9004
11.1092    26.453999    0.9004
11.134    26.494    0.9004
11.1916    26.5884    0.9004
11.222    26.6244    0.9004
11.2932    26.7076    0.9004
11.3292    26.737999    0.9004
11.412399    26.809198    0.9004
11.452399    26.834    0.9004
11.5468    26.8916    0.9004
11.59    26.91    0.9004
11.6916    26.9516    0.9004
11.7372    26.9628    0.9004
11.843599    26.9884    0.9004
11.8907995    26.9924    0.9004
12.0004    27.000399    0.9004
12.700399    27.000399    0.9004
13.0004    27.000399    0.9004
13.0476    26.9972    0.9004
