19.1332    25.816399    0.9004
19.1524    25.9284    0.9004
19.1684    25.973999    0.9004
19.206    26.0812    0.9004
19.2292    26.1236    0.9004
19.282799    26.2228    0.9004
19.312399    26.2612    0.9004
19.382    26.3508    0.9004
19.4172    26.3836    0.9004
19.500399    26.461199    0.9004
19.5404    26.4884    0.9004
19.6348    26.550798    0.9004
19.678799    26.570799    0.9004
19.782    26.618    0.9004
19.829199    26.6308    0.9004
19.938799    26.660398    0.9004
19.9868    26.6652    0.9004
20.0996    26.6764    0.9004
20.1484    26.673199    0.9004
20.2612    26.6668    0.9004
20.3084    26.656399    0.9004
20.4188    26.6316    0.9004
20.9284    26.472399    0.9004
21.1468    26.403599    0.9004
21.1908    26.386    0.9004
21.2924    26.3452    0.9004
21.333199    26.3212    0.9004
21.427599    26.2652    0.9004
21.4636    26.234798    0.9004
21.5476    26.1644    0.9004
21.5788    26.1292    0.9004
21.650799    26.046    0.9004
21.6764    26.005999    0.9004
21.7348    25.913198    0.9004
21.753199    25.869999    0.9004
21.7964    25.7692    0.9004
21.8076    25.723598    0.9004
21.834799    25.617199    0.9004
21.838799    25.57    0.9004
21.8484    25.4604    0.9004
21.8452    25.413198    0.9004
21.838    25.3044    0.9004
21.827599    25.258    0.9004
21.8036    25.150799    0.9004
20.7596    21.810799    0.9004
20.3116    20.3788    0.9004
20.293999    20.334799    0.9004
20.253199    20.2332    0.9004
20.2292    20.1924    0.9004
20.1724    20.098    0.9004
20.142    20.062    0.9004
20.0716    19.9772    0.9004
20.0364    19.946    0.9004
19.9532    19.873999    0.9004
19.9132    19.8492    0.9004
19.8204    19.7908    0.9004
19.777199    19.7724    0.9004
19.6756    19.7292    0.9004
19.63    19.718    0.9004
19.5236    19.6908    0.9004
19.4764    19.6868    0.9004
19.3668    19.6772    0.9004
19.3196    19.680399    0.9004
19.21    19.6876    0.9004
19.166    19.7148    0.9004
19.0628    19.777199    0.9004
19.0236    19.810799    0.9004
18.933199    19.89    0.9004
18.9004    19.93    0.9004
18.8244    20.0228    0.9004
18.7988    20.0676    0.9004
18.7404    20.173199    0.9004
18.7236    20.222    0.9004
18.6836    20.334799    0.9004
18.674799    20.386    0.9004
18.6548    20.5044    0.9004
18.6548    20.5564    0.9004
18.6556    20.6764    0.9004
18.983599    24.2404    0.9004
19.1244    25.7684    0.9004
19.1332    25.816399    0.9004
