32.106    4.2492    0.9004
32.1316    4.1324    0.9004
32.134    4.0812    0.9004
32.1396    3.9627998    0.9004
32.133198    3.9124    0.9004
32.118797    3.794    0.9004
32.1036    3.7452    0.9004
32.0692    3.6308    0.9004
32.045998    3.5851998    0.9004
31.993198    3.4787998    0.9004
31.9628    3.438    0.9004
31.892399    3.342    0.9004
31.855598    3.3068    0.9004
31.769999    3.2236    0.9004
31.7276    3.1948    0.9004
31.6292    3.1283998    0.9004
31.5828    3.1076    0.9004
31.473999    3.0579998    0.9004
31.424398    3.0451999    0.9004
31.31    3.0147998    0.9004
31.258799    3.0108    0.9004
31.1404    3.0003998    0.9004
29.2972    3.0003998    0.9004
25.000399    3.0003998    0.9004
23.1572    3.0003998    0.9004
18.8604    3.0003998    0.9004
18.8092    3.0044    0.9004
18.6908    3.0147998    0.9004
18.6412    3.0275998    0.9004
18.5268    3.0579998    0.9004
18.4804    3.0788    0.9004
18.3716    3.1283998    0.9004
18.329199    3.1571999    0.9004
18.230799    3.2236    0.9004
18.194    3.2588    0.9004
18.1084    3.342    0.9004
18.078    3.3827999    0.9004
18.007599    3.4787998    0.9004
17.9844    3.5244    0.9004
17.931599    3.6308    0.9004
17.916399    3.6796    0.9004
17.882    3.794    0.9004
17.875599    3.8444    0.9004
17.8612    3.9627998    0.9004
17.8636    4.014    0.9004
17.8692    4.1324    0.9004
17.8804    4.1819997    0.9004
17.906    4.2988    0.9004
18.3468    5.71    0.9004
19.375599    9.0004    0.9004
20.777199    13.486    0.9004
24.046    23.946    0.9004
24.065199    23.9932    0.9004
24.109999    24.102798    0.9004
24.1364    24.146    0.9004
24.1988    24.246    0.9004
24.232399    24.2836    0.9004
24.310799    24.3724    0.9004
24.3508    24.4044    0.9004
24.442799    24.477999    0.9004
24.4868    24.5028    0.9004
24.59    24.559599    0.9004
24.637999    24.576399    0.9004
24.749199    24.615599    0.9004
24.7988    24.6244    0.9004
24.9156    24.6444    0.9004
24.9412    24.645199    0.9004
25.000399    24.6476    0.9004
25.026    24.6468    0.9004
25.0852    24.6444    0.9004
25.1348    24.6356    0.9004
25.2516    24.615599    0.9004
25.299599    24.598799    0.9004
25.410799    24.559599    0.9004
25.4548    24.5348    0.9004
25.557999    24.477999    0.9004
25.598    24.446    0.9004
25.689999    24.3724    0.9004
25.723598    24.334799    0.9004
25.802    24.246    0.9004
25.8284    24.202799    0.9004
25.890799    24.102798    0.9004
25.91    24.0556    0.9004
25.9548    23.946    0.9004
30.251598    10.1956    0.9004
32.0948    4.2988    0.9004
32.106    4.2492    0.9004
