29.6292    26.642    0.9004
29.7396    26.6668    0.9004
29.788399    26.67    0.9004
29.9012    26.6764    0.9004
29.9492    26.671598    0.9004
30.061998    26.660398    0.9004
30.1092    26.6476    0.9004
30.2188    26.618    0.9004
30.262798    26.598    0.9004
30.366    26.550798    0.9004
30.406    26.5236    0.9004
30.500399    26.461199    0.9004
30.535599    26.4284    0.9004
30.6188    26.3508    0.9004
30.6484    26.312399    0.9004
30.717999    26.2228    0.9004
30.7412    26.180399    0.9004
30.7948    26.0812    0.9004
30.810799    26.035599    0.9004
30.8484    25.9284    0.9004
30.857199    25.8804    0.9004
30.8764    25.7684    0.9004
31.2044    22.2044    0.9004
31.3452    20.6764    0.9004
31.3452    20.6244    0.9004
31.345999    20.5044    0.9004
31.337198    20.4532    0.9004
31.3172    20.334799    0.9004
31.3004    20.286    0.9004
31.260399    20.173199    0.9004
31.234798    20.128399    0.9004
31.1764    20.0228    0.9004
31.143599    19.9828    0.9004
31.067598    19.89    0.9004
31.028399    19.8564    0.9004
30.938    19.777199    0.9004
30.894    19.75    0.9004
30.7908    19.6876    0.9004
30.743599    19.684399    0.9004
30.633999    19.6772    0.9004
30.5868    19.6812    0.9004
30.4772    19.6908    0.9004
30.431599    19.702    0.9004
30.3252    19.7292    0.9004
30.282    19.747599    0.9004
30.180399    19.7908    0.9004
30.1404    19.8156    0.9004
30.0476    19.873999    0.9004
30.0124    19.9052    0.9004
29.9292    19.9772    0.9004
29.8988    20.013199    0.9004
29.8284    20.098    0.9004
29.8044    20.1388    0.9004
29.747599    20.2332    0.9004
29.73    20.277199    0.9004
29.6892    20.3788    0.9004
28.645199    23.7188    0.9004
28.197199    25.150799    0.9004
28.1868    25.197199    0.9004
28.1628    25.3044    0.9004
28.1596    25.351599    0.9004
28.1524    25.4604    0.9004
28.156399    25.507599    0.9004
28.165998    25.617199    0.9004
28.177198    25.6628    0.9004
28.2044    25.7692    0.9004
28.2228    25.812399    0.9004
28.265999    25.913198    0.9004
28.2916    25.9532    0.9004
28.349998    26.046    0.9004
28.381199    26.0812    0.9004
28.4532    26.1644    0.9004
28.489199    26.1948    0.9004
28.5732    26.2652    0.9004
28.613998    26.2892    0.9004
28.708399    26.3452    0.9004
28.7524    26.362799    0.9004
28.854    26.403599    0.9004
29.3636    26.5628    0.9004
29.581999    26.6316    0.9004
29.6292    26.642    0.9004
