0.4508    0.0004    0.9004
1.5004    0.0004    0.9004
4.1748    0.0004    0.9004
10.41    0.0004    0.9004
12.7652    0.0004    0.9004
18.2564    0.0004    0.9004
20.2804    0.0004    0.9004
25.000399    0.0004    0.9004
27.7228    0.0004    0.9004
34.07    0.0004    0.9004
35.7268    0.0004    0.9004
39.590797    0.0004    0.9004
42.714798    0.0004    0.9004
50.0004    0.0004    0.9004
50.0004    2.7012    0.9004
50.0004    9.0004    0.9004
50.0004    15.302799    0.9004
50.0004    30.000399    0.9004
46.8764    30.000399    0.9004
39.590797    30.000399    0.9004
37.934    30.000399    0.9004
34.07    30.000399    0.9004
31.347599    30.000399    0.9004
25.000399    30.000399    0.9004
22.976398    30.000399    0.9004
18.2564    30.000399    0.9004
15.901199    30.000399    0.9004
10.41    30.000399    0.9004
7.7356    30.000399    0.9004
1.5004    30.000399    0.9004
1.05    30.000399    0.9004
0.0004    30.000399    0.9004
0.0004    23.698    0.9004
0.0004    9.0004    0.9004
0.0004    6.2995996    0.9004
0.0004    0.0004    0.9004
0.4508    0.0004    0.9004
