46.126    3.01    0.6004
46.1572    3.0124    0.6004
46.278797    3.0419998    0.6004
46.3092    3.0491998    0.6004
46.425198    3.0972    0.6004
46.454    3.1092    0.6004
46.5612    3.1748    0.6004
46.588398    3.1915998    0.6004
46.683598    3.2732    0.6004
46.7076    3.2932    0.6004
46.7892    3.3883998    0.6004
46.8092    3.4124    0.6004
46.874798    3.5196    0.6004
46.891598    3.5468    0.6004
46.939598    3.6627998    0.6004
46.9516    3.6915998    0.6004
46.981197    3.8132    0.6004
46.9884    3.8435998    0.6004
46.997997    3.9692    0.6004
47.0004    4.0004    0.6004
47.0004    7.9996    0.6004
47.0004    9.0004    0.6004
47.0004    22.598    0.6004
47.0004    26.000399    0.6004
46.9908    26.126    0.6004
46.9884    26.1572    0.6004
46.958797    26.2788    0.6004
46.9516    26.3092    0.6004
46.9036    26.4252    0.6004
46.891598    26.453999    0.6004
46.826    26.5612    0.6004
46.8092    26.5884    0.6004
46.7276    26.6836    0.6004
46.7076    26.7076    0.6004
46.6124    26.7892    0.6004
46.588398    26.809198    0.6004
46.481197    26.8748    0.6004
46.454    26.8916    0.6004
46.337997    26.9396    0.6004
46.3092    26.9516    0.6004
46.1876    26.9812    0.6004
46.1572    26.9884    0.6004
46.031597    26.998    0.6004
46.0004    27.000399    0.6004
45.77    27.000399    0.6004
44.8476    27.000399    0.6004
44.722797    26.990799    0.6004
44.691597    26.9884    0.6004
44.5708    26.959599    0.6004
44.540398    26.9524    0.6004
44.4244    26.9044    0.6004
44.3956    26.892399    0.6004
44.2892    26.827599    0.6004
44.2628    26.8116    0.6004
44.1676    26.730799    0.6004
44.1436    26.7108    0.6004
44.062    26.6164    0.6004
44.042    26.5924    0.6004
43.9764    26.486    0.6004
43.9596    26.459599    0.6004
43.910797    26.3452    0.6004
43.8988    26.316399    0.6004
43.8684    26.1948    0.6004
43.8612    26.1644    0.6004
43.127598    21.7612    0.6004
40.194798    4.1644    0.6004
40.183598    4.026    0.6004
40.1812    3.9915998    0.6004
40.194    3.8539999    0.6004
40.1972    3.8195999    0.6004
40.233997    3.6859999    0.6004
40.2436    3.6524    0.6004
40.3028    3.5268    0.6004
40.318    3.4956    0.6004
40.398    3.382    0.6004
40.418    3.3539999    0.6004
40.5164    3.2563999    0.6004
40.5412    3.2315998    0.6004
40.6548    3.1532    0.6004
40.683598    3.1332    0.6004
40.8092    3.0748    0.6004
40.8404    3.0604    0.6004
40.9748    3.0244    0.6004
41.0084    3.0156    0.6004
41.146797    3.0036    0.6004
41.1812    3.0003998    0.6004
42.146    3.0003998    0.6004
46.0004    3.0003998    0.6004
46.126    3.01    0.6004
