25.1036    35.1004    0.0004
24.786    34.363598    0.0004
24.518    33.945198    0.0004
24.2524    33.646    0.0004
23.986    33.426    0.0004
23.691599    33.2548    0.0004
23.373999    33.1348    0.0004
23.0308    33.065998    0.0004
22.6404    33.0492    0.0004
22.1756    33.096397    0.0004
21.6628    33.2188    0.0004
20.3788    34.2212    0.0004
20.378    34.2212    0.0004
19.3252    35.0524    0.0004
19.3244    35.0524    0.0004
18.3412    35.7788    0.0004
15.1404    37.753998    0.0004
15.1388    37.7548    0.0004
12.6908    39.4132    0.0004
12.69    39.413998    0.0004
11.0484    40.5948    0.0004
11.0476    40.5956    0.0004
9.8588    41.3404    0.0004
9.858    41.3404    0.0004
9.3188    41.610798    0.0004
8.374    41.9468    0.0004
7.3859997    42.1204    0.0004
6.3844    42.1268    0.0004
6.3835998    42.1268    0.0004
5.394    41.966    0.0004
4.4444    41.6428    0.0004
3.5619998    41.166798    0.0004
2.7716    40.5492    0.0004
2.0948    39.8092    0.0004
1.5508    38.967598    0.0004
1.1547999    38.045998    0.0004
0.918    37.071598    0.0004
0.84599996    36.0724    0.0004
0.84599996    36.071598    0.0004
0.942    35.0748    0.0004
0.942    35.073997    0.0004
1.2027999    34.105198    0.0004
1.6212    33.194    0.0004
2.1852    32.3652    0.0004
2.8795998    31.641998    0.0004
3.3091998    31.2116    0.0004
3.6548    30.849998    0.0004
3.7403998    30.7284    0.0004
3.8028    30.6092    0.0004
3.8379998    30.507599    0.0004
3.8548    30.4084    0.0004
3.8555999    30.317999    0.0004
3.8404    30.219599    0.0004
3.8068    30.117199    0.0004
3.75    30.004398    0.0004
3.6483998    29.861198    0.0004
3.4348    29.6412    0.0004
2.9524    29.282799    0.0004
2.6748    29.113998    0.0004
1.7523999    28.189999    0.0004
1.0044    27.121199    0.0004
1.0044    27.1204    0.0004
0.4524    25.938    0.0004
0.4524    25.937199    0.0004
0.1148    24.6772    0.0004
0.1148    24.6764    0.0004
0.0004    23.3764    0.0004
0.0004    23.375599    0.0004
0.113199994    22.0756    0.0004
0.113199994    22.074799    0.0004
0.45    20.8148    0.0004
0.45    20.814    0.0004
1.0004    19.6308    0.0004
1.0004    19.63    0.0004
1.7476    18.5604    0.0004
1.7476    18.559599    0.0004
2.6692    17.6356    0.0004
3.7364    16.8844    0.0004
3.7372    16.8844    0.0004
4.9188    16.33    0.0004
4.9196    16.33    0.0004
6.1787996    15.9892    0.0004
6.1796    15.9892    0.0004
7.4788    15.872399    0.0004
7.4796    15.872399    0.0004
8.7796    15.981999    0.0004
8.780399    15.981999    0.0004
10.042    16.3164    0.0004
10.0428    16.3164    0.0004
11.2268    16.8636    0.0004
11.2276    16.8636    0.0004
13.7188    18.3268    0.0004
13.7196    18.3276    0.0004
15.5116    19.4956    0.0004
15.5124    19.496399    0.0004
16.9788    20.6188    0.0004
16.979599    20.6196    0.0004
18.2988    21.8748    0.0004
18.299599    21.875599    0.0004
19.682    23.483599    0.0004
19.6828    23.4844    0.0004
20.777199    24.886799    0.0004
20.778    24.8876    0.0004
21.4924    24.6292    0.0004
21.8932    24.4052    0.0004
22.1796    24.180399    0.0004
22.390799    23.953999    0.0004
22.5476    23.721199    0.0004
22.6724    23.4492    0.0004
22.7524    23.1572    0.0004
22.7892    22.8284    0.0004
22.7748    22.4396    0.0004
22.660398    21.8508    0.0004
22.604399    21.6628    0.0004
21.602    20.3788    0.0004
21.602    20.378    0.0004
20.7708    19.3252    0.0004
20.7708    19.3244    0.0004
20.0452    18.3412    0.0004
18.069199    15.1404    0.0004
18.0684    15.1388    0.0004
16.410799    12.6908    0.0004
16.41    12.69    0.0004
15.228399    11.0484    0.0004
15.227599    11.0476    0.0004
14.4836    9.8588    0.0004
14.4836    9.858    0.0004
14.2123995    9.3188    0.0004
13.8764    8.374    0.0004
13.7036    7.3859997    0.0004
13.6964    6.3844    0.0004
13.6964    6.3835998    0.0004
13.8572    5.394    0.0004
14.1804    4.4444    0.0004
14.6572    3.5619998    0.0004
15.273999    2.7716    0.0004
16.014    2.0948    0.0004
16.8556    1.5508    0.0004
17.777199    1.1547999    0.0004
18.7516    0.918    0.0004
19.7508    0.84599996    0.0004
19.7516    0.84599996    0.0004
20.749199    0.942    0.0004
21.717999    1.2027999    0.0004
22.6292    1.6212    0.0004
23.458    2.1852    0.0004
24.1812    2.8795998    0.0004
24.611599    3.3091998    0.0004
24.9732    3.6548    0.0004
25.094799    3.7403998    0.0004
25.213999    3.8028    0.0004
25.3156    3.8379998    0.0004
25.414799    3.8548    0.0004
25.5052    3.8555999    0.0004
25.6036    3.8404    0.0004
25.706    3.8068    0.0004
25.8188    3.75    0.0004
25.962    3.6483998    0.0004
26.182    3.4348    0.0004
26.5404    2.9524    0.0004
26.71    2.6748    0.0004
27.6332    1.7523999    0.0004
28.702    1.0044    0.0004
28.702799    1.0044    0.0004
29.885199    0.4524    0.0004
29.886    0.4524    0.0004
31.1468    0.1148    0.0004
31.147598    0.1148    0.0004
32.4468    0.0004    0.0004
32.447598    0.0004    0.0004
33.7476    0.113199994    0.0004
33.748398    0.113199994    0.0004
35.0084    0.45    0.0004
35.009197    0.45    0.0004
36.192398    1.0004    0.0004
36.1932    1.0004    0.0004
37.2628    1.7476    0.0004
37.2636    1.7476    0.0004
38.1884    2.6692    0.0004
38.9388    3.7364    0.0004
38.9388    3.7372    0.0004
39.4932    4.9188    0.0004
39.4932    4.9196    0.0004
39.834    6.1787996    0.0004
39.834    6.1796    0.0004
39.950798    7.4788    0.0004
39.950798    7.4796    0.0004
39.841198    8.7796    0.0004
39.841198    8.780399    0.0004
39.506798    10.042    0.0004
39.506798    10.0428    0.0004
38.9596    11.2268    0.0004
38.9596    11.2276    0.0004
37.4964    13.7188    0.0004
37.495598    13.7196    0.0004
36.3276    15.5116    0.0004
36.326797    15.5124    0.0004
35.2044    16.9788    0.0004
35.203598    16.979599    0.0004
33.9484    18.2988    0.0004
33.947598    18.299599    0.0004
32.3396    19.682    0.0004
32.3388    19.6828    0.0004
32.211597    19.7836    0.0004
32.3572    20.6196    0.0004
32.5116    21.080399    0.0004
32.6708    21.392399    0.0004
32.8292    21.6124    0.0004
32.989998    21.7732    0.0004
33.162    21.8988    0.0004
33.3532    21.994    0.0004
33.558    22.0564    0.0004
33.786    22.0884    0.0004
34.0548    22.085999    0.0004
34.454    22.018799    0.0004
35.0364    21.8196    0.0004
35.3332    21.6828    0.0004
36.413998    20.8428    0.0004
36.4148    20.8428    0.0004
37.3348    20.1444    0.0004
39.697998    18.6796    0.0004
39.6988    18.678799    0.0004
41.9724    17.225199    0.0004
41.973198    17.2244    0.0004
44.933197    15.120399    0.0004
44.934    15.119599    0.0004
46.1044    14.4084    0.0004
46.105198    14.4084    0.0004
46.5044    14.2123995    0.0004
47.449997    13.8764    0.0004
48.4372    13.7036    0.0004
49.438797    13.6964    0.0004
49.439598    13.6964    0.0004
50.43    13.8572    0.0004
51.3788    14.1804    0.0004
52.2612    14.6572    0.0004
53.051598    15.273999    0.0004
53.728397    16.014    0.0004
54.2724    16.8556    0.0004
54.6684    17.777199    0.0004
54.905197    18.7516    0.0004
54.9772    19.7508    0.0004
54.9772    19.7516    0.0004
54.8812    20.749199    0.0004
54.6204    21.717999    0.0004
54.202    22.6292    0.0004
53.638    23.458    0.0004
52.9436    24.1812    0.0004
52.514    24.611599    0.0004
52.1684    24.9732    0.0004
52.082798    25.094799    0.0004
52.020397    25.213999    0.0004
51.9852    25.3156    0.0004
51.9684    25.414799    0.0004
51.967598    25.5052    0.0004
51.9828    25.6036    0.0004
52.0164    25.706    0.0004
52.0732    25.8188    0.0004
52.174797    25.962    0.0004
52.3892    26.182    0.0004
52.871597    26.5404    0.0004
53.1484    26.71    0.0004
54.070797    27.6332    0.0004
54.8196    28.702    0.0004
54.8196    28.702799    0.0004
55.3708    29.885199    0.0004
55.3708    29.886    0.0004
55.708397    31.1468    0.0004
55.708397    31.147598    0.0004
55.8228    32.4468    0.0004
55.8228    32.447598    0.0004
55.71    33.7476    0.0004
55.71    33.748398    0.0004
55.3732    35.0084    0.0004
55.3732    35.009197    0.0004
54.8228    36.192398    0.0004
54.8228    36.1932    0.0004
54.0756    37.2628    0.0004
54.0756    37.2636    0.0004
53.154    38.1884    0.0004
52.0868    38.9388    0.0004
52.086    38.9388    0.0004
50.9044    39.4932    0.0004
50.9036    39.4932    0.0004
49.644398    39.834    0.0004
49.6436    39.834    0.0004
48.3444    39.950798    0.0004
48.343597    39.950798    0.0004
47.0436    39.841198    0.0004
47.042797    39.841198    0.0004
45.7812    39.506798    0.0004
45.7804    39.506798    0.0004
44.596397    38.9596    0.0004
44.5956    38.9596    0.0004
42.1044    37.4964    0.0004
42.1036    37.495598    0.0004
40.3124    36.3276    0.0004
40.3116    36.326797    0.0004
38.8444    35.2044    0.0004
38.843597    35.203598    0.0004
37.5244    33.9484    0.0004
37.523598    33.947598    0.0004
36.2724    32.5028    0.0004
36.2716    32.502    0.0004
35.626    32.9092    0.0004
35.2412    33.250797    0.0004
34.966    33.585197    0.0004
34.7684    33.9212    0.0004
34.666    34.166    0.0004
34.562798    34.554    0.0004
34.5212    34.974    0.0004
34.545998    35.4516    0.0004
34.6676    36.0508    0.0004
35.294    36.798798    0.0004
36.2868    38.2796    0.0004
36.2868    38.2804    0.0004
38.0892    41.205997    0.0004
38.09    41.2068    0.0004
39.938    43.8516    0.0004
39.9388    43.852398    0.0004
40.846    45.1484    0.0004
40.846    45.1492    0.0004
41.5116    46.294    0.0004
41.5116    46.2948    0.0004
41.610798    46.5044    0.0004
41.9468    47.449997    0.0004
42.1204    48.4372    0.0004
42.1268    49.438797    0.0004
42.1268    49.439598    0.0004
41.966    50.43    0.0004
41.6428    51.3788    0.0004
41.166798    52.2612    0.0004
40.5492    53.051598    0.0004
39.8092    53.728397    0.0004
38.967598    54.2724    0.0004
38.045998    54.6684    0.0004
37.071598    54.905197    0.0004
36.0724    54.9772    0.0004
36.071598    54.9772    0.0004
35.0748    54.8812    0.0004
35.073997    54.8812    0.0004
34.105198    54.6204    0.0004
33.194    54.202    0.0004
32.3652    53.638    0.0004
31.641998    52.9436    0.0004
31.2116    52.514    0.0004
30.849998    52.1684    0.0004
30.7284    52.082798    0.0004
30.6092    52.020397    0.0004
30.507599    51.9852    0.0004
30.4084    51.9684    0.0004
30.317999    51.967598    0.0004
30.219599    51.9828    0.0004
30.117199    52.0164    0.0004
30.004398    52.0732    0.0004
29.861198    52.174797    0.0004
29.6412    52.3892    0.0004
29.282799    52.871597    0.0004
29.113998    53.1484    0.0004
28.189999    54.070797    0.0004
27.121199    54.8196    0.0004
27.1204    54.8196    0.0004
25.938    55.3708    0.0004
25.937199    55.3708    0.0004
24.6772    55.708397    0.0004
24.6764    55.708397    0.0004
23.3764    55.8228    0.0004
23.375599    55.8228    0.0004
22.0756    55.71    0.0004
22.074799    55.71    0.0004
20.8148    55.3732    0.0004
20.814    55.3732    0.0004
19.6308    54.8228    0.0004
19.63    54.8228    0.0004
18.5604    54.0756    0.0004
18.559599    54.0756    0.0004
17.6356    53.154    0.0004
16.8844    52.0868    0.0004
16.8844    52.086    0.0004
16.33    50.9044    0.0004
16.33    50.9036    0.0004
15.9892    49.644398    0.0004
15.9892    49.6436    0.0004
15.872399    48.3444    0.0004
15.872399    48.343597    0.0004
15.981999    47.0436    0.0004
15.981999    47.042797    0.0004
16.3164    45.7812    0.0004
16.3164    45.7804    0.0004
16.8636    44.596397    0.0004
16.8636    44.5956    0.0004
18.5172    41.7588    0.0004
18.518    41.758    0.0004
19.541199    40.209198    0.0004
19.542    40.2084    0.0004
20.5684    38.908398    0.0004
20.569199    38.9076    0.0004
21.7452    37.7324    0.0004
21.746    37.731598    0.0004
23.3428    36.4324    0.0004
23.3436    36.4316    0.0004
25.102798    35.1012    0.0004
25.1036    35.1004    0.0004
