22.5444    24.157999    11.7004
22.5052    24.1292    11.7004
22.489199    24.117199    11.7004
22.4828    24.114    11.7004
22.465199    24.102798    11.7004
22.4468    24.0964    11.7004
22.4324    24.094    11.7004
22.4172    24.0996    11.7004
22.3996    24.1052    11.7004
22.3804    24.114    11.7004
22.333199    24.1308    11.7004
22.33    24.1316    11.7004
22.3092    24.1348    11.7004
22.305199    24.1364    11.7004
22.299599    24.1364    11.7004
22.2692    24.137999    11.7004
22.2396    24.1356    11.7004
22.2204    24.133999    11.7004
22.194    24.13    11.7004
22.1836    24.126799    11.7004
22.17    24.121199    11.7004
22.1556    24.117199    11.7004
22.1188    24.098    11.7004
22.1164    24.0964    11.7004
22.1148    24.0956    11.7004
22.0716    24.0716    11.7004
22.0668    24.070799    11.7004
22.0364    24.066    11.7004
22.0364    24.0668    11.7004
22.01    24.076399    11.7004
22.0028    24.080399    11.7004
21.9756    24.094    11.7004
21.966    24.0996    11.7004
21.9244    24.1196    11.7004
21.907598    24.126799    11.7004
21.869999    24.1428    11.7004
21.8436    24.154    11.7004
21.8028    24.174    11.7004
21.784399    24.1836    11.7004
21.7804    24.1852    11.7004
21.7556    24.1948    11.7004
21.749199    24.1964    11.7004
21.7356    24.1996    11.7004
21.7204    24.2004    11.7004
21.7076    24.2004    11.7004
21.682    24.198    11.7004
21.6708    24.197199    11.7004
21.6572    24.194    11.7004
21.622799    24.185999    11.7004
21.6052    24.180399    11.7004
21.591599    24.1764    11.7004
21.5812    24.1716    11.7004
21.5756    24.169199    11.7004
21.5716    24.167599    11.7004
21.566    24.1628    11.7004
21.5452    24.1468    11.7004
21.526    24.1236    11.7004
21.522799    24.1204    11.7004
21.5212    24.117199    11.7004
21.5148    24.1068    11.7004
21.4988    24.0836    11.7004
21.486    24.059599    11.7004
21.459599    24.011599    11.7004
21.4452    23.9868    11.7004
21.4396    23.977999    11.7004
21.431599    23.966799    11.7004
21.4044    23.9348    11.7004
21.4028    23.9324    11.7004
21.401999    23.931599    11.7004
21.4004    23.9308    11.7004
21.342    23.879599    11.7004
21.3188    23.854    11.7004
21.3148    23.8484    11.7004
21.301199    23.829199    11.7004
21.2916    23.8156    11.7004
21.2796    23.7948    11.7004
21.2764    23.7852    11.7004
21.2692    23.764399    11.7004
21.2668    23.7556    11.7004
21.264399    23.7228    11.7004
21.2636    23.7188    11.7004
21.264399    23.7156    11.7004
21.2652    23.7092    11.7004
21.269999    23.6668    11.7004
21.2812    23.6276    11.7004
21.282799    23.621199    11.7004
21.284399    23.6148    11.7004
21.293999    23.5908    11.7004
21.305199    23.5684    11.7004
21.347599    23.5052    11.7004
21.353199    23.4972    11.7004
21.3548    23.494    11.7004
21.3668    23.472399    11.7004
21.375599    23.455599    11.7004
21.3772    23.4524    11.7004
21.3948    23.413198    11.7004
21.4068    23.3804    11.7004
21.433199    23.3044    11.7004
21.438799    23.2892    11.7004
21.4404    23.2852    11.7004
21.4476    23.2708    11.7004
21.4532    23.2596    11.7004
21.4628    23.243599    11.7004
21.4868    23.2164    11.7004
21.498    23.2044    11.7004
21.501999    23.1988    11.7004
21.531599    23.167599    11.7004
21.5644    23.132399    11.7004
21.600399    23.0924    11.7004
21.6084    23.0836    11.7004
21.6276    23.063599    11.7004
21.6476    23.046799    11.7004
21.6524    23.042799    11.7004
21.657999    23.041199    11.7004
21.6772    23.0364    11.7004
21.7036    23.0348    11.7004
21.706799    23.033998    11.7004
21.71    23.033998    11.7004
21.721199    23.0348    11.7004
21.732399    23.0348    11.7004
21.7356    23.035599    11.7004
21.7764    23.0364    11.7004
21.8268    23.0436    11.7004
21.8284    23.0444    11.7004
21.829199    23.0444    11.7004
21.869999    23.05    11.7004
21.8764    23.0508    11.7004
21.9028    23.0572    11.7004
21.914799    23.062    11.7004
21.927599    23.066    11.7004
21.933199    23.0676    11.7004
21.9524    23.076399    11.7004
21.958    23.0796    11.7004
21.9812    23.094799    11.7004
21.998    23.1092    11.7004
22.01    23.1204    11.7004
22.0252    23.1356    11.7004
22.0556    23.161999    11.7004
22.0684    23.1756    11.7004
22.0892    23.1988    11.7004
22.117199    23.219599    11.7004
22.1196    23.221199    11.7004
22.1236    23.222    11.7004
22.1556    23.232399    11.7004
22.174799    23.2284    11.7004
22.1868    23.226799    11.7004
22.197199    23.226    11.7004
22.221199    23.221199    11.7004
22.254    23.213999    11.7004
22.2836    23.206    11.7004
22.301199    23.202    11.7004
22.3172    23.191599    11.7004
22.3324    23.1828    11.7004
22.3436    23.174    11.7004
22.3596    23.166    11.7004
22.375599    23.156399    11.7004
22.390799    23.1484    11.7004
22.41    23.143599    11.7004
22.4228    23.142    11.7004
22.4364    23.1412    11.7004
22.477999    23.142    11.7004
22.4972    23.1428    11.7004
22.5252    23.143599    11.7004
22.5308    23.1444    11.7004
22.542    23.1476    11.7004
22.570799    23.157999    11.7004
22.574    23.1596    11.7004
22.5956    23.178799    11.7004
22.6012    23.182    11.7004
22.6068    23.1868    11.7004
22.626799    23.208399    11.7004
22.642    23.2276    11.7004
22.6476    23.2348    11.7004
22.654    23.2452    11.7004
22.6628    23.2612    11.7004
22.6652    23.2636    11.7004
22.674    23.281199    11.7004
22.6812    23.2924    11.7004
22.701199    23.334799    11.7004
22.7052    23.344398    11.7004
22.7108    23.358    11.7004
22.7228    23.3884    11.7004
22.7316    23.414799    11.7004
22.7412    23.446    11.7004
22.7484    23.4732    11.7004
22.762    23.5268    11.7004
22.765999    23.5364    11.7004
22.7732    23.5852    11.7004
22.7732    23.587599    11.7004
22.7748    23.609999    11.7004
22.775599    23.622799    11.7004
22.775599    23.6276    11.7004
22.777199    23.726799    11.7004
22.7764    23.7692    11.7004
22.7748    23.8204    11.7004
22.7748    23.834    11.7004
22.7748    23.840399    11.7004
22.775599    23.8548    11.7004
22.7748    23.864399    11.7004
22.7748    23.9348    11.7004
22.7732    23.966799    11.7004
22.7692    24.007599    11.7004
22.7684    24.0164    11.7004
22.760399    24.0516    11.7004
22.754799    24.081999    11.7004
22.746    24.1108    11.7004
22.7428    24.122799    11.7004
22.7316    24.154799    11.7004
22.725199    24.165998    11.7004
22.7172    24.1836    11.7004
22.71    24.1932    11.7004
22.7052    24.1996    11.7004
22.697199    24.2036    11.7004
22.684399    24.212399    11.7004
22.663599    24.2132    11.7004
22.6556    24.213999    11.7004
22.6468    24.2116    11.7004
22.6292    24.2076    11.7004
22.6196    24.2036    11.7004
22.6036    24.1948    11.7004
22.5956    24.189999    11.7004
22.5724    24.1764    11.7004
22.5516    24.1628    11.7004
22.5444    24.157999    11.7004
