18.138    28.740398    19.5004
18.1244    28.7524    19.5004
18.098799    28.7748    19.5004
18.0604    28.802    19.5004
18.0548    28.806799    19.5004
18.0508    28.809198    19.5004
18.0452    28.812399    19.5004
18.0044    28.8372    19.5004
17.9548    28.862799    19.5004
17.9508    28.864399    19.5004
17.8908    28.883598    19.5004
17.8892    28.8844    19.5004
17.8884    28.8844    19.5004
17.8412    28.894    19.5004
17.8044    28.896399    19.5004
17.7724    28.897999    19.5004
17.75    28.897999    19.5004
17.7276    28.8972    19.5004
17.6948    28.894    19.5004
17.6908    28.894    19.5004
17.6892    28.894    19.5004
17.684399    28.8932    19.5004
17.6492    28.886799    19.5004
17.6148    28.8804    19.5004
17.5892    28.8732    19.5004
17.5716    28.8676    19.5004
17.5668    28.866798    19.5004
17.5364    28.8548    19.5004
17.5196    28.8484    19.5004
17.490799    28.8364    19.5004
17.4764    28.8308    19.5004
17.43    28.8076    19.5004
17.414799    28.7988    19.5004
17.3748    28.775599    19.5004
17.3612    28.7692    19.5004
17.3268    28.7468    19.5004
17.31    28.734798    19.5004
17.2932    28.722    19.5004
17.2564    28.6948    19.5004
17.198    28.649199    19.5004
17.1876    28.639599    19.5004
17.1764    28.628399    19.5004
17.1428    28.5956    19.5004
17.1348    28.5836    19.5004
17.126799    28.569199    19.5004
17.1204    28.5516    19.5004
17.1196    28.5444    19.5004
17.1132    28.4828    19.5004
17.1124    28.473999    19.5004
17.1124    28.4172    19.5004
17.1132    28.3892    19.5004
17.1132    28.357199    19.5004
17.109999    28.3436    19.5004
17.098799    28.3156    19.5004
17.0972    28.310799    19.5004
17.0724    28.288399    19.5004
17.0716    28.286798    19.5004
17.0692    28.284399    19.5004
17.042    28.258    19.5004
17.0284    28.2452    19.5004
16.9684    28.185999    19.5004
16.962    28.178799    19.5004
16.9252    28.139599    19.5004
16.9172    28.130798    19.5004
16.8652    28.067598    19.5004
16.8508    28.05    19.5004
16.8244    28.0156    19.5004
16.7804    27.9492    19.5004
16.762    27.921999    19.5004
16.758    27.914    19.5004
16.7124    27.8324    19.5004
16.7092    27.826    19.5004
16.6908    27.786798    19.5004
16.650799    27.702    19.5004
16.6188    27.628399    19.5004
16.5972    27.5788    19.5004
16.5588    27.496399    19.5004
16.5364    27.448399    19.5004
16.496399    27.358799    19.5004
16.4916    27.347599    19.5004
16.4876    27.338799    19.5004
16.4716    27.297998    19.5004
16.4492    27.2428    19.5004
16.4404    27.2188    19.5004
16.425999    27.184399    19.5004
16.418    27.163599    19.5004
16.402    27.115599    19.5004
16.3964    27.0996    19.5004
16.3884    27.0732    19.5004
16.3828    27.056398    19.5004
16.373999    27.028399    19.5004
16.369999    27.0156    19.5004
16.3612    26.9684    19.5004
16.3604    26.9644    19.5004
16.3596    26.959599    19.5004
16.3492    26.9068    19.5004
16.3484    26.9012    19.5004
16.3468    26.8716    19.5004
16.3452    26.8564    19.5004
16.3436    26.8188    19.5004
16.3436    26.793999    19.5004
16.3444    26.7652    19.5004
16.3452    26.7516    19.5004
16.347599    26.712399    19.5004
16.347599    26.7116    19.5004
16.35    26.691599    19.5004
16.353199    26.6708    19.5004
16.353199    26.67    19.5004
16.3596    26.6444    19.5004
16.369999    26.6012    19.5004
16.3708    26.597198    19.5004
16.3732    26.59    19.5004
16.3876    26.5404    19.5004
16.3964    26.517199    19.5004
16.402    26.5036    19.5004
16.41    26.486    19.5004
16.4292    26.442    19.5004
16.4604    26.3836    19.5004
16.466799    26.3732    19.5004
16.4732    26.362    19.5004
16.506    26.3076    19.5004
16.5276    26.2708    19.5004
16.529999    26.2676    19.5004
16.5588    26.2228    19.5004
16.6012    26.1556    19.5004
16.6084    26.146    19.5004
16.6436    26.0996    19.5004
16.646    26.097198    19.5004
16.6484    26.094799    19.5004
16.669199    26.0756    19.5004
16.674799    26.070799    19.5004
16.678799    26.0676    19.5004
16.6924    26.0556    19.5004
16.7132    26.038    19.5004
16.734    26.022799    19.5004
16.753199    26.0092    19.5004
16.7836    25.994    19.5004
16.7972    25.9884    19.5004
16.7988    25.987598    19.5004
16.8092    25.983599    19.5004
16.8492    25.97    19.5004
16.8772    25.961199    19.5004
16.8876    25.958    19.5004
16.8956    25.9572    19.5004
16.93    25.9548    19.5004
16.977999    25.9532    19.5004
16.9788    25.9524    19.5004
16.9788    25.9532    19.5004
16.9828    25.9532    19.5004
17.034    25.9588    19.5004
17.0404    25.959599    19.5004
17.0812    25.9684    19.5004
17.09    25.970798    19.5004
17.1148    25.977999    19.5004
17.1364    25.985199    19.5004
17.189999    26.0084    19.5004
17.1908    26.0084    19.5004
17.1908    26.0092    19.5004
17.2332    26.0308    19.5004
17.236399    26.0332    19.5004
17.2396    26.0348    19.5004
17.2948    26.07    19.5004
17.3228    26.0908    19.5004
17.3508    26.1132    19.5004
17.3732    26.13    19.5004
17.3844    26.1404    19.5004
17.406    26.1596    19.5004
17.4484    26.197199    19.5004
17.4596    26.208399    19.5004
17.5108    26.2628    19.5004
17.526    26.2796    19.5004
17.542    26.2972    19.5004
17.5956    26.361198    19.5004
17.6444    26.416399    19.5004
17.661999    26.4356    19.5004
17.674799    26.448399    19.5004
17.726    26.496399    19.5004
17.7284    26.4996    19.5004
17.734    26.5052    19.5004
17.810799    26.5828    19.5004
17.842    26.615599    19.5004
17.8932    26.674    19.5004
17.8996    26.682798    19.5004
17.9156    26.702    19.5004
17.9356    26.729198    19.5004
17.946    26.7428    19.5004
17.9572    26.760399    19.5004
17.9876    26.806799    19.5004
18.01    26.840399    19.5004
18.0116    26.8428    19.5004
18.037199    26.8716    19.5004
18.0404    26.8764    19.5004
18.062    26.894    19.5004
18.066    26.901999    19.5004
18.094    26.924398    19.5004
18.1068    26.9492    19.5004
18.1252    26.925999    19.5004
18.132399    26.896399    19.5004
18.133999    26.894    19.5004
18.1348    26.8932    19.5004
18.1532    26.864399    19.5004
18.1596    26.857199    19.5004
18.163599    26.861198    19.5004
18.1836    26.862799    19.5004
18.1924    26.8692    19.5004
18.1988    26.8748    19.5004
18.2004    26.875599    19.5004
18.2012    26.8764    19.5004
18.2372    26.9404    19.5004
18.243599    26.9524    19.5004
18.2444    26.953999    19.5004
18.2452    26.9548    19.5004
18.2684    27.0092    19.5004
18.3092    27.098799    19.5004
18.3116    27.1052    19.5004
18.3204    27.126799    19.5004
18.3508    27.21    19.5004
18.357199    27.226799    19.5004
18.3764    27.2852    19.5004
18.385199    27.310799    19.5004
18.3884    27.3212    19.5004
18.414799    27.410799    19.5004
18.4324    27.487598    19.5004
18.433199    27.490799    19.5004
18.433199    27.494    19.5004
18.449999    27.5868    19.5004
18.4532    27.6148    19.5004
18.458    27.669199    19.5004
18.4628    27.7356    19.5004
18.4636    27.749199    19.5004
18.4644    27.7572    19.5004
18.4636    27.797998    19.5004
18.4628    27.840399    19.5004
18.462    27.858799    19.5004
18.4572    27.9292    19.5004
18.4524    27.9676    19.5004
18.4468    28.01    19.5004
18.4364    28.076399    19.5004
18.4356    28.0828    19.5004
18.4252    28.1372    19.5004
18.4236    28.142    19.5004
18.41    28.206799    19.5004
18.406    28.2188    19.5004
18.3908    28.2732    19.5004
18.386    28.288399    19.5004
18.3676    28.3492    19.5004
18.3612    28.368399    19.5004
18.340399    28.4212    19.5004
18.3332    28.441198    19.5004
18.317999    28.4788    19.5004
18.3092    28.496399    19.5004
18.2892    28.537199    19.5004
18.282799    28.548399    19.5004
18.258799    28.5884    19.5004
18.2468    28.608398    19.5004
18.2396    28.6188    19.5004
18.2228    28.642    19.5004
18.194    28.6796    19.5004
18.1932    28.680399    19.5004
18.1924    28.6812    19.5004
18.1596    28.7188    19.5004
18.138    28.740398    19.5004
