15.5604    12.5988    11.7004
15.5708    12.5948    11.7004
15.5803995    12.590799    11.7004
15.613199    12.578799    11.7004
15.619599    12.5772    11.7004
15.648399    12.5668    11.7004
15.660399    12.562799    11.7004
15.6972    12.5532    11.7004
15.7148    12.5492    11.7004
15.7444    12.5428    11.7004
15.7604    12.5404    11.7004
15.786799    12.5372    11.7004
15.803599    12.5348    11.7004
15.831599    12.5324    11.7004
15.871599    12.53    11.7004
15.8796    12.53    11.7004
15.888399    12.5292    11.7004
15.922    12.53    11.7004
15.9548    12.5324    11.7004
15.9668    12.533999    11.7004
15.976399    12.5348    11.7004
16.0156    12.538799    11.7004
16.046    12.5436    11.7004
16.102    12.5548    11.7004
16.1036    12.5548    11.7004
16.1388    12.5644    11.7004
16.146    12.566    11.7004
16.1836    12.5772    11.7004
16.21    12.5859995    11.7004
16.2348    12.5948    11.7004
16.2804    12.6124    11.7004
16.2892    12.6156    11.7004
16.3484    12.6412    11.7004
16.3508    12.642799    11.7004
16.368399    12.6516    11.7004
16.4084    12.67    11.7004
16.4244    12.6788    11.7004
16.4692    12.7028    11.7004
16.5044    12.722799    11.7004
16.5236    12.733999    11.7004
16.565199    12.7596    11.7004
16.5916    12.7764    11.7004
16.6276    12.8004    11.7004
16.6308    12.802    11.7004
16.6316    12.802799    11.7004
16.645199    12.8124    11.7004
16.698    12.849999    11.7004
16.702799    12.854    11.7004
16.762    12.901999    11.7004
16.7628    12.9036    11.7004
16.7652    12.9052    11.7004
16.7708    12.9108    11.7004
16.7972    12.936399    11.7004
16.8204    12.9595995    11.7004
16.8708    13.010799    11.7004
16.897999    13.042    11.7004
16.9212    13.0636    11.7004
16.9436    13.085199    11.7004
16.9516    13.0924    11.7004
16.97    13.107599    11.7004
16.9804    13.118    11.7004
17.0068    13.1396    11.7004
17.0108    13.1444    11.7004
17.0164    13.1491995    11.7004
17.0228    13.153199    11.7004
17.0324    13.159599    11.7004
17.086    13.1956    11.7004
17.1308    13.223599    11.7004
17.2052    13.2716    11.7004
17.2068    13.2732    11.7004
17.2356    13.2956    11.7004
17.2516    13.309199    11.7004
17.2804    13.3356    11.7004
17.288399    13.342799    11.7004
17.31    13.3652    11.7004
17.312399    13.3675995    11.7004
17.33    13.3924    11.7004
17.340399    13.406    11.7004
17.3484    13.4196    11.7004
17.362    13.4452    11.7004
17.366    13.453199    11.7004
17.386799    13.492399    11.7004
17.394    13.5068    11.7004
17.406    13.533199    11.7004
17.4244    13.5748    11.7004
17.4356    13.602799    11.7004
17.4492    13.6388    11.7004
17.454    13.653199    11.7004
17.4628    13.6788    11.7004
17.4708    13.7028    11.7004
17.4772    13.73    11.7004
17.486    13.7652    11.7004
17.49    13.7828    11.7004
17.498    13.837999    11.7004
17.4988    13.842799    11.7004
17.4988    13.8468    11.7004
17.4996    13.8756    11.7004
17.496399    13.912399    11.7004
17.496399    13.9156    11.7004
17.4956    13.917999    11.7004
17.49    13.9564    11.7004
17.4884    13.962    11.7004
17.473999    14.009999    11.7004
17.4596    14.042    11.7004
17.454    14.0524    11.7004
17.4404    14.082    11.7004
17.425999    14.1116    11.7004
17.420399    14.1228    11.7004
17.418    14.1268    11.7004
17.414    14.134    11.7004
17.3892    14.1723995    11.7004
17.3804    14.1868    11.7004
17.378    14.1908    11.7004
17.3764    14.194799    11.7004
17.3596    14.226    11.7004
17.358    14.2308    11.7004
17.3444    14.252399    11.7004
17.3428    14.257199    11.7004
17.3268    14.282    11.7004
17.326    14.2844    11.7004
17.314    14.309199    11.7004
17.312399    14.3124    11.7004
17.3036    14.3348    11.7004
17.3028    14.3364    11.7004
17.2908    14.3652    11.7004
17.2876    14.37    11.7004
17.2724    14.394    11.7004
17.2692    14.398    11.7004
17.2668    14.401999    11.7004
17.2564    14.426    11.7004
17.253199    14.4316    11.7004
17.2444    14.4564    11.7004
17.2372    14.4668    11.7004
17.221199    14.4956    11.7004
17.2172    14.5076    11.7004
17.2148    14.5171995    11.7004
17.2076    14.5348    11.7004
17.189999    14.562799    11.7004
17.184399    14.573199    11.7004
17.178799    14.5803995    11.7004
17.1516    14.624399    11.7004
17.1372    14.648399    11.7004
17.1252    14.665199    11.7004
17.1124    14.676399    11.7004
17.0604    14.73    11.7004
17.0444    14.745999    11.7004
17.041199    14.7476    11.7004
17.038    14.750799    11.7004
17.029999    14.7588    11.7004
17.007599    14.7764    11.7004
16.9604    14.808399    11.7004
16.9564    14.8108    11.7004
16.9548    14.8124    11.7004
16.91    14.8404    11.7004
16.906    14.842799    11.7004
16.903599    14.843599    11.7004
16.897999    14.846    11.7004
16.8708    14.8596    11.7004
16.864399    14.8636    11.7004
16.840399    14.8708    11.7004
16.8396    14.8708    11.7004
16.829199    14.884399    11.7004
16.8148    14.886    11.7004
16.8084    14.8916    11.7004
16.782799    14.8996    11.7004
16.7668    14.9108    11.7004
16.753199    14.9212    11.7004
16.75    14.922    11.7004
16.7236    14.941199    11.7004
16.702799    14.9556    11.7004
16.698    14.9564    11.7004
16.691599    14.9595995    11.7004
16.67    14.9804    11.7004
16.6628    14.9844    11.7004
16.642    15.0012    11.7004
16.638    15.003599    11.7004
16.6108    15.033999    11.7004
16.6084    15.0356    11.7004
16.6028    15.0436    11.7004
16.5844    15.078    11.7004
16.5804    15.0876    11.7004
16.5772    15.0932    11.7004
16.5628    15.124399    11.7004
16.5476    15.1491995    11.7004
16.5148    15.2036    11.7004
16.5084    15.217199    11.7004
16.4972    15.242    11.7004
16.4772    15.2836    11.7004
16.4652    15.303599    11.7004
16.446    15.343599    11.7004
16.414    15.4044    11.7004
16.4116    15.4108    11.7004
16.4076    15.422    11.7004
16.3596    15.526799    11.7004
16.3564    15.5348    11.7004
16.3524    15.5428    11.7004
16.323599    15.589999    11.7004
16.299599    15.6404    11.7004
16.2988    15.6435995    11.7004
16.234    15.769199    11.7004
16.232399    15.7732    11.7004
16.230799    15.7764    11.7004
16.226799    15.782    11.7004
16.1572    15.8876    11.7004
16.0884    15.9595995    11.7004
16.0844    15.966    11.7004
16.0812    15.9684    11.7004
16.070799    15.9732    11.7004
16.0108    16.007599    11.7004
16.0044    16.006    11.7004
15.9676    15.999599    11.7004
15.91    15.958799    11.7004
15.9044    15.9539995    11.7004
15.901999    15.951599    11.7004
15.898    15.947599    11.7004
15.813999    15.882799    11.7004
15.766    15.8508    11.7004
15.742    15.8236    11.7004
15.717199    15.797999    11.7004
15.6844    15.7652    11.7004
15.6292    15.7252    11.7004
15.5988    15.7012    11.7004
15.5692    15.677199    11.7004
15.5356    15.6491995    11.7004
15.516399    15.637199    11.7004
15.4716    15.597199    11.7004
15.435599    15.5636    11.7004
15.4204    15.5484    11.7004
15.3852    15.516399    11.7004
15.3404    15.470799    11.7004
15.326799    15.4556    11.7004
15.3132    15.4388    11.7004
15.2755995    15.3884    11.7004
15.2644    15.3748    11.7004
15.2604    15.37    11.7004
15.2188    15.319599    11.7004
15.198    15.2948    11.7004
15.154799    15.239599    11.7004
15.153999    15.2372    11.7004
15.153199    15.2364    11.7004
15.1124    15.1748    11.7004
15.1036    15.1612    11.7004
15.0692    15.1108    11.7004
15.0468    15.0724    11.7004
15.027599    15.0412    11.7004
15.0132    15.0227995    11.7004
15.002    15.003599    11.7004
14.9828    14.974    11.7004
14.976399    14.965199    11.7004
14.934799    14.914    11.7004
14.9307995    14.9092    11.7004
14.9276    14.9052    11.7004
14.9172    14.889999    11.7004
14.8868    14.846    11.7004
14.8796    14.834    11.7004
14.8596    14.802    11.7004
14.8404    14.768399    11.7004
14.822    14.740399    11.7004
14.818    14.734799    11.7004
14.8132    14.7268    11.7004
14.786799    14.6779995    11.7004
14.7788    14.660399    11.7004
14.769199    14.637199    11.7004
14.757999    14.606    11.7004
14.7532    14.5932    11.7004
14.7476    14.573199    11.7004
14.740399    14.549999    11.7004
14.7355995    14.53    11.7004
14.7308    14.4972    11.7004
14.729199    14.4804    11.7004
14.7276    14.4595995    11.7004
14.726    14.4388    11.7004
14.729199    14.4164    11.7004
14.734799    14.395599    11.7004
14.740399    14.3796    11.7004
14.7492    14.3636    11.7004
14.762799    14.3452    11.7004
14.778    14.3284    11.7004
14.7788    14.3284    11.7004
14.782    14.326799    11.7004
14.818    14.320399    11.7004
14.8244    14.322    11.7004
14.826799    14.322    11.7004
14.8628    14.3188    11.7004
14.8652    14.315599    11.7004
14.889199    14.2908    11.7004
14.889999    14.286799    11.7004
14.8868    14.2596    11.7004
14.884399    14.252399    11.7004
14.883599    14.246799    11.7004
14.8748    14.2196    11.7004
14.871599    14.2036    11.7004
14.8644    14.1756    11.7004
14.8596    14.1572    11.7004
14.849199    14.094    11.7004
14.846    14.078799    11.7004
14.842    14.062799    11.7004
14.842    14.0492    11.7004
14.8364    14.0116    11.7004
14.8348    14.002    11.7004
14.834    13.998799    11.7004
14.8284    13.9676    11.7004
14.8276    13.9612    11.7004
14.821199    13.9164    11.7004
14.815599    13.8852    11.7004
14.813999    13.861199    11.7004
14.8108    13.8404    11.7004
14.8052    13.7956    11.7004
14.803599    13.778    11.7004
14.8012    13.75    11.7004
14.797999    13.7196    11.7004
14.7956    13.683599    11.7004
14.7956    13.625999    11.7004
14.7956    13.6236    11.7004
14.7956    13.6212    11.7004
14.797999    13.5748    11.7004
14.8012    13.542    11.7004
14.8043995    13.515599    11.7004
14.814799    13.4676    11.7004
14.8164    13.4604    11.7004
14.818    13.452399    11.7004
14.8284    13.414    11.7004
14.8308    13.4036    11.7004
14.837999    13.378799    11.7004
14.8396    13.371599    11.7004
14.8524    13.337999    11.7004
14.871599    13.291599    11.7004
14.872399    13.2908    11.7004
14.889999    13.2508    11.7004
14.889999    13.25    11.7004
14.9108    13.21    11.7004
14.922    13.1908    11.7004
14.941999    13.1588    11.7004
14.952399    13.1412    11.7004
14.9796    13.0996    11.7004
15.006    13.062799    11.7004
15.026799    13.0356    11.7004
15.056399    12.9972    11.7004
15.078    12.970799    11.7004
15.1004    12.9452    11.7004
15.118799    12.924399    11.7004
15.141999    12.8988    11.7004
15.1564    12.884399    11.7004
15.199599    12.8428    11.7004
15.214    12.8292    11.7004
15.245999    12.8004    11.7004
15.257199    12.79    11.7004
15.2699995    12.7796    11.7004
15.291599    12.762799    11.7004
15.2964    12.7588    11.7004
15.344399    12.7212    11.7004
15.3452    12.7204    11.7004
15.3804    12.6964    11.7004
15.384399    12.6932    11.7004
15.413199    12.6748    11.7004
15.452399    12.6516    11.7004
15.469999    12.641999    11.7004
15.5124    12.620399    11.7004
15.5188    12.6172    11.7004
15.5604    12.5988    11.7004
