12.205999    11.5524    6.9004
12.2612    11.506    6.9004
12.2884    11.4844    6.9004
12.334    11.4539995    6.9004
12.3532    11.441199    6.9004
12.3628    11.4348    6.9004
12.4324    11.3963995    6.9004
12.492399    11.3675995    6.9004
12.504399    11.361199    6.9004
12.515599    11.3572    6.9004
12.5828    11.325999    6.9004
12.6244    11.314799    6.9004
12.653999    11.3068    6.9004
12.6779995    11.302    6.9004
12.73    11.286799    6.9004
12.7444    11.2844    6.9004
12.7908    11.278    6.9004
12.8108    11.274799    6.9004
12.878799    11.2699995    6.9004
12.8852    11.269199    6.9004
12.8932    11.269199    6.9004
12.947599    11.268399    6.9004
12.962    11.2716    6.9004
12.9883995    11.2796    6.9004
13.0196    11.2676    6.9004
13.0204    11.266    6.9004
13.028399    11.2396    6.9004
13.028399    11.2252    6.9004
13.033199    11.1812    6.9004
13.0356    11.1572    6.9004
13.0372    11.1444    6.9004
13.0748    10.9428    6.9004
13.078799    10.9204    6.9004
13.0812    10.9084    6.9004
13.0812    10.906799    6.9004
13.082    10.9036    6.9004
13.097199    10.858    6.9004
13.1156    10.8508    6.9004
13.1268    10.837999    6.9004
13.141999    10.8404    6.9004
13.1524    10.8356    6.9004
13.174    10.849999    6.9004
13.1796    10.8516    6.9004
13.2044    10.873199    6.9004
13.2067995    10.8756    6.9004
13.2132    10.882    6.9004
13.263599    10.9276    6.9004
13.2732    10.935599    6.9004
13.274799    10.9372    6.9004
13.280399    10.9396    6.9004
13.2987995    10.9572    6.9004
13.3884    11.044399    6.9004
13.401199    11.0571995    6.9004
13.406799    11.0636    6.9004
13.424399    11.0836    6.9004
13.4724    11.1348    6.9004
13.487599    11.1516    6.9004
13.5204    11.1868    6.9004
13.5924    11.2796    6.9004
13.5956    11.2828    6.9004
13.613199    11.2996    6.9004
13.6236    11.3132    6.9004
13.6396    11.3164    6.9004
13.658    11.3164    6.9004
13.6748    11.309999    6.9004
13.7212    11.2987995    6.9004
13.746799    11.2932    6.9004
13.780399    11.2884    6.9004
13.7987995    11.2884    6.9004
13.8132    11.291599    6.9004
13.820399    11.294    6.9004
13.83    11.302    6.9004
13.8588    11.322    6.9004
13.8692    11.3292    6.9004
13.8932    11.349999    6.9004
13.936399    11.384399    6.9004
13.978    11.422    6.9004
13.993199    11.4372    6.9004
14.0571995    11.499599    6.9004
14.0716    11.5132    6.9004
14.1356    11.5756    6.9004
14.153999    11.597199    6.9004
14.188399    11.6356    6.9004
14.2148    11.6644    6.9004
14.246799    11.7012    6.9004
14.2588    11.7156    6.9004
14.269199    11.728399    6.9004
14.2788    11.739599    6.9004
14.2932    11.7556    6.9004
14.315599    11.7908    6.9004
14.3276    11.8188    6.9004
14.332399    11.8308    6.9004
14.3331995    11.831599    6.9004
14.3564    11.894799    6.9004
14.3708    11.95    6.9004
14.3932    12.0308    6.9004
14.407599    12.0924    6.9004
14.4092    12.1012    6.9004
14.41    12.106    6.9004
14.4268    12.1812    6.9004
14.441999    12.2564    6.9004
14.446    12.2796    6.9004
14.457999    12.3619995    6.9004
14.463599    12.3972    6.9004
14.4684    12.4316    6.9004
14.474    12.474    6.9004
14.4732    12.4844    6.9004
14.4788    12.546    6.9004
14.4788    12.5468    6.9004
14.478    12.5764    6.9004
14.474    12.601999    6.9004
14.4716    12.6212    6.9004
14.470799    12.63    6.9004
14.4676    12.694799    6.9004
14.4676    12.6988    6.9004
14.4612    12.7436    6.9004
14.452399    12.791599    6.9004
14.446    12.8356    6.9004
14.434799    12.9036    6.9004
14.4212    12.9772    6.9004
14.413199    13.0236    6.9004
14.4084    13.0548    6.9004
14.389199    13.141999    6.9004
14.3868    13.1564    6.9004
14.3852    13.162    6.9004
14.3652    13.251599    6.9004
14.346    13.3412    6.9004
14.344399    13.349999    6.9004
14.342799    13.358    6.9004
14.3196    13.4716    6.9004
14.3076    13.5292    6.9004
14.2948    13.585199    6.9004
14.2932    13.5892    6.9004
14.2892    13.601999    6.9004
14.2668    13.6779995    6.9004
14.262799    13.686    6.9004
14.25    13.710799    6.9004
14.246799    13.7196    6.9004
14.2444    13.723599    6.9004
14.217999    13.7492    6.9004
14.211599    13.757199    6.9004
14.165199    13.806    6.9004
14.1236    13.8412    6.9004
14.1004    13.8628    6.9004
14.0708    13.8988    6.9004
14.027599    13.9404    6.9004
13.992399    13.9796    6.9004
13.969999    14.0036    6.9004
13.9595995    14.0132    6.9004
13.9452    14.0356    6.9004
13.913199    14.0803995    6.9004
13.8644    14.1572    6.9004
13.861199    14.1644    6.9004
13.8516    14.188399    6.9004
13.8252    14.21    6.9004
13.8132    14.2355995    6.9004
13.802    14.229199    6.9004
13.785999    14.245199    6.9004
13.7644    14.2755995    6.9004
13.763599    14.2788    6.9004
13.762799    14.281199    6.9004
13.750799    14.331599    6.9004
13.7372    14.3628    6.9004
13.734799    14.372399    6.9004
13.729199    14.434799    6.9004
13.728399    14.4388    6.9004
13.7276    14.4436    6.9004
13.723599    14.4732    6.9004
13.7123995    14.5532    6.9004
13.710799    14.568399    6.9004
13.705999    14.636399    6.9004
13.705199    14.641999    6.9004
13.705199    14.642799    6.9004
13.7067995    14.73    6.9004
13.7067995    14.739599    6.9004
13.7067995    14.826799    6.9004
13.7076    14.849199    6.9004
13.7084    14.8924    6.9004
13.7148    14.9428    6.9004
13.7212    14.9908    6.9004
13.73    15.046    6.9004
13.7372    15.0836    6.9004
13.7492    15.1396    6.9004
13.754    15.165999    6.9004
13.7652    15.2076    6.9004
13.7732    15.246799    6.9004
13.7755995    15.254    6.9004
13.8076    15.3524    6.9004
13.8108    15.361199    6.9004
13.8276    15.414    6.9004
13.838799    15.4428    6.9004
13.8572    15.4939995    6.9004
13.8884    15.567599    6.9004
13.894    15.579599    6.9004
13.9028    15.601999    6.9004
13.917999    15.6396    6.9004
13.929199    15.665199    6.9004
13.936399    15.6796    6.9004
13.9508    15.7148    6.9004
13.9595995    15.739599    6.9004
13.9628    15.745999    6.9004
13.976399    15.7532    6.9004
13.99    15.756399    6.9004
14.005199    15.722799    6.9004
14.0068    15.7012    6.9004
14.006    15.6924    6.9004
14.0084    15.6612    6.9004
14.026799    15.6508    6.9004
14.033199    15.65    6.9004
14.0372    15.653199    6.9004
14.0436    15.6636    6.9004
14.068399    15.693199    6.9004
14.090799    15.7316    6.9004
14.1116    15.757199    6.9004
14.1228    15.7716    6.9004
14.1852    15.860399    6.9004
14.257199    15.957999    6.9004
14.2956    16.013199    6.9004
14.3124    16.035599    6.9004
14.407599    16.1532    6.9004
14.481999    16.2372    6.9004
14.5012    16.2588    6.9004
14.556399    16.322    6.9004
14.6435995    16.4244    6.9004
14.665199    16.446    6.9004
14.6804    16.4628    6.9004
14.734799    16.531599    6.9004
14.740399    16.538    6.9004
14.750799    16.5604    6.9004
14.7772    16.5956    6.9004
14.7948    16.6308    6.9004
14.8012    16.6436    6.9004
14.8244    16.678799    6.9004
14.8292    16.6892    6.9004
14.8364    16.6988    6.9004
14.8412    16.7132    6.9004
14.8532    16.732399    6.9004
14.8596    16.7484    6.9004
14.8636    16.7524    6.9004
14.877999    16.784399    6.9004
14.886    16.8084    6.9004
14.8916    16.8196    6.9004
14.8988    16.8372    6.9004
14.906799    16.8468    6.9004
14.913199    16.8596    6.9004
14.926    16.882    6.9004
14.9307995    16.8932    6.9004
14.935599    16.897999    6.9004
14.9684    16.9692    6.9004
14.978    16.990799    6.9004
14.9796    16.994799    6.9004
14.9836    17.001999    6.9004
15.003599    17.042799    6.9004
15.0188    17.074    6.9004
15.0316    17.098799    6.9004
15.054    17.1484    6.9004
15.0692    17.180399    6.9004
15.1116    17.2652    6.9004
15.120399    17.282799    6.9004
15.1452    17.3308    6.9004
15.1556    17.351599    6.9004
15.193199    17.4308    6.9004
15.2332    17.5124    6.9004
15.2932    17.639599    6.9004
15.326799    17.7076    6.9004
15.3619995    17.7812    6.9004
15.41    17.881199    6.9004
15.422    17.906    6.9004
15.446799    17.962    6.9004
15.486    18.0476    6.9004
15.544399    18.178799    6.9004
15.549999    18.189999    6.9004
15.5716    18.2388    6.9004
15.6236    18.3548    6.9004
15.630799    18.3732    6.9004
15.6388    18.3876    6.9004
15.647599    18.4132    6.9004
15.6612    18.446    6.9004
15.681999    18.505999    6.9004
15.682799    18.5068    6.9004
15.705999    18.5732    6.9004
15.7156    18.6012    6.9004
15.7156    18.6028    6.9004
15.7364    18.6868    6.9004
15.763599    18.7964    6.9004
15.7836    18.881199    6.9004
15.785199    18.886    6.9004
15.785199    18.8876    6.9004
15.785999    18.89    6.9004
15.786799    18.894    6.9004
15.8116    19.0228    6.9004
15.8228    19.094799    6.9004
15.8348    19.1628    6.9004
15.843599    19.2044    6.9004
15.854799    19.2692    6.9004
15.8572    19.289999    6.9004
15.8572    19.2972    6.9004
15.8596    19.3196    6.9004
15.860399    19.3356    6.9004
15.8588    19.3724    6.9004
15.8596    19.3732    6.9004
15.854799    19.409199    6.9004
15.854799    19.4124    6.9004
15.853999    19.414799    6.9004
15.844399    19.4604    6.9004
15.825999    19.518799    6.9004
15.8004    19.5892    6.9004
15.7876    19.622799    6.9004
15.761999    19.682    6.9004
15.754    19.6996    6.9004
15.7444    19.719599    6.9004
15.727599    19.754    6.9004
15.710799    19.7804    6.9004
15.694799    19.806799    6.9004
15.670799    19.8396    6.9004
15.638    19.8844    6.9004
15.630799    19.89    6.9004
15.606    19.9076    6.9004
15.567599    19.9156    6.9004
15.562799    19.916399    6.9004
15.5604    19.916399    6.9004
15.5492    19.914    6.9004
15.5188    19.91    6.9004
15.5171995    19.909199    6.9004
15.514    19.909199    6.9004
15.469199    19.8876    6.9004
15.4595995    19.8836    6.9004
15.4508    19.8804    6.9004
15.405999    19.8604    6.9004
15.3804    19.8468    6.9004
15.3468    19.827599    6.9004
15.291599    19.7948    6.9004
15.2836    19.7892    6.9004
15.2724    19.782    6.9004
15.2532    19.7668    6.9004
15.2212    19.7372    6.9004
15.1964    19.7156    6.9004
15.1748    19.6948    6.9004
15.170799    19.6908    6.9004
15.154799    19.6756    6.9004
15.15    19.67    6.9004
15.148399    19.6684    6.9004
15.1396    19.657999    6.9004
15.1124    19.6252    6.9004
15.1052    19.6196    6.9004
15.0868    19.5956    6.9004
15.0828    19.5964    6.9004
15.0756    19.594    6.9004
15.056399    19.59    6.9004
15.0428    19.594799    6.9004
15.028399    19.6036    6.9004
15.0084    19.617199    6.9004
14.9804    19.6292    6.9004
14.9628    19.6372    6.9004
14.9204    19.6476    6.9004
14.878799    19.6572    6.9004
14.8068    19.6628    6.9004
14.7996    19.663599    6.9004
14.782    19.661999    6.9004
14.7355995    19.654    6.9004
14.726    19.6524    6.9004
14.6852    19.6476    6.9004
14.625999    19.633999    6.9004
14.598    19.6252    6.9004
14.5836    19.6196    6.9004
14.5148    19.593199    6.9004
14.5092    19.5916    6.9004
14.4676    19.570799    6.9004
14.4108    19.541199    6.9004
14.3508    19.5028    6.9004
14.3252    19.4884    6.9004
14.291599    19.466    6.9004
14.23    19.4244    6.9004
14.1516    19.3676    6.9004
14.136399    19.3564    6.9004
14.124399    19.3468    6.9004
14.061199    19.2964    6.9004
14.039599    19.2796    6.9004
13.957999    19.2108    6.9004
13.936399    19.191599    6.9004
13.8684    19.1308    6.9004
13.8412    19.1052    6.9004
13.7852    19.05    6.9004
13.7436    19.007599    6.9004
13.7196    18.9828    6.9004
13.6524    18.9156    6.9004
13.598    18.8564    6.9004
13.561199    18.816399    6.9004
13.5036    18.749199    6.9004
13.4828    18.7236    6.9004
13.4716    18.7108    6.9004
13.446799    18.6812    6.9004
13.384399    18.6084    6.9004
13.3164    18.5196    6.9004
13.2956    18.4916    6.9004
13.254    18.434    6.9004
13.2156    18.3804    6.9004
13.202    18.3612    6.9004
13.1636    18.3036    6.9004
13.1164    18.2332    6.9004
13.085199    18.1868    6.9004
13.028399    18.093199    6.9004
13.0036    18.0516    6.9004
12.9251995    17.916399    6.9004
12.9228    17.9116    6.9004
12.844399    17.7724    6.9004
12.8164    17.7204    6.9004
12.7668    17.622799    6.9004
12.726    17.5452    6.9004
12.686    17.4644    6.9004
12.6332    17.3468    6.9004
12.590799    17.2508    6.9004
12.53    17.1124    6.9004
12.5196    17.0884    6.9004
12.516399    17.0804    6.9004
12.505199    17.053999    6.9004
12.452399    16.9188    6.9004
12.3988    16.782    6.9004
12.3988    16.7804    6.9004
12.3963995    16.7756    6.9004
12.349999    16.6468    6.9004
12.318    16.552399    6.9004
12.303599    16.5108    6.9004
12.2987995    16.4956    6.9004
12.2724    16.418    6.9004
12.2484    16.3444    6.9004
12.2452    16.334    6.9004
12.1972    16.1724    6.9004
12.1916    16.1524    6.9004
12.146    15.9939995    6.9004
12.1404    15.974    6.9004
12.09    15.7844    6.9004
12.082    15.750799    6.9004
12.0588    15.664399    6.9004
12.038    15.57    6.9004
12.002    15.413199    6.9004
11.9772    15.297999    6.9004
11.966    15.245199    6.9004
11.9492    15.160399    6.9004
11.926    15.0372    6.9004
11.9044    14.922    6.9004
11.8852    14.819599    6.9004
11.861199    14.689199    6.9004
11.8596    14.676399    6.9004
11.858    14.6676    6.9004
11.8476    14.6068    6.9004
11.8228    14.4604    6.9004
11.818    14.4316    6.9004
11.8084    14.374    6.9004
11.7828    14.211599    6.9004
11.7716    14.142799    6.9004
11.7604    14.061999    6.9004
11.751599    13.9956    6.9004
11.7316    13.8476    6.9004
11.7148    13.7012    6.9004
11.705199    13.620399    6.9004
11.7044    13.6092    6.9004
11.6956    13.4892    6.9004
11.6924    13.446    6.9004
11.682799    13.2948    6.9004
11.682    13.2699995    6.9004
11.6804    13.1164    6.9004
11.6804    13.1124    6.9004
11.6804    13.091599    6.9004
11.682799    12.9939995    6.9004
11.682799    12.9796    6.9004
11.683599    12.938    6.9004
11.6844    12.889199    6.9004
11.686    12.8452    6.9004
11.69    12.786799    6.9004
11.6932    12.7436    6.9004
11.7028    12.6676    6.9004
11.7092    12.6212    6.9004
11.723599    12.5204    6.9004
11.7244    12.518    6.9004
11.7444    12.4044    6.9004
11.7716    12.3004    6.9004
11.7772    12.2788    6.9004
11.782    12.262    6.9004
11.8052    12.183599    6.9004
11.821199    12.1356    6.9004
11.832399    12.1052    6.9004
11.838799    12.0884    6.9004
11.849199    12.0636    6.9004
11.8764    12.0012    6.9004
11.8907995    11.9692    6.9004
11.913199    11.924399    6.9004
11.9196    11.913199    6.9004
11.966    11.8276    6.9004
11.974    11.815599    6.9004
12.0084    11.7732    6.9004
12.0404    11.722799    6.9004
12.044399    11.717999    6.9004
12.0476    11.7132    6.9004
12.0892    11.6684    6.9004
12.1172    11.6356    6.9004
12.1268    11.625999    6.9004
12.1868    11.5692    6.9004
12.205999    11.5524    6.9004
