2.4756    27.013199    20.7004
2.4716    26.9772    20.7004
2.4731998    26.953999    20.7004
2.4724    26.949999    20.7004
2.474    26.931599    20.7004
2.4772    26.906    20.7004
2.4828    26.8764    20.7004
2.4852    26.8652    20.7004
2.4852    26.864399    20.7004
2.4931998    26.838    20.7004
2.494    26.8364    20.7004
2.4956    26.8324    20.7004
2.5075998    26.8084    20.7004
2.5204    26.7836    20.7004
2.5212    26.782799    20.7004
2.5388    26.749199    20.7004
2.5388    26.7484    20.7004
2.5188    26.7148    20.7004
2.5172    26.7132    20.7004
2.4956    26.6892    20.7004
2.49    26.682798    20.7004
2.4756    26.6644    20.7004
2.4628    26.646    20.7004
2.4587998    26.639599    20.7004
2.4515998    26.6236    20.7004
2.4387999    26.597198    20.7004
2.4387999    26.5956    20.7004
2.4315999    26.5732    20.7004
2.4268    26.5588    20.7004
2.4268    26.556398    20.7004
2.4196    26.5204    20.7004
2.4187999    26.5044    20.7004
2.418    26.4868    20.7004
2.418    26.4732    20.7004
2.4196    26.461199    20.7004
2.4212    26.4468    20.7004
2.4268    26.4236    20.7004
2.4276    26.420399    20.7004
2.4284    26.418    20.7004
2.438    26.3916    20.7004
2.4443998    26.378    20.7004
2.45    26.366    20.7004
2.4603999    26.351599    20.7004
2.4675999    26.340399    20.7004
2.4787998    26.327599    20.7004
2.4947999    26.310799    20.7004
2.5084    26.2988    20.7004
2.5324    26.282799    20.7004
2.5379999    26.2796    20.7004
2.5451999    26.275599    20.7004
2.5804    26.2556    20.7004
2.5923998    26.247599    20.7004
2.6123998    26.2188    20.7004
2.6123998    26.217999    20.7004
2.6028    26.1924    20.7004
2.5995998    26.1892    20.7004
2.5667999    26.146    20.7004
2.5595999    26.1356    20.7004
2.554    26.1244    20.7004
2.546    26.1076    20.7004
2.5396    26.09    20.7004
2.5356    26.0772    20.7004
2.5307999    26.0604    20.7004
2.5291998    26.053999    20.7004
2.5276    26.037199    20.7004
2.526    26.0268    20.7004
2.526    26.014    20.7004
2.5268    26.0044    20.7004
2.526    25.998    20.7004
2.5268    25.9868    20.7004
2.5284    25.9644    20.7004
2.5316    25.9476    20.7004
2.5363998    25.9324    20.7004
2.5412    25.9156    20.7004
2.5468    25.903599    20.7004
2.5507998    25.8916    20.7004
2.5612    25.8732    20.7004
2.5651999    25.864399    20.7004
2.574    25.851599    20.7004
2.5844    25.8364    20.7004
2.5916    25.829199    20.7004
2.618    25.806    20.7004
2.6292    25.7988    20.7004
2.6483998    25.784399    20.7004
2.6708    25.7732    20.7004
2.678    25.769999    20.7004
2.7028    25.758799    20.7004
2.7108    25.7556    20.7004
2.7292    25.7508    20.7004
2.7347999    25.749199    20.7004
2.7412    25.7484    20.7004
2.7819998    25.7412    20.7004
2.7851999    25.740398    20.7004
2.7891998    25.736399    20.7004
2.8163998    25.7188    20.7004
2.8156    25.7044    20.7004
2.8148    25.6876    20.7004
2.8132    25.6836    20.7004
2.8028    25.663599    20.7004
2.7924    25.63    20.7004
2.7916    25.6276    20.7004
2.7907999    25.622799    20.7004
2.7851999    25.593199    20.7004
2.7851999    25.5844    20.7004
2.7844    25.570799    20.7004
2.7844    25.545198    20.7004
2.7844    25.533998    20.7004
2.786    25.5044    20.7004
2.7876    25.4924    20.7004
2.7924    25.4604    20.7004
2.794    25.453999    20.7004
2.806    25.420399    20.7004
2.81    25.41    20.7004
2.8188    25.3916    20.7004
2.8235998    25.382    20.7004
2.8388    25.3596    20.7004
2.8395998    25.358799    20.7004
2.8667998    25.329199    20.7004
2.8667998    25.3284    20.7004
2.8676    25.327599    20.7004
2.8716    25.3244    20.7004
2.8955998    25.3044    20.7004
2.9108    25.299599    20.7004
2.9259999    25.2916    20.7004
2.9443998    25.2876    20.7004
2.9548    25.2852    20.7004
2.962    25.2836    20.7004
2.9764    25.282799    20.7004
2.9875998    25.282799    20.7004
3.0028    25.282799    20.7004
3.0172    25.284399    20.7004
3.0356    25.2876    20.7004
3.0651999    25.295599    20.7004
3.0676    25.2964    20.7004
3.0707998    25.297998    20.7004
3.0979998    25.310799    20.7004
3.1244    25.323599    20.7004
3.1339998    25.329199    20.7004
3.146    25.3364    20.7004
3.1516    25.340399    20.7004
3.1627998    25.347599    20.7004
3.1676    25.3508    20.7004
3.1804    25.358799    20.7004
3.2003999    25.3732    20.7004
3.218    25.3884    20.7004
3.2268    25.3948    20.7004
3.2356    25.3988    20.7004
3.2547998    25.418    20.7004
3.2796    25.4364    20.7004
3.2844    25.4404    20.7004
3.2851999    25.4404    20.7004
3.2891998    25.442    20.7004
3.3148    25.4476    20.7004
3.3411999    25.438799    20.7004
3.346    25.438799    20.7004
3.3492    25.4348    20.7004
3.3628    25.4124    20.7004
3.3636    25.41    20.7004
3.3667998    25.3876    20.7004
3.3683999    25.3708    20.7004
3.3692    25.3508    20.7004
3.398    25.0796    20.7004
3.4083998    24.9924    20.7004
3.4292    24.8196    20.7004
3.4371998    24.7524    20.7004
3.458    24.5828    20.7004
3.4764    24.4436    20.7004
3.4947999    24.3044    20.7004
3.5131998    24.1668    20.7004
3.5316    24.039598    20.7004
3.5684    23.7692    20.7004
3.574    23.7332    20.7004
3.5828    23.6724    20.7004
3.6227999    23.4084    20.7004
3.6332    23.340399    20.7004
3.6668    23.126    20.7004
3.6676    23.122    20.7004
3.7124    22.8484    20.7004
3.714    22.8364    20.7004
3.7484    22.6388    20.7004
3.7659998    22.546    20.7004
3.7924    22.394    20.7004
3.8091998    22.3028    20.7004
3.8379998    22.1412    20.7004
3.8739998    21.9532    20.7004
3.886    21.890799    20.7004
3.9067998    21.788399    20.7004
3.9348    21.6524    20.7004
3.9692    21.4956    20.7004
3.9819999    21.437199    20.7004
4.0196    21.2636    20.7004
4.0524    21.1204    20.7004
4.0587997    21.0916    20.7004
4.0692    21.0492    20.7004
4.1084    20.882    20.7004
4.1172    20.847599    20.7004
4.1484    20.7228    20.7004
4.1796    20.6092    20.7004
4.1875997    20.5796    20.7004
4.1956    20.5516    20.7004
4.218    20.466799    20.7004
4.226    20.4404    20.7004
4.2444    20.369999    20.7004
4.2644    20.3116    20.7004
4.2868    20.2396    20.7004
4.302    20.1884    20.7004
4.3356    20.0812    20.7004
4.3515997    20.0276    20.7004
4.382    19.942799    20.7004
4.4052    19.8764    20.7004
4.4124    19.858799    20.7004
4.4212    19.838    20.7004
4.434    19.8084    20.7004
4.4684    19.7236    20.7004
4.5092    19.6308    20.7004
4.534    19.581999    20.7004
4.5611997    19.5364    20.7004
4.586    19.4932    20.7004
4.6148    19.4524    20.7004
4.6204    19.444399    20.7004
4.6556    19.4052    20.7004
4.658    19.403599    20.7004
4.6836    19.397999    20.7004
4.7012    19.3916    20.7004
4.7188    19.3828    20.7004
4.7292    19.378    20.7004
4.7363997    19.3804    20.7004
4.7627997    19.3892    20.7004
4.782    19.3972    20.7004
4.798    19.4052    20.7004
4.8108    19.425999    20.7004
4.8227997    19.442    20.7004
4.8292    19.4548    20.7004
4.8556    19.518799    20.7004
4.8659997    19.546    20.7004
4.8812    19.586    20.7004
4.8908    19.6348    20.7004
4.91    19.7332    20.7004
4.9196    19.793999    20.7004
4.93    19.8764    20.7004
4.9412    19.9828    20.7004
4.9444    20.0084    20.7004
4.9491997    20.0868    20.7004
4.9579997    20.206799    20.7004
4.9628    20.2868    20.7004
4.9684    20.4772    20.7004
4.9691997    20.5508    20.7004
4.9691997    20.673199    20.7004
4.9684    20.8804    20.7004
4.9684    20.9052    20.7004
4.9676    20.9268    20.7004
4.966    21.065199    20.7004
4.9644    21.1204    20.7004
4.962    21.2132    20.7004
4.9604    21.249199    20.7004
4.9547997    21.4044    20.7004
4.9532    21.442    20.7004
4.946    21.5972    20.7004
4.9403996    21.6964    20.7004
4.9356    21.806    20.7004
4.9268    21.9476    20.7004
4.9212    22.042799    20.7004
4.9147997    22.139599    20.7004
4.898    22.3724    20.7004
4.8868    22.5252    20.7004
4.8756    22.6644    20.7004
4.8684    22.7444    20.7004
4.8532    22.918    20.7004
4.8348    23.1028    20.7004
4.8252    23.21    20.7004
4.8027997    23.420399    20.7004
4.7812    23.6164    20.7004
4.7739997    23.6812    20.7004
4.77    23.7172    20.7004
4.7668    23.7468    20.7004
4.7316    24.046    20.7004
4.698    24.306    20.7004
4.6907997    24.3692    20.7004
4.6724    24.505999    20.7004
4.6612    24.59    20.7004
4.6548    24.6372    20.7004
4.6316    24.810799    20.7004
4.6164    24.914799    20.7004
4.6012    25.022799    20.7004
4.5755997    25.1964    20.7004
4.5611997    25.297998    20.7004
4.5284    25.513199    20.7004
4.5211997    25.5588    20.7004
4.5172    25.5892    20.7004
4.4796    25.826    20.7004
4.4644    25.918798    20.7004
4.4404    26.0676    20.7004
4.4068    26.254799    20.7004
4.3835998    26.3844    20.7004
4.3708    26.455599    20.7004
4.3636    26.487598    20.7004
4.3524    26.5492    20.7004
4.3515997    26.552399    20.7004
4.3515997    26.556398    20.7004
4.3515997    26.559599    20.7004
4.3468    26.5828    20.7004
4.3468    26.6092    20.7004
4.3468    26.6124    20.7004
4.3508    26.6404    20.7004
4.3508    26.6412    20.7004
4.3652    26.669199    20.7004
4.3644    26.673199    20.7004
4.37    26.684399    20.7004
4.3828    26.684399    20.7004
4.4012    26.689999    20.7004
4.4228    26.6876    20.7004
4.4379997    26.684399    20.7004
4.4532    26.682    20.7004
4.5004    26.6812    20.7004
4.5284    26.682    20.7004
4.5572    26.682    20.7004
4.5875998    26.682    20.7004
4.5948    26.6836    20.7004
4.6172    26.6908    20.7004
4.6363997    26.6948    20.7004
4.6412    26.6964    20.7004
4.6468    26.6988    20.7004
4.6875997    26.7156    20.7004
4.6892    26.7164    20.7004
4.7092    26.73    20.7004
4.73    26.747599    20.7004
4.7348    26.753199    20.7004
4.7588    26.784399    20.7004
4.7644    26.7916    20.7004
4.7692    26.7988    20.7004
4.7724    26.806    20.7004
4.7892    26.8412    20.7004
4.7971997    26.8708    20.7004
4.802    26.892399    20.7004
4.8044    26.9308    20.7004
4.8052    26.944399    20.7004
4.8052    26.949999    20.7004
4.8059998    26.9676    20.7004
4.8044    26.998798    20.7004
4.8027997    27.0212    20.7004
4.8012    27.0308    20.7004
4.7932    27.05    20.7004
4.79    27.056398    20.7004
4.7908    27.057999    20.7004
4.7908    27.0868    20.7004
4.7908    27.087599    20.7004
4.8036    27.1372    20.7004
4.8052    27.15    20.7004
4.8083997    27.1796    20.7004
4.8092    27.1924    20.7004
4.8059998    27.2228    20.7004
4.8052    27.237999    20.7004
4.8027997    27.253199    20.7004
4.7948    27.295599    20.7004
4.7939997    27.299599    20.7004
4.7924    27.303598    20.7004
4.782    27.334    20.7004
4.7804    27.338    20.7004
4.7716    27.362799    20.7004
4.7676    27.3708    20.7004
4.7588    27.390799    20.7004
4.7524    27.401999    20.7004
4.7388    27.4284    20.7004
4.7251997    27.449999    20.7004
4.7124    27.4676    20.7004
4.7004    27.4884    20.7004
4.6772    27.5236    20.7004
4.6756    27.5268    20.7004
4.6563997    27.5532    20.7004
4.6516    27.561998    20.7004
4.6187997    27.6052    20.7004
4.6036    27.6236    20.7004
4.5987997    27.6276    20.7004
4.5643997    27.667599    20.7004
4.5524    27.6796    20.7004
4.5316    27.7004    20.7004
4.5284    27.7036    20.7004
4.5243998    27.706799    20.7004
4.4796    27.7444    20.7004
4.4723997    27.75    20.7004
4.4444    27.771599    20.7004
4.4404    27.7748    20.7004
4.4364    27.7764    20.7004
4.4003997    27.7988    20.7004
4.3988    27.799599    20.7004
4.3724    27.812399    20.7004
4.3492    27.8212    20.7004
4.3427997    27.8228    20.7004
4.3148    27.826    20.7004
4.3036    27.827599    20.7004
4.2748    27.826    20.7004
4.2692    27.8268    20.7004
4.2516    27.8228    20.7004
4.2348    27.8188    20.7004
4.2276    27.816399    20.7004
4.21    27.81    20.7004
4.1851997    27.7964    20.7004
4.1804    27.793999    20.7004
4.154    27.781199    20.7004
4.1507998    27.7796    20.7004
4.1219997    27.775599    20.7004
4.118    27.7732    20.7004
4.11    27.775599    20.7004
4.094    27.802    20.7004
4.0892    27.812399    20.7004
4.082    27.8428    20.7004
4.0524    27.9692    20.7004
4.0204    28.097198    20.7004
3.9987998    28.184399    20.7004
3.9828    28.2412    20.7004
3.9731998    28.277199    20.7004
3.9299998    28.4348    20.7004
3.902    28.526    20.7004
3.8611999    28.656399    20.7004
3.8604    28.6596    20.7004
3.8267999    28.7596    20.7004
3.814    28.799599    20.7004
3.8068    28.8188    20.7004
3.7547998    28.972399    20.7004
3.7236    29.0492    20.7004
3.7196    29.0572    20.7004
3.7156    29.0644    20.7004
3.6771998    29.150799    20.7004
3.6683998    29.1708    20.7004
3.6395998    29.2276    20.7004
3.6028    29.2916    20.7004
3.5979998    29.299599    20.7004
3.5956    29.3044    20.7004
3.5892    29.314798    20.7004
3.5532    29.366798    20.7004
3.5059998    29.413198    20.7004
3.498    29.4196    20.7004
3.4924    29.4196    20.7004
3.4571998    29.431599    20.7004
3.4404    29.437199    20.7004
3.4227998    29.438    20.7004
3.4132    29.438799    20.7004
3.3996    29.437199    20.7004
3.3836    29.420399    20.7004
3.3788    29.416399    20.7004
3.3716    29.4044    20.7004
3.3516    29.3748    20.7004
3.3332    29.344398    20.7004
3.3132    29.288399    20.7004
3.2963998    29.236399    20.7004
3.2844    29.198    20.7004
3.2691998    29.117199    20.7004
3.258    29.063599    20.7004
3.2452    28.9692    20.7004
3.2292    28.81    20.7004
3.2284    28.7948    20.7004
3.2275999    28.782799    20.7004
3.2171998    28.6524    20.7004
3.2115998    28.5388    20.7004
3.2075999    28.462    20.7004
3.202    28.3188    20.7004
3.2012    28.2452    20.7004
3.2012    28.180399    20.7004
3.2012    28.069199    20.7004
3.2003999    28.014    20.7004
3.2012    27.9532    20.7004
3.2028    27.857199    20.7004
3.2059999    27.6932    20.7004
3.2068    27.6572    20.7004
3.214    27.4292    20.7004
3.2148    27.414799    20.7004
3.2148    27.4124    20.7004
3.2187998    27.368399    20.7004
3.2171998    27.3652    20.7004
3.2099998    27.334799    20.7004
3.2068    27.3324    20.7004
3.182    27.3204    20.7004
3.1787999    27.3188    20.7004
3.1492    27.306799    20.7004
3.1483998    27.306799    20.7004
3.1452    27.3076    20.7004
3.118    27.3116    20.7004
3.1139998    27.3132    20.7004
3.0988    27.3156    20.7004
3.0588    27.323599    20.7004
3.0316    27.327599    20.7004
3.0091999    27.327599    20.7004
2.9636    27.3268    20.7004
2.9556    27.3252    20.7004
2.9284    27.3212    20.7004
2.8964    27.314    20.7004
2.8948    27.314    20.7004
2.8932    27.314    20.7004
2.8724    27.306799    20.7004
2.8716    27.306799    20.7004
2.8444    27.3044    20.7004
2.842    27.305199    20.7004
2.8123999    27.3084    20.7004
2.8107998    27.3084    20.7004
2.786    27.306799    20.7004
2.7772    27.306    20.7004
2.7516    27.303598    20.7004
2.7436    27.303598    20.7004
2.7131999    27.2948    20.7004
2.6987998    27.2908    20.7004
2.6636    27.278    20.7004
2.658    27.275599    20.7004
2.626    27.258    20.7004
2.622    27.2564    20.7004
2.6195998    27.254799    20.7004
2.5892    27.2316    20.7004
2.5732    27.2172    20.7004
2.5604    27.202    20.7004
2.5468    27.1836    20.7004
2.5379999    27.1724    20.7004
2.5228    27.149199    20.7004
2.5172    27.139599    20.7004
2.5156    27.1364    20.7004
2.4963999    27.094    20.7004
2.494    27.09    20.7004
2.4916    27.0812    20.7004
2.4844    27.057999    20.7004
2.4772    27.0268    20.7004
2.4756    27.0212    20.7004
2.4756    27.018    20.7004
2.4756    27.013199    20.7004
