15.3308    25.533998    14.1004
15.3524    25.522    14.1004
15.3796    25.5044    14.1004
15.3884    25.4996    14.1004
15.412399    25.4884    14.1004
15.417199    25.486    14.1004
15.4724    25.4644    14.1004
15.476399    25.4628    14.1004
15.5012    25.4548    14.1004
15.514    25.453999    14.1004
15.5252    25.4532    14.1004
15.582    25.448399    14.1004
15.5828    25.448399    14.1004
15.584399    25.448399    14.1004
15.5924    25.448399    14.1004
15.625999    25.4476    14.1004
15.6412    25.4492    14.1004
15.700399    25.4548    14.1004
15.7196    25.4636    14.1004
15.7772    25.4844    14.1004
15.809999    25.494    14.1004
15.815599    25.4972    14.1004
15.9148    25.548399    14.1004
15.9204    25.550798    14.1004
15.926    25.5548    14.1004
16.007599    25.609999    14.1004
16.0324    25.626799    14.1004
16.0716    25.657999    14.1004
16.1196    25.6964    14.1004
16.2188    25.7796    14.1004
16.2236    25.7836    14.1004
16.3212    25.862    14.1004
16.334    25.8724    14.1004
16.438    25.9508    14.1004
16.454    25.962    14.1004
16.4676    25.9716    14.1004
16.5052    25.9972    14.1004
16.542    26.0212    14.1004
16.5588    26.031599    14.1004
16.566    26.033998    14.1004
16.5908    26.041199    14.1004
16.598    26.0404    14.1004
16.615599    26.039598    14.1004
16.626    26.0404    14.1004
16.6348    26.0388    14.1004
16.642    26.0388    14.1004
16.654    26.0388    14.1004
16.691599    26.0404    14.1004
16.6988    26.039598    14.1004
16.725199    26.0388    14.1004
16.7404    26.037199    14.1004
16.7596    26.0348    14.1004
16.8388    26.0268    14.1004
16.858    26.0236    14.1004
16.8908    26.017199    14.1004
16.9804    25.9996    14.1004
17.0924    25.976398    14.1004
17.1388    25.966    14.1004
17.180399    25.958    14.1004
17.2596    25.9412    14.1004
17.2796    25.938    14.1004
17.334799    25.931599    14.1004
17.345999    25.9308    14.1004
17.394    25.9292    14.1004
17.3956    25.9284    14.1004
17.434    25.9308    14.1004
17.444399    25.931599    14.1004
17.4636    25.934    14.1004
17.4876    25.9396    14.1004
17.5108    25.9452    14.1004
17.526    25.9516    14.1004
17.535599    25.9548    14.1004
17.5532    25.9628    14.1004
17.57    25.972399    14.1004
17.5852    25.9804    14.1004
17.611599    25.9996    14.1004
17.622    26.005999    14.1004
17.633999    26.0148    14.1004
17.6476    26.0268    14.1004
17.6644    26.042    14.1004
17.674799    26.0492    14.1004
17.7188    26.09    14.1004
17.7204    26.091599    14.1004
17.7292    26.1012    14.1004
17.795599    26.174    14.1004
17.8076    26.1876    14.1004
17.814    26.194    14.1004
17.834    26.2156    14.1004
17.840399    26.222    14.1004
17.8524    26.223598    14.1004
17.8788    26.226799    14.1004
17.882    26.225199    14.1004
17.9076    26.2148    14.1004
17.9172    26.21    14.1004
17.9452    26.198    14.1004
17.958    26.1948    14.1004
17.985199    26.1852    14.1004
18.0036    26.182798    14.1004
18.0172    26.180399    14.1004
18.034    26.1812    14.1004
18.0436    26.182    14.1004
18.046799    26.182798    14.1004
18.0676    26.1892    14.1004
18.0964    26.197199    14.1004
18.1124    26.202    14.1004
18.146    26.212399    14.1004
18.202799    26.2316    14.1004
18.2276    26.241999    14.1004
18.2908    26.2652    14.1004
18.3316    26.282    14.1004
18.3788    26.302    14.1004
18.4228    26.3212    14.1004
18.5108    26.3596    14.1004
18.518    26.3636    14.1004
18.5252    26.3692    14.1004
18.542799    26.381199    14.1004
18.552399    26.3916    14.1004
18.566    26.403599    14.1004
18.574799    26.413198    14.1004
18.598799    26.4572    14.1004
18.602    26.4628    14.1004
18.609999    26.479599    14.1004
18.6532    26.5676    14.1004
18.6652    26.594    14.1004
18.6716    26.608398    14.1004
18.6908    26.656399    14.1004
18.702799    26.691599    14.1004
18.708399    26.7092    14.1004
18.721199    26.754    14.1004
18.726    26.777199    14.1004
18.73    26.793999    14.1004
18.7332    26.812399    14.1004
18.734    26.8228    14.1004
18.734    26.8452    14.1004
18.732399    26.858799    14.1004
18.732399    26.8748    14.1004
18.726    26.914799    14.1004
18.725199    26.9172    14.1004
18.7228    26.924398    14.1004
18.7156    26.9452    14.1004
18.713999    26.9524    14.1004
18.7124    26.959599    14.1004
18.71    26.966    14.1004
18.6852    27.0276    14.1004
18.6724    27.0556    14.1004
18.6572    27.087599    14.1004
18.6516    27.100399    14.1004
18.614    27.171598    14.1004
18.6108    27.178    14.1004
18.6084    27.182    14.1004
18.598    27.1988    14.1004
18.574799    27.2372    14.1004
18.5556    27.2684    14.1004
18.542799    27.288399    14.1004
18.537199    27.295599    14.1004
18.5124    27.3316    14.1004
18.498    27.344398    14.1004
18.4876    27.355598    14.1004
18.466799    27.3716    14.1004
18.4588    27.379599    14.1004
18.397999    27.4252    14.1004
18.3556    27.455599    14.1004
18.3372    27.47    14.1004
18.3132    27.487598    14.1004
18.2788    27.511599    14.1004
18.249199    27.5324    14.1004
18.221199    27.5516    14.1004
18.1828    27.5772    14.1004
18.146    27.602    14.1004
18.109999    27.6276    14.1004
18.0676    27.6556    14.1004
18.0476    27.669199    14.1004
18.0332    27.678    14.1004
17.9932    27.702799    14.1004
17.9868    27.706799    14.1004
17.9572    27.7244    14.1004
17.9284    27.7388    14.1004
17.9212    27.7428    14.1004
17.9172    27.7444    14.1004
17.910799    27.7468    14.1004
17.8916    27.751598    14.1004
17.8852    27.7524    14.1004
17.8596    27.7524    14.1004
17.8204    27.7484    14.1004
17.799599    27.745998    14.1004
17.753199    27.7356    14.1004
17.747599    27.734    14.1004
17.7372    27.732399    14.1004
17.7164    27.740398    14.1004
17.7052    27.7468    14.1004
17.6988    27.7524    14.1004
17.6868    27.7636    14.1004
17.6756    27.7732    14.1004
17.65    27.801199    14.1004
17.628399    27.8252    14.1004
17.6188    27.834799    14.1004
17.5732    27.8836    14.1004
17.505999    27.955599    14.1004
17.4956    27.966799    14.1004
17.4436    28.0196    14.1004
17.403599    28.059599    14.1004
17.362799    28.1036    14.1004
17.33    28.1332    14.1004
17.2788    28.188398    14.1004
17.2788    28.1892    14.1004
17.226799    28.2316    14.1004
17.208399    28.2468    14.1004
17.1956    28.2564    14.1004
17.178799    28.269999    14.1004
17.178    28.2708    14.1004
17.1436    28.297998    14.1004
17.094799    28.33    14.1004
17.0908    28.3324    14.1004
17.087599    28.334799    14.1004
17.0516    28.358    14.1004
17.0204    28.3764    14.1004
16.9924    28.3892    14.1004
16.9868    28.3916    14.1004
16.9748    28.3972    14.1004
16.9404    28.414    14.1004
16.9308    28.418    14.1004
16.921999    28.420399    14.1004
16.8844    28.4308    14.1004
16.840399    28.438799    14.1004
16.8308    28.4404    14.1004
16.8172    28.442    14.1004
16.7524    28.4492    14.1004
16.6628    28.448399    14.1004
16.6372    28.4492    14.1004
16.609999    28.4516    14.1004
16.5548    28.4548    14.1004
16.518799    28.4548    14.1004
16.494799    28.4564    14.1004
16.4492    28.461199    14.1004
16.4196    28.4684    14.1004
16.4124    28.4716    14.1004
16.4084    28.472399    14.1004
16.4044    28.4748    14.1004
16.381199    28.485199    14.1004
16.362799    28.498798    14.1004
16.334    28.518799    14.1004
16.3268    28.5236    14.1004
16.2556    28.5844    14.1004
16.25    28.5884    14.1004
16.2452    28.593199    14.1004
16.145199    28.6836    14.1004
16.117199    28.71    14.1004
16.0844    28.7412    14.1004
15.952399    28.8716    14.1004
15.9036    28.9196    14.1004
15.895599    28.927599    14.1004
15.8876    28.935598    14.1004
15.831599    28.990799    14.1004
15.785999    29.0348    14.1004
15.7772    29.042    14.1004
15.7028    29.1132    14.1004
15.665999    29.145199    14.1004
15.620399    29.185999    14.1004
15.5836    29.2164    14.1004
15.5515995    29.2444    14.1004
15.49    29.2908    14.1004
15.469199    29.305199    14.1004
15.4428    29.321999    14.1004
15.4148    29.338799    14.1004
15.400399    29.3492    14.1004
15.354799    29.3772    14.1004
15.315599    29.4004    14.1004
15.2548    29.4284    14.1004
15.2316    29.4396    14.1004
15.1788    29.4628    14.1004
15.134    29.4828    14.1004
15.0484    29.5068    14.1004
14.998799    29.522    14.1004
14.9604    29.5348    14.1004
14.8244    29.5772    14.1004
14.762799    29.5964    14.1004
14.7212    29.611599    14.1004
14.6908    29.6236    14.1004
14.636399    29.649199    14.1004
14.6164    29.6596    14.1004
14.596399    29.6724    14.1004
14.561199    29.6932    14.1004
14.533199    29.713999    14.1004
14.478    29.753199    14.1004
14.463599    29.7636    14.1004
14.4595995    29.7676    14.1004
14.438    29.786798    14.1004
14.4324    29.7916    14.1004
14.418799    29.8172    14.1004
14.401999    29.8412    14.1004
14.3868    29.8708    14.1004
14.3524    29.944399    14.1004
14.3236    30.009998    14.1004
14.2644    30.141998    14.1004
14.2372    30.21    14.1004
14.217999    30.254799    14.1004
14.1964    30.3044    14.1004
14.1723995    30.3676    14.1004
14.120399    30.4996    14.1004
14.118799    30.504398    14.1004
14.090799    30.574    14.1004
14.067599    30.63    14.1004
14.0244    30.734798    14.1004
14.0188    30.7484    14.1004
14.009999    30.7676    14.1004
14.0028    30.784399    14.1004
13.9788    30.8372    14.1004
13.962    30.875599    14.1004
13.9452    30.91    14.1004
13.9324    30.938799    14.1004
13.9251995    30.9532    14.1004
13.9052    30.985199    14.1004
13.8972    30.9996    14.1004
13.877999    31.0292    14.1004
13.837199    31.0908    14.1004
13.822    31.1164    14.1004
13.8164    31.125198    14.1004
13.785999    31.1628    14.1004
13.7732    31.177198    14.1004
13.717199    31.2412    14.1004
13.714    31.2444    14.1004
13.7067995    31.25    14.1004
13.681999    31.2692    14.1004
13.6524    31.2908    14.1004
13.61    31.3228    14.1004
13.578    31.345999    14.1004
13.573199    31.3492    14.1004
13.53    31.3732    14.1004
13.516399    31.379599    14.1004
13.476399    31.394798    14.1004
13.469999    31.396399    14.1004
13.4307995    31.4012    14.1004
13.4156    31.403599    14.1004
13.395599    31.4044    14.1004
13.3652    31.406    14.1004
13.349999    31.4044    14.1004
13.2956    31.3956    14.1004
13.2772    31.3916    14.1004
13.2156    31.3748    14.1004
13.147599    31.353199    14.1004
13.119599    31.3452    14.1004
13.0956    31.338    14.1004
13.07    31.33    14.1004
13.0644    31.33    14.1004
13.0468    31.3308    14.1004
13.042    31.33    14.1004
13.026799    31.334799    14.1004
13.014    31.338799    14.1004
12.986    31.354    14.1004
12.9595995    31.3692    14.1004
12.946799    31.3772    14.1004
12.8684    31.4236    14.1004
12.837199    31.4436    14.1004
12.8004    31.466    14.1004
12.6788    31.539598    14.1004
12.6748    31.542    14.1004
12.671599    31.542799    14.1004
12.6491995    31.5556    14.1004
12.5876    31.585999    14.1004
12.5836    31.587599    14.1004
12.5268    31.6108    14.1004
12.516399    31.6148    14.1004
12.462    31.628399    14.1004
12.422    31.636398    14.1004
12.3684    31.6444    14.1004
12.3132    31.6524    14.1004
12.2836    31.656399    14.1004
12.274799    31.6572    14.1004
12.1796    31.663599    14.1004
12.165199    31.663599    14.1004
12.0716    31.6644    14.1004
11.975599    31.665998    14.1004
11.9612    31.665998    14.1004
11.849999    31.660398    14.1004
11.7876    31.657999    14.1004
11.641999    31.6468    14.1004
11.6332    31.646    14.1004
11.6292    31.646    14.1004
11.6147995    31.6444    14.1004
11.5171995    31.6356    14.1004
11.486799    31.6332    14.1004
11.4307995    31.628399    14.1004
11.3532    31.6236    14.1004
11.3228    31.621199    14.1004
11.274    31.6164    14.1004
11.1796    31.6108    14.1004
11.1244    31.608398    14.1004
10.9908    31.602798    14.1004
10.9692    31.602    14.1004
10.95    31.6012    14.1004
10.8244    31.593199    14.1004
10.7411995    31.5884    14.1004
10.726    31.5868    14.1004
10.6852    31.584398    14.1004
10.638    31.5812    14.1004
10.6172    31.580399    14.1004
10.5092    31.573198    14.1004
10.441199    31.570799    14.1004
10.343599    31.566    14.1004
10.280399    31.5628    14.1004
10.2492    31.5604    14.1004
10.2276    31.557999    14.1004
10.217999    31.5588    14.1004
10.193999    31.5612    14.1004
10.1908    31.561998    14.1004
10.1796    31.5716    14.1004
10.17    31.580399    14.1004
10.1676    31.5812    14.1004
10.138    31.6132    14.1004
10.130799    31.6204    14.1004
10.1124    31.6372    14.1004
10.1044    31.6444    14.1004
10.090799    31.6556    14.1004
10.0515995    31.685999    14.1004
10.039599    31.693998    14.1004
10.016399    31.710798    14.1004
10.0076    31.7148    14.1004
9.987599    31.726799    14.1004
9.9676    31.7372    14.1004
9.9492    31.7484    14.1004
9.922    31.758799    14.1004
9.9004    31.7668    14.1004
9.8868    31.7724    14.1004
9.8804    31.7748    14.1004
9.8564    31.7796    14.1004
9.8364    31.7836    14.1004
9.809199    31.7892    14.1004
9.7428    31.7972    14.1004
9.740399    31.7972    14.1004
9.734799    31.7972    14.1004
9.6708    31.7988    14.1004
9.658    31.799599    14.1004
9.6036    31.801199    14.1004
9.516399    31.799599    14.1004
9.4868    31.797998    14.1004
9.465199    31.7964    14.1004
9.4388    31.792398    14.1004
9.366    31.7796    14.1004
9.1396    31.740398    14.1004
9.1332    31.7396    14.1004
9.131599    31.7388    14.1004
9.1284    31.7388    14.1004
8.9396    31.7132    14.1004
8.8252    31.699598    14.1004
8.8164    31.698    14.1004
8.7196    31.691599    14.1004
8.6988    31.689999    14.1004
8.5836    31.682    14.1004
8.5404    31.680399    14.1004
8.438    31.6764    14.1004
8.413199    31.674799    14.1004
8.3972    31.6724    14.1004
8.3684    31.661999    14.1004
8.3428    31.654    14.1004
8.3204    31.646    14.1004
8.292399    31.6332    14.1004
8.2476    31.608398    14.1004
8.23    31.598799    14.1004
8.1972    31.578798    14.1004
8.160399    31.5556    14.1004
8.138    31.539598    14.1004
8.1284    31.5308    14.1004
8.1012    31.501999    14.1004
8.0812    31.4804    14.1004
8.073999    31.4716    14.1004
8.0412    31.424398    14.1004
8.0204    31.386799    14.1004
8.0124    31.362799    14.1004
8.0084    31.3252    14.1004
8.0068    31.3212    14.1004
8.0068    31.3172    14.1004
8.014    31.2892    14.1004
8.0171995    31.2692    14.1004
8.026    31.245998    14.1004
8.0372    31.2164    14.1004
8.05    31.1852    14.1004
8.0604    31.1612    14.1004
8.0748    31.133999    14.1004
8.085199    31.1204    14.1004
8.1092    31.087599    14.1004
8.1476    31.0404    14.1004
8.162    31.022799    14.1004
8.182799    31.000399    14.1004
8.1972    30.986    14.1004
8.2076    30.973999    14.1004
8.234    30.949999    14.1004
8.2652    30.9236    14.1004
8.280399    30.9116    14.1004
8.309999    30.886799    14.1004
8.3204    30.879599    14.1004
8.3892    30.827599    14.1004
8.4444    30.789999    14.1004
8.4564    30.781199    14.1004
8.49    30.762798    14.1004
8.5124    30.747599    14.1004
8.5388    30.730799    14.1004
8.5604    30.7204    14.1004
8.6108    30.699598    14.1004
8.65    30.680399    14.1004
8.658    30.674799    14.1004
8.671599    30.6668    14.1004
8.7156    30.643599    14.1004
8.7268    30.637999    14.1004
8.8316    30.602    14.1004
8.844399    30.597198    14.1004
8.8972    30.578798    14.1004
8.906    30.574799    14.1004
8.936399    30.566    14.1004
8.9684    30.5572    14.1004
9.0324    30.537199    14.1004
9.094    30.5212    14.1004
9.2188    30.487598    14.1004
9.2532    30.4788    14.1004
9.3244    30.4604    14.1004
9.3588    30.4516    14.1004
9.458    30.4236    14.1004
9.4883995    30.4156    14.1004
9.498    30.413198    14.1004
9.504399    30.410799    14.1004
9.5092    30.41    14.1004
9.556399    30.394798    14.1004
9.6188    30.3764    14.1004
9.637199    30.3708    14.1004
9.689199    30.3548    14.1004
9.745999    30.3372    14.1004
9.774    30.3284    14.1004
9.8619995    30.3044    14.1004
9.9292    30.2852    14.1004
9.9372    30.282799    14.1004
9.9428    30.282799    14.1004
9.9668    30.2764    14.1004
9.9676    30.2764    14.1004
9.9716    30.2764    14.1004
9.9948    30.2732    14.1004
9.9972    30.2724    14.1004
10.0004    30.2724    14.1004
10.0308    30.269999    14.1004
10.082    30.2724    14.1004
10.0884    30.2732    14.1004
10.091599    30.274    14.1004
10.1668    30.288399    14.1004
10.1804    30.289999    14.1004
10.2108    30.2972    14.1004
10.2324    30.3028    14.1004
10.266    30.320398    14.1004
10.266    30.3212    14.1004
10.2668    30.321999    14.1004
10.2684    30.321999    14.1004
10.3012    30.3428    14.1004
10.326799    30.3508    14.1004
10.3348    30.345999    14.1004
10.3476    30.3492    14.1004
10.3588    30.3492    14.1004
10.3804    30.354    14.1004
10.384399    30.355598    14.1004
10.3876    30.3604    14.1004
10.413199    30.379599    14.1004
10.4316    30.3788    14.1004
10.441199    30.3804    14.1004
10.446799    30.382    14.1004
10.469999    30.3708    14.1004
10.4716    30.368399    14.1004
10.478    30.366798    14.1004
10.5004    30.3364    14.1004
10.5236    30.334    14.1004
10.5292    30.325998    14.1004
10.545199    30.302    14.1004
10.55    30.286798    14.1004
10.561999    30.2708    14.1004
10.5604    30.2372    14.1004
10.5604    30.232399    14.1004
10.5604    30.230799    14.1004
10.5612    30.229198    14.1004
10.5948    30.178    14.1004
10.6004    30.17    14.1004
10.662    30.1292    14.1004
10.6764    30.121199    14.1004
10.705999    30.105999    14.1004
10.752399    30.085999    14.1004
10.8084    30.069199    14.1004
10.901199    30.0292    14.1004
10.9332    30.0164    14.1004
10.936399    30.0164    14.1004
10.946    30.0148    14.1004
10.9548    30.0092    14.1004
10.993199    29.9972    14.1004
11.0068    29.994    14.1004
11.0204    29.9868    14.1004
11.0708    29.9572    14.1004
11.1012    29.9436    14.1004
11.1147995    29.935598    14.1004
11.1276    29.929998    14.1004
11.1964    29.892399    14.1004
11.2123995    29.885199    14.1004
11.2148    29.8844    14.1004
11.282    29.868399    14.1004
11.29    29.866    14.1004
11.294    29.8692    14.1004
11.3124    29.864399    14.1004
11.325999    29.853199    14.1004
11.3428    29.8356    14.1004
11.344399    29.8284    14.1004
11.346    29.827599    14.1004
11.37    29.81    14.1004
11.3932    29.805199    14.1004
11.3948    29.8044    14.1004
11.3948    29.8028    14.1004
11.3963995    29.802    14.1004
11.4196    29.7796    14.1004
11.4212    29.7764    14.1004
11.424399    29.775599    14.1004
11.4484    29.758    14.1004
11.4572    29.7484    14.1004
11.4796    29.7428    14.1004
11.486    29.734798    14.1004
11.504399    29.721199    14.1004
11.5116    29.693998    14.1004
11.5124    29.6908    14.1004
11.5116    29.667599    14.1004
11.53    29.6596    14.1004
11.53    29.657999    14.1004
11.5316    29.6572    14.1004
11.538    29.633999    14.1004
11.5588    29.626799    14.1004
11.5588    29.626    14.1004
11.5596    29.6124    14.1004
11.5604    29.608398    14.1004
11.5692    29.587599    14.1004
11.57    29.5836    14.1004
11.5724    29.5788    14.1004
11.5876    29.5604    14.1004
11.590799    29.553999    14.1004
11.5924    29.552399    14.1004
11.5996    29.529999    14.1004
11.5996    29.5268    14.1004
11.602799    29.5252    14.1004
11.6052    29.5036    14.1004
11.620399    29.4924    14.1004
11.625999    29.473999    14.1004
11.6276    29.4644    14.1004
11.6324    29.4572    14.1004
11.637199    29.4476    14.1004
11.642799    29.421999    14.1004
11.6516    29.3804    14.1004
11.654799    29.3716    14.1004
11.665199    29.3316    14.1004
11.682    29.271599    14.1004
11.698    29.213999    14.1004
11.7148    29.1532    14.1004
11.7204    29.1348    14.1004
11.7316    29.102    14.1004
11.7444    29.0612    14.1004
11.762799    29.0196    14.1004
11.7892    28.9564    14.1004
11.8084    28.9156    14.1004
11.825999    28.872398    14.1004
11.8468    28.823599    14.1004
11.8675995    28.7764    14.1004
11.8884    28.734    14.1004
11.9092    28.6876    14.1004
11.938    28.628399    14.1004
11.9556    28.594    14.1004
11.9732    28.563599    14.1004
11.9964    28.5204    14.1004
12.033199    28.4532    14.1004
12.0428    28.4348    14.1004
12.062799    28.3996    14.1004
12.078799    28.3732    14.1004
12.094    28.351599    14.1004
12.1147995    28.326    14.1004
12.1212    28.314798    14.1004
12.1348    28.2908    14.1004
12.1636    28.251598    14.1004
12.193999    28.212399    14.1004
12.2012    28.2044    14.1004
12.210799    28.182798    14.1004
12.2276    28.1572    14.1004
12.2411995    28.137999    14.1004
12.254    28.1148    14.1004
12.2644    28.098799    14.1004
12.2876    28.057999    14.1004
12.2884    28.0572    14.1004
12.2908    28.0532    14.1004
12.3468    27.9516    14.1004
12.3628    27.9252    14.1004
12.398    27.8596    14.1004
12.4116    27.8372    14.1004
12.429999    27.806799    14.1004
12.476399    27.7228    14.1004
12.514    27.650799    14.1004
12.539599    27.6052    14.1004
12.578    27.5348    14.1004
12.597199    27.5044    14.1004
12.6348    27.444399    14.1004
12.6532    27.414799    14.1004
12.6924    27.354    14.1004
12.7132    27.3204    14.1004
12.745199    27.269999    14.1004
12.7987995    27.1876    14.1004
12.8004    27.184399    14.1004
12.8396    27.117199    14.1004
12.8404    27.115599    14.1004
12.846    27.1076    14.1004
12.8692    27.074799    14.1004
12.874    27.065199    14.1004
12.9084    27.0164    14.1004
12.9204    26.998    14.1004
12.926    26.99    14.1004
12.9444    26.962    14.1004
12.9748    26.9252    14.1004
12.9948    26.8996    14.1004
13.0076    26.8828    14.1004
13.0364    26.845999    14.1004
13.062799    26.816399    14.1004
13.0988    26.7764    14.1004
13.1284    26.743599    14.1004
13.146    26.725199    14.1004
13.177199    26.6884    14.1004
13.182799    26.682798    14.1004
13.202    26.6628    14.1004
13.2156    26.6516    14.1004
13.2532    26.619598    14.1004
13.29    26.5892    14.1004
13.3116    26.5732    14.1004
13.373199    26.526    14.1004
13.3884    26.514    14.1004
13.3924    26.5108    14.1004
13.441999    26.4748    14.1004
13.492399    26.442    14.1004
13.527599    26.421999    14.1004
13.5868    26.3884    14.1004
13.665199    26.3468    14.1004
13.6796    26.338799    14.1004
13.711599    26.323599    14.1004
13.728399    26.3148    14.1004
13.757199    26.301199    14.1004
13.7836    26.2908    14.1004
13.8292    26.2732    14.1004
13.855599    26.2628    14.1004
13.8852    26.2524    14.1004
13.889999    26.2508    14.1004
13.906799    26.2468    14.1004
13.9428    26.2372    14.1004
13.963599    26.232399    14.1004
14.016399    26.2228    14.1004
14.090799    26.2108    14.1004
14.113199    26.206    14.1004
14.2076    26.1876    14.1004
14.2724    26.173199    14.1004
14.366799    26.156399    14.1004
14.394799    26.1516    14.1004
14.412399    26.1484    14.1004
14.518    26.126    14.1004
14.550799    26.119598    14.1004
14.6004    26.1052    14.1004
14.654799    26.091599    14.1004
14.671599    26.085999    14.1004
14.717999    26.070799    14.1004
14.745199    26.0684    14.1004
14.7484    26.0684    14.1004
14.754    26.069199    14.1004
14.7772    26.0772    14.1004
14.792399    26.0724    14.1004
14.8076    26.0668    14.1004
14.8364    26.039598    14.1004
14.8396    26.0364    14.1004
14.8412    26.0348    14.1004
14.8652    26.013199    14.1004
14.883599    25.9924    14.1004
14.898    25.977999    14.1004
14.9572    25.9124    14.1004
15.0356    25.826    14.1004
15.0412    25.8196    14.1004
15.0596    25.801199    14.1004
15.113199    25.7484    14.1004
15.174    25.678    14.1004
15.1748    25.6764    14.1004
15.193999    25.6572    14.1004
15.223599    25.628399    14.1004
15.229199    25.6236    14.1004
15.2308    25.622    14.1004
15.256399    25.598    14.1004
15.2876    25.5684    14.1004
15.3164    25.5444    14.1004
15.325999    25.537199    14.1004
15.3308    25.533998    14.1004
