9.3284    29.087599    19.5004
9.3292    29.0924    19.5004
9.3331995    29.115599    19.5004
9.338799    29.1404    19.5004
9.3588    29.234    19.5004
9.3652    29.258799    19.5004
9.366    29.264399    19.5004
9.3812    29.310799    19.5004
9.3828    29.316399    19.5004
9.3828    29.3172    19.5004
9.3892    29.334799    19.5004
9.4196    29.424398    19.5004
9.424399    29.4364    19.5004
9.4307995    29.4588    19.5004
9.4307995    29.465199    19.5004
9.438    29.4788    19.5004
9.441999    29.4924    19.5004
9.441999    29.5156    19.5004
9.441999    29.5196    19.5004
9.4388    29.5204    19.5004
9.418    29.522    19.5004
9.4148    29.5212    19.5004
9.41    29.518799    19.5004
9.384399    29.504398    19.5004
9.3756    29.496399    19.5004
9.3548    29.483599    19.5004
9.349999    29.479599    19.5004
9.33    29.4644    19.5004
9.2948    29.435598    19.5004
9.29    29.4324    19.5004
9.2548    29.397999    19.5004
9.234799    29.377998    19.5004
9.2252    29.366    19.5004
9.200399    29.342    19.5004
9.1804    29.3196    19.5004
9.130799    29.254    19.5004
9.125199    29.2452    19.5004
9.1124    29.226799    19.5004
9.068399    29.163599    19.5004
9.054    29.142    19.5004
9.050799    29.137999    19.5004
9.0148    29.074799    19.5004
9.005199    29.0556    19.5004
8.9772    28.9972    19.5004
8.969999    28.9804    19.5004
8.9508    28.933199    19.5004
8.9372    28.8932    19.5004
8.9307995    28.8732    19.5004
8.924399    28.854    19.5004
8.9148    28.8212    19.5004
8.8972    28.741999    19.5004
8.8963995    28.740398    19.5004
8.8963995    28.7372    19.5004
8.884399    28.646    19.5004
8.8804    28.5668    19.5004
8.8796    28.528399    19.5004
8.8796    28.5156    19.5004
8.8852    28.4532    19.5004
8.886    28.4452    19.5004
8.8907995    28.3988    19.5004
8.894    28.3788    19.5004
8.9028    28.3364    19.5004
8.9092    28.31    19.5004
8.9268    28.2508    19.5004
8.9436    28.202    19.5004
8.9756    28.1132    19.5004
8.99    28.0812    19.5004
9.0116    28.037199    19.5004
9.042    27.981998    19.5004
9.0444    27.9772    19.5004
9.045199    27.976398    19.5004
9.0484    27.9716    19.5004
9.0636    27.9516    19.5004
9.079599    27.9284    19.5004
9.113999    27.8844    19.5004
9.1236    27.873999    19.5004
9.146    27.849998    19.5004
9.1564    27.8396    19.5004
9.1636    27.8308    19.5004
9.1844    27.8116    19.5004
9.194    27.8028    19.5004
9.1964    27.801199    19.5004
9.2396    27.7628    19.5004
9.2532    27.7524    19.5004
9.274    27.737999    19.5004
9.3043995    27.7148    19.5004
9.3452    27.6892    19.5004
9.366    27.6756    19.5004
9.3708    27.6724    19.5004
9.3748    27.67    19.5004
9.407599    27.6524    19.5004
9.4116    27.649199    19.5004
9.45    27.6276    19.5004
9.474    27.615599    19.5004
9.5132    27.5924    19.5004
9.521999    27.587599    19.5004
9.561999    27.5668    19.5004
9.5859995    27.5556    19.5004
9.596399    27.550798    19.5004
9.6524    27.529999    19.5004
9.653999    27.5292    19.5004
9.6956    27.5156    19.5004
9.738    27.5036    19.5004
9.763599    27.4956    19.5004
9.781199    27.4916    19.5004
9.802    27.4868    19.5004
9.8052    27.486    19.5004
9.8452    27.4788    19.5004
9.8476    27.477999    19.5004
9.8572    27.477999    19.5004
9.8828    27.4772    19.5004
9.8916    27.4804    19.5004
9.883599    27.4868    19.5004
9.8916    27.5044    19.5004
9.883599    27.5124    19.5004
9.873199    27.5324    19.5004
9.8628    27.546799    19.5004
9.843599    27.570799    19.5004
9.8132    27.6076    19.5004
9.797999    27.6276    19.5004
9.780399    27.65    19.5004
9.7212    27.7284    19.5004
9.6812    27.7876    19.5004
9.658    27.8196    19.5004
9.634    27.8564    19.5004
9.6068    27.896399    19.5004
9.573999    27.949999    19.5004
9.5708    27.955599    19.5004
9.5708    27.958    19.5004
9.5692    27.9588    19.5004
9.562799    27.9692    19.5004
9.5364    28.0156    19.5004
9.5236    28.0436    19.5004
9.5116    28.0612    19.5004
9.504399    28.076399    19.5004
9.4939995    28.100399    19.5004
9.4828    28.117199    19.5004
9.478    28.1292    19.5004
9.4804    28.149199    19.5004
9.458799    28.1796    19.5004
9.458    28.180399    19.5004
9.4539995    28.206    19.5004
9.4516    28.212399    19.5004
9.464399    28.226    19.5004
9.49    28.2116    19.5004
9.4948    28.2076    19.5004
9.4948    28.206799    19.5004
9.4956    28.206    19.5004
9.506    28.182    19.5004
9.5244    28.1588    19.5004
9.527599    28.154799    19.5004
9.538    28.1356    19.5004
9.5532    28.1292    19.5004
9.5596    28.119598    19.5004
9.5764    28.098    19.5004
9.596399    28.07    19.5004
9.6004    28.0588    19.5004
9.6124    28.052399    19.5004
9.622    28.042    19.5004
9.630799    28.0308    19.5004
9.6468    28.0164    19.5004
9.6572    28.0036    19.5004
9.6692    27.993198    19.5004
9.682799    27.9772    19.5004
9.694799    27.966799    19.5004
9.7188    27.9452    19.5004
9.722799    27.942    19.5004
9.723599    27.941198    19.5004
9.7244    27.941198    19.5004
9.7276    27.938    19.5004
9.7564    27.914799    19.5004
9.7828    27.8916    19.5004
9.7828    27.890799    19.5004
9.7844    27.890799    19.5004
9.846    27.849998    19.5004
9.866    27.838    19.5004
9.882    27.829199    19.5004
9.922    27.8084    19.5004
9.966    27.786798    19.5004
9.9883995    27.7764    19.5004
10.0212    27.7628    19.5004
10.046    27.753199    19.5004
10.066    27.7468    19.5004
10.1164    27.730799    19.5004
10.165999    27.7156    19.5004
10.177199    27.712399    19.5004
10.199599    27.708399    19.5004
10.274    27.694    19.5004
10.338799    27.685999    19.5004
10.3684    27.682798    19.5004
10.422    27.682    19.5004
10.4508    27.682798    19.5004
10.4732    27.682798    19.5004
10.5092    27.6852    19.5004
10.546    27.6868    19.5004
10.5924    27.691599    19.5004
10.642    27.701199    19.5004
10.665199    27.7052    19.5004
10.6964    27.7116    19.5004
10.7411995    27.721199    19.5004
10.7908    27.737999    19.5004
10.8284    27.751598    19.5004
10.8396    27.7564    19.5004
10.901199    27.7836    19.5004
10.9052    27.786    19.5004
10.907599    27.786798    19.5004
10.913199    27.789999    19.5004
10.9508    27.8116    19.5004
10.981999    27.829199    19.5004
11.0212    27.855598    19.5004
11.0252    27.858    19.5004
11.058    27.882    19.5004
11.0868    27.9028    19.5004
11.090799    27.906    19.5004
11.1004    27.913198    19.5004
11.1292    27.937199    19.5004
11.141999    27.9492    19.5004
11.170799    27.976398    19.5004
11.2012    28.007599    19.5004
11.2196    28.028399    19.5004
11.2724    28.0924    19.5004
11.281199    28.1052    19.5004
11.309999    28.150799    19.5004
11.3236    28.174    19.5004
11.33    28.184399    19.5004
11.3484    28.2228    19.5004
11.3675995    28.260399    19.5004
11.374    28.278    19.5004
11.382    28.3028    19.5004
11.3876    28.3156    19.5004
11.401999    28.355598    19.5004
11.4172    28.4012    19.5004
11.4228    28.4212    19.5004
11.4268    28.4396    19.5004
11.4396    28.4996    19.5004
11.4452    28.5388    19.5004
11.452399    28.594    19.5004
11.4564    28.633999    19.5004
11.4564    28.6868    19.5004
11.4564    28.7188    19.5004
11.4516    28.7764    19.5004
11.4492    28.8004    19.5004
11.446799    28.8188    19.5004
11.4404    28.866    19.5004
11.4316    28.8996    19.5004
11.4268    28.9212    19.5004
11.4212    28.941198    19.5004
11.4084    28.9804    19.5004
11.4052    28.990799    19.5004
11.3852    29.0348    19.5004
11.374    29.0604    19.5004
11.3644    29.0772    19.5004
11.3396    29.1188    19.5004
11.326799    29.137999    19.5004
11.3052    29.1684    19.5004
11.29    29.185999    19.5004
11.2508    29.2276    19.5004
11.2308    29.2484    19.5004
11.1956    29.2788    19.5004
11.1924    29.281199    19.5004
11.188399    29.2836    19.5004
11.130799    29.3212    19.5004
11.096399    29.340399    19.5004
11.0708    29.354    19.5004
11.033999    29.3708    19.5004
11.0227995    29.375599    19.5004
11.014    29.3788    19.5004
10.976399    29.39    19.5004
10.9236    29.409199    19.5004
10.912399    29.4124    19.5004
10.8796    29.420399    19.5004
10.8572    29.4252    19.5004
10.849199    29.4268    19.5004
10.7828    29.4404    19.5004
10.7588    29.444399    19.5004
10.7156    29.449999    19.5004
10.67    29.4564    19.5004
10.618    29.459599    19.5004
10.5348    29.465199    19.5004
10.486    29.465199    19.5004
10.4268    29.465199    19.5004
10.37    29.461199    19.5004
10.349999    29.459599    19.5004
10.3244    29.4572    19.5004
10.2796    29.4516    19.5004
10.2132    29.441198    19.5004
10.1748    29.4348    19.5004
10.146    29.4284    19.5004
10.106    29.418798    19.5004
10.018    29.3916    19.5004
10.0084    29.3892    19.5004
10.005199    29.3876    19.5004
9.9484    29.3636    19.5004
9.883599    29.3316    19.5004
9.872399    29.325998    19.5004
9.8644    29.321999    19.5004
9.7932    29.278    19.5004
9.7596    29.257198    19.5004
9.726    29.232399    19.5004
9.7132    29.223598    19.5004
9.6804    29.1964    19.5004
9.6556    29.174799    19.5004
9.601999    29.1236    19.5004
9.6012    29.122799    19.5004
9.6004    29.122    19.5004
9.5652    29.0796    19.5004
9.538799    29.0516    19.5004
9.5156    29.0196    19.5004
9.493199    28.9916    19.5004
9.4868    28.981998    19.5004
9.4684    28.9524    19.5004
9.4556    28.931599    19.5004
9.4516    28.9236    19.5004
9.4468    28.914799    19.5004
9.4284    28.8772    19.5004
9.4156    28.853199    19.5004
9.413199    28.844398    19.5004
9.401999    28.820398    19.5004
9.395599    28.7988    19.5004
9.3852    28.7652    19.5004
9.3828    28.7564    19.5004
9.3796    28.7452    19.5004
9.37    28.732399    19.5004
9.3675995    28.722    19.5004
9.3596    28.701199    19.5004
9.349199    28.6236    19.5004
9.349199    28.622799    19.5004
9.349199    28.6204    19.5004
9.3524    28.567598    19.5004
9.349199    28.559599    19.5004
9.346    28.5724    19.5004
9.3476    28.622    19.5004
9.3476    28.6236    19.5004
9.3476    28.625198    19.5004
9.344399    28.712399    19.5004
9.3356    28.730799    19.5004
9.3348    28.7396    19.5004
9.3196    28.758799    19.5004
9.3196    28.765999    19.5004
9.3164    28.7916    19.5004
9.3164    28.7948    19.5004
9.3124    28.862    19.5004
9.3124    28.877998    19.5004
9.3172    28.9604    19.5004
9.3172    28.962    19.5004
9.3188    28.9804    19.5004
9.326799    29.076399    19.5004
9.3284    29.087599    19.5004
