19.4028    30.608398    21.0004
19.4028    30.6092    21.0004
19.3636    30.667599    21.0004
19.342    30.698    21.0004
19.3252    30.7204    21.0004
19.3132    30.737999    21.0004
19.2972    30.758799    21.0004
19.2756    30.784399    21.0004
19.2612    30.8028    21.0004
19.258799    30.806799    21.0004
19.2444    30.8324    21.0004
19.2404    30.8508    21.0004
19.230799    30.862    21.0004
19.2332    30.877998    21.0004
19.2284    30.889198    21.0004
19.2332    30.909199    21.0004
19.230799    30.9212    21.0004
19.2388    30.942    21.0004
19.2388    30.946798    21.0004
19.247599    30.97    21.0004
19.249199    30.9748    21.0004
19.249199    30.9756    21.0004
19.253199    31.0068    21.0004
19.2524    31.026    21.0004
19.2524    31.0388    21.0004
19.25    31.0572    21.0004
19.2428    31.081999    21.0004
19.2316    31.104399    21.0004
19.2172    31.126799    21.0004
19.2004    31.1444    21.0004
19.1868    31.1572    21.0004
19.1588    31.184399    21.0004
19.150799    31.1908    21.0004
19.1252    31.206    21.0004
19.1076    31.2172    21.0004
19.066    31.2412    21.0004
19.059599    31.245998    21.0004
19.0404    31.2556    21.0004
19.0164    31.2636    21.0004
18.996399    31.269999    21.0004
18.986    31.2724    21.0004
18.9588    31.2764    21.0004
18.938    31.2788    21.0004
18.9244    31.2796    21.0004
18.914799    31.2788    21.0004
18.886799    31.278    21.0004
18.834    31.271599    21.0004
18.7732    31.262798    21.0004
18.722    31.254799    21.0004
18.669199    31.243599    21.0004
18.626799    31.232399    21.0004
18.5892    31.223598    21.0004
18.526    31.2036    21.0004
18.4812    31.1876    21.0004
18.4356    31.1684    21.0004
18.416399    31.160398    21.0004
18.3964    31.15    21.0004
18.3412    31.122799    21.0004
18.310799    31.1052    21.0004
18.278    31.087599    21.0004
18.2452    31.0668    21.0004
18.202    31.042    21.0004
18.1892    31.038    21.0004
18.1716    31.029999    21.0004
18.1644    31.0308    21.0004
18.132399    31.0308    21.0004
18.126799    31.033998    21.0004
18.114    31.0436    21.0004
18.102    31.050798    21.0004
18.0884    31.061998    21.0004
18.0804    31.067598    21.0004
18.0404    31.0996    21.0004
18.035599    31.102798    21.0004
18.0268    31.108398    21.0004
18.0028    31.121199    21.0004
17.966    31.141998    21.0004
17.9524    31.147598    21.0004
17.9244    31.1588    21.0004
17.9196    31.1612    21.0004
17.918    31.161999    21.0004
17.8748    31.1764    21.0004
17.8468    31.1836    21.0004
17.821999    31.1892    21.0004
17.799599    31.1924    21.0004
17.7836    31.193998    21.0004
17.7644    31.195599    21.0004
17.734    31.198    21.0004
17.7116    31.195599    21.0004
17.6892    31.1932    21.0004
17.663599    31.1876    21.0004
17.6548    31.1852    21.0004
17.6436    31.1812    21.0004
17.6244    31.174    21.0004
17.614    31.1684    21.0004
17.598    31.160398    21.0004
17.587599    31.154    21.0004
17.5724    31.143599    21.0004
17.548399    31.1244    21.0004
17.5444    31.1204    21.0004
17.5276    31.0996    21.0004
17.522    31.0924    21.0004
17.5052    31.0668    21.0004
17.500399    31.0588    21.0004
17.4988    31.0548    21.0004
17.4972    31.052399    21.0004
17.4812    31.007599    21.0004
17.479599    31.0036    21.0004
17.479599    31.000399    21.0004
17.473999    30.9716    21.0004
17.4732    30.9676    21.0004
17.47    30.944399    21.0004
17.4684    30.9028    21.0004
17.4692    30.8972    21.0004
17.4748    30.866798    21.0004
17.4748    30.862799    21.0004
17.4772    30.8524    21.0004
17.4828    30.8308    21.0004
17.49    30.8076    21.0004
17.4916    30.803598    21.0004
17.501999    30.782    21.0004
17.5068    30.7732    21.0004
17.5204    30.7508    21.0004
17.5444    30.7204    21.0004
17.5476    30.7164    21.0004
17.5532    30.71    21.0004
17.5724    30.6908    21.0004
17.5972    30.6724    21.0004
17.600399    30.669199    21.0004
17.609999    30.663599    21.0004
17.628399    30.6516    21.0004
17.6332    30.6484    21.0004
17.6684    30.633999    21.0004
17.6772    30.63    21.0004
17.7236    30.613998    21.0004
17.726799    30.6132    21.0004
17.730799    30.611599    21.0004
17.777199    30.598799    21.0004
17.7924    30.598    21.0004
17.821999    30.594799    21.0004
17.8396    30.594799    21.0004
17.8484    30.594    21.0004
17.8612    30.594799    21.0004
17.8916    30.594799    21.0004
17.906    30.5956    21.0004
17.9252    30.591599    21.0004
17.933199    30.591599    21.0004
17.938799    30.587599    21.0004
17.9452    30.574    21.0004
17.9548    30.546799    21.0004
17.9596    30.5292    21.0004
17.962    30.522    21.0004
17.9636    30.517199    21.0004
17.9772    30.494799    21.0004
17.998    30.459599    21.0004
18.0092    30.4404    21.0004
18.007599    30.4308    21.0004
18.0012    30.410799    21.0004
17.9868    30.3932    21.0004
17.973999    30.373999    21.0004
17.938799    30.3252    21.0004
17.938799    30.3244    21.0004
17.9212    30.303598    21.0004
17.918    30.297998    21.0004
17.903599    30.286    21.0004
17.89    30.2764    21.0004
17.8724    30.2708    21.0004
17.857199    30.2652    21.0004
17.8372    30.264399    21.0004
17.8188    30.2652    21.0004
17.7964    30.2652    21.0004
17.760399    30.262798    21.0004
17.734    30.258799    21.0004
17.682    30.2524    21.0004
17.6668    30.249199    21.0004
17.6412    30.2444    21.0004
17.633999    30.2428    21.0004
17.6148    30.234798    21.0004
17.611599    30.2332    21.0004
17.6052    30.23    21.0004
17.5916    30.221199    21.0004
17.5772    30.2132    21.0004
17.557999    30.1964    21.0004
17.5476    30.1868    21.0004
17.538    30.174799    21.0004
17.5252    30.1572    21.0004
17.5156    30.1404    21.0004
17.51    30.1316    21.0004
17.4988    30.102    21.0004
17.496399    30.0956    21.0004
17.490799    30.0836    21.0004
17.477999    30.045198    21.0004
17.4708    30.0204    21.0004
17.4644    29.9972    21.0004
17.4492    29.938799    21.0004
17.4436    29.916399    21.0004
17.438799    29.8948    21.0004
17.4268    29.834    21.0004
17.4236    29.812399    21.0004
17.4116    29.7388    21.0004
17.4116    29.7356    21.0004
17.4124    29.712399    21.0004
17.414    29.7116    21.0004
17.4364    29.6932    21.0004
17.4476    29.6892    21.0004
17.458    29.6852    21.0004
17.466    29.685999    21.0004
17.4788    29.6868    21.0004
17.5036    29.682    21.0004
17.5116    29.682    21.0004
17.5196    29.6764    21.0004
17.5364    29.6612    21.0004
17.5332    29.637999    21.0004
17.534    29.6292    21.0004
17.5236    29.6036    21.0004
17.513199    29.5772    21.0004
17.4956    29.522799    21.0004
17.489199    29.5036    21.0004
17.4884    29.498    21.0004
17.483599    29.472399    21.0004
17.4772    29.438799    21.0004
17.4756    29.407598    21.0004
17.4748    29.4044    21.0004
17.4844    29.355598    21.0004
17.485199    29.3508    21.0004
17.4876    29.325998    21.0004
17.4876    29.321999    21.0004
17.483599    29.303598    21.0004
17.485199    29.2988    21.0004
17.4812    29.274    21.0004
17.482    29.2692    21.0004
17.479599    29.25    21.0004
17.479599    29.237999    21.0004
17.479599    29.2132    21.0004
17.4756    29.188398    21.0004
17.473999    29.173199    21.0004
17.4716    29.1652    21.0004
17.4588    29.130798    21.0004
17.444399    29.1076    21.0004
17.4348    29.094    21.0004
17.4292    29.085999    21.0004
17.4188    29.069199    21.0004
17.410799    29.0548    21.0004
17.4044    29.037199    21.0004
17.4004    29.0236    21.0004
17.3772    28.9476    21.0004
17.3676    28.9124    21.0004
17.357199    28.8788    21.0004
17.3492    28.855598    21.0004
17.3468    28.844398    21.0004
17.347599    28.829199    21.0004
17.3452    28.823599    21.0004
17.35    28.812399    21.0004
17.362    28.797998    21.0004
17.3828    28.7764    21.0004
17.3972    28.7628    21.0004
17.4044    28.7556    21.0004
17.4228    28.7428    21.0004
17.425999    28.740398    21.0004
17.43    28.7388    21.0004
17.4364    28.736399    21.0004
17.4492    28.7316    21.0004
17.4756    28.732399    21.0004
17.494    28.734    21.0004
17.507599    28.734798    21.0004
17.5148    28.732399    21.0004
17.5396    28.7164    21.0004
17.548399    28.7132    21.0004
17.5516    28.708399    21.0004
17.5556    28.688398    21.0004
17.5604    28.6796    21.0004
17.5748    28.6644    21.0004
17.5828    28.650799    21.0004
17.5884    28.6404    21.0004
17.5956    28.63    21.0004
17.6012    28.594799    21.0004
17.600399    28.5924    21.0004
17.5812    28.566    21.0004
17.578    28.563599    21.0004
17.562    28.5444    21.0004
17.5548    28.5364    21.0004
17.553999    28.5348    21.0004
17.5508    28.5324    21.0004
17.513199    28.500399    21.0004
17.4884    28.4812    21.0004
17.434    28.438    21.0004
17.402    28.413198    21.0004
17.3844    28.396399    21.0004
17.3748    28.3772    21.0004
17.3732    28.375599    21.0004
17.3772    28.362799    21.0004
17.381199    28.3508    21.0004
17.3844    28.345999    21.0004
17.3988    28.3204    21.0004
17.4124    28.2964    21.0004
17.4132    28.293999    21.0004
17.414799    28.292398    21.0004
17.4188    28.286    21.0004
17.449999    28.23    21.0004
17.4588    28.217999    21.0004
17.4972    28.163599    21.0004
17.5292    28.1236    21.0004
17.553999    28.098    21.0004
17.5628    28.0884    21.0004
17.570799    28.080399    21.0004
17.602    28.052399    21.0004
17.6028    28.0516    21.0004
17.6036    28.0516    21.0004
17.6276    28.0364    21.0004
17.6444    28.0436    21.0004
17.678    28.0724    21.0004
17.6796    28.0732    21.0004
17.680399    28.0732    21.0004
17.7092    28.0772    21.0004
17.7172    28.0772    21.0004
17.7396    28.0756    21.0004
17.75    28.0756    21.0004
17.758    28.0756    21.0004
17.7988    28.078    21.0004
17.8116    28.0796    21.0004
17.8332    28.081999    21.0004
17.858799    28.0844    21.0004
17.8668    28.085999    21.0004
17.8972    28.0956    21.0004
17.9044    28.098799    21.0004
17.914799    28.1036    21.0004
17.9284    28.1076    21.0004
17.946    28.1188    21.0004
17.9628    28.126799    21.0004
17.9676    28.130798    21.0004
17.989199    28.1476    21.0004
17.994    28.1556    21.0004
18.014    28.178    21.0004
18.018799    28.1868    21.0004
18.0324    28.2076    21.0004
18.042799    28.226799    21.0004
18.0476    28.240398    21.0004
18.053999    28.2556    21.0004
18.0644    28.2788    21.0004
18.0748    28.2988    21.0004
18.0884    28.338    21.0004
18.094    28.3468    21.0004
18.1036    28.368399    21.0004
18.1132    28.3772    21.0004
18.1236    28.3956    21.0004
18.1412    28.4196    21.0004
18.145199    28.4236    21.0004
18.1764    28.448399    21.0004
18.178799    28.449999    21.0004
18.1828    28.4524    21.0004
18.21    28.4716    21.0004
18.219599    28.479599    21.0004
18.236399    28.4916    21.0004
18.2404    28.4956    21.0004
18.260399    28.511599    21.0004
18.2732    28.522799    21.0004
18.2876    28.535599    21.0004
18.2908    28.5388    21.0004
18.317999    28.569199    21.0004
18.3204    28.570799    21.0004
18.3436    28.5964    21.0004
18.345999    28.5996    21.0004
18.3596    28.6188    21.0004
18.3692    28.63    21.0004
18.381199    28.6468    21.0004
18.397999    28.6684    21.0004
18.41    28.6868    21.0004
18.4236    28.71    21.0004
18.4348    28.7316    21.0004
18.4452    28.745998    21.0004
18.4604    28.7676    21.0004
18.4628    28.7692    21.0004
18.490799    28.7852    21.0004
18.5148    28.7796    21.0004
18.5228    28.778    21.0004
18.524399    28.7764    21.0004
18.5332    28.7692    21.0004
18.569199    28.7372    21.0004
18.576399    28.73    21.0004
18.5804    28.7276    21.0004
18.6036    28.71    21.0004
18.6084    28.706    21.0004
18.6092    28.706    21.0004
18.611599    28.706    21.0004
18.622    28.706    21.0004
18.6332    28.726    21.0004
18.6436    28.7444    21.0004
18.650799    28.7556    21.0004
18.673199    28.7916    21.0004
18.6828    28.806    21.0004
18.718    28.862    21.0004
18.726    28.8748    21.0004
18.7284    28.8788    21.0004
18.730799    28.882    21.0004
18.73    28.8884    21.0004
18.7348    28.9028    21.0004
18.73    28.918    21.0004
18.7276    28.9228    21.0004
18.725199    28.927599    21.0004
18.6884    28.989199    21.0004
18.6724    29.0148    21.0004
18.6196    29.105999    21.0004
18.618    29.1076    21.0004
18.614    29.113998    21.0004
18.614    29.115599    21.0004
18.6108    29.1204    21.0004
18.6028    29.1428    21.0004
18.6028    29.1532    21.0004
18.604399    29.161999    21.0004
18.605999    29.1836    21.0004
18.6092    29.193998    21.0004
18.618    29.226    21.0004
18.63    29.2788    21.0004
18.6388    29.317999    21.0004
18.6476    29.362    21.0004
18.656399    29.41    21.0004
18.6588    29.4268    21.0004
18.6612    29.435598    21.0004
18.6668    29.4636    21.0004
18.673199    29.472399    21.0004
18.6772    29.494799    21.0004
18.6892    29.509998    21.0004
18.7004    29.518    21.0004
18.7164    29.526    21.0004
18.7292    29.5308    21.0004
18.746    29.5364    21.0004
18.7692    29.5492    21.0004
18.77    29.5492    21.0004
18.7708    29.550798    21.0004
18.7724    29.5532    21.0004
18.789999    29.578    21.0004
18.7908    29.580399    21.0004
18.798    29.598    21.0004
18.8028    29.6148    21.0004
18.8092    29.630798    21.0004
18.8148    29.650799    21.0004
18.817999    29.6612    21.0004
18.8188    29.6724    21.0004
18.8212    29.684399    21.0004
18.8196    29.701199    21.0004
18.8204    29.719599    21.0004
18.8212    29.743599    21.0004
18.842    29.7684    21.0004
18.847599    29.7764    21.0004
18.8508    29.781199    21.0004
18.8556    29.784399    21.0004
18.875599    29.803598    21.0004
18.8836    29.8172    21.0004
18.886    29.8212    21.0004
18.9132    29.9012    21.0004
18.9156    29.909199    21.0004
18.938799    29.993198    21.0004
18.9452    30.022799    21.0004
18.955599    30.073198    21.0004
18.962    30.108398    21.0004
18.9716    30.157999    21.0004
18.9716    30.160398    21.0004
18.9716    30.1628    21.0004
18.9708    30.185999    21.0004
18.961199    30.2044    21.0004
18.9564    30.2148    21.0004
18.949999    30.222    21.0004
18.9356    30.2356    21.0004
18.9172    30.2444    21.0004
18.909199    30.249199    21.0004
18.8804    30.257198    21.0004
18.875599    30.258799    21.0004
18.873999    30.258799    21.0004
18.8724    30.258799    21.0004
18.8652    30.258799    21.0004
18.8244    30.2612    21.0004
18.805199    30.268398    21.0004
18.7972    30.268398    21.0004
18.7876    30.2724    21.0004
18.77    30.2876    21.0004
18.7636    30.2948    21.0004
18.7572    30.310799    21.0004
18.754799    30.331598    21.0004
18.754    30.3436    21.0004
18.746    30.4068    21.0004
18.7444    30.4196    21.0004
18.741999    30.4292    21.0004
18.7332    30.4628    21.0004
18.726    30.4868    21.0004
18.7164    30.5148    21.0004
18.7148    30.528399    21.0004
18.7116    30.55    21.0004
18.7092    30.5532    21.0004
18.7156    30.563599    21.0004
18.7316    30.574799    21.0004
18.749199    30.5716    21.0004
18.7668    30.5724    21.0004
18.7788    30.5668    21.0004
18.7868    30.559599    21.0004
18.802    30.5516    21.0004
18.81    30.546    21.0004
18.834799    30.526    21.0004
18.8508    30.5084    21.0004
18.8828    30.4812    21.0004
18.8844    30.4804    21.0004
18.9172    30.4508    21.0004
18.942    30.4236    21.0004
18.955599    30.41    21.0004
18.958    30.407598    21.0004
18.966    30.397999    21.0004
19.0084    30.349998    21.0004
19.052399    30.3004    21.0004
19.1052    30.2388    21.0004
19.1356    30.202799    21.0004
19.202    30.126799    21.0004
19.2404    30.0836    21.0004
19.2412    30.081999    21.0004
19.2508    30.073198    21.0004
19.2724    30.0548    21.0004
19.277199    30.050798    21.0004
19.3092    30.0236    21.0004
19.334    30.0052    21.0004
19.338    30.001999    21.0004
19.369999    29.9804    21.0004
19.373999    29.977999    21.0004
19.378    29.9756    21.0004
19.414799    29.9604    21.0004
19.4308    29.9532    21.0004
19.4348    29.952398    21.0004
19.473999    29.9404    21.0004
19.4788    29.938799    21.0004
19.479599    29.938799    21.0004
19.5092    29.9308    21.0004
19.5236    29.9284    21.0004
19.5516    29.927599    21.0004
19.5716    29.929998    21.0004
19.5796    29.931599    21.0004
19.6124    29.9396    21.0004
19.6356    29.9476    21.0004
19.650799    29.9564    21.0004
19.663599    29.9628    21.0004
19.6708    29.9692    21.0004
19.698    29.99    21.0004
19.7044    29.996399    21.0004
19.726    30.024399    21.0004
19.7284    30.0268    21.0004
19.73    30.0292    21.0004
19.7348    30.042    21.0004
19.737999    30.05    21.0004
19.7396    30.0532    21.0004
19.7388    30.0756    21.0004
19.7388    30.0772    21.0004
19.7332    30.1076    21.0004
19.730799    30.1148    21.0004
19.7228    30.1372    21.0004
19.713999    30.1532    21.0004
19.694    30.184399    21.0004
19.684399    30.202    21.0004
19.6628    30.234    21.0004
19.6556    30.245998    21.0004
19.632399    30.274    21.0004
19.6292    30.2788    21.0004
19.6068    30.31    21.0004
19.602    30.316399    21.0004
19.574799    30.3508    21.0004
19.5612    30.3708    21.0004
19.546799    30.39    21.0004
19.5292    30.416399    21.0004
19.518    30.4308    21.0004
19.500399    30.4572    21.0004
19.494    30.466    21.0004
19.4884    30.4748    21.0004
19.4644    30.5092    21.0004
19.4468    30.538    21.0004
19.4364    30.553999    21.0004
19.4084    30.600399    21.0004
19.403599    30.6068    21.0004
19.403599    30.608398    21.0004
19.4028    30.608398    21.0004
