21.6908    23.2748    11.4004
21.7148    23.277199    11.4004
21.73    23.278    11.4004
21.7668    23.282799    11.4004
21.7732    23.2836    11.4004
21.7916    23.286798    11.4004
21.81    23.2892    11.4004
21.817999    23.2908    11.4004
21.844398    23.298    11.4004
21.858    23.301199    11.4004
21.8932    23.31    11.4004
21.901999    23.3132    11.4004
21.9412    23.326    11.4004
21.948399    23.3284    11.4004
21.977999    23.342    11.4004
21.9788    23.3428    11.4004
22.0084    23.3596    11.4004
22.031599    23.3764    11.4004
22.0348    23.3788    11.4004
22.0396    23.3828    11.4004
22.0812    23.4212    11.4004
22.093199    23.4308    11.4004
22.1204    23.4532    11.4004
22.126799    23.4572    11.4004
22.150799    23.4716    11.4004
22.1516    23.4716    11.4004
22.1524    23.472399    11.4004
22.1532    23.472399    11.4004
22.184399    23.477999    11.4004
22.1868    23.4788    11.4004
22.2372    23.4868    11.4004
22.284399    23.4972    11.4004
22.3204    23.5084    11.4004
22.344398    23.514    11.4004
22.364399    23.5156    11.4004
22.3764    23.5148    11.4004
22.3884    23.5084    11.4004
22.4052    23.5036    11.4004
22.409199    23.500399    11.4004
22.4364    23.4844    11.4004
22.4524    23.4756    11.4004
22.4636    23.47    11.4004
22.490799    23.4628    11.4004
22.4924    23.462    11.4004
22.4932    23.462    11.4004
22.5276    23.4644    11.4004
22.5452    23.466    11.4004
22.5612    23.466799    11.4004
22.59    23.4692    11.4004
22.6036    23.47    11.4004
22.6196    23.472399    11.4004
22.628399    23.473999    11.4004
22.6372    23.477999    11.4004
22.6524    23.4812    11.4004
22.6644    23.489199    11.4004
22.682    23.5012    11.4004
22.698    23.5196    11.4004
22.7132    23.533998    11.4004
22.721199    23.542799    11.4004
22.7444    23.5724    11.4004
22.7508    23.581999    11.4004
22.7748    23.6204    11.4004
22.775599    23.621199    11.4004
22.7924    23.6652    11.4004
22.7948    23.6708    11.4004
22.795599    23.673199    11.4004
22.798    23.6812    11.4004
22.810799    23.725199    11.4004
22.8228    23.7692    11.4004
22.854    23.8828    11.4004
22.8548    23.885199    11.4004
22.8556    23.886799    11.4004
22.857199    23.8972    11.4004
22.864399    23.934    11.4004
22.864399    23.9452    11.4004
22.8636    23.9644    11.4004
22.8636    23.9676    11.4004
22.862799    24.0108    11.4004
22.862    24.0204    11.4004
22.862    24.0236    11.4004
22.8548    24.1036    11.4004
22.847599    24.161999    11.4004
22.845999    24.180399    11.4004
22.834    24.295599    11.4004
22.8268    24.355598    11.4004
22.826    24.357199    11.4004
22.826    24.358    11.4004
22.8148    24.3972    11.4004
22.8084    24.4172    11.4004
22.789999    24.466799    11.4004
22.788399    24.470798    11.4004
22.781199    24.486    11.4004
22.765999    24.513199    11.4004
22.7636    24.5164    11.4004
22.760399    24.5196    11.4004
22.746    24.538    11.4004
22.7356    24.546799    11.4004
22.7188    24.552399    11.4004
22.7148    24.5532    11.4004
22.701199    24.5508    11.4004
22.6884    24.548399    11.4004
22.685999    24.5476    11.4004
22.660398    24.5364    11.4004
22.6588    24.5364    11.4004
22.6588    24.535599    11.4004
22.656399    24.5348    11.4004
22.6332    24.524399    11.4004
22.6308    24.5236    11.4004
22.626799    24.5204    11.4004
22.598799    24.5036    11.4004
22.5572    24.477999    11.4004
22.55    24.4716    11.4004
22.5396    24.4644    11.4004
22.518799    24.4524    11.4004
22.496399    24.442    11.4004
22.489199    24.4404    11.4004
22.472399    24.442    11.4004
22.4604    24.4436    11.4004
22.431599    24.448399    11.4004
22.414799    24.4516    11.4004
22.396399    24.4524    11.4004
22.364399    24.4524    11.4004
22.326    24.4452    11.4004
22.3132    24.4412    11.4004
22.3084    24.4396    11.4004
22.305199    24.438799    11.4004
22.264399    24.4268    11.4004
22.2348    24.4212    11.4004
22.201199    24.418    11.4004
22.1828    24.4172    11.4004
22.166    24.414799    11.4004
22.1516    24.414    11.4004
22.1332    24.4084    11.4004
22.122799    24.4068    11.4004
22.076399    24.3916    11.4004
22.0732    24.390799    11.4004
22.0724    24.39    11.4004
22.07    24.3892    11.4004
22.057999    24.385199    11.4004
22.0436    24.3804    11.4004
22.041199    24.3804    11.4004
22.011599    24.378    11.4004
21.9868    24.3828    11.4004
21.9788    24.3828    11.4004
21.942799    24.390799    11.4004
21.8772    24.4052    11.4004
21.8724    24.406    11.4004
21.8716    24.4068    11.4004
21.8436    24.4156    11.4004
21.814    24.43    11.4004
21.806    24.433199    11.4004
21.7908    24.4404    11.4004
21.758799    24.4548    11.4004
21.7556    24.4564    11.4004
21.730799    24.4628    11.4004
21.71    24.4676    11.4004
21.7076    24.4676    11.4004
21.706    24.4676    11.4004
21.680399    24.466    11.4004
21.6524    24.4604    11.4004
21.6476    24.4604    11.4004
21.642    24.4588    11.4004
21.587599    24.4412    11.4004
21.581999    24.438799    11.4004
21.5564    24.4292    11.4004
21.531599    24.4196    11.4004
21.528399    24.418    11.4004
21.505999    24.401999    11.4004
21.5012    24.3988    11.4004
21.4844    24.382    11.4004
21.4828    24.3804    11.4004
21.4804    24.3772    11.4004
21.4772    24.369999    11.4004
21.466799    24.353199    11.4004
21.4492    24.326    11.4004
21.4412    24.3116    11.4004
21.4244    24.277199    11.4004
21.4084    24.2444    11.4004
21.3972    24.2228    11.4004
21.3828    24.202    11.4004
21.378    24.194    11.4004
21.3668    24.182    11.4004
21.3508    24.167599    11.4004
21.299599    24.126799    11.4004
21.2916    24.1204    11.4004
21.289999    24.1196    11.4004
21.2892    24.1188    11.4004
21.2876    24.117199    11.4004
21.269999    24.102    11.4004
21.2676    24.098799    11.4004
21.2444    24.070799    11.4004
21.2428    24.069199    11.4004
21.2412    24.065199    11.4004
21.2284    24.039598    11.4004
21.2244    24.0276    11.4004
21.218    24.01    11.4004
21.2156    23.9972    11.4004
21.2116    23.9756    11.4004
21.2108    23.9492    11.4004
21.2092    23.9348    11.4004
21.2108    23.8988    11.4004
21.2116    23.896399    11.4004
21.2148    23.8724    11.4004
21.2156    23.869999    11.4004
21.2228    23.8468    11.4004
21.225199    23.8436    11.4004
21.2356    23.8212    11.4004
21.247599    23.7988    11.4004
21.264399    23.7748    11.4004
21.31    23.708399    11.4004
21.3204    23.6908    11.4004
21.3244    23.682    11.4004
21.3364    23.654799    11.4004
21.345999    23.6316    11.4004
21.386799    23.533998    11.4004
21.39    23.526    11.4004
21.4052    23.5012    11.4004
21.4124    23.4868    11.4004
21.433199    23.459599    11.4004
21.4356    23.4564    11.4004
21.4364    23.455599    11.4004
21.437199    23.4548    11.4004
21.438799    23.4532    11.4004
21.5276    23.375599    11.4004
21.570799    23.334799    11.4004
21.5956    23.3116    11.4004
21.605999    23.3028    11.4004
21.626    23.284399    11.4004
21.6332    23.282799    11.4004
21.65    23.275599    11.4004
21.6572    23.2748    11.4004
21.6796    23.274    11.4004
21.6908    23.2748    11.4004
