5.8764    26.4492    19.2004
5.8788    26.4684    19.2004
5.8803997    26.4732    19.2004
5.878    26.481998    19.2004
5.8708    26.496399    19.2004
5.8627996    26.507599    19.2004
5.8348    26.537199    19.2004
5.7924    26.5812    19.2004
5.7892    26.5836    19.2004
5.7644    26.602798    19.2004
5.7507997    26.609999    19.2004
5.7324    26.617199    19.2004
5.7156    26.6204    19.2004
5.7068    26.622    19.2004
5.7012    26.622    19.2004
5.6956    26.622799    19.2004
5.6828    26.6236    19.2004
5.6596    26.6236    19.2004
5.6436    26.6252    19.2004
5.6116    26.6276    19.2004
5.5924    26.628399    19.2004
5.5884    26.6276    19.2004
5.5843997    26.6252    19.2004
5.5684    26.618    19.2004
5.554    26.6108    19.2004
5.5452    26.6092    19.2004
5.5155997    26.611599    19.2004
5.5132    26.611599    19.2004
5.5099998    26.6124    19.2004
5.4948    26.621199    19.2004
5.4684    26.6372    19.2004
5.4444    26.6516    19.2004
5.4396    26.654    19.2004
5.43    26.6588    19.2004
5.41    26.67    19.2004
5.402    26.674799    19.2004
5.3932    26.678799    19.2004
5.354    26.6948    19.2004
5.3164    26.712399    19.2004
5.3156    26.712399    19.2004
5.2851996    26.7228    19.2004
5.2716    26.726799    19.2004
5.262    26.73    19.2004
5.2388    26.7356    19.2004
5.2292    26.7396    19.2004
5.2268    26.7396    19.2004
5.21    26.7516    19.2004
5.2028    26.754    19.2004
5.1844    26.765999    19.2004
5.1724    26.769999    19.2004
5.154    26.777199    19.2004
5.1299996    26.792398    19.2004
5.1187997    26.8004    19.2004
5.1036    26.806    19.2004
5.0924    26.810799    19.2004
5.0708    26.8132    19.2004
5.0555997    26.817999    19.2004
5.0396    26.8188    19.2004
5.0164    26.8204    19.2004
4.9611998    26.8188    19.2004
4.9516    26.8172    19.2004
4.942    26.8172    19.2004
4.934    26.817999    19.2004
4.9116    26.814    19.2004
4.9044    26.8148    19.2004
4.8771996    26.8116    19.2004
4.8556    26.8116    19.2004
4.85    26.8148    19.2004
4.8427997    26.8172    19.2004
4.8227997    26.816399    19.2004
4.7948    26.8316    19.2004
4.7948    26.834    19.2004
4.786    26.866798    19.2004
4.7908    26.8804    19.2004
4.7908    26.8916    19.2004
4.7908    26.9044    19.2004
4.79    26.918798    19.2004
4.7708    26.942799    19.2004
4.7692    26.944399    19.2004
4.7683997    26.944399    19.2004
4.7676    26.944399    19.2004
4.7404    26.9476    19.2004
4.7339997    26.9468    19.2004
4.7132    26.9468    19.2004
4.6851997    26.944399    19.2004
4.6748    26.9436    19.2004
4.6604    26.942    19.2004
4.658    26.942    19.2004
4.6164    26.933199    19.2004
4.6099997    26.9324    19.2004
4.5996    26.9308    19.2004
4.5404    26.916399    19.2004
4.526    26.9116    19.2004
4.4828    26.8972    19.2004
4.4708    26.8932    19.2004
4.4203997    26.873999    19.2004
4.4044    26.866798    19.2004
4.3812    26.857199    19.2004
4.3427997    26.840399    19.2004
4.29    26.814    19.2004
4.2788    26.8076    19.2004
4.2716    26.803598    19.2004
4.2236    26.771599    19.2004
4.1988    26.7556    19.2004
4.1956    26.753199    19.2004
4.1916    26.75    19.2004
4.1404    26.7076    19.2004
4.1028    26.6764    19.2004
4.0892    26.6644    19.2004
4.0555997    26.632399    19.2004
4.0316    26.608398    19.2004
4.0011997    26.574799    19.2004
3.9747999    26.545198    19.2004
3.9259999    26.49    19.2004
3.9171999    26.4788    19.2004
3.8988    26.4548    19.2004
3.8604    26.3972    19.2004
3.8251998    26.3436    19.2004
3.8179998    26.334    19.2004
3.8107998    26.3188    19.2004
3.7868    26.271599    19.2004
3.7724    26.2244    19.2004
3.7691998    26.2148    19.2004
3.7644    26.1612    19.2004
3.7635999    26.154799    19.2004
3.7635999    26.154    19.2004
3.77    26.0964    19.2004
3.7707999    26.094    19.2004
3.7803998    26.0588    19.2004
3.7891998    26.035599    19.2004
3.7924    26.022799    19.2004
3.8044    25.998    19.2004
3.8172    25.970798    19.2004
3.8356    25.9396    19.2004
3.846    25.921999    19.2004
3.8772    25.881199    19.2004
3.8955998    25.8564    19.2004
3.9252    25.8212    19.2004
3.9492    25.7948    19.2004
3.962    25.782799    19.2004
4.0411997    25.7036    19.2004
4.0524    25.694    19.2004
4.1316    25.6316    19.2004
4.15    25.618    19.2004
4.1963997    25.5844    19.2004
4.2356    25.559599    19.2004
4.2692    25.5388    19.2004
4.3188    25.5092    19.2004
4.342    25.4956    19.2004
4.398    25.466799    19.2004
4.4164    25.4572    19.2004
4.4308    25.449999    19.2004
4.4516    25.442    19.2004
4.4811997    25.4308    19.2004
4.5467997    25.407598    19.2004
4.562    25.4012    19.2004
4.6019998    25.3948    19.2004
4.6099997    25.3932    19.2004
4.618    25.3932    19.2004
4.6428    25.397999    19.2004
4.6475997    25.409199    19.2004
4.6492    25.421999    19.2004
4.6507998    25.438    19.2004
4.6531997    25.462    19.2004
4.654    25.4676    19.2004
4.6675997    25.487598    19.2004
4.6836    25.486    19.2004
4.7092    25.4812    19.2004
4.7172    25.477999    19.2004
4.7228    25.4756    19.2004
4.7427998    25.4684    19.2004
4.7507997    25.4676    19.2004
4.7716    25.455599    19.2004
4.7795997    25.455599    19.2004
4.798    25.449999    19.2004
4.8076    25.448399    19.2004
4.8244    25.444399    19.2004
4.8412    25.442799    19.2004
4.8659997    25.442    19.2004
4.8884    25.4396    19.2004
4.934    25.442    19.2004
4.9412    25.442799    19.2004
4.9444    25.442799    19.2004
4.9476    25.442799    19.2004
4.9667997    25.4452    19.2004
5.0364    25.455599    19.2004
5.0596    25.4604    19.2004
5.1036    25.466    19.2004
5.1292    25.47    19.2004
5.1484    25.473999    19.2004
5.1684    25.486    19.2004
5.178    25.494    19.2004
5.194    25.5052    19.2004
5.2139997    25.518799    19.2004
5.2268    25.531599    19.2004
5.2388    25.5348    19.2004
5.2476    25.5364    19.2004
5.2732    25.542799    19.2004
5.2924    25.5492    19.2004
5.3068    25.5516    19.2004
5.3476    25.557999    19.2004
5.3676    25.563599    19.2004
5.4172    25.574    19.2004
5.4452    25.580399    19.2004
5.4652    25.5844    19.2004
5.466    25.585999    19.2004
5.4796    25.585999    19.2004
5.4923997    25.587599    19.2004
5.502    25.5852    19.2004
5.522    25.587599    19.2004
5.5308    25.585999    19.2004
5.5523996    25.5836    19.2004
5.5611997    25.581999    19.2004
5.5811996    25.576399    19.2004
5.5908    25.576399    19.2004
5.6108    25.57    19.2004
5.6212    25.574    19.2004
5.6363997    25.574    19.2004
5.65    25.5772    19.2004
5.6612    25.581999    19.2004
5.6948    25.597198    19.2004
5.7251997    25.6124    19.2004
5.7683997    25.637999    19.2004
5.7724    25.6404    19.2004
5.7739997    25.6412    19.2004
5.7827997    25.646    19.2004
5.8164    25.6652    19.2004
5.8676    25.6964    19.2004
5.9028    25.7188    19.2004
5.9091997    25.7228    19.2004
5.9603996    25.7516    19.2004
5.9676    25.7564    19.2004
5.9932    25.778    19.2004
5.994    25.7788    19.2004
6.0035996    25.797998    19.2004
6.0067997    25.81    19.2004
6.0099998    25.8324    19.2004
6.0099998    25.840399    19.2004
6.0108    25.8724    19.2004
6.0099998    25.8788    19.2004
6.0052    25.8916    19.2004
6.0035996    25.896399    19.2004
6.0004    25.906    19.2004
5.9772    25.924398    19.2004
5.9676    25.934    19.2004
5.9603996    25.9396    19.2004
5.9412    25.9604    19.2004
5.9332    25.966799    19.2004
5.9268    25.9772    19.2004
5.9179997    26.0012    19.2004
5.9172    26.0068    19.2004
5.9156    26.0148    19.2004
5.9172    26.042799    19.2004
5.9172    26.063599    19.2004
5.9179997    26.065199    19.2004
5.9172    26.0676    19.2004
5.9068    26.113998    19.2004
5.9044    26.1244    19.2004
5.8996    26.1444    19.2004
5.8924    26.1684    19.2004
5.8859997    26.185999    19.2004
5.8764    26.2076    19.2004
5.8668    26.2316    19.2004
5.8603997    26.246    19.2004
5.8444    26.2732    19.2004
5.8388    26.2836    19.2004
5.8292    26.2988    19.2004
5.8276    26.3268    19.2004
5.8268    26.3324    19.2004
5.8348    26.354    19.2004
5.8356    26.3636    19.2004
5.8388    26.3732    19.2004
5.842    26.381199    19.2004
5.8459997    26.3876    19.2004
5.8476    26.3916    19.2004
5.8492    26.394    19.2004
5.8644    26.420399    19.2004
5.8724    26.4404    19.2004
5.8764    26.4492    19.2004
