18.0012    21.970798    17.7004
18.0292    21.9188    17.7004
18.048399    21.886    17.7004
18.0724    21.8508    17.7004
18.0748    21.8468    17.7004
18.098    21.817999    17.7004
18.102    21.8116    17.7004
18.126    21.7892    17.7004
18.13    21.784399    17.7004
18.1532    21.777199    17.7004
18.1548    21.777199    17.7004
18.156399    21.7788    17.7004
18.1828    21.8044    17.7004
18.1892    21.827599    17.7004
18.191599    21.838    17.7004
18.2012    21.885199    17.7004
18.2292    21.8956    17.7004
18.2444    21.9044    17.7004
18.2668    21.881199    17.7004
18.274    21.8748    17.7004
18.278    21.8692    17.7004
18.3004    21.838799    17.7004
18.31    21.8308    17.7004
18.326    21.814    17.7004
18.342    21.798    17.7004
18.3508    21.7908    17.7004
18.366    21.7788    17.7004
18.3836    21.7636    17.7004
18.3956    21.7572    17.7004
18.414799    21.7484    17.7004
18.43    21.7404    17.7004
18.438799    21.734    17.7004
18.455599    21.7292    17.7004
18.466    21.725199    17.7004
18.4756    21.7244    17.7004
18.489199    21.719599    17.7004
18.4996    21.717999    17.7004
18.5172    21.7148    17.7004
18.5364    21.7164    17.7004
18.5492    21.717999    17.7004
18.5564    21.7204    17.7004
18.576399    21.7236    17.7004
18.586    21.726799    17.7004
18.604399    21.732399    17.7004
18.6188    21.7388    17.7004
18.632399    21.7452    17.7004
18.6428    21.753199    17.7004
18.657999    21.758799    17.7004
18.6764    21.7732    17.7004
18.6828    21.778    17.7004
18.6924    21.786    17.7004
18.7116    21.806799    17.7004
18.718    21.8148    17.7004
18.7372    21.838    17.7004
18.7412    21.8436    17.7004
18.7636    21.8716    17.7004
18.7684    21.8788    17.7004
18.7964    21.9268    17.7004
18.798    21.93    17.7004
18.816399    21.966799    17.7004
18.8212    21.9772    17.7004
18.8388    22.0196    17.7004
18.847599    22.0404    17.7004
18.864399    22.09    17.7004
18.8708    22.1092    17.7004
18.885199    22.156399    17.7004
18.8908    22.1772    17.7004
18.8996    22.2108    17.7004
18.910799    22.2596    17.7004
18.914799    22.2764    17.7004
18.9212    22.306799    17.7004
18.9236    22.3196    17.7004
18.9412    22.425999    17.7004
18.942    22.431599    17.7004
18.942799    22.4364    17.7004
18.9508    22.505999    17.7004
18.954    22.5308    17.7004
18.9572    22.570799    17.7004
18.9636    22.6188    17.7004
18.966    22.663599    17.7004
18.9732    22.746    17.7004
18.9748    22.769999    17.7004
18.9764    22.798    17.7004
18.9804    22.931599    17.7004
18.9804    22.938    17.7004
18.982    23.0148    17.7004
18.982    23.0348    17.7004
18.9828    23.118    17.7004
18.982    23.1716    17.7004
18.9804    23.2732    17.7004
18.979599    23.2948    17.7004
18.977999    23.342    17.7004
18.9764    23.401999    17.7004
18.9748    23.442799    17.7004
18.9708    23.5012    17.7004
18.966    23.587599    17.7004
18.9636    23.628399    17.7004
18.9548    23.7556    17.7004
18.9548    23.7572    17.7004
18.9548    23.7596    17.7004
18.9436    23.8668    17.7004
18.933199    23.953999    17.7004
18.93    23.9732    17.7004
18.9268    23.9924    17.7004
18.9084    24.0884    17.7004
18.9028    24.1148    17.7004
18.8908    24.17    17.7004
18.886799    24.180399    17.7004
18.8804    24.1988    17.7004
18.8604    24.2412    17.7004
18.853199    24.254799    17.7004
18.8484    24.264399    17.7004
18.8356    24.286798    17.7004
18.834799    24.288399    17.7004
18.83    24.2932    17.7004
18.8132    24.3132    17.7004
18.8076    24.317999    17.7004
18.7876    24.3324    17.7004
18.7804    24.3364    17.7004
18.771599    24.3396    17.7004
18.758799    24.3428    17.7004
18.7444    24.3492    17.7004
18.726799    24.351599    17.7004
18.7172    24.354    17.7004
18.6964    24.3524    17.7004
18.685999    24.353199    17.7004
18.6652    24.3492    17.7004
18.657999    24.3492    17.7004
18.6356    24.342    17.7004
18.632399    24.3412    17.7004
18.626799    24.3396    17.7004
18.594799    24.327599    17.7004
18.5724    24.3172    17.7004
18.546799    24.293999    17.7004
18.534    24.282799    17.7004
18.5172    24.2676    17.7004
18.483599    24.234    17.7004
18.4804    24.230799    17.7004
18.4524    24.105999    17.7004
18.4492    24.0964    17.7004
18.4516    24.0924    17.7004
18.454    24.07    17.7004
18.4788    24.0148    17.7004
18.4884    23.9916    17.7004
18.513199    23.9252    17.7004
18.5228    23.9004    17.7004
18.5252    23.8932    17.7004
18.5292    23.8804    17.7004
18.541199    23.8508    17.7004
18.5508    23.8284    17.7004
18.5556    23.8196    17.7004
18.5836    23.754799    17.7004
18.5916    23.7316    17.7004
18.604399    23.6948    17.7004
18.605999    23.6868    17.7004
18.614    23.6644    17.7004
18.6236    23.633999    17.7004
18.6332    23.602    17.7004
18.6356    23.5956    17.7004
18.6444    23.5548    17.7004
18.6444    23.553999    17.7004
18.650799    23.5196    17.7004
18.6532    23.5084    17.7004
18.6532    23.4972    17.7004
18.6548    23.473999    17.7004
18.65    23.4508    17.7004
18.6484    23.4356    17.7004
18.6364    23.420399    17.7004
18.632399    23.4084    17.7004
18.617199    23.4084    17.7004
18.598799    23.4084    17.7004
18.59    23.421999    17.7004
18.5868    23.4324    17.7004
18.5828    23.4492    17.7004
18.578    23.4644    17.7004
18.5676    23.505999    17.7004
18.566    23.5124    17.7004
18.562    23.528399    17.7004
18.5476    23.574    17.7004
18.542    23.591599    17.7004
18.5332    23.6148    17.7004
18.518799    23.6468    17.7004
18.51    23.667599    17.7004
18.5028    23.6876    17.7004
18.4924    23.7076    17.7004
18.486    23.7276    17.7004
18.479599    23.7412    17.7004
18.473999    23.7556    17.7004
18.4644    23.7708    17.7004
18.4516    23.7836    17.7004
18.4436    23.7964    17.7004
18.434    23.8172    17.7004
18.4196    23.8324    17.7004
18.4068    23.8436    17.7004
18.3884    23.857199    17.7004
18.3748    23.862    17.7004
18.357199    23.8732    17.7004
18.3468    23.8804    17.7004
18.326    23.890799    17.7004
18.301199    23.901999    17.7004
18.278    23.91    17.7004
18.2612    23.916399    17.7004
18.2284    23.918798    17.7004
18.2116    23.920399    17.7004
18.180399    23.918798    17.7004
18.1684    23.918798    17.7004
18.1388    23.914    17.7004
18.115599    23.9084    17.7004
18.093199    23.9028    17.7004
18.0684    23.8916    17.7004
18.0588    23.8836    17.7004
18.0444    23.878    17.7004
18.0332    23.8716    17.7004
18.0164    23.862799    17.7004
17.9972    23.844398    17.7004
17.97    23.8196    17.7004
17.9636    23.8148    17.7004
17.9604    23.8116    17.7004
17.9548    23.8044    17.7004
17.9468    23.793999    17.7004
17.9404    23.786    17.7004
17.9356    23.782    17.7004
17.918    23.7572    17.7004
17.906    23.7452    17.7004
17.8972    23.729198    17.7004
17.8836    23.7076    17.7004
17.878    23.7004    17.7004
17.8676    23.698    17.7004
17.8548    23.691599    17.7004
17.8452    23.698    17.7004
17.834799    23.7188    17.7004
17.8276    23.732399    17.7004
17.8276    23.7556    17.7004
17.8276    23.7708    17.7004
17.829199    23.789999    17.7004
17.8284    23.801199    17.7004
17.8284    23.810799    17.7004
17.8276    23.8564    17.7004
17.8308    23.8996    17.7004
17.8284    23.9068    17.7004
17.8316    23.9268    17.7004
17.826    23.9476    17.7004
17.8244    23.9564    17.7004
17.810799    23.989199    17.7004
17.789999    24.039598    17.7004
17.786    24.0444    17.7004
17.7692    24.0612    17.7004
17.747599    24.070799    17.7004
17.719599    24.0828    17.7004
17.7092    24.085999    17.7004
17.7052    24.0868    17.7004
17.6772    24.094799    17.7004
17.6628    24.0996    17.7004
17.657999    24.100399    17.7004
17.6348    24.105999    17.7004
17.622799    24.105999    17.7004
17.6076    24.1076    17.7004
17.594799    24.105999    17.7004
17.5812    24.105999    17.7004
17.5556    24.102798    17.7004
17.5532    24.102798    17.7004
17.552399    24.102798    17.7004
17.55    24.102    17.7004
17.5084    24.0908    17.7004
17.4708    24.0772    17.7004
17.4676    24.076399    17.7004
17.4492    24.0684    17.7004
17.4308    24.059599    17.7004
17.4292    24.0588    17.7004
17.4052    24.0444    17.7004
17.392399    24.0364    17.7004
17.362799    24.0156    17.7004
17.354    24.0092    17.7004
17.345999    24.001999    17.7004
17.3196    23.983599    17.7004
17.3132    23.973999    17.7004
17.298    23.9564    17.7004
17.289999    23.9412    17.7004
17.2868    23.934    17.7004
17.2836    23.925999    17.7004
17.278    23.909199    17.7004
17.2668    23.873999    17.7004
17.2572    23.844398    17.7004
17.254    23.8228    17.7004
17.2516    23.792398    17.7004
17.249199    23.732399    17.7004
17.249199    23.73    17.7004
17.2508    23.695599    17.7004
17.2508    23.6948    17.7004
17.2508    23.694    17.7004
17.254    23.637999    17.7004
17.2596    23.6012    17.7004
17.2628    23.576399    17.7004
17.274    23.5108    17.7004
17.2748    23.5052    17.7004
17.2756    23.5012    17.7004
17.288399    23.4468    17.7004
17.298    23.41    17.7004
17.305199    23.3844    17.7004
17.31    23.369999    17.7004
17.3148    23.3524    17.7004
17.345999    23.2612    17.7004
17.3468    23.258799    17.7004
17.35    23.2508    17.7004
17.3764    23.1796    17.7004
17.3788    23.173199    17.7004
17.3804    23.167599    17.7004
17.4004    23.1188    17.7004
17.4132    23.0868    17.7004
17.4268    23.0508    17.7004
17.4324    23.038    17.7004
17.4516    22.996399    17.7004
17.462    22.972399    17.7004
17.482    22.9348    17.7004
17.4916    22.914799    17.7004
17.496399    22.9068    17.7004
17.500399    22.9004    17.7004
17.5212    22.857199    17.7004
17.541199    22.814    17.7004
17.5508    22.7932    17.7004
17.578    22.7404    17.7004
17.598    22.706    17.7004
17.6068    22.689999    17.7004
17.622799    22.6612    17.7004
17.6364    22.6356    17.7004
17.65    22.605999    17.7004
17.6596    22.585999    17.7004
17.6836    22.5396    17.7004
17.6964    22.5164    17.7004
17.737999    22.4404    17.7004
17.7468    22.4236    17.7004
17.7852    22.357199    17.7004
17.7932    22.3412    17.7004
17.802    22.326    17.7004
17.823599    22.286    17.7004
17.8908    22.161999    17.7004
17.916399    22.118    17.7004
17.946    22.065199    17.7004
17.9532    22.052399    17.7004
17.9596    22.042    17.7004
18.0012    21.970798    17.7004
