13.73    35.2548    12.6004
13.717999    35.248398    12.6004
13.714    35.246    12.6004
13.7076    35.242798    12.6004
13.6844    35.23    12.6004
13.681999    35.23    12.6004
13.658    35.2244    12.6004
13.6556    35.2252    12.6004
13.6284    35.2292    12.6004
13.6108    35.2364    12.6004
13.601999    35.2404    12.6004
13.5756    35.256397    12.6004
13.568399    35.2612    12.6004
13.558    35.2692    12.6004
13.510799    35.304398    12.6004
13.4612    35.3428    12.6004
13.434799    35.3628    12.6004
13.4156    35.3756    12.6004
13.3772    35.4004    12.6004
13.3412    35.419598    12.6004
13.326799    35.4276    12.6004
13.314799    35.434    12.6004
13.2932    35.446    12.6004
13.274799    35.4548    12.6004
13.2556    35.461998    12.6004
13.2436    35.467598    12.6004
13.2324    35.473198    12.6004
13.2076    35.5004    12.6004
13.2076    35.501198    12.6004
13.2076    35.5052    12.6004
13.214    35.5276    12.6004
13.2372    35.5452    12.6004
13.2492    35.551598    12.6004
13.2668    35.5596    12.6004
13.2755995    35.5652    12.6004
13.294    35.5724    12.6004
13.306    35.5756    12.6004
13.3292    35.582798    12.6004
13.383599    35.6012    12.6004
13.3924    35.6036    12.6004
13.406799    35.606    12.6004
13.4332    35.610798    12.6004
13.446    35.6124    12.6004
13.464399    35.613197    12.6004
13.4724    35.6124    12.6004
13.4892    35.61    12.6004
13.514    35.5932    12.6004
13.5188    35.586    12.6004
13.5412    35.5436    12.6004
13.5484    35.5268    12.6004
13.561999    35.5004    12.6004
13.5812    35.467598    12.6004
13.5876    35.458    12.6004
13.6116    35.4204    12.6004
13.6156    35.4148    12.6004
13.6324    35.3964    12.6004
13.6388    35.39    12.6004
13.654799    35.378    12.6004
13.6676    35.3708    12.6004
13.681999    35.3628    12.6004
13.6956    35.3564    12.6004
13.7276    35.35    12.6004
13.729199    35.35    12.6004
13.7308    35.35    12.6004
13.740399    35.346798    12.6004
13.7676    35.3388    12.6004
13.7724    35.3332    12.6004
13.7884    35.302    12.6004
13.786799    35.2972    12.6004
13.7764    35.2828    12.6004
13.73    35.2548    12.6004
