12.4564    37.1156    12.6004
12.453199    37.1124    12.6004
12.4324    37.093998    12.6004
12.417999    37.0876    12.6004
12.4028    37.0812    12.6004
12.3996    37.082    12.6004
12.3684    37.0836    12.6004
12.365999    37.0844    12.6004
12.3404    37.0948    12.6004
12.3228    37.106    12.6004
12.3068    37.116398    12.6004
12.2876    37.127598    12.6004
12.262    37.1404    12.6004
12.2532    37.1452    12.6004
12.25    37.146797    12.6004
12.2452    37.1484    12.6004
12.2308    37.154    12.6004
12.165199    37.177998    12.6004
12.147599    37.183598    12.6004
12.082    37.2028    12.6004
12.0636    37.21    12.6004
12.049999    37.214798    12.6004
12.0068    37.2268    12.6004
11.9716    37.2364    12.6004
11.964399    37.238    12.6004
11.9444    37.242    12.6004
11.923599    37.245197    12.6004
11.9172    37.246    12.6004
11.873199    37.25    12.6004
11.8708    37.250797    12.6004
11.8524    37.25    12.6004
11.8252    37.25    12.6004
11.8228    37.25    12.6004
11.814    37.2492    12.6004
11.7892    37.2476    12.6004
11.778    37.2468    12.6004
11.7668    37.2444    12.6004
11.7484    37.2404    12.6004
11.7204    37.2332    12.6004
11.714    37.231598    12.6004
11.7028    37.2268    12.6004
11.6756    37.2156    12.6004
11.671599    37.2124    12.6004
11.6516    37.2052    12.6004
11.637199    37.197998    12.6004
11.6108    37.1844    12.6004
11.5859995    37.17    12.6004
11.573199    37.1628    12.6004
11.562799    37.155598    12.6004
11.5364    37.1372    12.6004
11.5124    37.118797    12.6004
11.4836    37.0948    12.6004
11.4828    37.093998    12.6004
11.478    37.088398    12.6004
11.4548    37.0668    12.6004
11.447599    37.058    12.6004
11.4268    37.034798    12.6004
11.4148    37.0188    12.6004
11.3972    36.9948    12.6004
11.389199    36.981197    12.6004
11.3756    36.958797    12.6004
11.3532    36.919598    12.6004
11.3452    36.9052    12.6004
11.342    36.8956    12.6004
11.3331995    36.874    12.6004
11.3188    36.8316    12.6004
11.3188    36.8308    12.6004
11.3124    36.8124    12.6004
11.3108    36.8004    12.6004
11.309199    36.7892    12.6004
11.3068    36.770798    12.6004
11.3052    36.746    12.6004
11.306    36.7268    12.6004
11.3043995    36.718    12.6004
11.3028    36.7076    12.6004
11.3012    36.702    12.6004
11.297199    36.694    12.6004
11.2876    36.6748    12.6004
11.262799    36.644398    12.6004
11.2596    36.6396    12.6004
11.2564    36.6372    12.6004
11.246799    36.6292    12.6004
11.2156    36.605198    12.6004
11.200399    36.593998    12.6004
11.1756    36.5692    12.6004
11.1748    36.568398    12.6004
11.1748    36.5676    12.6004
11.162    36.5396    12.6004
11.153999    36.5172    12.6004
11.148399    36.4996    12.6004
11.1476    36.4964    12.6004
11.1452    36.4828    12.6004
11.1348    36.4164    12.6004
11.1332    36.3996    12.6004
11.125999    36.342    12.6004
11.122    36.2788    12.6004
11.122    36.2756    12.6004
11.1212    36.27    12.6004
11.120399    36.231598    12.6004
11.120399    36.220398    12.6004
11.120399    36.182    12.6004
11.1228    36.1452    12.6004
11.1244    36.1348    12.6004
11.1276    36.101997    12.6004
11.130799    36.0724    12.6004
11.136399    36.0356    12.6004
11.1396    36.0132    12.6004
11.142799    35.997997    12.6004
11.1491995    35.9668    12.6004
11.1564    35.9356    12.6004
11.162    35.9092    12.6004
11.1644    35.8964    12.6004
11.165999    35.888397    12.6004
11.1756    35.8572    12.6004
11.1804    35.841198    12.6004
11.183599    35.8332    12.6004
11.200399    35.7812    12.6004
11.2244    35.7252    12.6004
11.2324    35.7052    12.6004
11.2364    35.6964    12.6004
11.25    35.6676    12.6004
11.2564    35.6548    12.6004
11.280399    35.613197    12.6004
11.2892    35.596397    12.6004
11.302    35.577198    12.6004
11.3164    35.558    12.6004
11.3308    35.5452    12.6004
11.344399    35.5332    12.6004
11.3644    35.5196    12.6004
11.372399    35.5156    12.6004
11.389199    35.4932    12.6004
11.395599    35.4836    12.6004
11.3948    35.4692    12.6004
11.3924    35.4556    12.6004
11.3852    35.4492    12.6004
11.360399    35.434    12.6004
11.355599    35.4332    12.6004
11.3364    35.419598    12.6004
11.3331995    35.4188    12.6004
11.286799    35.4012    12.6004
11.257199    35.3908    12.6004
11.2108    35.371597    12.6004
11.2036    35.3684    12.6004
11.1732    35.3532    12.6004
11.1476    35.334    12.6004
11.142799    35.3316    12.6004
11.137199    35.326    12.6004
11.1188    35.3076    12.6004
11.094    35.2804    12.6004
11.0524    35.23    12.6004
11.0428    35.218    12.6004
11.0364    35.21    12.6004
10.993199    35.1524    12.6004
10.981999    35.1364    12.6004
10.9548    35.096397    12.6004
10.9539995    35.0956    12.6004
10.9204    35.0564    12.6004
10.9196    35.0564    12.6004
10.918799    35.0556    12.6004
10.9036    35.0452    12.6004
10.8916    35.029198    12.6004
10.8748    35.026    12.6004
10.861199    35.0244    12.6004
10.8588    35.023598    12.6004
10.854799    35.0268    12.6004
10.8276    35.0612    12.6004
10.8188    35.0748    12.6004
10.814799    35.0804    12.6004
10.79    35.116398    12.6004
10.766    35.1436    12.6004
10.7596    35.149998    12.6004
10.7508    35.1572    12.6004
10.7476    35.1628    12.6004
10.746799    35.1636    12.6004
10.745999    35.1636    12.6004
10.7123995    35.1804    12.6004
10.7028    35.1844    12.6004
10.6804    35.1908    12.6004
10.636399    35.2028    12.6004
10.5803995    35.2132    12.6004
10.573199    35.214    12.6004
10.568399    35.214798    12.6004
10.5652    35.214798    12.6004
10.526    35.2156    12.6004
10.5227995    35.2156    12.6004
10.487599    35.2132    12.6004
10.4612    35.2084    12.6004
10.4484    35.2052    12.6004
10.422    35.1964    12.6004
10.417999    35.1956    12.6004
10.414    35.194    12.6004
10.389999    35.1868    12.6004
10.366799    35.177998    12.6004
10.334    35.1604    12.6004
10.3244    35.1548    12.6004
10.3196    35.1524    12.6004
10.3132    35.1484    12.6004
10.286799    35.1316    12.6004
10.2604    35.114    12.6004
10.2492    35.1068    12.6004
10.2164    35.078    12.6004
10.211599    35.073997    12.6004
10.2052    35.0676    12.6004
10.189199    35.054    12.6004
10.1732    35.0356    12.6004
10.1676    35.029198    12.6004
10.159599    35.017998    12.6004
10.1476    35.002    12.6004
10.142799    34.9948    12.6004
10.134    34.982    12.6004
10.1244    34.966    12.6004
10.118    34.9524    12.6004
10.1108    34.936398    12.6004
10.096399    34.891598    12.6004
10.0956    34.8892    12.6004
10.0948    34.8836    12.6004
10.0836    34.8316    12.6004
10.082    34.8236    12.6004
10.0812    34.8148    12.6004
10.0756    34.770798    12.6004
10.0748    34.753998    12.6004
10.0748    34.7156    12.6004
10.0764    34.683598    12.6004
10.0764    34.6756    12.6004
10.0803995    34.6524    12.6004
10.0812    34.6452    12.6004
10.085199    34.6308    12.6004
10.091599    34.616398    12.6004
10.11    34.590797    12.6004
10.1324    34.5724    12.6004
10.1356    34.5692    12.6004
10.137199    34.5676    12.6004
10.171599    34.540398    12.6004
10.1924    34.5276    12.6004
10.1924    34.5268    12.6004
10.1932    34.5268    12.6004
10.1932    34.526    12.6004
10.2123995    34.4972    12.6004
10.2188    34.4772    12.6004
10.2196    34.4708    12.6004
10.2212    34.456398    12.6004
10.2244    34.4356    12.6004
10.2276    34.41    12.6004
10.23    34.3924    12.6004
10.234    34.354797    12.6004
10.2355995    34.337997    12.6004
10.240399    34.3116    12.6004
10.242    34.304398    12.6004
10.2436    34.3012    12.6004
10.2652    34.2668    12.6004
10.274799    34.2556    12.6004
10.3348    34.189198    12.6004
10.337999    34.186    12.6004
10.338799    34.1844    12.6004
10.3619995    34.154    12.6004
10.3675995    34.1452    12.6004
10.37    34.129997    12.6004
10.366    34.118    12.6004
10.3684    34.099598    12.6004
10.3596    34.0724    12.6004
10.3532    34.058    12.6004
10.3524    34.054    12.6004
10.349199    34.0492    12.6004
10.343599    34.0412    12.6004
10.332399    34.0228    12.6004
10.3108    33.986797    12.6004
10.2972    33.964397    12.6004
10.2796    33.9332    12.6004
10.25    33.8836    12.6004
10.2411995    33.8676    12.6004
10.2308    33.8484    12.6004
10.2188    33.826    12.6004
10.199599    33.786    12.6004
10.1972    33.781998    12.6004
10.19    33.766    12.6004
10.177199    33.7332    12.6004
10.171599    33.7156    12.6004
10.1692    33.7084    12.6004
10.1532    33.6532    12.6004
10.1412    33.61    12.6004
10.1284    33.565998    12.6004
10.1124    33.512398    12.6004
10.1076    33.492397    12.6004
10.1044    33.482    12.6004
10.0988    33.4596    12.6004
10.079599    33.3892    12.6004
10.0716    33.354    12.6004
10.0716    33.352398    12.6004
10.0716    33.3516    12.6004
10.0716    33.3508    12.6004
10.0716    33.3484    12.6004
10.066    33.3228    12.6004
10.067599    33.315598    12.6004
10.068399    33.2908    12.6004
10.073199    33.2748    12.6004
10.073999    33.270798    12.6004
10.082    33.2532    12.6004
10.096399    33.2196    12.6004
10.1052    33.1988    12.6004
10.1284    33.1508    12.6004
10.1508    33.1036    12.6004
10.186    33.0268    12.6004
10.1956    33.0076    12.6004
10.2052    32.9884    12.6004
10.2188    32.9612    12.6004
10.226    32.9492    12.6004
10.2564    32.9124    12.6004
10.2612    32.9068    12.6004
10.262    32.9052    12.6004
10.269199    32.897198    12.6004
10.2948    32.869198    12.6004
10.2987995    32.8652    12.6004
10.322    32.846    12.6004
10.3284    32.8404    12.6004
10.3308    32.8388    12.6004
10.332399    32.837997    12.6004
10.3588    32.8292    12.6004
10.3804    32.829998    12.6004
10.386    32.8284    12.6004
10.4116    32.8308    12.6004
10.441199    32.8308    12.6004
10.4548    32.829998    12.6004
10.4804    32.8308    12.6004
10.4948    32.8308    12.6004
10.5227995    32.8252    12.6004
10.5244    32.8252    12.6004
10.528399    32.8236    12.6004
10.5596    32.8124    12.6004
10.5636    32.8092    12.6004
10.568399    32.804398    12.6004
10.5892    32.781998    12.6004
10.606    32.759598    12.6004
10.6244    32.7348    12.6004
10.648399    32.7068    12.6004
10.6812    32.6708    12.6004
10.693999    32.655598    12.6004
10.7044    32.644398    12.6004
10.7252    32.6236    12.6004
10.740399    32.6148    12.6004
10.7508    32.61    12.6004
10.774799    32.605198    12.6004
10.780399    32.605198    12.6004
10.8244    32.6036    12.6004
10.826799    32.6036    12.6004
10.8308    32.6044    12.6004
10.8619995    32.6044    12.6004
10.87    32.605198    12.6004
10.8884    32.6092    12.6004
10.906    32.6172    12.6004
10.9172    32.6212    12.6004
10.9372    32.6316    12.6004
10.9676    32.6476    12.6004
11.0227995    32.682    12.6004
11.0436    32.6916    12.6004
11.058    32.697998    12.6004
11.0772    32.7052    12.6004
11.1044    32.7108    12.6004
11.1524    32.7196    12.6004
11.1804    32.7252    12.6004
11.205199    32.73    12.6004
11.2276    32.731598    12.6004
11.246799    32.731598    12.6004
11.2699995    32.7324    12.6004
11.2788    32.731598    12.6004
11.3052    32.725998    12.6004
11.338799    32.7188    12.6004
11.3404    32.718    12.6004
11.373199    32.7084    12.6004
11.384399    32.7044    12.6004
11.4307995    32.6868    12.6004
11.436399    32.6852    12.6004
11.527599    32.6468    12.6004
11.5412    32.6412    12.6004
11.5884    32.6228    12.6004
11.618    32.6116    12.6004
11.6435995    32.6028    12.6004
11.6876    32.5892    12.6004
11.6956    32.5876    12.6004
11.722    32.579597    12.6004
11.739599    32.5756    12.6004
11.7836    32.5652    12.6004
11.791599    32.5636    12.6004
11.8284    32.5548    12.6004
11.8636    32.5532    12.6004
11.8644    32.5532    12.6004
11.8652    32.5532    12.6004
11.898    32.5548    12.6004
11.9036    32.5548    12.6004
11.9436    32.5588    12.6004
12.014    32.5644    12.6004
12.028399    32.5652    12.6004
12.0515995    32.5636    12.6004
12.068399    32.5636    12.6004
12.0956    32.557198    12.6004
12.096399    32.557198    12.6004
12.1012    32.5556    12.6004
12.125999    32.5452    12.6004
12.147599    32.5332    12.6004
12.176399    32.517998    12.6004
12.2244    32.4916    12.6004
12.262    32.469997    12.6004
12.273999    32.4636    12.6004
12.3004    32.4516    12.6004
12.3236    32.4428    12.6004
12.3596    32.43    12.6004
12.441199    32.4036    12.6004
12.4724    32.3924    12.6004
12.4948    32.3828    12.6004
12.514    32.374    12.6004
12.5292    32.3668    12.6004
12.533999    32.363598    12.6004
12.5748    32.3404    12.6004
12.6092    32.315598    12.6004
12.625999    32.3036    12.6004
12.647599    32.286    12.6004
12.6684    32.27    12.6004
12.705199    32.2404    12.6004
12.7316    32.218    12.6004
12.7388    32.2132    12.6004
12.757999    32.1988    12.6004
12.802    32.1652    12.6004
12.8228    32.149998    12.6004
12.8516    32.1284    12.6004
12.8772    32.1124    12.6004
12.8884    32.1044    12.6004
12.9044    32.093998    12.6004
12.9372    32.0732    12.6004
12.975599    32.0524    12.6004
12.9852    32.0468    12.6004
12.992399    32.0428    12.6004
13.0292    32.026    12.6004
13.039599    32.0212    12.6004
13.0724    32.0084    12.6004
13.0764    32.006798    12.6004
13.120399    31.994799    12.6004
13.1348    31.9916    12.6004
13.174    31.9828    12.6004
13.1852    31.981998    12.6004
13.193999    31.9828    12.6004
13.222    31.981998    12.6004
13.238    31.985199    12.6004
13.2884    31.998    12.6004
13.3076    32.0028    12.6004
13.314    32.0036    12.6004
13.331599    32.006    12.6004
13.3468    32.0084    12.6004
13.3532    32.0092    12.6004
13.377999    32.0092    12.6004
13.384399    32.0084    12.6004
13.406    32.006798    12.6004
13.412399    32.0052    12.6004
13.441199    31.9996    12.6004
13.457999    31.994799    12.6004
13.470799    31.990799    12.6004
13.486    31.987598    12.6004
13.5356    31.973999    12.6004
13.6092    31.9532    12.6004
13.6156    31.9516    12.6004
13.648399    31.9452    12.6004
13.6628    31.942799    12.6004
13.6812    31.9404    12.6004
13.694799    31.9396    12.6004
13.7492    31.9364    12.6004
13.7987995    31.9348    12.6004
13.8284    31.934    12.6004
13.832399    31.934    12.6004
13.882    31.933199    12.6004
13.894    31.933199    12.6004
13.9307995    31.9364    12.6004
13.957999    31.938799    12.6004
13.9604    31.938799    12.6004
14.0084    31.948399    12.6004
14.0292    31.9548    12.6004
14.033999    31.9564    12.6004
14.042    31.959599    12.6004
14.0716    31.9748    12.6004
14.082    31.979599    12.6004
14.084399    31.981998    12.6004
14.138    32.0228    12.6004
14.177199    32.0556    12.6004
14.189199    32.0636    12.6004
14.2044    32.0724    12.6004
14.2076    32.073997    12.6004
14.2364    32.0844    12.6004
14.246799    32.0876    12.6004
14.3331995    32.110798    12.6004
14.3564    32.1196    12.6004
14.3692    32.1252    12.6004
14.3748    32.127598    12.6004
14.3756    32.1284    12.6004
14.3963995    32.144398    12.6004
14.4052    32.1532    12.6004
14.4388    32.189198    12.6004
14.452399    32.2084    12.6004
14.4716    32.2356    12.6004
14.4796    32.2508    12.6004
14.486799    32.265198    12.6004
14.4908    32.2724    12.6004
14.5028    32.309998    12.6004
14.503599    32.314    12.6004
14.504399    32.3172    12.6004
14.504399    32.318798    12.6004
14.506    32.326797    12.6004
14.5148    32.3796    12.6004
14.5227995    32.4092    12.6004
14.527599    32.425198    12.6004
14.5364    32.4484    12.6004
14.5428    32.4596    12.6004
14.544399    32.464397    12.6004
14.5524    32.4764    12.6004
14.5571995    32.481197    12.6004
14.578    32.4948    12.6004
14.5932    32.4972    12.6004
14.6124    32.5036    12.6004
14.6172    32.5036    12.6004
14.654799    32.5076    12.6004
14.7156    32.514    12.6004
14.769199    32.5196    12.6004
14.7732    32.5204    12.6004
14.7844    32.523598    12.6004
14.8252    32.5396    12.6004
14.842    32.5492    12.6004
14.854799    32.5556    12.6004
14.8564    32.5564    12.6004
14.858    32.557198    12.6004
14.858    32.558    12.6004
14.8596    32.5588    12.6004
14.9028    32.593998    12.6004
14.9164    32.61    12.6004
14.9251995    32.618797    12.6004
14.9284    32.6228    12.6004
14.929199    32.624397    12.6004
14.9516    32.654    12.6004
14.9612    32.6732    12.6004
14.974799    32.702    12.6004
14.9788    32.714    12.6004
14.9836    32.728397    12.6004
14.986799    32.739597    12.6004
14.9956    32.7668    12.6004
14.9972    32.7748    12.6004
15.002    32.7956    12.6004
15.005199    32.821198    12.6004
15.0076    32.8372    12.6004
15.009999    32.8628    12.6004
15.010799    32.8956    12.6004
15.010799    32.898    12.6004
15.009999    32.93    12.6004
15.0084    32.9436    12.6004
15.0076    32.967598    12.6004
14.998799    33.0476    12.6004
14.9964    33.0708    12.6004
14.9964    33.071598    12.6004
14.9908    33.1172    12.6004
14.9892    33.1316    12.6004
14.9892    33.133198    12.6004
14.9892    33.1396    12.6004
14.987599    33.1588    12.6004
14.987599    33.162    12.6004
14.987599    33.166    12.6004
14.9883995    33.1692    12.6004
14.993199    33.1884    12.6004
14.9972    33.1988    12.6004
15.0012    33.2084    12.6004
15.0148    33.2268    12.6004
15.042    33.2476    12.6004
15.066    33.2604    12.6004
15.098    33.2724    12.6004
15.1124    33.276398    12.6004
15.1844    33.298    12.6004
15.1956    33.302    12.6004
15.222799    33.313198    12.6004
15.2324    33.3196    12.6004
15.25    33.335598    12.6004
15.2612    33.346798    12.6004
15.2724    33.360397    12.6004
15.282    33.3732    12.6004
15.2892    33.3788    12.6004
15.315599    33.397198    12.6004
15.3236    33.4012    12.6004
15.372399    33.4156    12.6004
15.3916    33.4212    12.6004
15.405999    33.4244    12.6004
15.4276    33.4332    12.6004
15.440399    33.4388    12.6004
15.469199    33.4556    12.6004
15.474    33.4604    12.6004
15.486799    33.4724    12.6004
15.518    33.506798    12.6004
15.5204    33.5092    12.6004
15.5596    33.5588    12.6004
15.5692    33.5708    12.6004
15.5708    33.5732    12.6004
15.5996    33.610798    12.6004
15.6108    33.624397    12.6004
15.624399    33.6348    12.6004
15.631599    33.638798    12.6004
15.637199    33.6404    12.6004
15.6435995    33.6404    12.6004
15.6732    33.6428    12.6004
15.6852    33.642    12.6004
15.698799    33.642    12.6004
15.7204    33.642    12.6004
15.727599    33.6428    12.6004
15.7372    33.6452    12.6004
15.752399    33.644398    12.6004
15.7732    33.654    12.6004
15.778    33.6564    12.6004
15.782    33.6572    12.6004
15.822    33.6844    12.6004
15.8308    33.69    12.6004
15.842    33.6988    12.6004
15.877999    33.7292    12.6004
15.8916    33.7412    12.6004
15.9228    33.7716    12.6004
15.95    33.8004    12.6004
15.9628    33.813198    12.6004
15.9724    33.8252    12.6004
15.9883995    33.8452    12.6004
15.999599    33.862    12.6004
16.0172    33.8988    12.6004
16.0212    33.906    12.6004
16.026    33.918    12.6004
16.0332    33.9324    12.6004
16.0476    33.9668    12.6004
16.048399    33.969997    12.6004
16.0588    33.994    12.6004
16.0716    34.0228    12.6004
16.0732    34.0284    12.6004
16.0748    34.0452    12.6004
16.0748    34.058    12.6004
16.0748    34.062798    12.6004
16.074    34.0892    12.6004
16.0684    34.126    12.6004
16.0628    34.1564    12.6004
16.0588    34.177998    12.6004
16.0516    34.2188    12.6004
16.0444    34.259598    12.6004
16.042799    34.2676    12.6004
16.0396    34.2788    12.6004
16.0252    34.341198    12.6004
16.0012    34.4284    12.6004
15.993199    34.4628    12.6004
15.9916    34.466    12.6004
15.9892    34.473198    12.6004
15.980399    34.503597    12.6004
15.974799    34.5196    12.6004
15.9668    34.5356    12.6004
15.9539995    34.554    12.6004
15.9444    34.5668    12.6004
15.935599    34.5764    12.6004
15.9036    34.618    12.6004
15.860399    34.6684    12.6004
15.854799    34.674    12.6004
15.825199    34.7052    12.6004
15.8244    34.705997    12.6004
15.797999    34.7292    12.6004
15.79    34.738    12.6004
15.773999    34.7524    12.6004
15.7588    34.7644    12.6004
15.7476    34.7732    12.6004
15.7244    34.7908    12.6004
15.7188    34.794    12.6004
15.7084    34.8004    12.6004
15.6796    34.8172    12.6004
15.6452    34.832397    12.6004
15.6396    34.8348    12.6004
15.631599    34.837997    12.6004
15.6156    34.8428    12.6004
15.5884    34.846    12.6004
15.5828    34.846798    12.6004
15.5596    34.849197    12.6004
15.545199    34.85    12.6004
15.5028    34.8484    12.6004
15.4788    34.846    12.6004
15.441199    34.8428    12.6004
15.424399    34.8404    12.6004
15.389999    34.8316    12.6004
15.3675995    34.8252    12.6004
15.3331995    34.813198    12.6004
15.306    34.804398    12.6004
15.2836    34.794    12.6004
15.279599    34.7924    12.6004
15.2732    34.7892    12.6004
15.25    34.7756    12.6004
15.2123995    34.742    12.6004
15.2084    34.738    12.6004
15.176399    34.7044    12.6004
15.15    34.677998    12.6004
15.125999    34.6564    12.6004
15.1116    34.6436    12.6004
15.096399    34.6404    12.6004
15.0868    34.638    12.6004
15.0836    34.6364    12.6004
15.0596    34.6516    12.6004
15.0484    34.6588    12.6004
15.0356    34.672398    12.6004
15.0196    34.6916    12.6004
14.987599    34.7348    12.6004
14.9604    34.774    12.6004
14.936399    34.8052    12.6004
14.929199    34.814    12.6004
14.91    34.837997    12.6004
14.8876    34.862    12.6004
14.8796    34.869198    12.6004
14.866799    34.880398    12.6004
14.837999    34.906    12.6004
14.818    34.925198    12.6004
14.7987995    34.9428    12.6004
14.782    34.9604    12.6004
14.7708    34.978    12.6004
14.762799    34.9908    12.6004
14.7532    35.0204    12.6004
14.752399    35.0228    12.6004
14.754    35.0644    12.6004
14.754    35.07    12.6004
14.7548    35.071598    12.6004
14.7755995    35.1572    12.6004
14.7836    35.186    12.6004
14.7844    35.19    12.6004
14.7932    35.23    12.6004
14.794    35.237198    12.6004
14.7884    35.2796    12.6004
14.7884    35.2812    12.6004
14.7676    35.3596    12.6004
14.7596    35.3852    12.6004
14.745199    35.430798    12.6004
14.738    35.450798    12.6004
14.7355995    35.458    12.6004
14.7196    35.4772    12.6004
14.7123995    35.4828    12.6004
14.705199    35.486797    12.6004
14.6812    35.4996    12.6004
14.665199    35.5076    12.6004
14.6348    35.5212    12.6004
14.602799    35.5364    12.6004
14.5644    35.551598    12.6004
14.5524    35.5556    12.6004
14.5468    35.558    12.6004
14.5204    35.5676    12.6004
14.486    35.577198    12.6004
14.4796    35.5788    12.6004
14.4732    35.5804    12.6004
14.4492    35.582    12.6004
14.441999    35.582798    12.6004
14.438    35.5836    12.6004
14.412399    35.5804    12.6004
14.411599    35.5812    12.6004
14.3796    35.582798    12.6004
14.3675995    35.610798    12.6004
14.377999    35.6348    12.6004
14.377999    35.6372    12.6004
14.377199    35.638798    12.6004
14.406799    35.6692    12.6004
14.4084    35.6716    12.6004
14.411599    35.674    12.6004
14.4316    35.6876    12.6004
14.4628    35.7124    12.6004
14.5292    35.7668    12.6004
14.5748    35.802    12.6004
14.591599    35.8164    12.6004
14.601999    35.824398    12.6004
14.6276    35.8476    12.6004
14.637199    35.8572    12.6004
14.6644    35.8836    12.6004
14.676399    35.8964    12.6004
14.688399    35.908398    12.6004
14.7012    35.9236    12.6004
14.7188    35.9468    12.6004
14.7204    35.9484    12.6004
14.7244    35.954    12.6004
14.742    35.978    12.6004
14.752399    35.9932    12.6004
14.757999    36.0052    12.6004
14.769199    36.0324    12.6004
14.7772    36.0564    12.6004
14.7836    36.0748    12.6004
14.7884    36.0956    12.6004
14.79    36.105198    12.6004
14.7956    36.1404    12.6004
14.7956    36.1428    12.6004
14.7948    36.1492    12.6004
14.792399    36.1644    12.6004
14.792399    36.1692    12.6004
14.79    36.1748    12.6004
14.782    36.1908    12.6004
14.7699995    36.2124    12.6004
14.763599    36.2252    12.6004
14.7532    36.245197    12.6004
14.7492    36.2524    12.6004
14.7476    36.274    12.6004
14.746799    36.2828    12.6004
14.751599    36.298    12.6004
14.7532    36.309998    12.6004
14.762    36.337997    12.6004
14.7644    36.346    12.6004
14.7644    36.3484    12.6004
14.7699995    36.365997    12.6004
14.7708    36.3684    12.6004
14.7708    36.369198    12.6004
14.769199    36.3964    12.6004
14.762    36.4188    12.6004
14.7596    36.430798    12.6004
14.757199    36.4356    12.6004
14.751599    36.4444    12.6004
14.738    36.461998    12.6004
14.7204    36.482    12.6004
14.714    36.4884    12.6004
14.7092    36.4932    12.6004
14.6988    36.5004    12.6004
14.683599    36.5116    12.6004
14.6788    36.514    12.6004
14.659599    36.5252    12.6004
14.647599    36.53    12.6004
14.630799    36.534798    12.6004
14.6228    36.5372    12.6004
14.6068    36.5412    12.6004
14.5996    36.5436    12.6004
14.573199    36.5524    12.6004
14.561199    36.5604    12.6004
14.5476    36.5692    12.6004
14.542    36.5732    12.6004
14.533199    36.5916    12.6004
14.5316    36.5956    12.6004
14.528399    36.6204    12.6004
14.533199    36.6476    12.6004
14.539599    36.689198    12.6004
14.5412    36.6964    12.6004
14.538    36.7212    12.6004
14.538799    36.7292    12.6004
14.538799    36.7332    12.6004
14.5372    36.7356    12.6004
14.5308    36.7524    12.6004
14.521199    36.7692    12.6004
14.5124    36.7804    12.6004
14.4956    36.7956    12.6004
14.4772    36.8092    12.6004
14.457999    36.8204    12.6004
14.438    36.8308    12.6004
14.413199    36.8404    12.6004
14.3804    36.8532    12.6004
14.3532    36.8628    12.6004
14.297999    36.8836    12.6004
14.2908    36.885998    12.6004
14.282    36.888397    12.6004
14.2612    36.893997    12.6004
14.251599    36.8964    12.6004
14.2044    36.9092    12.6004
14.19    36.9132    12.6004
14.165999    36.9228    12.6004
14.153999    36.9276    12.6004
14.146    36.9316    12.6004
14.13    36.939598    12.6004
14.1228    36.945198    12.6004
14.097199    36.9628    12.6004
14.089999    36.9692    12.6004
14.0708    36.986797    12.6004
14.0548    37.0028    12.6004
14.014    37.0412    12.6004
14.0004    37.051598    12.6004
13.987599    37.0636    12.6004
13.9676    37.077198    12.6004
13.9628    37.0804    12.6004
13.934    37.0948    12.6004
13.9092    37.107597    12.6004
13.8907995    37.118    12.6004
13.8756    37.127598    12.6004
13.854    37.146    12.6004
13.8476    37.1516    12.6004
13.8348    37.1644    12.6004
13.7987995    37.1996    12.6004
13.7708    37.2212    12.6004
13.763599    37.2268    12.6004
13.7556    37.231598    12.6004
13.7355995    37.2436    12.6004
13.7316    37.246    12.6004
13.7123995    37.256397    12.6004
13.7084    37.258    12.6004
13.6844    37.2668    12.6004
13.676399    37.270798    12.6004
13.6404    37.2868    12.6004
13.6108    37.2972    12.6004
13.5988    37.3012    12.6004
13.5716    37.3076    12.6004
13.568399    37.3084    12.6004
13.5668    37.3092    12.6004
13.539599    37.313198    12.6004
13.497999    37.3196    12.6004
13.4948    37.3196    12.6004
13.492399    37.3196    12.6004
13.466    37.321198    12.6004
13.4307995    37.318798    12.6004
13.429999    37.318798    12.6004
13.4052    37.314    12.6004
13.401999    37.314    12.6004
13.3588    37.3036    12.6004
13.354    37.3028    12.6004
13.3236    37.2964    12.6004
13.320399    37.2964    12.6004
13.314799    37.2956    12.6004
13.2948    37.2972    12.6004
13.2732    37.2996    12.6004
13.2668    37.3004    12.6004
13.2596    37.302    12.6004
13.233999    37.3076    12.6004
13.1779995    37.321198    12.6004
13.160399    37.3252    12.6004
13.134    37.329998    12.6004
13.113999    37.334    12.6004
13.1092    37.3348    12.6004
13.067599    37.337997    12.6004
13.0588    37.3388    12.6004
13.0356    37.3404    12.6004
13.0196    37.3404    12.6004
12.9883995    37.3388    12.6004
12.9772    37.3388    12.6004
12.9748    37.3388    12.6004
12.9716    37.337997    12.6004
12.929199    37.334    12.6004
12.8996    37.3316    12.6004
12.889199    37.329998    12.6004
12.849999    37.3228    12.6004
12.8364    37.3204    12.6004
12.821199    37.3172    12.6004
12.774799    37.306    12.6004
12.733999    37.2948    12.6004
12.7188    37.29    12.6004
12.6844    37.2756    12.6004
12.6788    37.273197    12.6004
12.6388    37.256397    12.6004
12.636399    37.2556    12.6004
12.6012    37.2388    12.6004
12.6004    37.238    12.6004
12.598    37.237198    12.6004
12.568399    37.2196    12.6004
12.5428    37.2028    12.6004
12.539599    37.200397    12.6004
12.5372    37.1988    12.6004
12.5188    37.1828    12.6004
12.4972    37.161198    12.6004
12.4916    37.1564    12.6004
12.462    37.1228    12.6004
12.4572    37.116398    12.6004
12.4564    37.1156    12.6004
