1.0691999    43.2948    24.3004
1.1051999    43.478798    24.3004
1.11    43.5084    24.3004
1.1308    43.618    24.3004
1.1764    43.8628    24.3004
1.1812    43.8844    24.3004
1.1844    43.906    24.3004
1.198    43.969997    24.3004
1.202    43.9876    24.3004
1.2027999    43.9908    24.3004
1.2068    44.0084    24.3004
1.2188    44.07    24.3004
1.2387999    44.1564    24.3004
1.2404    44.1604    24.3004
1.2404    44.161198    24.3004
1.2412    44.1644    24.3004
1.2484    44.2108    24.3004
1.2508    44.2244    24.3004
1.2587999    44.256397    24.3004
1.2612    44.2668    24.3004
1.262    44.2716    24.3004
1.2716    44.332397    24.3004
1.2875999    44.446    24.3004
1.29    44.4604    24.3004
1.2988    44.559597    24.3004
1.3011999    44.582    24.3004
1.306    44.652397    24.3004
1.3068    44.6564    24.3004
1.3068    44.6572    24.3004
1.3116    44.750797    24.3004
1.3132    44.8284    24.3004
1.3132    44.89    24.3004
1.3124    44.926    24.3004
1.3108    45.0172    24.3004
1.31    45.0252    24.3004
1.31    45.0276    24.3004
1.31    45.0308    24.3004
1.3011999    45.1364    24.3004
1.2955999    45.2044    24.3004
1.2932    45.222797    24.3004
1.286    45.258    24.3004
1.2684    45.343597    24.3004
1.2684    45.3444    24.3004
1.2675999    45.3452    24.3004
1.2667999    45.35    24.3004
1.2523999    45.3988    24.3004
1.25    45.405197    24.3004
1.2436    45.4172    24.3004
1.2276    45.4076    24.3004
1.2212    45.405197    24.3004
1.2044    45.3948    24.3004
1.1844    45.382    24.3004
1.0932    45.3204    24.3004
1.0468    45.2892    24.3004
1.0292    45.2772    24.3004
0.98679996    45.2492    24.3004
0.97959995    45.2444    24.3004
0.9748    45.2412    24.3004
0.9492    45.220398    24.3004
0.94759995    45.2196    24.3004
0.942    45.2076    24.3004
0.9332    45.1852    24.3004
0.92359996    45.166    24.3004
0.90919995    45.1308    24.3004
0.9052    45.1204    24.3004
0.9004    45.1092    24.3004
0.89159995    45.086    24.3004
0.8828    45.065998    24.3004
0.8724    45.042    24.3004
0.86359996    45.0196    24.3004
0.8156    44.9124    24.3004
0.7356    44.7292    24.3004
0.7252    44.7052    24.3004
0.718    44.689198    24.3004
0.6652    44.5612    24.3004
0.6548    44.5364    24.3004
0.6436    44.51    24.3004
0.6156    44.438797    24.3004
0.5764    44.3396    24.3004
0.50519997    44.162    24.3004
0.478    44.0948    24.3004
0.43879998    43.9964    24.3004
0.35079998    43.7836    24.3004
0.3372    43.7492    24.3004
0.2996    43.654    24.3004
0.2916    43.634    24.3004
0.2884    43.6252    24.3004
0.2428    43.509197    24.3004
0.2244    43.4596    24.3004
0.2004    43.397198    24.3004
0.1812    43.3444    24.3004
0.16759999    43.3092    24.3004
0.15079999    43.256397    24.3004
0.1356    43.2084    24.3004
0.113199994    43.135597    24.3004
0.107599996    43.1172    24.3004
0.106    43.11    24.3004
0.0932    43.0588    24.3004
0.0924    43.0564    24.3004
0.0924    43.0556    24.3004
0.0804    42.989998    24.3004
0.078    42.975597    24.3004
0.074    42.9372    24.3004
0.064399995    42.860397    24.3004
0.061199997    42.8308    24.3004
0.058799997    42.7948    24.3004
0.0548    42.758    24.3004
0.049999997    42.6884    24.3004
0.046    42.626    24.3004
0.046    42.6212    24.3004
0.046    42.618    24.3004
0.046    42.606    24.3004
0.046    42.5588    24.3004
0.047599997    42.464397    24.3004
0.047599997    42.4572    24.3004
0.047599997    42.4556    24.3004
0.0484    42.445198    24.3004
0.0508    42.374798    24.3004
0.051599998    42.346798    24.3004
0.0532    42.324398    24.3004
0.058799997    42.2604    24.3004
0.0596    42.25    24.3004
0.062    42.2244    24.3004
0.066    42.1828    24.3004
0.072399996    42.1596    24.3004
0.0756    42.1404    24.3004
0.098    42.1092    24.3004
0.102    42.1044    24.3004
0.107599996    42.0972    24.3004
0.1876    41.9964    24.3004
0.1972    41.984398    24.3004
0.226    41.95    24.3004
0.3084    41.8756    24.3004
0.3116    41.8724    24.3004
0.3172    41.8676    24.3004
0.32439998    41.860397    24.3004
0.398    41.7916    24.3004
0.4436    41.748398    24.3004
0.48279998    41.7052    24.3004
0.52279997    41.6596    24.3004
0.5748    41.6012    24.3004
0.6004    41.571598    24.3004
0.63159996    41.5276    24.3004
0.6788    41.4652    24.3004
0.7108    41.4204    24.3004
0.7308    41.3924    24.3004
0.746    41.374    24.3004
0.75    41.3732    24.3004
0.7572    41.362    24.3004
0.7748    41.3364    24.3004
0.78279996    41.3428    24.3004
0.7852    41.3876    24.3004
0.7876    41.4076    24.3004
0.7884    41.4132    24.3004
0.7884    41.4172    24.3004
0.78679997    41.464397    24.3004
0.78679997    41.506    24.3004
0.7876    41.542    24.3004
0.7876    41.6044    24.3004
0.7892    41.6476    24.3004
0.7916    41.7012    24.3004
0.79319996    41.7268    24.3004
0.79719996    41.804398    24.3004
0.79719996    41.8076    24.3004
0.7988    41.8332    24.3004
0.802    41.89    24.3004
0.8028    41.902    24.3004
0.8084    41.982    24.3004
0.81159997    42.0156    24.3004
0.8188    42.0748    24.3004
0.8276    42.1308    24.3004
0.83    42.1476    24.3004
0.83559996    42.194798    24.3004
0.842    42.228397    24.3004
0.8508    42.2804    24.3004
0.854    42.3052    24.3004
0.85719997    42.321198    24.3004
0.86679995    42.369198    24.3004
0.87479997    42.4036    24.3004
0.88199997    42.4484    24.3004
0.8892    42.4772    24.3004
0.9012    42.538    24.3004
0.9108    42.5788    24.3004
0.9188    42.6124    24.3004
0.92039996    42.6196    24.3004
0.9284    42.655598    24.3004
0.9388    42.6972    24.3004
0.942    42.7132    24.3004
0.9572    42.778797    24.3004
0.97319996    42.8428    24.3004
0.9892    42.913998    24.3004
1.0052    42.9876    24.3004
1.0139999    43.03    24.3004
1.0236    43.0756    24.3004
1.046    43.1796    24.3004
1.0564    43.228397    24.3004
1.0691999    43.2948    24.3004
