14.8932    21.5972    12.3004
14.9196    21.5436    12.3004
14.923599    21.535599    12.3004
14.9316    21.5252    12.3004
14.976399    21.4716    12.3004
15.016399    21.4356    12.3004
15.038799    21.414    12.3004
15.0772    21.3876    12.3004
15.1036    21.369999    12.3004
15.1236    21.358    12.3004
15.183599    21.3316    12.3004
15.210799    21.317999    12.3004
15.2388    21.314    12.3004
15.2948    21.3076    12.3004
15.3172    21.312399    12.3004
15.366799    21.3156    12.3004
15.4251995    21.3268    12.3004
15.4388    21.33    12.3004
15.4428    21.3316    12.3004
15.4484    21.333199    12.3004
15.4548    21.3364    12.3004
15.5028    21.354    12.3004
15.506    21.357199    12.3004
15.528399    21.3636    12.3004
15.5292    21.3652    12.3004
15.554    21.394    12.3004
15.5708    21.421999    12.3004
15.573199    21.427599    12.3004
15.5859995    21.458    12.3004
15.598    21.489199    12.3004
15.6108    21.5124    12.3004
15.624399    21.542799    12.3004
15.636399    21.5716    12.3004
15.6692    21.649199    12.3004
15.721999    21.769999    12.3004
15.740399    21.8116    12.3004
15.7755995    21.8876    12.3004
15.7932    21.9244    12.3004
15.806    21.953999    12.3004
15.8308    22.0028    12.3004
15.8644    22.0716    12.3004
15.934    22.2076    12.3004
15.9396    22.217999    12.3004
15.941999    22.2228    12.3004
15.947599    22.234    12.3004
16.0052    22.3468    12.3004
16.029999    22.3956    12.3004
16.053999    22.442    12.3004
16.074    22.4876    12.3004
16.0892    22.528399    12.3004
16.098    22.546799    12.3004
16.1076    22.5628    12.3004
16.114    22.59    12.3004
16.114    22.5908    12.3004
16.1148    22.591599    12.3004
16.114    22.5956    12.3004
16.1092    22.626799    12.3004
16.1036    22.6316    12.3004
16.0892    22.65    12.3004
16.0636    22.67    12.3004
16.042799    22.685999    12.3004
15.993199    22.7156    12.3004
15.981199    22.7228    12.3004
15.974799    22.726    12.3004
15.9396    22.7396    12.3004
15.877999    22.764399    12.3004
15.834    22.7732    12.3004
15.794    22.7796    12.3004
15.7828    22.781199    12.3004
15.7252    22.7836    12.3004
15.698799    22.784399    12.3004
15.6916    22.784399    12.3004
15.6236    22.781199    12.3004
15.6156    22.7788    12.3004
15.5428    22.754799    12.3004
15.4724    22.726799    12.3004
15.453199    22.719599    12.3004
15.445999    22.7164    12.3004
15.3675995    22.6772    12.3004
15.308399    22.65    12.3004
15.266    22.6292    12.3004
15.2132    22.594799    12.3004
15.2036    22.587599    12.3004
15.134    22.542799    12.3004
15.108399    22.5204    12.3004
15.0716    22.489199    12.3004
15.033199    22.4564    12.3004
15.0252    22.4492    12.3004
15.014    22.4356    12.3004
14.9892    22.41    12.3004
14.9516    22.3636    12.3004
14.938    22.3468    12.3004
14.9284    22.3252    12.3004
14.8924    22.260399    12.3004
14.8852    22.2468    12.3004
14.8588    22.178799    12.3004
14.855599    22.173199    12.3004
14.842    22.122799    12.3004
14.825999    22.076399    12.3004
14.8244    22.0604    12.3004
14.8236    22.05    12.3004
14.8124    21.9548    12.3004
14.820399    21.8988    12.3004
14.825999    21.8556    12.3004
14.825999    21.805199    12.3004
14.8331995    21.762    12.3004
14.849199    21.7108    12.3004
14.87    21.6572    12.3004
14.8804    21.6236    12.3004
14.8932    21.5972    12.3004
