21.0044    34.1348    21.6004
21.013199    34.1564    21.6004
21.018    34.174    21.6004
21.022    34.1868    21.6004
21.026    34.205997    21.6004
21.029999    34.222797    21.6004
21.037199    34.256397    21.6004
21.041199    34.2812    21.6004
21.0436    34.3092    21.6004
21.0452    34.326797    21.6004
21.048399    34.3564    21.6004
21.048399    34.3764    21.6004
21.046    34.4092    21.6004
21.0436    34.434    21.6004
21.0404    34.467598    21.6004
21.038    34.4764    21.6004
21.0348    34.4988    21.6004
21.0292    34.5316    21.6004
21.024399    34.5548    21.6004
21.0204    34.5708    21.6004
21.007599    34.6196    21.6004
20.9956    34.658    21.6004
20.989199    34.6868    21.6004
20.979599    34.7196    21.6004
20.958    34.7892    21.6004
20.944399    34.8316    21.6004
20.921999    34.8932    21.6004
20.91    34.9212    21.6004
20.8892    34.967598    21.6004
20.8748    34.9964    21.6004
20.8548    35.0396    21.6004
20.8444    35.065998    21.6004
20.8396    35.0756    21.6004
20.8356    35.085197    21.6004
20.83    35.1012    21.6004
20.823599    35.1236    21.6004
20.817999    35.138798    21.6004
20.812399    35.1572    21.6004
20.806    35.1876    21.6004
20.8004    35.2156    21.6004
20.7948    35.2412    21.6004
20.7908    35.258    21.6004
20.7788    35.304398    21.6004
20.7764    35.3164    21.6004
20.7732    35.329998    21.6004
20.760399    35.374    21.6004
20.7556    35.3876    21.6004
20.7452    35.4172    21.6004
20.7396    35.43    21.6004
20.726799    35.4636    21.6004
20.6964    35.5284    21.6004
20.6908    35.5396    21.6004
20.6892    35.5428    21.6004
20.650799    35.6036    21.6004
20.650799    35.6044    21.6004
20.6204    35.6516    21.6004
20.594    35.6884    21.6004
20.5844    35.6996    21.6004
20.578    35.7076    21.6004
20.559599    35.7324    21.6004
20.5292    35.767597    21.6004
20.5204    35.778    21.6004
20.5124    35.786    21.6004
20.489199    35.8148    21.6004
20.4692    35.8332    21.6004
20.4508    35.8532    21.6004
20.4412    35.8612    21.6004
20.4348    35.8676    21.6004
20.4156    35.8892    21.6004
20.4076    35.897198    21.6004
20.3764    35.9292    21.6004
20.3692    35.9356    21.6004
20.364399    35.941998    21.6004
20.351599    35.958    21.6004
20.3356    35.9772    21.6004
20.3284    35.9852    21.6004
20.3004    36.029198    21.6004
20.2876    36.0484    21.6004
20.2812    36.062    21.6004
20.246    36.1308    21.6004
20.2348    36.166    21.6004
20.2292    36.1844    21.6004
20.222    36.2164    21.6004
20.2108    36.270798    21.6004
20.21    36.298    21.6004
20.202    36.3596    21.6004
20.202    36.3708    21.6004
20.201199    36.378    21.6004
20.201199    36.3996    21.6004
20.1964    36.458797    21.6004
20.195599    36.4996    21.6004
20.1948    36.5244    21.6004
20.1964    36.5452    21.6004
20.194    36.590797    21.6004
20.194    36.5988    21.6004
20.191599    36.672398    21.6004
20.191599    36.6812    21.6004
20.189999    36.7444    21.6004
20.189999    36.7516    21.6004
20.1884    36.85    21.6004
20.1884    36.8572    21.6004
20.185999    36.9012    21.6004
20.184399    36.947598    21.6004
20.1828    37.0084    21.6004
20.182    37.0228    21.6004
20.178799    37.0692    21.6004
20.1764    37.1084    21.6004
20.1756    37.1284    21.6004
20.167599    37.1772    21.6004
20.166    37.1884    21.6004
20.1652    37.19    21.6004
20.1548    37.2324    21.6004
20.15    37.242    21.6004
20.145199    37.2588    21.6004
20.1444    37.2612    21.6004
20.133999    37.2756    21.6004
20.1292    37.2844    21.6004
20.115599    37.298798    21.6004
20.1036    37.3124    21.6004
20.094    37.3204    21.6004
20.07    37.3348    21.6004
20.0604    37.3404    21.6004
20.0548    37.3428    21.6004
20.0292    37.354    21.6004
20.0148    37.357998    21.6004
20.0036    37.362    21.6004
19.9828    37.3652    21.6004
19.9716    37.3676    21.6004
19.9476    37.371597    21.6004
19.9348    37.3732    21.6004
19.9156    37.374    21.6004
19.8996    37.3732    21.6004
19.8764    37.3708    21.6004
19.8444    37.363598    21.6004
19.826    37.3588    21.6004
19.7756    37.337997    21.6004
19.7676    37.3348    21.6004
19.760399    37.332397    21.6004
19.7284    37.313198    21.6004
19.7092    37.302    21.6004
19.6852    37.2844    21.6004
19.674    37.2756    21.6004
19.6708    37.273197    21.6004
19.6188    37.228397    21.6004
19.5884    37.2012    21.6004
19.5628    37.1764    21.6004
19.548399    37.1596    21.6004
19.5324    37.1428    21.6004
19.5164    37.1236    21.6004
19.507599    37.1116    21.6004
19.4932    37.0924    21.6004
19.4756    37.0644    21.6004
19.4548    37.0276    21.6004
19.449999    37.0188    21.6004
19.438799    36.9948    21.6004
19.438    36.9916    21.6004
19.4244    36.946    21.6004
19.421999    36.936398    21.6004
19.4172    36.9132    21.6004
19.4116    36.8796    21.6004
19.409199    36.8612    21.6004
19.4084    36.8284    21.6004
19.4084    36.798798    21.6004
19.410799    36.7796    21.6004
19.4156    36.7388    21.6004
19.420399    36.717197    21.6004
19.425999    36.6916    21.6004
19.4404    36.644398    21.6004
19.448399    36.626    21.6004
19.4716    36.5836    21.6004
19.4756    36.573997    21.6004
19.4996    36.534798    21.6004
19.5044    36.5268    21.6004
19.5204    36.5028    21.6004
19.5436    36.4692    21.6004
19.5588    36.4492    21.6004
19.5724    36.4324    21.6004
19.586    36.4156    21.6004
19.6036    36.3932    21.6004
19.6148    36.3812    21.6004
19.6364    36.357998    21.6004
19.642    36.3516    21.6004
19.645199    36.349197    21.6004
19.6492    36.3452    21.6004
19.6668    36.3276    21.6004
19.6892    36.3092    21.6004
19.6948    36.3028    21.6004
19.7236    36.2804    21.6004
19.7244    36.2796    21.6004
19.7276    36.2772    21.6004
19.758    36.253998    21.6004
19.784399    36.2364    21.6004
19.7876    36.233997    21.6004
19.826    36.2028    21.6004
19.8452    36.183598    21.6004
19.875599    36.1516    21.6004
19.8844    36.138798    21.6004
19.9012    36.11    21.6004
19.9156    36.085197    21.6004
19.9228    36.0732    21.6004
19.93    36.0596    21.6004
19.944399    36.0172    21.6004
19.949999    36.002    21.6004
19.9564    35.9612    21.6004
19.9588    35.946    21.6004
19.9628    35.9132    21.6004
19.9684    35.863598    21.6004
19.966    35.815598    21.6004
19.966    35.7884    21.6004
19.9652    35.767597    21.6004
19.9572    35.7028    21.6004
19.9564    35.6756    21.6004
19.955599    35.661198    21.6004
19.955599    35.644398    21.6004
19.9524    35.614    21.6004
19.946    35.5788    21.6004
19.9452    35.5596    21.6004
19.9436    35.523598    21.6004
19.942799    35.5228    21.6004
19.942799    35.522    21.6004
19.938    35.4748    21.6004
19.938799    35.441998    21.6004
19.937199    35.4244    21.6004
19.937199    35.4172    21.6004
19.9396    35.3612    21.6004
19.9396    35.357998    21.6004
19.944399    35.3076    21.6004
19.944399    35.3068    21.6004
19.9492    35.2884    21.6004
19.9492    35.2748    21.6004
19.9548    35.2348    21.6004
19.9548    35.2332    21.6004
19.966    35.1684    21.6004
19.9748    35.1284    21.6004
19.9788    35.1012    21.6004
19.9828    35.0836    21.6004
19.990799    35.0396    21.6004
19.9924    35.0316    21.6004
19.9988    35.002    21.6004
19.9996    34.997997    21.6004
20.0036    34.978    21.6004
20.007599    34.961998    21.6004
20.013199    34.9276    21.6004
20.018    34.9012    21.6004
20.018799    34.8964    21.6004
20.0252    34.863598    21.6004
20.031599    34.826797    21.6004
20.035599    34.8084    21.6004
20.041199    34.7748    21.6004
20.0476    34.731598    21.6004
20.0508    34.692398    21.6004
20.052399    34.6788    21.6004
20.057999    34.6012    21.6004
20.057999    34.598    21.6004
20.057999    34.5956    21.6004
20.0548    34.5508    21.6004
20.053999    34.5484    21.6004
20.0532    34.5452    21.6004
20.052399    34.5396    21.6004
20.05    34.5212    21.6004
20.05    34.5196    21.6004
20.046    34.506798    21.6004
20.031599    34.4748    21.6004
20.0228    34.464397    21.6004
20.011599    34.453197    21.6004
20.0036    34.4468    21.6004
19.9684    34.4372    21.6004
19.9652    34.436398    21.6004
19.961199    34.436398    21.6004
19.944399    34.4388    21.6004
19.886799    34.4428    21.6004
19.8564    34.4436    21.6004
19.827599    34.4436    21.6004
19.8092    34.441998    21.6004
19.7972    34.4404    21.6004
19.7724    34.438    21.6004
19.737999    34.434    21.6004
19.726    34.4324    21.6004
19.7076    34.4268    21.6004
19.7004    34.425198    21.6004
19.6964    34.4236    21.6004
19.6812    34.419598    21.6004
19.6548    34.4116    21.6004
19.6444    34.4068    21.6004
19.6388    34.4052    21.6004
19.632399    34.4004    21.6004
19.6132    34.3908    21.6004
19.6076    34.3836    21.6004
19.5884    34.3708    21.6004
19.5844    34.3668    21.6004
19.566    34.346798    21.6004
19.5644    34.346    21.6004
19.5516    34.3252    21.6004
19.55    34.3236    21.6004
19.548399    34.3204    21.6004
19.5284    34.2756    21.6004
19.514    34.2436    21.6004
19.4804    34.161198    21.6004
19.4676    34.1308    21.6004
19.427599    34.0436    21.6004
19.4236    34.034    21.6004
19.421999    34.0308    21.6004
19.4028    33.9908    21.6004
19.382    33.950798    21.6004
19.381199    33.9484    21.6004
19.334799    33.8724    21.6004
19.286    33.793198    21.6004
19.282799    33.787598    21.6004
19.2188    33.683598    21.6004
19.2076    33.6652    21.6004
19.1996    33.6524    21.6004
19.167599    33.598    21.6004
19.1524    33.577198    21.6004
19.1292    33.5412    21.6004
19.1236    33.534    21.6004
19.094    33.4836    21.6004
19.0916    33.481197    21.6004
19.0604    33.4284    21.6004
19.0548    33.419598    21.6004
19.05    33.4132    21.6004
19.0308    33.3788    21.6004
19.0276    33.3732    21.6004
19.013199    33.346    21.6004
19.0044    33.332397    21.6004
18.9956    33.3204    21.6004
18.994799    33.318798    21.6004
18.9716    33.2788    21.6004
18.966799    33.2732    21.6004
18.9596    33.2612    21.6004
18.955599    33.2548    21.6004
18.9516    33.246    21.6004
18.9188    33.1844    21.6004
18.9156    33.1756    21.6004
18.885199    33.1292    21.6004
18.882    33.124397    21.6004
18.881199    33.1236    21.6004
18.8548    33.077198    21.6004
18.853199    33.0756    21.6004
18.8484    33.07    21.6004
18.83    33.0524    21.6004
18.814    33.0556    21.6004
18.799599    33.054    21.6004
18.7764    33.0596    21.6004
18.762    33.0636    21.6004
18.7332    33.0836    21.6004
18.7172    33.101997    21.6004
18.680399    33.1508    21.6004
18.6484    33.1844    21.6004
18.6436    33.19    21.6004
18.6108    33.21    21.6004
18.600399    33.211597    21.6004
18.587599    33.2124    21.6004
18.5804    33.214    21.6004
18.565199    33.2052    21.6004
18.5532    33.2044    21.6004
18.5268    33.1956    21.6004
18.5228    33.194798    21.6004
18.498    33.1772    21.6004
18.494    33.1756    21.6004
18.490799    33.172398    21.6004
18.461199    33.1468    21.6004
18.4324    33.1204    21.6004
18.4212    33.1084    21.6004
18.414    33.099598    21.6004
18.4028    33.0844    21.6004
18.3764    33.0468    21.6004
18.3452    32.9988    21.6004
18.317999    32.953197    21.6004
18.293999    32.908398    21.6004
18.2796    32.8828    21.6004
18.2676    32.857998    21.6004
18.2612    32.8428    21.6004
18.2572    32.829998    21.6004
18.2564    32.8284    21.6004
18.2564    32.8276    21.6004
18.254799    32.8236    21.6004
18.2292    32.7588    21.6004
18.2244    32.7468    21.6004
18.2188    32.7292    21.6004
18.1988    32.6708    21.6004
18.1868    32.638    21.6004
18.1828    32.6268    21.6004
18.157999    32.5652    21.6004
18.1476    32.5412    21.6004
18.122    32.4884    21.6004
18.1092    32.4652    21.6004
18.07    32.391598    21.6004
18.07    32.3908    21.6004
18.041199    32.326797    21.6004
18.0404    32.3236    21.6004
18.0364    32.3116    21.6004
18.018799    32.2572    21.6004
18.0148    32.246    21.6004
17.9924    32.161198    21.6004
17.9924    32.1604    21.6004
17.9916    32.1588    21.6004
17.985199    32.07    21.6004
17.985199    32.0468    21.6004
17.986    31.966    21.6004
17.9868    31.9588    21.6004
17.989199    31.8436    21.6004
17.990799    31.8244    21.6004
17.9996    31.7556    21.6004
18.0028    31.7204    21.6004
18.0068    31.6948    21.6004
18.022    31.6164    21.6004
18.0396    31.546    21.6004
18.042    31.5348    21.6004
18.059599    31.476398    21.6004
18.0644    31.461199    21.6004
18.070799    31.446    21.6004
18.0972    31.3884    21.6004
18.105999    31.3716    21.6004
18.13    31.33    21.6004
18.1388    31.3156    21.6004
18.1484    31.303598    21.6004
18.1812    31.264399    21.6004
18.191599    31.2524    21.6004
18.206    31.237999    21.6004
18.219599    31.225199    21.6004
18.2484    31.202    21.6004
18.2516    31.199598    21.6004
18.27    31.1684    21.6004
18.274    31.161999    21.6004
18.2644    31.1372    21.6004
18.2468    31.126799    21.6004
18.243599    31.122799    21.6004
18.236399    31.122    21.6004
18.2092    31.122    21.6004
18.195599    31.122    21.6004
18.1764    31.1236    21.6004
18.17    31.1236    21.6004
18.1476    31.122    21.6004
18.1244    31.1204    21.6004
18.0924    31.115599    21.6004
18.0852    31.1148    21.6004
18.0604    31.1092    21.6004
18.041199    31.1052    21.6004
18.0308    31.102798    21.6004
18.001999    31.093199    21.6004
17.9628    31.080399    21.6004
17.9524    31.0756    21.6004
17.9412    31.070799    21.6004
17.8916    31.0436    21.6004
17.858799    31.022799    21.6004
17.8548    31.0204    21.6004
17.840399    31.009998    21.6004
17.823599    30.996399    21.6004
17.8196    30.9924    21.6004
17.7964    30.9716    21.6004
17.7812    30.9572    21.6004
17.7644    30.9404    21.6004
17.7452    30.9172    21.6004
17.737999    30.909199    21.6004
17.725199    30.892399    21.6004
17.7204    30.886799    21.6004
17.7108    30.872398    21.6004
17.7068    30.8652    21.6004
17.7036    30.861198    21.6004
17.698    30.8484    21.6004
17.6884    30.831598    21.6004
17.6812    30.817999    21.6004
17.6644    30.7892    21.6004
17.6492    30.7708    21.6004
17.6316    30.754    21.6004
17.6276    30.7484    21.6004
17.605999    30.7396    21.6004
17.5972    30.732399    21.6004
17.586    30.726    21.6004
17.5716    30.719599    21.6004
17.5492    30.7044    21.6004
17.542799    30.7004    21.6004
17.526    30.6812    21.6004
17.5196    30.677198    21.6004
17.494    30.645199    21.6004
17.490799    30.641998    21.6004
17.4652    30.593199    21.6004
17.462    30.5892    21.6004
17.4452    30.548399    21.6004
17.4412    30.5388    21.6004
17.431599    30.5068    21.6004
17.4252    30.466    21.6004
17.4228    30.458    21.6004
17.4212    30.448399    21.6004
17.4196    30.4172    21.6004
17.4196    30.4084    21.6004
17.4212    30.3884    21.6004
17.425999    30.364399    21.6004
17.4284    30.358    21.6004
17.4404    30.3308    21.6004
17.4484    30.314    21.6004
17.458    30.301199    21.6004
17.4692    30.2876    21.6004
17.482    30.275599    21.6004
17.4932    30.268398    21.6004
17.5148    30.254799    21.6004
17.5364    30.247599    21.6004
17.542799    30.2452    21.6004
17.562    30.240398    21.6004
17.5644    30.2388    21.6004
17.570799    30.237999    21.6004
17.5844    30.236399    21.6004
17.594799    30.236399    21.6004
17.600399    30.2372    21.6004
17.622799    30.237999    21.6004
17.6252    30.2388    21.6004
17.6548    30.2468    21.6004
17.6556    30.2468    21.6004
17.684399    30.2524    21.6004
17.6868    30.251598    21.6004
17.7156    30.230799    21.6004
17.7172    30.2284    21.6004
17.7172    30.226    21.6004
17.7164    30.1908    21.6004
17.6932    30.1612    21.6004
17.684399    30.154799    21.6004
17.6628    30.15    21.6004
17.6588    30.15    21.6004
17.6572    30.15    21.6004
17.654    30.149199    21.6004
17.6412    30.146    21.6004
17.6196    30.1444    21.6004
17.6052    30.141998    21.6004
17.5964    30.139599    21.6004
17.5868    30.1356    21.6004
17.574    30.1316    21.6004
17.553999    30.1188    21.6004
17.5508    30.1164    21.6004
17.537199    30.102    21.6004
17.5212    30.080399    21.6004
17.5196    30.0772    21.6004
17.518    30.074799    21.6004
17.518    30.0724    21.6004
17.5124    30.0476    21.6004
17.5108    30.031599    21.6004
17.51    30.022799    21.6004
17.5092    30.001999    21.6004
17.5084    29.965199    21.6004
17.5084    29.9532    21.6004
17.5092    29.9236    21.6004
17.5116    29.8828    21.6004
17.5116    29.8772    21.6004
17.5148    29.861198    21.6004
17.5236    29.8132    21.6004
17.5364    29.758    21.6004
17.5404    29.7372    21.6004
17.5436    29.726    21.6004
17.565199    29.660398    21.6004
17.5684    29.6532    21.6004
17.5748    29.6444    21.6004
17.578    29.6372    21.6004
17.5836    29.632399    21.6004
17.6028    29.621199    21.6004
17.6076    29.617199    21.6004
17.6276    29.6108    21.6004
17.6348    29.608398    21.6004
17.638    29.608398    21.6004
17.656399    29.6076    21.6004
17.663599    29.6076    21.6004
17.6868    29.6092    21.6004
17.6964    29.609999    21.6004
17.706    29.611599    21.6004
17.719599    29.6108    21.6004
17.7404    29.6076    21.6004
17.762    29.5828    21.6004
17.774    29.574    21.6004
17.774    29.5532    21.6004
17.7764    29.5436    21.6004
17.7708    29.531599    21.6004
17.7644    29.514    21.6004
17.7564    29.4884    21.6004
17.754    29.477999    21.6004
17.7452    29.446798    21.6004
17.7428    29.4324    21.6004
17.7404    29.4124    21.6004
17.737999    29.4028    21.6004
17.7396    29.385199    21.6004
17.7428    29.381199    21.6004
17.7676    29.3676    21.6004
17.7836    29.362799    21.6004
17.81    29.3468    21.6004
17.8252    29.338799    21.6004
17.8444    29.3268    21.6004
17.8596    29.317999    21.6004
17.864399    29.3156    21.6004
17.866    29.3156    21.6004
17.8916    29.3116    21.6004
17.897999    29.3116    21.6004
17.910799    29.3156    21.6004
17.9236    29.3196    21.6004
17.934    29.323599    21.6004
17.9732    29.342    21.6004
17.9844    29.3484    21.6004
18.022    29.368399    21.6004
18.031599    29.3732    21.6004
18.066    29.3916    21.6004
18.0796    29.397999    21.6004
18.086    29.4012    21.6004
18.1012    29.4044    21.6004
18.1124    29.41    21.6004
18.1236    29.413198    21.6004
18.1492    29.414799    21.6004
18.167599    29.4084    21.6004
18.1924    29.4052    21.6004
18.2188    29.4028    21.6004
18.2452    29.4012    21.6004
18.2596    29.4012    21.6004
18.2668    29.4012    21.6004
18.2988    29.407598    21.6004
18.3244    29.414    21.6004
18.3396    29.413198    21.6004
18.3508    29.4084    21.6004
18.358    29.3876    21.6004
18.358799    29.3828    21.6004
18.358799    29.382    21.6004
18.3468    29.3692    21.6004
18.353199    29.3548    21.6004
18.3524    29.3316    21.6004
18.3492    29.3196    21.6004
18.345999    29.3116    21.6004
18.3332    29.2684    21.6004
18.3244    29.2396    21.6004
18.323599    29.236399    21.6004
18.323599    29.234    21.6004
18.3148    29.208399    21.6004
18.3148    29.2036    21.6004
18.301199    29.1484    21.6004
18.299599    29.1356    21.6004
18.302    29.1236    21.6004
18.3116    29.118    21.6004
18.326    29.1132    21.6004
18.340399    29.113998    21.6004
18.385199    29.122    21.6004
18.394    29.1244    21.6004
18.3956    29.1236    21.6004
18.434    29.1204    21.6004
18.4356    29.1204    21.6004
18.444399    29.122    21.6004
18.4628    29.119598    21.6004
18.4788    29.130798    21.6004
18.4868    29.1332    21.6004
18.5052    29.142    21.6004
18.522    29.150799    21.6004
18.5284    29.1556    21.6004
18.531599    29.1588    21.6004
18.5396    29.17    21.6004
18.5508    29.1868    21.6004
18.569199    29.2132    21.6004
18.578    29.2284    21.6004
18.6132    29.2852    21.6004
18.6276    29.3076    21.6004
18.6364    29.3228    21.6004
18.6556    29.355598    21.6004
18.666    29.372398    21.6004
18.682    29.3996    21.6004
18.6868    29.4084    21.6004
18.6884    29.414    21.6004
18.6908    29.4284    21.6004
18.694    29.435598    21.6004
18.6892    29.4572    21.6004
18.689999    29.4604    21.6004
18.6836    29.4812    21.6004
18.6836    29.4868    21.6004
18.678799    29.498    21.6004
18.674799    29.5108    21.6004
18.6628    29.5444    21.6004
18.642    29.604399    21.6004
18.642    29.6052    21.6004
18.6388    29.632399    21.6004
18.656399    29.650799    21.6004
18.6588    29.6524    21.6004
18.6868    29.6596    21.6004
18.6892    29.660398    21.6004
18.7172    29.661999    21.6004
18.7412    29.6668    21.6004
18.7428    29.6668    21.6004
18.7444    29.667599    21.6004
18.747599    29.6684    21.6004
18.7804    29.680399    21.6004
18.7972    29.689999    21.6004
18.8084    29.6964    21.6004
18.816399    29.702799    21.6004
18.834    29.7188    21.6004
18.847599    29.7332    21.6004
18.858799    29.7468    21.6004
18.873999    29.7676    21.6004
18.8916    29.792398    21.6004
18.897999    29.8028    21.6004
18.9116    29.827599    21.6004
18.921999    29.847599    21.6004
18.9404    29.8828    21.6004
18.962    29.925999    21.6004
18.9684    29.941198    21.6004
18.99    29.996399    21.6004
19.000399    30.0268    21.6004
19.011599    30.0612    21.6004
19.018    30.0884    21.6004
19.018799    30.1052    21.6004
19.0172    30.125198    21.6004
19.0156    30.132399    21.6004
19.0084    30.145199    21.6004
19.0036    30.150799    21.6004
18.989199    30.163599    21.6004
18.961199    30.174799    21.6004
18.9588    30.1756    21.6004
18.958    30.1764    21.6004
18.9324    30.180399    21.6004
18.931599    30.180399    21.6004
18.9116    30.182798    21.6004
18.8836    30.1932    21.6004
18.879599    30.198    21.6004
18.8604    30.2188    21.6004
18.866    30.243599    21.6004
18.8668    30.2484    21.6004
18.8692    30.25    21.6004
18.903599    30.2708    21.6004
18.906    30.2724    21.6004
18.9068    30.2724    21.6004
18.9356    30.2788    21.6004
18.9572    30.286    21.6004
18.9844    30.2932    21.6004
19.0028    30.2988    21.6004
19.0444    30.3156    21.6004
19.046    30.3156    21.6004
19.046799    30.316399    21.6004
19.076399    30.327599    21.6004
19.087599    30.329199    21.6004
19.1052    30.334    21.6004
19.1124    30.3308    21.6004
19.1276    30.329199    21.6004
19.139599    30.3268    21.6004
19.1572    30.314    21.6004
19.1684    30.3116    21.6004
19.174799    30.293999    21.6004
19.1836    30.274    21.6004
19.1876    30.249199    21.6004
19.189999    30.237999    21.6004
19.1964    30.219599    21.6004
19.2052    30.201199    21.6004
19.2276    30.1684    21.6004
19.2292    30.1668    21.6004
19.2524    30.139599    21.6004
19.2564    30.1356    21.6004
19.2668    30.126    21.6004
19.284399    30.111599    21.6004
19.2908    30.105999    21.6004
19.298    30.0996    21.6004
19.3076    30.093199    21.6004
19.310799    30.09    21.6004
19.3412    30.0724    21.6004
19.354    30.066    21.6004
19.382    30.0548    21.6004
19.4084    30.045198    21.6004
19.438799    30.037199    21.6004
19.473999    30.0292    21.6004
19.4884    30.0276    21.6004
19.5388    30.022799    21.6004
19.5508    30.0212    21.6004
19.5916    30.0212    21.6004
19.6204    30.0212    21.6004
19.6276    30.022    21.6004
19.6868    30.028399    21.6004
19.702    30.029999    21.6004
19.7428    30.033998    21.6004
19.7508    30.0348    21.6004
19.7516    30.0348    21.6004
19.827599    30.0516    21.6004
19.853199    30.057999    21.6004
19.902    30.074    21.6004
19.9468    30.087599    21.6004
19.9772    30.098799    21.6004
20.007599    30.1108    21.6004
20.0476    30.126799    21.6004
20.0548    30.13    21.6004
20.0628    30.1332    21.6004
20.114    30.160398    21.6004
20.133999    30.171598    21.6004
20.137999    30.174799    21.6004
20.173199    30.1988    21.6004
20.1964    30.2188    21.6004
20.2148    30.232399    21.6004
20.2284    30.243599    21.6004
20.2612    30.278    21.6004
20.269999    30.286798    21.6004
20.2764    30.293999    21.6004
20.2868    30.306    21.6004
20.298    30.3188    21.6004
20.301199    30.3228    21.6004
20.31    30.334    21.6004
20.3316    30.364399    21.6004
20.358799    30.4044    21.6004
20.368399    30.418798    21.6004
20.373999    30.4268    21.6004
20.3948    30.4644    21.6004
20.414799    30.514    21.6004
20.414799    30.5148    21.6004
20.416399    30.5204    21.6004
20.427599    30.567598    21.6004
20.4284    30.5724    21.6004
20.431599    30.608398    21.6004
20.4348    30.6596    21.6004
20.4356    30.684399    21.6004
20.4348    30.725199    21.6004
20.434    30.7468    21.6004
20.431599    30.7564    21.6004
20.4172    30.795599    21.6004
20.4156    30.797998    21.6004
20.4076    30.814798    21.6004
20.3996    30.83    21.6004
20.3972    30.833199    21.6004
20.3772    30.857199    21.6004
20.364399    30.8692    21.6004
20.338    30.886799    21.6004
20.329199    30.8916    21.6004
20.326    30.892399    21.6004
20.321999    30.894798    21.6004
20.282799    30.910799    21.6004
20.2692    30.9124    21.6004
20.2524    30.9156    21.6004
20.2468    30.9172    21.6004
20.2412    30.918    21.6004
20.1964    30.9172    21.6004
20.1756    30.946798    21.6004
20.1908    30.97    21.6004
20.191599    30.97    21.6004
20.2244    30.979599    21.6004
20.225199    30.9804    21.6004
20.249199    30.99    21.6004
20.274    30.998    21.6004
20.2812    30.9996    21.6004
20.298    31.0052    21.6004
20.3044    31.007599    21.6004
20.3076    31.0084    21.6004
20.345999    31.028399    21.6004
20.353199    31.031599    21.6004
20.354    31.0324    21.6004
20.3548    31.0324    21.6004
20.390799    31.0588    21.6004
20.3932    31.0604    21.6004
20.3972    31.063599    21.6004
20.4212    31.0868    21.6004
20.427599    31.094799    21.6004
20.4404    31.1124    21.6004
20.4564    31.139599    21.6004
20.4572    31.1404    21.6004
20.462    31.1652    21.6004
20.461199    31.171598    21.6004
20.462    31.1924    21.6004
20.459599    31.208399    21.6004
20.453999    31.236399    21.6004
20.442    31.265999    21.6004
20.4348    31.286798    21.6004
20.421999    31.31    21.6004
20.4076    31.333199    21.6004
20.3916    31.3564    21.6004
20.3804    31.3692    21.6004
20.364399    31.385199    21.6004
20.347599    31.3988    21.6004
20.326    31.413198    21.6004
20.2892    31.433199    21.6004
20.260399    31.446798    21.6004
20.237999    31.4572    21.6004
20.213999    31.466    21.6004
20.1708    31.4756    21.6004
20.161999    31.4772    21.6004
20.15    31.477999    21.6004
20.1052    31.477999    21.6004
20.078    31.4756    21.6004
20.042    31.472399    21.6004
20.017199    31.47    21.6004
20.011599    31.4692    21.6004
19.9732    31.4676    21.6004
19.953999    31.466799    21.6004
19.8828    31.4548    21.6004
19.878    31.4532    21.6004
19.8732    31.452398    21.6004
19.8692    31.4516    21.6004
19.7708    31.4324    21.6004
19.769999    31.4324    21.6004
19.67    31.4084    21.6004
19.650799    31.4028    21.6004
19.6372    31.3996    21.6004
19.6052    31.3916    21.6004
19.594799    31.39    21.6004
19.57    31.39    21.6004
19.563599    31.39    21.6004
19.507599    31.3988    21.6004
19.4636    31.4028    21.6004
19.4628    31.4028    21.6004
19.4604    31.4028    21.6004
19.397999    31.3996    21.6004
19.390799    31.3988    21.6004
19.3636    31.3956    21.6004
19.3324    31.390799    21.6004
19.2596    31.3764    21.6004
19.2292    31.369999    21.6004
19.182    31.366798    21.6004
19.174799    31.366    21.6004
19.126    31.364399    21.6004
19.086    31.362    21.6004
19.0852    31.362    21.6004
19.0796    31.362    21.6004
19.0548    31.3596    21.6004
19.052399    31.3604    21.6004
19.0228    31.358799    21.6004
19.0172    31.361198    21.6004
18.989199    31.3596    21.6004
18.9684    31.3652    21.6004
18.9652    31.3676    21.6004
18.9524    31.3764    21.6004
18.942799    31.3844    21.6004
18.9348    31.3876    21.6004
18.927599    31.4012    21.6004
18.914    31.418798    21.6004
18.910799    31.4252    21.6004
18.8884    31.4788    21.6004
18.882    31.490799    21.6004
18.8788    31.5028    21.6004
18.8668    31.5308    21.6004
18.8604    31.5548    21.6004
18.8596    31.561998    21.6004
18.8548    31.585999    21.6004
18.854    31.615599    21.6004
18.8548    31.6204    21.6004
18.8556    31.6236    21.6004
18.8596    31.6412    21.6004
18.8604    31.6484    21.6004
18.866    31.663599    21.6004
18.8708    31.674799    21.6004
18.8772    31.684399    21.6004
18.8844    31.7004    21.6004
18.910799    31.725199    21.6004
18.914799    31.7284    21.6004
18.9284    31.734    21.6004
18.934    31.7372    21.6004
18.937199    31.7372    21.6004
18.962    31.7428    21.6004
19.011599    31.747599    21.6004
19.018799    31.7484    21.6004
19.0292    31.75    21.6004
19.0532    31.7556    21.6004
19.065199    31.758799    21.6004
19.076399    31.764399    21.6004
19.1148    31.7836    21.6004
19.146    31.801199    21.6004
19.174799    31.821999    21.6004
19.1948    31.8356    21.6004
19.234    31.8652    21.6004
19.249199    31.875599    21.6004
19.2948    31.909199    21.6004
19.301199    31.913198    21.6004
19.302    31.914    21.6004
19.3116    31.9196    21.6004
19.3436    31.942799    21.6004
19.368399    31.9628    21.6004
19.386    31.976398    21.6004
19.3956    31.9844    21.6004
19.434    32.0156    21.6004
19.4756    32.0524    21.6004
19.5036    32.077198    21.6004
19.5268    32.0988    21.6004
19.546    32.1172    21.6004
19.580399    32.1508    21.6004
19.611599    32.1812    21.6004
19.6524    32.2244    21.6004
19.6604    32.2332    21.6004
19.667599    32.242798    21.6004
19.6868    32.265198    21.6004
19.6948    32.2756    21.6004
19.718    32.304398    21.6004
19.725199    32.318    21.6004
19.746    32.3556    21.6004
19.7524    32.3684    21.6004
19.7612    32.3988    21.6004
19.7692    32.4268    21.6004
19.7724    32.4412    21.6004
19.777199    32.482    21.6004
19.7796    32.5172    21.6004
19.7804    32.540398    21.6004
19.7804    32.6084    21.6004
19.7804    32.6236    21.6004
19.7804    32.6852    21.6004
19.7812    32.692398    21.6004
19.7836    32.7132    21.6004
19.7868    32.7468    21.6004
19.793999    32.798    21.6004
19.795599    32.804398    21.6004
19.7972    32.8148    21.6004
19.8132    32.9108    21.6004
19.8148    32.930798    21.6004
19.817999    32.9556    21.6004
19.8172    32.9652    21.6004
19.8204    32.9884    21.6004
19.8196    33.0268    21.6004
19.8188    33.0444    21.6004
19.8172    33.101997    21.6004
19.816399    33.1228    21.6004
19.816399    33.1284    21.6004
19.8156    33.1764    21.6004
19.816399    33.1868    21.6004
19.8156    33.222797    21.6004
19.8156    33.2236    21.6004
19.816399    33.23    21.6004
19.8212    33.2676    21.6004
19.821999    33.2748    21.6004
19.8252    33.29    21.6004
19.829199    33.3196    21.6004
19.8372    33.3444    21.6004
19.8396    33.354797    21.6004
19.8428    33.365997    21.6004
19.8668    33.425198    21.6004
19.8668    33.426    21.6004
19.8668    33.4268    21.6004
19.8676    33.4276    21.6004
19.8844    33.4668    21.6004
19.8876    33.473198    21.6004
19.8972    33.489998    21.6004
19.909199    33.5108    21.6004
19.9172    33.526    21.6004
19.9244    33.5396    21.6004
19.9492    33.5732    21.6004
19.962    33.5916    21.6004
19.972399    33.6028    21.6004
19.9884    33.624397    21.6004
19.994    33.6292    21.6004
20.0284    33.6644    21.6004
20.0292    33.6644    21.6004
20.0548    33.683598    21.6004
20.080399    33.7012    21.6004
20.0828    33.703598    21.6004
20.0956    33.71    21.6004
20.111599    33.7188    21.6004
20.122    33.722    21.6004
20.1356    33.7276    21.6004
20.1476    33.73    21.6004
20.1652    33.733997    21.6004
20.1668    33.7348    21.6004
20.1868    33.737198    21.6004
20.2076    33.7412    21.6004
20.2804    33.742798    21.6004
20.286    33.742798    21.6004
20.39    33.7364    21.6004
20.390799    33.7364    21.6004
20.3916    33.7364    21.6004
20.4636    33.7364    21.6004
20.4748    33.738    21.6004
20.5156    33.742    21.6004
20.5284    33.7444    21.6004
20.565199    33.7524    21.6004
20.578    33.7548    21.6004
20.622    33.7692    21.6004
20.6372    33.774    21.6004
20.6772    33.79    21.6004
20.684399    33.794    21.6004
20.7108    33.8076    21.6004
20.7404    33.8236    21.6004
20.7596    33.8348    21.6004
20.7796    33.8484    21.6004
20.8004    33.8652    21.6004
20.8412    33.8988    21.6004
20.8556    33.9124    21.6004
20.886799    33.9444    21.6004
20.896399    33.9548    21.6004
20.927599    33.9916    21.6004
20.9356    34.0028    21.6004
20.938    34.009197    21.6004
20.9436    34.0156    21.6004
20.9468    34.0204    21.6004
20.966799    34.0492    21.6004
20.9684    34.0524    21.6004
20.9812    34.0804    21.6004
20.9828    34.0844    21.6004
20.9956    34.114    21.6004
21.0044    34.1348    21.6004
