25.1036    35.1004    0.9004
25.0716    35.0268    0.9004
24.786    34.363598    0.9004
24.7596    34.322    0.9004
24.518    33.945198    0.9004
24.4916    33.9156    0.9004
24.2524    33.646    0.9004
24.226    33.624397    0.9004
23.986    33.426    0.9004
23.9564    33.4092    0.9004
23.691599    33.2548    0.9004
23.6596    33.242798    0.9004
23.373999    33.1348    0.9004
23.3396    33.127598    0.9004
23.0308    33.065998    0.9004
22.9916    33.0644    0.9004
22.6404    33.0492    0.9004
22.594    33.054    0.9004
22.1756    33.096397    0.9004
22.1244    33.1084    0.9004
21.6628    33.2188    0.9004
21.5348    33.318798    0.9004
20.378    34.2212    0.9004
20.2732    34.3036    0.9004
19.3244    35.0524    0.9004
19.226799    35.124397    0.9004
18.3412    35.7788    0.9004
18.022    35.975597    0.9004
15.1388    37.7548    0.9004
14.894799    37.9204    0.9004
12.69    39.413998    0.9004
12.5268    39.531597    0.9004
11.0476    40.5956    0.9004
10.9292    40.67    0.9004
9.858    41.3404    0.9004
9.8043995    41.3676    0.9004
9.3188    41.610798    0.9004
9.2244    41.644398    0.9004
8.374    41.9468    0.9004
8.2755995    41.964397    0.9004
7.3859997    42.1204    0.9004
7.286    42.1212    0.9004
6.3835998    42.1268    0.9004
6.2851996    42.110798    0.9004
5.394    41.966    0.9004
5.2995996    41.934    0.9004
4.4444    41.6428    0.9004
4.3564    41.5956    0.9004
3.5619998    41.166798    0.9004
3.4836    41.105198    0.9004
2.7716    40.5492    0.9004
2.7043998    40.475597    0.9004
2.0948    39.8092    0.9004
2.0404    39.7252    0.9004
1.5508    38.967598    0.9004
1.5116    38.8756    0.9004
1.1547999    38.045998    0.9004
1.1316    37.9492    0.9004
0.918    37.071598    0.9004
0.9108    36.9716    0.9004
0.84599996    36.071598    0.9004
0.8556    35.9724    0.9004
0.942    35.073997    0.9004
0.9676    34.9772    0.9004
1.2027999    34.105198    0.9004
1.2444    34.0148    0.9004
1.6212    33.194    0.9004
1.6772    33.1116    0.9004
2.1852    32.3652    0.9004
2.254    32.293198    0.9004
2.8795998    31.641998    0.9004
2.922    31.598799    0.9004
3.3091998    31.2116    0.9004
3.3436    31.1756    0.9004
3.6548    30.849998    0.9004
3.6636    30.838    0.9004
3.7403998    30.7284    0.9004
3.7468    30.7164    0.9004
3.8028    30.6092    0.9004
3.806    30.598799    0.9004
3.8379998    30.507599    0.9004
3.8395998    30.498    0.9004
3.8548    30.4084    0.9004
3.8548    30.3996    0.9004
3.8555999    30.317999    0.9004
3.8539999    30.3084    0.9004
3.8404    30.219599    0.9004
3.8372    30.2092    0.9004
3.8068    30.117199    0.9004
3.8012    30.105999    0.9004
3.75    30.004398    0.9004
3.7396    29.99    0.9004
3.6483998    29.861198    0.9004
3.6267998    29.8396    0.9004
3.4348    29.6412    0.9004
3.3867998    29.6052    0.9004
2.9524    29.282799    0.9004
2.9243999    29.265999    0.9004
2.6748    29.113998    0.9004
2.5828    29.022    0.9004
1.7523999    28.189999    0.9004
1.678    28.0836    0.9004
1.0044    27.1204    0.9004
0.9492    27.0028    0.9004
0.4524    25.937199    0.9004
0.4188    25.8116    0.9004
0.1148    24.6764    0.9004
0.103599995    24.546799    0.9004
0.0004    23.375599    0.9004
0.0116    23.246    0.9004
0.113199994    22.074799    0.9004
0.1468    21.9492    0.9004
0.45    20.814    0.9004
0.50519997    20.6964    0.9004
1.0004    19.63    0.9004
1.0748    19.5236    0.9004
1.7476    18.559599    0.9004
1.8396    18.4676    0.9004
2.6692    17.6356    0.9004
2.7756    17.5604    0.9004
3.7372    16.8844    0.9004
3.8548    16.829199    0.9004
4.9196    16.33    0.9004
5.0452    16.2964    0.9004
6.1796    15.9892    0.9004
6.3092    15.9772    0.9004
7.4796    15.872399    0.9004
7.6092    15.883599    0.9004
8.780399    15.981999    0.9004
8.906    16.0156    0.9004
10.0428    16.3164    0.9004
10.1612    16.3708    0.9004
11.2276    16.8636    0.9004
11.475599    17.0092    0.9004
13.7196    18.3276    0.9004
13.898    18.444399    0.9004
15.5124    19.496399    0.9004
15.658799    19.6084    0.9004
16.979599    20.6196    0.9004
17.1108    20.7444    0.9004
18.299599    21.875599    0.9004
18.437199    22.035599    0.9004
19.6828    23.4844    0.9004
19.7916    23.6244    0.9004
20.778    24.8876    0.9004
20.8492    24.862    0.9004
21.4924    24.6292    0.9004
21.5324    24.6068    0.9004
21.8932    24.4052    0.9004
21.921999    24.3828    0.9004
22.1796    24.180399    0.9004
22.2004    24.157999    0.9004
22.390799    23.953999    0.9004
22.4068    23.9308    0.9004
22.5476    23.721199    0.9004
22.5604    23.694    0.9004
22.6724    23.4492    0.9004
22.680399    23.420399    0.9004
22.7524    23.1572    0.9004
22.7564    23.1244    0.9004
22.7892    22.8284    0.9004
22.7876    22.789999    0.9004
22.7748    22.4396    0.9004
22.7636    22.381199    0.9004
22.660398    21.8508    0.9004
22.654799    21.8324    0.9004
22.604399    21.6628    0.9004
22.5044    21.5348    0.9004
21.602    20.378    0.9004
21.5196    20.2732    0.9004
20.7708    19.3244    0.9004
20.6988    19.226799    0.9004
20.0452    18.3412    0.9004
19.8484    18.022    0.9004
18.0684    15.1388    0.9004
17.903599    14.894799    0.9004
16.41    12.69    0.9004
16.2924    12.5268    0.9004
15.227599    11.0476    0.9004
15.153199    10.9292    0.9004
14.4836    9.858    0.9004
14.4564    9.8043995    0.9004
14.2123995    9.3188    0.9004
14.1788    9.2244    0.9004
13.8764    8.374    0.9004
13.8588    8.2755995    0.9004
13.7036    7.3859997    0.9004
13.7028    7.286    0.9004
13.6964    6.3835998    0.9004
13.7123995    6.2851996    0.9004
13.8572    5.394    0.9004
13.889199    5.2995996    0.9004
14.1804    4.4444    0.9004
14.2276    4.3564    0.9004
14.6572    3.5619998    0.9004
14.7188    3.4836    0.9004
15.273999    2.7716    0.9004
15.3476    2.7043998    0.9004
16.014    2.0948    0.9004
16.098    2.0404    0.9004
16.8556    1.5508    0.9004
16.9476    1.5116    0.9004
17.777199    1.1547999    0.9004
17.873999    1.1316    0.9004
18.7516    0.918    0.9004
18.851599    0.9108    0.9004
19.7516    0.84599996    0.9004
19.8508    0.8556    0.9004
20.749199    0.942    0.9004
20.845999    0.9676    0.9004
21.717999    1.2027999    0.9004
21.8084    1.2444    0.9004
22.6292    1.6212    0.9004
22.7116    1.6772    0.9004
23.458    2.1852    0.9004
23.529999    2.254    0.9004
24.1812    2.8795998    0.9004
24.2244    2.922    0.9004
24.611599    3.3091998    0.9004
24.6476    3.3436    0.9004
24.9732    3.6548    0.9004
24.985199    3.6636    0.9004
25.094799    3.7403998    0.9004
25.1068    3.7468    0.9004
25.213999    3.8028    0.9004
25.2244    3.806    0.9004
25.3156    3.8379998    0.9004
25.3252    3.8395998    0.9004
25.414799    3.8548    0.9004
25.4236    3.8548    0.9004
25.5052    3.8555999    0.9004
25.5148    3.8539999    0.9004
25.6036    3.8404    0.9004
25.613998    3.8372    0.9004
25.706    3.8068    0.9004
25.7172    3.8012    0.9004
25.8188    3.75    0.9004
25.833199    3.7396    0.9004
25.962    3.6483998    0.9004
25.983599    3.6267998    0.9004
26.182    3.4348    0.9004
26.217999    3.3867998    0.9004
26.5404    2.9524    0.9004
26.5572    2.9243999    0.9004
26.71    2.6748    0.9004
26.802    2.5828    0.9004
27.6332    1.7523999    0.9004
27.7396    1.678    0.9004
28.702799    1.0044    0.9004
28.820398    0.9492    0.9004
29.886    0.4524    0.9004
30.011599    0.4188    0.9004
31.147598    0.1148    0.9004
31.277199    0.103599995    0.9004
32.447598    0.0004    0.9004
32.577198    0.0116    0.9004
33.748398    0.113199994    0.9004
33.874    0.1468    0.9004
35.009197    0.45    0.9004
35.1268    0.50519997    0.9004
36.1932    1.0004    0.9004
36.2996    1.0748    0.9004
37.2636    1.7476    0.9004
37.3556    1.8396    0.9004
38.1884    2.6692    0.9004
38.2628    2.7756    0.9004
38.9388    3.7372    0.9004
38.994    3.8548    0.9004
39.4932    4.9196    0.9004
39.5268    5.0452    0.9004
39.834    6.1796    0.9004
39.846    6.3092    0.9004
39.950798    7.4796    0.9004
39.939598    7.6092    0.9004
39.841198    8.780399    0.9004
39.8076    8.906    0.9004
39.506798    10.0428    0.9004
39.4524    10.1612    0.9004
38.9596    11.2276    0.9004
38.814    11.475599    0.9004
37.495598    13.7196    0.9004
37.3788    13.898    0.9004
36.326797    15.5124    0.9004
36.214798    15.658799    0.9004
35.203598    16.979599    0.9004
35.0788    17.1108    0.9004
33.947598    18.299599    0.9004
33.787598    18.437199    0.9004
32.3388    19.6828    0.9004
32.326    19.6932    0.9004
32.211597    19.7836    0.9004
32.225998    19.8668    0.9004
32.3572    20.6196    0.9004
32.3724    20.6652    0.9004
32.5116    21.080399    0.9004
32.5276    21.111599    0.9004
32.6708    21.392399    0.9004
32.6868    21.414    0.9004
32.8292    21.6124    0.9004
32.8452    21.628399    0.9004
32.989998    21.7732    0.9004
33.006798    21.786    0.9004
33.162    21.8988    0.9004
33.1812    21.9084    0.9004
33.3532    21.994    0.9004
33.3732    22.000399    0.9004
33.558    22.0564    0.9004
33.5804    22.059599    0.9004
33.786    22.0884    0.9004
33.8124    22.0884    0.9004
34.0548    22.085999    0.9004
34.0948    22.0796    0.9004
34.454    22.018799    0.9004
34.512398    21.9988    0.9004
35.0364    21.8196    0.9004
35.065998    21.806    0.9004
35.3332    21.6828    0.9004
35.4412    21.598799    0.9004
36.4148    20.8428    0.9004
36.506798    20.7732    0.9004
37.3348    20.1444    0.9004
37.57    19.9988    0.9004
39.6988    18.678799    0.9004
39.925198    18.534    0.9004
41.973198    17.2244    0.9004
42.2684    17.0148    0.9004
44.934    15.119599    0.9004
45.0508    15.0484    0.9004
46.105198    14.4084    0.9004
46.1452    14.389199    0.9004
46.5044    14.2123995    0.9004
46.5988    14.1788    0.9004
47.449997    13.8764    0.9004
47.548397    13.8588    0.9004
48.4372    13.7036    0.9004
48.537197    13.7028    0.9004
49.439598    13.6964    0.9004
49.538    13.7123995    0.9004
50.43    13.8572    0.9004
50.5244    13.889199    0.9004
51.3788    14.1804    0.9004
51.466797    14.2276    0.9004
52.2612    14.6572    0.9004
52.3396    14.7188    0.9004
53.051598    15.273999    0.9004
53.118797    15.3476    0.9004
53.728397    16.014    0.9004
53.7828    16.098    0.9004
54.2724    16.8556    0.9004
54.3116    16.9476    0.9004
54.6684    17.777199    0.9004
54.691597    17.873999    0.9004
54.905197    18.7516    0.9004
54.9124    18.851599    0.9004
54.9772    19.7516    0.9004
54.967598    19.8508    0.9004
54.8812    20.749199    0.9004
54.8556    20.845999    0.9004
54.6204    21.717999    0.9004
54.5788    21.8084    0.9004
54.202    22.6292    0.9004
54.146    22.7116    0.9004
53.638    23.458    0.9004
53.5692    23.529999    0.9004
52.9436    24.1812    0.9004
52.9012    24.2244    0.9004
52.514    24.611599    0.9004
52.4796    24.6476    0.9004
52.1684    24.9732    0.9004
52.1596    24.985199    0.9004
52.082798    25.094799    0.9004
52.076397    25.1068    0.9004
52.020397    25.213999    0.9004
52.0172    25.2244    0.9004
51.9852    25.3156    0.9004
51.983597    25.3252    0.9004
51.9684    25.414799    0.9004
51.9684    25.4236    0.9004
51.967598    25.5052    0.9004
51.9692    25.5148    0.9004
51.9828    25.6036    0.9004
51.986    25.613998    0.9004
52.0164    25.706    0.9004
52.022    25.7172    0.9004
52.0732    25.8188    0.9004
52.0836    25.833199    0.9004
52.174797    25.962    0.9004
52.1964    25.983599    0.9004
52.3892    26.182    0.9004
52.4372    26.217999    0.9004
52.871597    26.5404    0.9004
52.8988    26.5572    0.9004
53.1484    26.71    0.9004
53.2404    26.802    0.9004
54.070797    27.6332    0.9004
54.1452    27.7396    0.9004
54.8196    28.702799    0.9004
54.874798    28.820398    0.9004
55.3708    29.886    0.9004
55.4044    30.011599    0.9004
55.708397    31.147598    0.9004
55.719597    31.277199    0.9004
55.8228    32.447598    0.9004
55.8116    32.577198    0.9004
55.71    33.748398    0.9004
55.6764    33.874    0.9004
55.3732    35.009197    0.9004
55.317997    35.1268    0.9004
54.8228    36.1932    0.9004
54.748398    36.2996    0.9004
54.0756    37.2636    0.9004
53.983597    37.3556    0.9004
53.154    38.1884    0.9004
53.0476    38.2628    0.9004
52.086    38.9388    0.9004
51.9684    38.994    0.9004
50.9036    39.4932    0.9004
50.778    39.5268    0.9004
49.6436    39.834    0.9004
49.514    39.846    0.9004
48.343597    39.950798    0.9004
48.213997    39.939598    0.9004
47.042797    39.841198    0.9004
46.9172    39.8076    0.9004
45.7804    39.506798    0.9004
45.662    39.4524    0.9004
44.5956    38.9596    0.9004
44.3476    38.814    0.9004
42.1036    37.495598    0.9004
41.925198    37.3788    0.9004
40.3116    36.326797    0.9004
40.1652    36.214798    0.9004
38.843597    35.203598    0.9004
38.7124    35.0788    0.9004
37.523598    33.947598    0.9004
37.3988    33.8036    0.9004
36.2716    32.502    0.9004
36.2076    32.5428    0.9004
35.626    32.9092    0.9004
35.5876    32.9436    0.9004
35.2412    33.250797    0.9004
35.214    33.2844    0.9004
34.966    33.585197    0.9004
34.946    33.618797    0.9004
34.7684    33.9212    0.9004
34.758    33.945198    0.9004
34.666    34.166    0.9004
34.655598    34.2044    0.9004
34.562798    34.554    0.9004
34.5588    34.5956    0.9004
34.5212    34.974    0.9004
34.523598    35.0212    0.9004
34.545998    35.4516    0.9004
34.558    35.5116    0.9004
34.6676    36.0508    0.9004
34.73    36.1252    0.9004
35.294    36.798798    0.9004
35.3932    36.946    0.9004
36.2868    38.2804    0.9004
36.466    38.571598    0.9004
38.09    41.2068    0.9004
38.274    41.469997    0.9004
39.9388    43.852398    0.9004
40.029198    43.981197    0.9004
40.846    45.1492    0.9004
40.9124    45.2636    0.9004
41.5116    46.2948    0.9004
41.5212    46.315598    0.9004
41.610798    46.5044    0.9004
41.644398    46.5988    0.9004
41.9468    47.449997    0.9004
41.964397    47.548397    0.9004
42.1204    48.4372    0.9004
42.1212    48.537197    0.9004
42.1268    49.439598    0.9004
42.110798    49.538    0.9004
41.966    50.43    0.9004
41.934    50.5244    0.9004
41.6428    51.3788    0.9004
41.5956    51.466797    0.9004
41.166798    52.2612    0.9004
41.105198    52.3396    0.9004
40.5492    53.051598    0.9004
40.475597    53.118797    0.9004
39.8092    53.728397    0.9004
39.7252    53.7828    0.9004
38.967598    54.2724    0.9004
38.8756    54.3116    0.9004
38.045998    54.6684    0.9004
37.9492    54.691597    0.9004
37.071598    54.905197    0.9004
36.9716    54.9124    0.9004
36.071598    54.9772    0.9004
35.9724    54.967598    0.9004
35.073997    54.8812    0.9004
34.9772    54.8556    0.9004
34.105198    54.6204    0.9004
34.0148    54.5788    0.9004
33.194    54.202    0.9004
33.1116    54.146    0.9004
32.3652    53.638    0.9004
32.293198    53.5692    0.9004
31.641998    52.9436    0.9004
31.598799    52.9012    0.9004
31.2116    52.514    0.9004
31.1756    52.4796    0.9004
30.849998    52.1684    0.9004
30.838    52.1596    0.9004
30.7284    52.082798    0.9004
30.7164    52.076397    0.9004
30.6092    52.020397    0.9004
30.598799    52.0172    0.9004
30.507599    51.9852    0.9004
30.498    51.983597    0.9004
30.4084    51.9684    0.9004
30.3996    51.9684    0.9004
30.317999    51.967598    0.9004
30.3084    51.9692    0.9004
30.219599    51.9828    0.9004
30.2092    51.986    0.9004
30.117199    52.0164    0.9004
30.105999    52.022    0.9004
30.004398    52.0732    0.9004
29.99    52.0836    0.9004
29.861198    52.174797    0.9004
29.8396    52.1964    0.9004
29.6412    52.3892    0.9004
29.6052    52.4372    0.9004
29.282799    52.871597    0.9004
29.265999    52.8988    0.9004
29.113998    53.1484    0.9004
29.022    53.2404    0.9004
28.189999    54.070797    0.9004
28.0836    54.1452    0.9004
27.1204    54.8196    0.9004
27.0028    54.874798    0.9004
25.937199    55.3708    0.9004
25.8116    55.4044    0.9004
24.6764    55.708397    0.9004
24.546799    55.719597    0.9004
23.375599    55.8228    0.9004
23.246    55.8116    0.9004
22.074799    55.71    0.9004
21.9492    55.6764    0.9004
20.814    55.3732    0.9004
20.6964    55.317997    0.9004
19.63    54.8228    0.9004
19.5236    54.748398    0.9004
18.559599    54.0756    0.9004
18.4676    53.983597    0.9004
17.6356    53.154    0.9004
17.5604    53.0476    0.9004
16.8844    52.086    0.9004
16.829199    51.9684    0.9004
16.33    50.9036    0.9004
16.2964    50.778    0.9004
15.9892    49.6436    0.9004
15.9772    49.514    0.9004
15.872399    48.343597    0.9004
15.883599    48.213997    0.9004
15.981999    47.042797    0.9004
16.0156    46.9172    0.9004
16.3164    45.7804    0.9004
16.3708    45.662    0.9004
16.8636    44.5956    0.9004
17.0284    44.313198    0.9004
18.518    41.758    0.9004
18.6196    41.6036    0.9004
19.542    40.2084    0.9004
19.6444    40.0788    0.9004
20.569199    38.9076    0.9004
20.6868    38.7908    0.9004
21.746    37.731598    0.9004
21.9052    37.601997    0.9004
23.3436    36.4316    0.9004
23.518799    36.298798    0.9004
25.1036    35.1004    0.9004
