14.5571995    28.2724    21.0004
14.568399    28.302    21.0004
14.5828    28.338    21.0004
14.596399    28.372398    21.0004
14.6068    28.3956    21.0004
14.61    28.4028    21.0004
14.619599    28.4268    21.0004
14.625199    28.437199    21.0004
14.6332    28.459599    21.0004
14.6412    28.483599    21.0004
14.654799    28.528399    21.0004
14.6572    28.537199    21.0004
14.670799    28.5956    21.0004
14.671599    28.5996    21.0004
14.6723995    28.604399    21.0004
14.683599    28.6812    21.0004
14.688399    28.729198    21.0004
14.688399    28.734    21.0004
14.689199    28.8116    21.0004
14.689199    28.838    21.0004
14.688399    28.886799    21.0004
14.6844    28.9252    21.0004
14.681999    28.9564    21.0004
14.671599    29.033998    21.0004
14.671599    29.0364    21.0004
14.67    29.042799    21.0004
14.658799    29.102798    21.0004
14.653999    29.122799    21.0004
14.630799    29.2052    21.0004
14.622    29.236399    21.0004
14.607599    29.282    21.0004
14.6004    29.3028    21.0004
14.5924    29.3252    21.0004
14.5756    29.364399    21.0004
14.5708    29.3748    21.0004
14.5412    29.4404    21.0004
14.538    29.446    21.0004
14.5372    29.4476    21.0004
14.5084    29.504398    21.0004
14.5028    29.513199    21.0004
14.474    29.5588    21.0004
14.4612    29.5788    21.0004
14.440399    29.6132    21.0004
14.429199    29.6292    21.0004
14.4092    29.656399    21.0004
14.3804    29.6932    21.0004
14.371599    29.7044    21.0004
14.354799    29.725199    21.0004
14.3404    29.7428    21.0004
14.33    29.7556    21.0004
14.2892    29.803598    21.0004
14.2716    29.8212    21.0004
14.233999    29.861198    21.0004
14.2148    29.879599    21.0004
14.1612    29.9364    21.0004
14.158    29.9396    21.0004
14.1276    29.965199    21.0004
14.1012    29.983599    21.0004
14.0988    29.985199    21.0004
14.07    29.996399    21.0004
14.0652    29.9996    21.0004
14.056399    30.0036    21.0004
14.005199    30.013199    21.0004
14.0012    30.014    21.0004
13.9956    30.0148    21.0004
13.9804    30.017199    21.0004
13.957999    30.0204    21.0004
13.946    30.022799    21.0004
13.9228    30.026    21.0004
13.882    30.035599    21.0004
13.8684    30.038    21.0004
13.837999    30.0404    21.0004
13.8172    30.042799    21.0004
13.7987995    30.0436    21.0004
13.7308    30.041199    21.0004
13.723599    30.0404    21.0004
13.7196    30.041199    21.0004
13.683599    30.0436    21.0004
13.6676    30.046799    21.0004
13.6491995    30.052399    21.0004
13.6116    30.0588    21.0004
13.5876    30.0644    21.0004
13.5644    30.07    21.0004
13.554    30.0716    21.0004
13.5236    30.0724    21.0004
13.5012    30.07    21.0004
13.481199    30.069199    21.0004
13.438    30.0604    21.0004
13.4148    30.0556    21.0004
13.3988    30.0516    21.0004
13.349999    30.037199    21.0004
13.332399    30.0308    21.0004
13.302    30.0196    21.0004
13.263599    30.0028    21.0004
13.2428    29.993198    21.0004
13.211599    29.976398    21.0004
13.1796    29.958    21.0004
13.176399    29.955599    21.0004
13.174    29.953999    21.0004
13.1684    29.9492    21.0004
13.142799    29.925999    21.0004
13.1348    29.918    21.0004
13.131599    29.9116    21.0004
13.131599    29.9028    21.0004
13.125199    29.8844    21.0004
13.1284    29.8748    21.0004
13.131599    29.8564    21.0004
13.136399    29.8484    21.0004
13.1491995    29.8244    21.0004
13.1588    29.81    21.0004
13.1779995    29.777199    21.0004
13.1876    29.760399    21.0004
13.1908    29.754    21.0004
13.2012    29.734    21.0004
13.23    29.6796    21.0004
13.234799    29.6724    21.0004
13.240399    29.661999    21.0004
13.2388    29.654799    21.0004
13.2476    29.633999    21.0004
13.245199    29.605999    21.0004
13.2444    29.6012    21.0004
13.2444    29.600399    21.0004
13.2444    29.598799    21.0004
13.2196    29.566    21.0004
13.210799    29.559599    21.0004
13.1756    29.546799    21.0004
13.17    29.5436    21.0004
13.1524    29.533998    21.0004
13.1052    29.507599    21.0004
13.082    29.4924    21.0004
13.0292    29.455599    21.0004
12.998    29.4308    21.0004
12.952399    29.392399    21.0004
12.9444    29.385199    21.0004
12.894799    29.3372    21.0004
12.8932    29.3356    21.0004
12.8907995    29.333199    21.0004
12.854799    29.2908    21.0004
12.831599    29.257198    21.0004
12.8124    29.2284    21.0004
12.7908    29.1924    21.0004
12.7644    29.1444    21.0004
12.7596    29.133999    21.0004
12.7372    29.0884    21.0004
12.7364    29.087599    21.0004
12.7355995    29.0836    21.0004
12.7044    28.998    21.0004
12.7028    28.9916    21.0004
12.694799    28.961199    21.0004
12.6852    28.9252    21.0004
12.682799    28.914    21.0004
12.6748    28.873999    21.0004
12.670799    28.8524    21.0004
12.6676    28.8252    21.0004
12.6628    28.782    21.0004
12.662    28.7764    21.0004
12.6636    28.730799    21.0004
12.6636    28.725199    21.0004
12.6644    28.674799    21.0004
12.6668    28.646    21.0004
12.6723995    28.6012    21.0004
12.676399    28.5828    21.0004
12.6916    28.5212    21.0004
12.6956    28.504398    21.0004
12.71    28.455599    21.0004
12.711599    28.4508    21.0004
12.7268    28.414799    21.0004
12.7428    28.3804    21.0004
12.751599    28.361198    21.0004
12.7852    28.305199    21.0004
12.7876    28.301199    21.0004
12.826799    28.2468    21.0004
12.8292    28.243599    21.0004
12.831599    28.241999    21.0004
12.8675995    28.2044    21.0004
12.894799    28.178799    21.0004
12.9092    28.167599    21.0004
12.9276    28.1532    21.0004
12.9572    28.13    21.0004
12.9804    28.1148    21.0004
13.0076    28.098799    21.0004
13.033999    28.0844    21.0004
13.055599    28.0724    21.0004
13.0948    28.0556    21.0004
13.113999    28.0492    21.0004
13.134    28.042799    21.0004
13.1508    28.039598    21.0004
13.1588    28.035599    21.0004
13.1732    28.029999    21.0004
13.1804    28.0276    21.0004
13.1852    28.0268    21.0004
13.198    28.011599    21.0004
13.1972    27.9884    21.0004
13.1988    27.983599    21.0004
13.1908    27.961199    21.0004
13.1924    27.9532    21.0004
13.189199    27.942799    21.0004
13.1812    27.9268    21.0004
13.165199    27.8956    21.0004
13.1516    27.868399    21.0004
13.1388    27.8356    21.0004
13.1356    27.826    21.0004
13.130799    27.812399    21.0004
13.130799    27.803598    21.0004
13.134    27.789999    21.0004
13.1356    27.7876    21.0004
13.1452    27.777199    21.0004
13.162    27.7652    21.0004
13.171599    27.7596    21.0004
13.239599    27.7316    21.0004
13.240399    27.730799    21.0004
13.2411995    27.730799    21.0004
13.2668    27.723598    21.0004
13.294    27.7188    21.0004
13.2956    27.7188    21.0004
13.303599    27.717999    21.0004
13.343599    27.713999    21.0004
13.377999    27.712399    21.0004
13.383599    27.712399    21.0004
13.401999    27.712399    21.0004
13.418799    27.7132    21.0004
13.4316    27.712399    21.0004
13.441999    27.7108    21.0004
13.4628    27.708399    21.0004
13.487599    27.701199    21.0004
13.5316    27.6892    21.0004
13.5412    27.6868    21.0004
13.545199    27.6852    21.0004
13.5772    27.682    21.0004
13.597199    27.682798    21.0004
13.6004    27.682798    21.0004
13.613999    27.6836    21.0004
13.625199    27.6852    21.0004
13.6508    27.6932    21.0004
13.6964    27.708399    21.0004
13.717999    27.7164    21.0004
13.762799    27.729198    21.0004
13.786799    27.7372    21.0004
13.8468    27.753199    21.0004
13.8876    27.7652    21.0004
13.9428    27.782    21.0004
13.9572    27.7876    21.0004
14.0036    27.806    21.0004
14.0364    27.8196    21.0004
14.0524    27.826    21.0004
14.067599    27.833199    21.0004
14.11    27.854    21.0004
14.146    27.872398    21.0004
14.147599    27.8732    21.0004
14.1491995    27.873999    21.0004
14.2123995    27.914799    21.0004
14.257999    27.946    21.0004
14.286799    27.961199    21.0004
14.308399    27.976398    21.0004
14.338799    27.989199    21.0004
14.358    27.9972    21.0004
14.3588    27.9972    21.0004
14.4052    28.018    21.0004
14.413199    28.022799    21.0004
14.424399    28.0308    21.0004
14.4332    28.037199    21.0004
14.446    28.05    21.0004
14.4604    28.063599    21.0004
14.463599    28.07    21.0004
14.4939995    28.121199    21.0004
14.4948    28.122799    21.0004
14.4964    28.126799    21.0004
14.5124    28.1612    21.0004
14.514    28.165998    21.0004
14.5252    28.1924    21.0004
14.5571995    28.2724    21.0004
