13.1723995    34.606    10.8004
13.160399    34.578    10.8004
13.153999    34.5668    10.8004
13.1332    34.5316    10.8004
13.118    34.51    10.8004
13.1044    34.4908    10.8004
13.089999    34.4772    10.8004
13.0708    34.4636    10.8004
13.061999    34.466    10.8004
13.0348    34.4772    10.8004
13.0292    34.4916    10.8004
13.021999    34.51    10.8004
13.0236    34.526    10.8004
13.0236    34.5396    10.8004
13.033199    34.562    10.8004
13.038799    34.5732    10.8004
13.045199    34.5948    10.8004
13.0492    34.6044    10.8004
13.0588    34.626    10.8004
13.068399    34.6508    10.8004
13.0812    34.6908    10.8004
13.0859995    34.7052    10.8004
13.090799    34.7196    10.8004
13.091599    34.7236    10.8004
13.118    34.8164    10.8004
13.1212    34.8276    10.8004
13.1276    34.8588    10.8004
13.138    34.8956    10.8004
13.147599    34.913998    10.8004
13.1524    34.9284    10.8004
13.17    34.9428    10.8004
13.170799    34.967598    10.8004
13.1723995    34.974    10.8004
13.1748    34.982    10.8004
13.1964    34.9836    10.8004
13.2148    34.986    10.8004
13.222    34.9716    10.8004
13.226    34.9556    10.8004
13.23    34.9324    10.8004
13.2316    34.9204    10.8004
13.2372    34.894    10.8004
13.2372    34.8892    10.8004
13.2372    34.880398    10.8004
13.2364    34.869198    10.8004
13.228399    34.8028    10.8004
13.223599    34.7748    10.8004
13.2212    34.7588    10.8004
13.216399    34.7348    10.8004
13.205999    34.6972    10.8004
13.1916    34.654    10.8004
13.1876    34.6404    10.8004
13.1852    34.633198    10.8004
13.1723995    34.606    10.8004
