14.285999    34.3572    10.8004
14.2564    34.362    10.8004
14.2492    34.3628    10.8004
14.2084    34.3668    10.8004
14.1748    34.3684    10.8004
14.170799    34.3684    10.8004
14.160399    34.3684    10.8004
14.113199    34.369198    10.8004
14.089999    34.3676    10.8004
14.0636    34.365997    10.8004
14.0548    34.3652    10.8004
14.045199    34.363598    10.8004
14.021999    34.3644    10.8004
14.015599    34.365997    10.8004
14.0092    34.374798    10.8004
14.005199    34.3836    10.8004
13.9883995    34.3876    10.8004
13.974    34.41    10.8004
13.9724    34.4124    10.8004
13.9772    34.439598    10.8004
13.978    34.441998    10.8004
13.986799    34.484398    10.8004
13.986799    34.4884    10.8004
13.986    34.5268    10.8004
13.9844    34.534    10.8004
13.978    34.5868    10.8004
13.9732    34.6036    10.8004
13.966    34.6372    10.8004
13.9556    34.6684    10.8004
13.9516    34.6804    10.8004
13.9484    34.6868    10.8004
13.929199    34.7332    10.8004
13.918799    34.753998    10.8004
13.9164    34.7604    10.8004
13.905999    34.7796    10.8004
13.8876    34.8084    10.8004
13.87    34.8404    10.8004
13.8636    34.8476    10.8004
13.843599    34.877197    10.8004
13.842799    34.8788    10.8004
13.8412    34.880398    10.8004
13.8196    34.9012    10.8004
13.813999    34.9092    10.8004
13.809999    34.939598    10.8004
13.8132    34.9444    10.8004
13.818    34.953197    10.8004
13.8292    34.974    10.8004
13.831599    34.9804    10.8004
13.838799    34.9972    10.8004
13.8284    35.0204    10.8004
13.8276    35.0228    10.8004
13.8196    35.0324    10.8004
13.7084    35.162    10.8004
13.7044    35.1676    10.8004
13.6972    35.1748    10.8004
13.682799    35.19    10.8004
13.6684    35.200397    10.8004
13.6588    35.2028    10.8004
13.6491995    35.202    10.8004
13.6348    35.203598    10.8004
13.608399    35.200397    10.8004
13.6004    35.200397    10.8004
13.594    35.2028    10.8004
13.561999    35.2124    10.8004
13.5588    35.218    10.8004
13.5404    35.2468    10.8004
13.539599    35.2588    10.8004
13.544399    35.278    10.8004
13.5468    35.2892    10.8004
13.561199    35.315598    10.8004
13.5644    35.322    10.8004
13.5692    35.334    10.8004
13.584399    35.3708    10.8004
13.5876    35.380398    10.8004
13.597199    35.4132    10.8004
13.5996    35.4172    10.8004
13.5988    35.4204    10.8004
13.590799    35.439598    10.8004
13.5876    35.4436    10.8004
13.558    35.474    10.8004
13.546    35.486797    10.8004
13.5116    35.5188    10.8004
13.4916    35.5356    10.8004
13.464399    35.562    10.8004
13.4556    35.5732    10.8004
13.4484    35.5804    10.8004
13.429199    35.6036    10.8004
13.424399    35.618    10.8004
13.406799    35.6284    10.8004
13.401999    35.6308    10.8004
13.3963995    35.6364    10.8004
13.395599    35.6572    10.8004
13.3916    35.6684    10.8004
13.3924    35.6772    10.8004
13.395599    35.6876    10.8004
13.395599    35.6956    10.8004
13.395599    35.7044    10.8004
13.3963995    35.7212    10.8004
13.3924    35.767597    10.8004
13.389999    35.79    10.8004
13.3868    35.8172    10.8004
13.3772    35.846798    10.8004
13.3772    35.8476    10.8004
13.3764    35.8484    10.8004
13.3524    35.8756    10.8004
13.343599    35.8812    10.8004
13.3396    35.8812    10.8004
13.3236    35.8852    10.8004
13.3124    35.8876    10.8004
13.292399    35.8892    10.8004
13.280399    35.8956    10.8004
13.263599    35.8996    10.8004
13.2564    35.9172    10.8004
13.2564    35.9348    10.8004
13.2596    35.9436    10.8004
13.262799    35.9628    10.8004
13.269199    35.9764    10.8004
13.273999    35.989998    10.8004
13.274799    35.9972    10.8004
13.280399    36.0076    10.8004
13.286799    36.0212    10.8004
13.302    36.0484    10.8004
13.3132    36.0676    10.8004
13.3196    36.0788    10.8004
13.3331995    36.1044    10.8004
13.3404    36.114    10.8004
13.343599    36.121998    10.8004
13.3468    36.1308    10.8004
13.354    36.1564    10.8004
13.354    36.1756    10.8004
13.3572    36.1876    10.8004
13.3564    36.197998    10.8004
13.3524    36.2156    10.8004
13.3452    36.256397    10.8004
13.343599    36.259598    10.8004
13.342    36.2628    10.8004
13.3308    36.2812    10.8004
13.321199    36.2964    10.8004
13.3172    36.2996    10.8004
13.3043995    36.306    10.8004
13.2948    36.3108    10.8004
13.2908    36.3108    10.8004
13.2652    36.3148    10.8004
13.245199    36.3116    10.8004
13.226    36.3108    10.8004
13.2123995    36.3092    10.8004
13.1908    36.302    10.8004
13.176399    36.3012    10.8004
13.153999    36.2956    10.8004
13.1356    36.2996    10.8004
13.1268    36.298798    10.8004
13.113999    36.3084    10.8004
13.102799    36.3236    10.8004
13.1004    36.3388    10.8004
13.1092    36.369198    10.8004
13.1092    36.37    10.8004
13.11    36.3708    10.8004
13.1268    36.4036    10.8004
13.1412    36.438    10.8004
13.1468    36.450798    10.8004
13.1516    36.4692    10.8004
13.1572    36.4852    10.8004
13.160399    36.4988    10.8004
13.1588    36.5156    10.8004
13.158    36.5188    10.8004
13.153999    36.5324    10.8004
13.147599    36.542    10.8004
13.1324    36.5548    10.8004
13.1108    36.5676    10.8004
13.0956    36.5724    10.8004
13.078799    36.573997    10.8004
13.0692    36.5764    10.8004
13.061999    36.5748    10.8004
13.0436    36.573997    10.8004
13.0148    36.5676    10.8004
13.0116    36.565998    10.8004
13.0004    36.562    10.8004
12.935599    36.5372    10.8004
12.9204    36.5316    10.8004
12.9036    36.5276    10.8004
12.883599    36.5228    10.8004
12.878799    36.520397    10.8004
12.854    36.522    10.8004
12.8468    36.5212    10.8004
12.8331995    36.526    10.8004
12.7987995    36.545998    10.8004
12.7732    36.562    10.8004
12.763599    36.5668    10.8004
12.7436    36.57    10.8004
12.726    36.5756    10.8004
12.7076    36.5724    10.8004
12.6844    36.5708    10.8004
12.659599    36.565998    10.8004
12.6444    36.5612    10.8004
12.6356    36.558    10.8004
12.5876    36.5388    10.8004
12.5812    36.5356    10.8004
12.5188    36.4996    10.8004
12.5188    36.4988    10.8004
12.481999    36.469997    10.8004
12.4788    36.467598    10.8004
12.4684    36.458    10.8004
12.429999    36.4244    10.8004
12.3932    36.3892    10.8004
12.346    36.3396    10.8004
12.332399    36.3276    10.8004
12.3004    36.298798    10.8004
12.2876    36.2884    10.8004
12.2708    36.2756    10.8004
12.242    36.2524    10.8004
12.2316    36.2404    10.8004
12.2196    36.228397    10.8004
12.205199    36.209198    10.8004
12.193999    36.19    10.8004
12.177199    36.1508    10.8004
12.176399    36.1484    10.8004
12.1692    36.105198    10.8004
12.165999    36.093998    10.8004
12.1612    36.0724    10.8004
12.158    36.0548    10.8004
12.146    36.0108    10.8004
12.1452    36.0076    10.8004
12.1452    36.006798    10.8004
12.1268    35.9964    10.8004
12.1147995    35.992397    10.8004
12.0948    36.001198    10.8004
12.0836    36.003597    10.8004
12.0476    36.020397    10.8004
12.0412    36.0228    10.8004
12.0348    36.026    10.8004
12.03    36.0276    10.8004
12.005199    36.034    10.8004
12.0004    36.034798    10.8004
11.9732    36.0396    10.8004
11.9692    36.040398    10.8004
11.9684    36.0396    10.8004
11.966    36.0396    10.8004
11.957999    36.038    10.8004
11.9212    36.03    10.8004
11.9108    36.0252    10.8004
11.889999    36.0084    10.8004
11.8828    35.9988    10.8004
11.877999    35.984398    10.8004
11.8748    35.958797    10.8004
11.873199    35.9484    10.8004
11.8756    35.9164    10.8004
11.8756    35.9148    10.8004
11.8796    35.893997    10.8004
11.8804    35.885998    10.8004
11.883599    35.8676    10.8004
11.8868    35.8516    10.8004
11.889999    35.834    10.8004
11.889199    35.821198    10.8004
11.894    35.8108    10.8004
11.886    35.793198    10.8004
11.8868    35.781998    10.8004
11.866799    35.7588    10.8004
11.858    35.7548    10.8004
11.837999    35.758    10.8004
11.8236    35.7604    10.8004
11.8108    35.766    10.8004
11.7884    35.7772    10.8004
11.762    35.794    10.8004
11.728399    35.8108    10.8004
11.7067995    35.8228    10.8004
11.6964    35.826    10.8004
11.677199    35.826    10.8004
11.6668    35.826    10.8004
11.6532    35.8196    10.8004
11.6268    35.8036    10.8004
11.6228    35.798798    10.8004
11.608399    35.7644    10.8004
11.5924    35.7044    10.8004
11.5868    35.682    10.8004
11.585199    35.6644    10.8004
11.5844    35.629997    10.8004
11.5844    35.6156    10.8004
11.585199    35.5868    10.8004
11.5892    35.5556    10.8004
11.591599    35.5444    10.8004
11.601999    35.517998    10.8004
11.608399    35.4988    10.8004
11.620399    35.478    10.8004
11.6292    35.467598    10.8004
11.638    35.4524    10.8004
11.659599    35.426    10.8004
11.662    35.4236    10.8004
11.6796    35.4036    10.8004
11.689199    35.3932    10.8004
11.689199    35.3924    10.8004
11.693999    35.388397    10.8004
11.7332    35.3564    10.8004
11.7364    35.354    10.8004
11.7956    35.3116    10.8004
11.797199    35.3108    10.8004
11.7987995    35.309998    10.8004
11.8012    35.3084    10.8004
11.8596    35.2716    10.8004
11.898    35.248398    10.8004
11.9004    35.2476    10.8004
11.901999    35.245197    10.8004
11.923599    35.222797    10.8004
11.9228    35.218    10.8004
11.922    35.19    10.8004
11.9164    35.183598    10.8004
11.9004    35.1644    10.8004
11.8868    35.1412    10.8004
11.8828    35.135597    10.8004
11.8716    35.1116    10.8004
11.8692    35.1084    10.8004
11.858    35.086    10.8004
11.8572    35.082798    10.8004
11.849199    35.0612    10.8004
11.838799    35.0204    10.8004
11.822    34.958    10.8004
11.821199    34.9468    10.8004
11.820399    34.9332    10.8004
11.818    34.9076    10.8004
11.821199    34.8948    10.8004
11.8228    34.8796    10.8004
11.826799    34.8668    10.8004
11.834    34.843597    10.8004
11.8348    34.8316    10.8004
11.834    34.821198    10.8004
11.8396    34.8004    10.8004
11.8396    34.798798    10.8004
11.838799    34.7916    10.8004
11.838799    34.786    10.8004
11.846    34.6772    10.8004
11.8468    34.674    10.8004
11.8564    34.6204    10.8004
11.866    34.5708    10.8004
11.8675995    34.5612    10.8004
11.872399    34.5428    10.8004
11.8812    34.5028    10.8004
11.8884    34.473198    10.8004
11.9228    34.363598    10.8004
11.926    34.35    10.8004
11.9316    34.3348    10.8004
11.9388    34.3164    10.8004
11.9556    34.2748    10.8004
11.9692    34.2412    10.8004
11.9724    34.2348    10.8004
11.975599    34.228397    10.8004
11.9892    34.2044    10.8004
12.0236    34.144398    10.8004
12.0436    34.110798    10.8004
12.0636    34.0804    10.8004
12.094    34.0388    10.8004
12.1156    34.006798    10.8004
12.1396    33.975597    10.8004
12.189199    33.918    10.8004
12.2084    33.8948    10.8004
12.234799    33.8668    10.8004
12.2652    33.834    10.8004
12.29    33.8076    10.8004
12.2956    33.802    10.8004
12.3068    33.7892    10.8004
12.3404    33.7572    10.8004
12.3404    33.756397    10.8004
12.3412    33.756397    10.8004
12.365999    33.750797    10.8004
12.374    33.762    10.8004
12.3804    33.774    10.8004
12.384399    33.781998    10.8004
12.3907995    33.7964    10.8004
12.3907995    33.798    10.8004
12.394799    33.8068    10.8004
12.4276    33.829998    10.8004
12.429999    33.8316    10.8004
12.4307995    33.8308    10.8004
12.4332    33.829998    10.8004
12.453199    33.8172    10.8004
12.458799    33.8172    10.8004
12.486799    33.798    10.8004
12.4908    33.7956    10.8004
12.4956    33.794    10.8004
12.5004    33.7916    10.8004
12.5356    33.7724    10.8004
12.558    33.762    10.8004
12.6164    33.738    10.8004
12.641999    33.7276    10.8004
12.6676    33.7196    10.8004
12.75    33.6972    10.8004
12.751599    33.6964    10.8004
12.7532    33.6964    10.8004
12.7564    33.6956    10.8004
12.8412    33.683598    10.8004
12.855599    33.6828    10.8004
12.8924    33.6812    10.8004
12.9052    33.6812    10.8004
12.9388    33.6812    10.8004
12.9828    33.6844    10.8004
12.998    33.6852    10.8004
13.010799    33.6876    10.8004
13.0116    33.6884    10.8004
13.0436    33.6908    10.8004
13.0468    33.6908    10.8004
13.0476    33.6908    10.8004
13.0476    33.69    10.8004
13.0708    33.6588    10.8004
13.0708    33.6572    10.8004
13.073199    33.6252    10.8004
13.0716    33.6172    10.8004
13.0644    33.6012    10.8004
13.0571995    33.590797    10.8004
13.0348    33.5588    10.8004
13.0236    33.542    10.8004
13.002    33.5076    10.8004
12.9939995    33.4972    10.8004
12.974    33.4716    10.8004
12.9612    33.456398    10.8004
12.946    33.4388    10.8004
12.9388    33.430798    10.8004
12.934    33.4276    10.8004
12.9116    33.4052    10.8004
12.8996    33.3964    10.8004
12.8684    33.3684    10.8004
12.8364    33.342    10.8004
12.814799    33.3252    10.8004
12.786799    33.306    10.8004
12.780399    33.3012    10.8004
12.778    33.3004    10.8004
12.773999    33.2972    10.8004
12.7355995    33.2716    10.8004
12.7316    33.2692    10.8004
12.7067995    33.2556    10.8004
12.683599    33.242798    10.8004
12.6804    33.2412    10.8004
12.6779995    33.2412    10.8004
12.6524    33.2292    10.8004
12.642799    33.2276    10.8004
12.6228    33.2236    10.8004
12.6156    33.2244    10.8004
12.598    33.222    10.8004
12.5692    33.228397    10.8004
12.5668    33.2292    10.8004
12.555599    33.2332    10.8004
12.4972    33.253998    10.8004
12.4492    33.2716    10.8004
12.4396    33.2756    10.8004
12.429199    33.2772    10.8004
12.4108    33.2804    10.8004
12.406    33.281998    10.8004
12.394799    33.2836    10.8004
12.3644    33.2868    10.8004
12.3484    33.2868    10.8004
12.314799    33.2844    10.8004
12.2755995    33.278    10.8004
12.2476    33.274    10.8004
12.2044    33.2636    10.8004
12.1491995    33.2524    10.8004
12.1292    33.2476    10.8004
12.0859995    33.2356    10.8004
12.0268    33.2124    10.8004
12.016399    33.2084    10.8004
12.009999    33.205997    10.8004
11.999599    33.2012    10.8004
11.952399    33.1804    10.8004
11.922    33.1636    10.8004
11.886    33.1436    10.8004
11.8532    33.124397    10.8004
11.774    33.07    10.8004
11.7411995    33.0468    10.8004
11.6748    32.997997    10.8004
11.6244    32.956398    10.8004
11.608399    32.945198    10.8004
11.5892    32.934    10.8004
11.561999    32.9268    10.8004
11.5604    32.926    10.8004
11.5596    32.9268    10.8004
11.5292    32.9324    10.8004
11.521999    32.938    10.8004
11.4948    32.958    10.8004
11.4556    32.9964    10.8004
11.3692    33.0756    10.8004
11.3652    33.0788    10.8004
11.3644    33.079597    10.8004
11.3636    33.0804    10.8004
11.332399    33.1036    10.8004
11.326799    33.107597    10.8004
11.3068    33.1172    10.8004
11.2852    33.124397    10.8004
11.2724    33.1292    10.8004
11.262799    33.1308    10.8004
11.2276    33.138    10.8004
11.1932    33.1404    10.8004
11.1924    33.1404    10.8004
11.1908    33.1404    10.8004
11.1396    33.133198    10.8004
11.0988    33.1292    10.8004
11.0476    33.1212    10.8004
11.0092    33.1148    10.8004
11.004399    33.113197    10.8004
10.978    33.1028    10.8004
10.9668    33.0988    10.8004
10.9268    33.0748    10.8004
10.9212    33.07    10.8004
10.912399    33.062798    10.8004
10.894    33.0468    10.8004
10.8772    33.029198    10.8004
10.8572    33.0084    10.8004
10.8484    32.997997    10.8004
10.8068    32.9412    10.8004
10.7987995    32.9316    10.8004
10.79    32.918    10.8004
10.7436    32.841198    10.8004
10.734799    32.826    10.8004
10.7188    32.7964    10.8004
10.7076    32.7756    10.8004
10.7012    32.759598    10.8004
10.6908    32.731598    10.8004
10.6812    32.6868    10.8004
10.6779995    32.6748    10.8004
10.6756    32.6596    10.8004
10.670799    32.6028    10.8004
10.6676    32.5532    10.8004
10.6668    32.534798    10.8004
10.662    32.467598    10.8004
10.658    32.408398    10.8004
10.658    32.4012    10.8004
10.6556    32.371597    10.8004
10.648399    32.346798    10.8004
10.6476    32.3388    10.8004
10.6452    32.3292    10.8004
10.6164    32.2796    10.8004
10.6147995    32.2772    10.8004
10.613999    32.276398    10.8004
10.5772    32.2252    10.8004
10.5316    32.1588    10.8004
10.53    32.1564    10.8004
10.521999    32.1364    10.8004
10.5076    32.1012    10.8004
10.4939995    32.051598    10.8004
10.493199    32.05    10.8004
10.493199    32.0484    10.8004
10.4804    31.963598    10.8004
10.4692    31.897999    10.8004
10.464399    31.8748    10.8004
10.4612    31.853199    10.8004
10.4516    31.7508    10.8004
10.4516    31.75    10.8004
10.4452    31.6404    10.8004
10.4444    31.6204    10.8004
10.4436    31.598799    10.8004
10.4436    31.501999    10.8004
10.4428    31.425999    10.8004
10.4428    31.3956    10.8004
10.441999    31.331598    10.8004
10.441999    31.321999    10.8004
10.4436    31.3028    10.8004
10.45    31.2172    10.8004
10.4524    31.171598    10.8004
10.4572    31.1052    10.8004
10.4676    30.996399    10.8004
10.469999    30.976398    10.8004
10.481999    30.8828    10.8004
10.4852    30.855598    10.8004
10.499599    30.764399    10.8004
10.504399    30.737999    10.8004
10.5244    30.6444    10.8004
10.526    30.6388    10.8004
10.539599    30.5852    10.8004
10.5492    30.5548    10.8004
10.562799    30.5068    10.8004
10.5772    30.4548    10.8004
10.5884    30.418798    10.8004
10.601999    30.382    10.8004
10.618    30.338    10.8004
10.6348    30.2964    10.8004
10.6516    30.2612    10.8004
10.665999    30.2356    10.8004
10.674    30.219599    10.8004
10.7036    30.1724    10.8004
10.7076    30.1644    10.8004
10.7132    30.156399    10.8004
10.7668    30.073198    10.8004
10.802    30.022799    10.8004
10.814799    30.0052    10.8004
10.846    29.962    10.8004
10.8772    29.920399    10.8004
10.8828    29.9124    10.8004
10.901999    29.889198    10.8004
10.9404    29.8428    10.8004
10.9508    29.8308    10.8004
10.986    29.7932    10.8004
11.0116    29.7676    10.8004
11.033999    29.747599    10.8004
11.05    29.734798    10.8004
11.0772    29.7116    10.8004
11.0892    29.702799    10.8004
11.0988    29.698    10.8004
11.113999    29.688398    10.8004
11.137199    29.6764    10.8004
11.158    29.6652    10.8004
11.1588    29.6652    10.8004
11.159599    29.6644    10.8004
11.2012    29.6476    10.8004
11.2612    29.619598    10.8004
11.268399    29.6164    10.8004
11.3084    29.5956    10.8004
11.3764    29.5572    10.8004
11.383599    29.5532    10.8004
11.4108    29.5348    10.8004
11.4204    29.528399    10.8004
11.424399    29.5268    10.8004
11.4332    29.522    10.8004
11.4508    29.513199    10.8004
11.465199    29.505999    10.8004
11.486    29.4972    10.8004
11.4948    29.494799    10.8004
11.5036    29.489199    10.8004
11.5252    29.4828    10.8004
11.5468    29.4732    10.8004
11.5476    29.472399    10.8004
11.7148    29.418798    10.8004
11.746799    29.410799    10.8004
11.757199    29.4084    10.8004
11.786799    29.4004    10.8004
11.8084    29.3956    10.8004
11.872399    29.379599    10.8004
11.8996    29.3764    10.8004
11.91    29.375599    10.8004
11.922    29.377998    10.8004
11.9428    29.392399    10.8004
11.946799    29.3988    10.8004
11.9604    29.4156    10.8004
11.969999    29.441198    10.8004
12.004399    29.5276    10.8004
12.016399    29.5572    10.8004
12.0308    29.587599    10.8004
12.044399    29.6188    10.8004
12.054    29.632399    10.8004
12.0716    29.65    10.8004
12.0812    29.654    10.8004
12.0988    29.6596    10.8004
12.1572    29.661999    10.8004
12.1812    29.6628    10.8004
12.1876    29.663599    10.8004
12.2028    29.6652    10.8004
12.211599    29.6668    10.8004
12.2484    29.674799    10.8004
12.309999    29.695599    10.8004
12.3132    29.6964    10.8004
12.322    29.699598    10.8004
12.382    29.721199    10.8004
12.401999    29.730799    10.8004
12.406    29.7332    10.8004
12.429199    29.762798    10.8004
12.434    29.7724    10.8004
12.4404    29.795599    10.8004
12.4428    29.8228    10.8004
12.4444    29.838    10.8004
12.4444    29.847599    10.8004
12.441999    29.881199    10.8004
12.4324    29.927599    10.8004
12.4307995    29.942799    10.8004
12.4196    29.99    10.8004
12.4108    30.024399    10.8004
12.407599    30.041199    10.8004
12.3996    30.0868    10.8004
12.398    30.097198    10.8004
12.394    30.1276    10.8004
12.3924    30.178799    10.8004
12.3924    30.1812    10.8004
12.395599    30.2156    10.8004
12.3988    30.234    10.8004
12.401999    30.251598    10.8004
12.4028    30.2564    10.8004
12.4084    30.269999    10.8004
12.418799    30.2932    10.8004
12.426    30.3044    10.8004
12.447599    30.340399    10.8004
12.478    30.385199    10.8004
12.4939995    30.41    10.8004
12.5236    30.466    10.8004
12.554    30.522799    10.8004
12.5612    30.537199    10.8004
12.5828    30.5756    10.8004
12.5836    30.5772    10.8004
12.584399    30.578    10.8004
12.5884    30.5796    10.8004
12.622    30.605999    10.8004
12.647599    30.611599    10.8004
12.6508    30.6132    10.8004
12.6748    30.609999    10.8004
12.6804    30.6108    10.8004
12.7067995    30.6052    10.8004
12.710799    30.604399    10.8004
12.7372    30.594    10.8004
12.7388    30.594    10.8004
12.742    30.5924    10.8004
12.7676    30.5812    10.8004
12.7884    30.5716    10.8004
12.844399    30.546    10.8004
12.8675995    30.535599    10.8004
12.918799    30.5108    10.8004
12.978    30.483599    10.8004
13.015599    30.4676    10.8004
13.061999    30.448399    10.8004
13.122    30.4268    10.8004
13.1292    30.424398    10.8004
13.130799    30.424398    10.8004
13.193999    30.41    10.8004
13.226    30.4044    10.8004
13.266    30.3972    10.8004
13.2852    30.3932    10.8004
13.342799    30.386    10.8004
13.386    30.3828    10.8004
13.407599    30.3804    10.8004
13.4548    30.379599    10.8004
13.457999    30.379599    10.8004
13.458799    30.379599    10.8004
13.4595995    30.379599    10.8004
13.474    30.379599    10.8004
13.516399    30.379599    10.8004
13.526799    30.381199    10.8004
13.5524    30.383598    10.8004
13.5724    30.3876    10.8004
13.5764    30.3884    10.8004
13.590799    30.394798    10.8004
13.6068    30.406    10.8004
13.624399    30.418798    10.8004
13.6444    30.434    10.8004
13.710799    30.486    10.8004
13.7132    30.4884    10.8004
13.7196    30.4924    10.8004
13.740399    30.5052    10.8004
13.745199    30.505999    10.8004
13.7644    30.511599    10.8004
13.778    30.5148    10.8004
13.797199    30.5164    10.8004
13.8756    30.5236    10.8004
13.889199    30.5252    10.8004
13.9052    30.526    10.8004
13.923599    30.528399    10.8004
13.936399    30.531599    10.8004
13.938    30.5324    10.8004
13.9548    30.5388    10.8004
13.965199    30.545198    10.8004
13.970799    30.5492    10.8004
13.9836    30.5572    10.8004
14.0148    30.578    10.8004
14.0468    30.600399    10.8004
14.0532    30.6052    10.8004
14.1356    30.667599    10.8004
14.1388    30.6708    10.8004
14.1908    30.7132    10.8004
14.2132    30.734    10.8004
14.217199    30.737999    10.8004
14.2316    30.753199    10.8004
14.273999    30.7972    10.8004
14.294    30.814798    10.8004
14.2948    30.8156    10.8004
14.3236    30.8284    10.8004
14.3244    30.8284    10.8004
14.3252    30.8284    10.8004
14.325999    30.8284    10.8004
14.349199    30.8244    10.8004
14.354    30.8252    10.8004
14.378799    30.8196    10.8004
14.382    30.8188    10.8004
14.406799    30.8116    10.8004
14.422    30.809198    10.8004
14.4372    30.803598    10.8004
14.4724    30.7916    10.8004
14.497999    30.782799    10.8004
14.5171995    30.7804    10.8004
14.545199    30.7732    10.8004
14.5812    30.7692    10.8004
14.5876    30.768398    10.8004
14.590799    30.7692    10.8004
14.595599    30.7692    10.8004
14.61    30.7708    10.8004
14.636399    30.7724    10.8004
14.6732    30.784399    10.8004
14.6748    30.7852    10.8004
14.702    30.797998    10.8004
14.75    30.8228    10.8004
14.791599    30.844398    10.8004
14.8052    30.8492    10.8004
14.820399    30.854    10.8004
14.8331995    30.858799    10.8004
14.849199    30.854    10.8004
14.8564    30.8548    10.8004
14.877199    30.842    10.8004
14.884399    30.8396    10.8004
14.894    30.8356    10.8004
14.9316    30.814    10.8004
14.9516    30.802    10.8004
15.0188    30.7596    10.8004
15.026    30.7564    10.8004
15.078    30.726799    10.8004
15.0803995    30.725199    10.8004
15.097199    30.717999    10.8004
15.1324    30.702    10.8004
15.1404    30.698    10.8004
15.1908    30.6796    10.8004
15.227599    30.669199    10.8004
15.2355995    30.6668    10.8004
15.256399    30.661999    10.8004
15.2892    30.6588    10.8004
15.3284    30.654799    10.8004
15.334    30.654    10.8004
15.3364    30.654    10.8004
15.338799    30.6532    10.8004
15.3412    30.6532    10.8004
15.346    30.6532    10.8004
15.3564    30.6532    10.8004
15.567599    30.6484    10.8004
15.634    30.6476    10.8004
15.6924    30.649199    10.8004
15.705999    30.649199    10.8004
15.714    30.65    10.8004
15.723599    30.650799    10.8004
15.7708    30.6556    10.8004
15.7996    30.6596    10.8004
15.8124    30.661999    10.8004
15.8348    30.6668    10.8004
15.884399    30.678799    10.8004
15.946799    30.6964    10.8004
15.962    30.7004    10.8004
15.9716    30.7036    10.8004
16.0156    30.7164    10.8004
16.0292    30.722    10.8004
16.0676    30.734    10.8004
16.086    30.741999    10.8004
16.0964    30.7508    10.8004
16.1084    30.7732    10.8004
16.1092    30.775599    10.8004
16.1092    30.7764    10.8004
16.1092    30.8116    10.8004
16.1084    30.816399    10.8004
16.0908    30.9236    10.8004
16.0828    30.9732    10.8004
16.0836    31.000399    10.8004
16.0836    31.0012    10.8004
16.0844    31.0028    10.8004
16.086    31.0068    10.8004
16.098    31.033998    10.8004
16.1164    31.05    10.8004
16.1332    31.052399    10.8004
16.1492    31.0572    10.8004
16.178799    31.063599    10.8004
16.2108    31.069199    10.8004
16.2116    31.07    10.8004
16.260399    31.078    10.8004
16.2748    31.080399    10.8004
16.3452    31.087599    10.8004
16.3492    31.0884    10.8004
16.386    31.0964    10.8004
16.402    31.1068    10.8004
16.4132    31.111599    10.8004
16.4284    31.1244    10.8004
16.4468    31.146    10.8004
16.4564    31.154    10.8004
16.4636    31.1628    10.8004
16.4916    31.1964    10.8004
16.518    31.240398    10.8004
16.5204    31.2444    10.8004
16.5212    31.2452    10.8004
16.5236    31.245998    10.8004
16.5348    31.2596    10.8004
16.5364    31.2596    10.8004
16.5676    31.269999    10.8004
16.5788    31.2724    10.8004
16.6708    31.284399    10.8004
16.7484    31.2932    10.8004
16.8164    31.299599    10.8004
16.8244    31.301199    10.8004
16.8764    31.310799    10.8004
16.9916    31.3284    10.8004
17.006    31.331598    10.8004
17.059599    31.3436    10.8004
17.1068    31.353199    10.8004
17.1444    31.3652    10.8004
17.1644    31.369999    10.8004
17.173199    31.3828    10.8004
17.1756    31.3876    10.8004
17.1764    31.392399    10.8004
17.185999    31.418798    10.8004
17.202    31.4452    10.8004
17.213999    31.4508    10.8004
17.2332    31.4548    10.8004
17.2588    31.4532    10.8004
17.2668    31.4516    10.8004
17.289999    31.4492    10.8004
17.2908    31.448399    10.8004
17.2924    31.448399    10.8004
17.4004    31.424398    10.8004
17.421999    31.4196    10.8004
17.4252    31.4196    10.8004
17.4884    31.4044    10.8004
17.49    31.403599    10.8004
17.4924    31.403599    10.8004
17.494799    31.4028    10.8004
17.5532    31.3876    10.8004
17.559599    31.386    10.8004
17.6412    31.361198    10.8004
17.6492    31.358799    10.8004
17.6812    31.3492    10.8004
17.746    31.327599    10.8004
17.7932    31.3132    10.8004
17.8508    31.293999    10.8004
17.925999    31.265999    10.8004
17.9692    31.25    10.8004
18.0012    31.2372    10.8004
18.0556    31.2164    10.8004
18.0892    31.2036    10.8004
18.146    31.1812    10.8004
18.1764    31.1684    10.8004
18.2188    31.149199    10.8004
18.254    31.1348    10.8004
18.2836    31.1204    10.8004
18.3356    31.097198    10.8004
18.381199    31.074    10.8004
18.4252    31.0516    10.8004
18.477999    31.024399    10.8004
18.5028    31.0108    10.8004
18.537199    30.9924    10.8004
18.626799    30.9436    10.8004
18.6516    30.9292    10.8004
18.6668    30.920399    10.8004
18.7044    30.897999    10.8004
18.754    30.8708    10.8004
18.8148    30.833199    10.8004
18.847599    30.8132    10.8004
18.8836    30.7916    10.8004
18.9228    30.7692    10.8004
18.9828    30.732399    10.8004
19.1492    30.6332    10.8004
19.167599    30.622    10.8004
19.17    30.6204    10.8004
19.189999    30.6092    10.8004
19.222    30.59    10.8004
19.2924    30.552399    10.8004
19.302    30.546799    10.8004
19.3444    30.5252    10.8004
19.3892    30.5028    10.8004
19.4188    30.489199    10.8004
19.4564    30.4716    10.8004
19.5204    30.444399    10.8004
19.534    30.438799    10.8004
19.576399    30.420399    10.8004
19.6236    30.4012    10.8004
19.680399    30.3804    10.8004
19.698    30.3748    10.8004
19.7116    30.3708    10.8004
19.7572    30.357199    10.8004
19.7748    30.351599    10.8004
19.8428    30.333199    10.8004
19.8556    30.329199    10.8004
19.946    30.3076    10.8004
19.9548    30.306    10.8004
19.9596    30.3044    10.8004
19.9692    30.3028    10.8004
19.994799    30.2972    10.8004
20.0268    30.2908    10.8004
20.053999    30.2876    10.8004
20.093199    30.282    10.8004
20.1276    30.2796    10.8004
20.156399    30.2788    10.8004
20.1708    30.2788    10.8004
20.23    30.278    10.8004
20.2932    30.278    10.8004
20.323599    30.278    10.8004
20.3804    30.2804    10.8004
20.4124    30.281199    10.8004
20.421999    30.282    10.8004
20.4284    30.282799    10.8004
20.4788    30.2908    10.8004
20.498    30.2964    10.8004
20.5092    30.2988    10.8004
20.5364    30.309198    10.8004
20.552399    30.317999    10.8004
20.569199    30.331598    10.8004
20.5796    30.3492    10.8004
20.5868    30.3596    10.8004
20.59    30.3676    10.8004
20.6124    30.4516    10.8004
20.618    30.4716    10.8004
20.628399    30.487598    10.8004
20.6364    30.5012    10.8004
20.6412    30.5028    10.8004
20.656399    30.5084    10.8004
20.6708    30.509998    10.8004
20.6892    30.514    10.8004
20.7172    30.514    10.8004
20.7724    30.5124    10.8004
20.782    30.511599    10.8004
20.7876    30.511599    10.8004
20.789999    30.511599    10.8004
20.793999    30.511599    10.8004
20.8524    30.513199    10.8004
20.868399    30.514    10.8004
20.886799    30.514    10.8004
20.8956    30.515598    10.8004
20.9244    30.518799    10.8004
20.9396    30.5204    10.8004
20.955599    30.5236    10.8004
20.9684    30.526    10.8004
20.9924    30.533998    10.8004
20.9932    30.5348    10.8004
21.0212    30.550798    10.8004
21.034    30.559599    10.8004
21.0348    30.5604    10.8004
21.0436    30.578798    10.8004
21.0452    30.5828    10.8004
21.046    30.5852    10.8004
21.05    30.6076    10.8004
21.048399    30.6188    10.8004
21.046799    30.636398    10.8004
21.037199    30.654    10.8004
21.0364    30.654799    10.8004
21.035599    30.6556    10.8004
20.9932    30.6924    10.8004
20.9804    30.702    10.8004
20.9244    30.741999    10.8004
20.9156    30.7484    10.8004
20.840399    30.7964    10.8004
20.8372    30.7988    10.8004
20.8356    30.799599    10.8004
20.834799    30.8004    10.8004
20.827599    30.803598    10.8004
20.7964    30.820398    10.8004
20.7572    30.838    10.8004
20.754    30.838799    10.8004
20.726    30.8484    10.8004
20.702799    30.855598    10.8004
20.6796    30.862799    10.8004
20.604399    30.8844    10.8004
20.5892    30.8876    10.8004
20.5212    30.9044    10.8004
20.5164    30.9052    10.8004
20.442    30.9196    10.8004
20.4044    30.927599    10.8004
20.3844    30.9324    10.8004
20.3652    30.9404    10.8004
20.3548    30.946    10.8004
20.3492    30.949999    10.8004
20.310799    30.970798    10.8004
20.31    30.9716    10.8004
20.3036    30.9756    10.8004
20.1932    31.042    10.8004
20.1892    31.0444    10.8004
20.167599    31.057999    10.8004
20.0604    31.1236    10.8004
19.982    31.17    10.8004
19.953999    31.1852    10.8004
19.902    31.2148    10.8004
19.886799    31.2228    10.8004
19.8724    31.230799    10.8004
19.81    31.2652    10.8004
19.71    31.3156    10.8004
19.702799    31.3196    10.8004
19.581999    31.3772    10.8004
19.557999    31.3876    10.8004
19.529999    31.400398    10.8004
19.4212    31.446798    10.8004
19.3492    31.476398    10.8004
19.265999    31.5084    10.8004
19.206    31.531599    10.8004
19.1756    31.5436    10.8004
19.0252    31.6012    10.8004
18.9284    31.636398    10.8004
18.782799    31.691599    10.8004
18.6852    31.7284    10.8004
18.566    31.773998    10.8004
18.4788    31.806799    10.8004
18.4348    31.823599    10.8004
18.2988    31.8764    10.8004
18.2908    31.879599    10.8004
18.286    31.881199    10.8004
18.2836    31.8828    10.8004
18.2508    31.8956    10.8004
18.206    31.914    10.8004
18.1948    31.918798    10.8004
18.1372    31.9452    10.8004
18.0788    31.972399    10.8004
18.0572    31.983599    10.8004
18.041199    31.994    10.8004
18.0252    32.0004    10.8004
18.0116    32.0076    10.8004
17.994    32.0172    10.8004
17.9828    32.0244    10.8004
17.9804    32.0332    10.8004
17.9652    32.042    10.8004
17.954    32.05    10.8004
17.9452    32.0548    10.8004
17.9196    32.09    10.8004
17.9172    32.0924    10.8004
17.916399    32.093998    10.8004
17.9132    32.1044    10.8004
17.91    32.1212    10.8004
17.9068    32.1212    10.8004
17.8972    32.146    10.8004
17.8788    32.1756    10.8004
17.8636    32.1868    10.8004
17.8548    32.1996    10.8004
17.8412    32.21    10.8004
17.8252    32.2292    10.8004
17.7556    32.286    10.8004
17.7332    32.3028    10.8004
17.6716    32.354797    10.8004
17.6076    32.4068    10.8004
17.602    32.4116    10.8004
17.5844    32.4236    10.8004
17.535599    32.4548    10.8004
17.4956    32.478798    10.8004
17.4212    32.5196    10.8004
17.301199    32.5836    10.8004
17.237999    32.6172    10.8004
17.1948    32.6404    10.8004
17.1812    32.6468    10.8004
17.1556    32.6588    10.8004
17.1308    32.67    10.8004
17.1108    32.6772    10.8004
17.05    32.697998    10.8004
16.9876    32.7188    10.8004
16.9212    32.7356    10.8004
16.897999    32.7436    10.8004
16.8796    32.7476    10.8004
16.8332    32.758    10.8004
16.8244    32.7588    10.8004
16.7612    32.7644    10.8004
16.75    32.7628    10.8004
16.7348    32.7588    10.8004
16.7244    32.7532    10.8004
16.721199    32.7468    10.8004
16.713999    32.7308    10.8004
16.7148    32.71    10.8004
16.719599    32.6884    10.8004
16.7204    32.6708    10.8004
16.7044    32.649998    10.8004
16.706    32.646    10.8004
16.698    32.6452    10.8004
16.6772    32.6468    10.8004
16.6708    32.6476    10.8004
16.669199    32.6484    10.8004
16.6476    32.6636    10.8004
16.6348    32.6692    10.8004
16.6164    32.6788    10.8004
16.6028    32.6788    10.8004
16.5788    32.6884    10.8004
16.5684    32.6908    10.8004
16.5612    32.694798    10.8004
16.5516    32.6988    10.8004
16.4364    32.7548    10.8004
16.3884    32.778    10.8004
16.3028    32.818    10.8004
16.2732    32.8332    10.8004
16.185999    32.8732    10.8004
16.1164    32.9044    10.8004
16.0676    32.9284    10.8004
16.052399    32.9356    10.8004
16.037199    32.9444    10.8004
16.0284    32.95    10.8004
16.0204    32.9572    10.8004
16.001999    32.969997    10.8004
15.9892    32.9836    10.8004
15.9684    33.003597    10.8004
15.9676    33.0052    10.8004
15.947599    33.026    10.8004
15.912399    33.0652    10.8004
15.895599    33.082    10.8004
15.884399    33.093998    10.8004
15.877999    33.1012    10.8004
15.8276    33.149998    10.8004
15.8124    33.1652    10.8004
15.803599    33.1732    10.8004
15.7892    33.183598    10.8004
15.7699995    33.200397    10.8004
15.742    33.211597    10.8004
15.727599    33.2188    10.8004
15.693999    33.231598    10.8004
15.689199    33.2332    10.8004
15.682799    33.2348    10.8004
15.506    33.287598    10.8004
15.498799    33.2892    10.8004
15.4724    33.3028    10.8004
15.466    33.306    10.8004
15.4612    33.3116    10.8004
15.441999    33.334    10.8004
15.438    33.342    10.8004
15.423599    33.37    10.8004
15.400399    33.426    10.8004
15.3988    33.4292    10.8004
15.394799    33.4388    10.8004
15.3884    33.453197    10.8004
15.3652    33.512398    10.8004
15.338799    33.5764    10.8004
15.3284    33.601997    10.8004
15.3244    33.61    10.8004
15.3188    33.6228    10.8004
15.3172    33.627598    10.8004
15.292399    33.6764    10.8004
15.279599    33.702    10.8004
15.2652    33.7276    10.8004
15.2444    33.762    10.8004
15.2428    33.7636    10.8004
15.242    33.7644    10.8004
15.2388    33.7676    10.8004
15.2188    33.7924    10.8004
15.2076    33.7972    10.8004
15.189199    33.8068    10.8004
15.181999    33.8092    10.8004
15.138    33.821198    10.8004
15.1348    33.822    10.8004
15.134    33.822    10.8004
15.1284    33.8236    10.8004
15.0764    33.8332    10.8004
15.045199    33.837997    10.8004
15.0076    33.843597    10.8004
14.9772    33.846798    10.8004
14.9556    33.8484    10.8004
14.9428    33.849197    10.8004
14.9164    33.846798    10.8004
14.907599    33.846    10.8004
14.9044    33.8452    10.8004
14.877199    33.8404    10.8004
14.849999    33.835598    10.8004
14.8396    33.8332    10.8004
14.820399    33.829998    10.8004
14.781199    33.822    10.8004
14.7428    33.818    10.8004
14.7411995    33.818798    10.8004
14.714    33.8252    10.8004
14.7084    33.8316    10.8004
14.6908    33.849197    10.8004
14.6796    33.869198    10.8004
14.671599    33.8908    10.8004
14.665199    33.9148    10.8004
14.653199    33.9612    10.8004
14.6444    34.001198    10.8004
14.642799    34.009197    10.8004
14.6324    34.062    10.8004
14.625199    34.0844    10.8004
14.6212    34.0972    10.8004
14.618799    34.1044    10.8004
14.613999    34.114    10.8004
14.6108    34.1204    10.8004
14.5948    34.1476    10.8004
14.5924    34.1516    10.8004
14.5812    34.1684    10.8004
14.5748    34.1764    10.8004
14.567599    34.1852    10.8004
14.546    34.214798    10.8004
14.516399    34.2524    10.8004
14.5124    34.258    10.8004
14.5092    34.2612    10.8004
14.506    34.2644    10.8004
14.49    34.2796    10.8004
14.466    34.3004    10.8004
14.4612    34.304398    10.8004
14.440399    34.313198    10.8004
14.434799    34.315598    10.8004
14.4324    34.3164    10.8004
14.400399    34.3284    10.8004
14.3884    34.3316    10.8004
14.348399    34.342    10.8004
14.3364    34.3452    10.8004
14.332399    34.346    10.8004
14.2948    34.3556    10.8004
14.285999    34.3572    10.8004
