13.394    19.6196    9.6004
13.3996    19.628399    9.6004
13.4052    19.6372    9.6004
13.4612    19.7204    9.6004
13.518    19.805199    9.6004
13.5412    19.840399    9.6004
13.6108    19.942    9.6004
13.6491995    19.998    9.6004
13.698    20.0684    9.6004
13.7652    20.163599    9.6004
13.794    20.2036    9.6004
13.8108    20.226    9.6004
13.8684    20.305199    9.6004
13.918799    20.375599    9.6004
13.941199    20.406    9.6004
13.9892    20.47    9.6004
14.0348    20.5292    9.6004
14.0876    20.598    9.6004
14.1435995    20.67    9.6004
14.181999    20.7172    9.6004
14.2028    20.7428    9.6004
14.257199    20.810799    9.6004
14.2876    20.8484    9.6004
14.358    20.933199    9.6004
14.3916    20.9748    9.6004
14.4564    21.0492    9.6004
14.464399    21.057999    9.6004
14.538    21.137999    9.6004
14.556399    21.157999    9.6004
14.578799    21.1796    9.6004
14.625999    21.2284    9.6004
14.630799    21.2332    9.6004
14.677199    21.275599    9.6004
14.686    21.282799    9.6004
14.726    21.3196    9.6004
14.728399    21.3204    9.6004
14.733999    21.3252    9.6004
14.8004    21.378    9.6004
14.8116    21.3876    9.6004
14.8364    21.4084    9.6004
14.8764    21.438    9.6004
14.8907995    21.4476    9.6004
14.9108    21.458    9.6004
14.9284    21.4676    9.6004
14.9844    21.5012    9.6004
15.032399    21.5268    9.6004
15.0436    21.5332    9.6004
15.07    21.548399    9.6004
15.1044    21.5668    9.6004
15.158799    21.594799    9.6004
15.1628    21.5964    9.6004
15.165199    21.5972    9.6004
15.1756    21.6012    9.6004
15.286799    21.642    9.6004
15.2948    21.6444    9.6004
15.3116    21.65    9.6004
15.355599    21.663599    9.6004
15.3796    21.67    9.6004
15.418799    21.6796    9.6004
15.45    21.685999    9.6004
15.4892    21.6924    9.6004
15.5588    21.702799    9.6004
15.591599    21.706799    9.6004
15.6284    21.7116    9.6004
15.7028    21.7204    9.6004
15.8076    21.730799    9.6004
15.8292    21.732399    9.6004
15.883599    21.7388    9.6004
15.9612    21.7468    9.6004
15.986    21.749199    9.6004
16.059599    21.758799    9.6004
16.1188    21.7676    9.6004
16.1468    21.7732    9.6004
16.163599    21.7764    9.6004
16.2356    21.7924    9.6004
16.243599    21.793999    9.6004
16.35    21.826    9.6004
16.3524    21.8268    9.6004
16.3636    21.83    9.6004
16.431599    21.8524    9.6004
16.442    21.8564    9.6004
16.5044    21.878    9.6004
16.5196    21.8844    9.6004
16.552399    21.8972    9.6004
16.5996    21.9172    9.6004
16.678    21.9524    9.6004
16.697199    21.961199    9.6004
16.7036    21.9644    9.6004
16.726799    21.9764    9.6004
16.7876    22.007599    9.6004
16.798    22.014    9.6004
16.829199    22.0364    9.6004
16.8524    22.052399    9.6004
16.8932    22.078    9.6004
16.8964    22.080399    9.6004
16.897999    22.0812    9.6004
16.9044    22.081999    9.6004
16.9228    22.0852    9.6004
16.9268    22.0852    9.6004
16.9876    22.0956    9.6004
16.99    22.0956    9.6004
16.9932    22.0964    9.6004
17.001999    22.098    9.6004
17.0348    22.104399    9.6004
17.042799    22.1068    9.6004
17.118    22.126    9.6004
17.1404    22.1316    9.6004
17.2244    22.1572    9.6004
17.277199    22.173199    9.6004
17.3316    22.1908    9.6004
17.3916    22.21    9.6004
17.4804    22.2412    9.6004
17.4932    22.2452    9.6004
17.4972    22.2468    9.6004
17.5284    22.264399    9.6004
17.5388    22.269999    9.6004
17.5404    22.2708    9.6004
17.542    22.2724    9.6004
17.5684    22.2916    9.6004
17.569199    22.2916    9.6004
17.6076    22.33    9.6004
17.6348    22.3548    9.6004
17.6892    22.409199    9.6004
17.7348    22.4548    9.6004
17.7732    22.4956    9.6004
17.812399    22.5364    9.6004
17.8204    22.5452    9.6004
17.8308    22.5572    9.6004
17.85    22.578    9.6004
17.866    22.597198    9.6004
17.897999    22.6348    9.6004
17.925999    22.6724    9.6004
17.954    22.706799    9.6004
17.983599    22.747599    9.6004
17.985199    22.749199    9.6004
17.9868    22.7516    9.6004
17.9884    22.7564    9.6004
18.0084    22.793999    9.6004
18.0196    22.8132    9.6004
18.0268    22.827599    9.6004
18.034    22.844398    9.6004
18.0508    22.89    9.6004
18.0588    22.9172    9.6004
18.069199    22.958    9.6004
18.0716    22.9716    9.6004
18.0724    22.9756    9.6004
18.0836    23.031599    9.6004
18.0916    23.0924    9.6004
18.0916    23.0964    9.6004
18.0924    23.100399    9.6004
18.0972    23.1772    9.6004
18.098    23.197199    9.6004
18.0964    23.2116    9.6004
18.094799    23.2348    9.6004
18.087599    23.2668    9.6004
18.086    23.271599    9.6004
18.0836    23.2796    9.6004
18.066    23.3132    9.6004
18.0644    23.3148    9.6004
18.0604    23.3204    9.6004
18.038    23.353199    9.6004
18.0292    23.3636    9.6004
17.985199    23.4156    9.6004
17.9692    23.433199    9.6004
17.9252    23.4788    9.6004
17.921999    23.482    9.6004
17.920399    23.483599    9.6004
17.8596    23.538    9.6004
17.858    23.539598    9.6004
17.7836    23.598799    9.6004
17.765999    23.6076    9.6004
17.7628    23.6092    9.6004
17.754799    23.6124    9.6004
17.7348    23.6188    9.6004
17.73    23.6196    9.6004
17.7076    23.626    9.6004
17.6876    23.626    9.6004
17.621199    23.615599    9.6004
17.6132    23.6148    9.6004
17.6124    23.6148    9.6004
17.611599    23.6148    9.6004
17.609999    23.614    9.6004
17.548399    23.5996    9.6004
17.5124    23.5884    9.6004
17.4884    23.580399    9.6004
17.4756    23.5756    9.6004
17.4492    23.5668    9.6004
17.4412    23.5628    9.6004
17.438    23.5612    9.6004
17.4324    23.557999    9.6004
17.3908    23.537199    9.6004
17.3828    23.5332    9.6004
17.381199    23.5324    9.6004
17.3772    23.5308    9.6004
17.3524    23.5164    9.6004
17.3324    23.4988    9.6004
17.3204    23.4876    9.6004
17.2948    23.4604    9.6004
17.2876    23.4524    9.6004
17.2748    23.433199    9.6004
17.2676    23.4236    9.6004
17.2428    23.392399    9.6004
17.2412    23.390799    9.6004
17.2148    23.3668    9.6004
17.21    23.3612    9.6004
17.184399    23.362    9.6004
17.1756    23.3604    9.6004
17.1532    23.3708    9.6004
17.145199    23.375599    9.6004
17.1428    23.3772    9.6004
17.1348    23.3804    9.6004
17.0956    23.396399    9.6004
17.078    23.4012    9.6004
17.065199    23.406    9.6004
17.0044    23.4236    9.6004
16.986    23.4292    9.6004
16.966799    23.433199    9.6004
16.8852    23.444399    9.6004
16.801199    23.4532    9.6004
16.7916    23.453999    9.6004
16.743599    23.4564    9.6004
16.6948    23.458    9.6004
16.6884    23.458    9.6004
16.6068    23.4548    9.6004
16.5852    23.4524    9.6004
16.5748    23.4508    9.6004
16.5572    23.449999    9.6004
16.506    23.4468    9.6004
16.4484    23.4396    9.6004
16.406    23.4348    9.6004
16.3268    23.421999    9.6004
16.306    23.4188    9.6004
16.2876    23.414799    9.6004
16.21    23.3996    9.6004
16.126    23.378    9.6004
16.115599    23.375599    9.6004
16.104399    23.3724    9.6004
16.0092    23.3484    9.6004
15.9716    23.3356    9.6004
15.9508    23.329199    9.6004
15.9196    23.3196    9.6004
15.8924    23.31    9.6004
15.8396    23.289999    9.6004
15.820399    23.282    9.6004
15.7699995    23.2628    9.6004
15.7556    23.258    9.6004
15.750799    23.2556    9.6004
15.682799    23.226799    9.6004
15.6732    23.2228    9.6004
15.6284    23.201199    9.6004
15.5828    23.180399    9.6004
15.5204    23.1476    9.6004
15.504399    23.139599    9.6004
15.4828    23.128399    9.6004
15.3476    23.0556    9.6004
15.2196    22.985199    9.6004
15.1676    22.9572    9.6004
15.1412    22.942799    9.6004
15.0868    22.914    9.6004
15.068399    22.903599    9.6004
15.0196    22.8772    9.6004
14.9844    22.858    9.6004
14.978    22.8548    9.6004
14.917999    22.821999    9.6004
14.8876    22.806799    9.6004
14.865999    22.799599    9.6004
14.8572    22.7948    9.6004
14.838799    22.7932    9.6004
14.8308    22.7892    9.6004
14.818    22.786798    9.6004
14.7828    22.7892    9.6004
14.7676    22.789999    9.6004
14.756399    22.789999    9.6004
14.689199    22.7948    9.6004
14.6668    22.795599    9.6004
14.573999    22.8028    9.6004
14.5492    22.8036    9.6004
14.4908    22.805199    9.6004
14.447599    22.806799    9.6004
14.3988    22.8076    9.6004
14.337999    22.806799    9.6004
14.302799    22.806    9.6004
14.245999    22.805199    9.6004
14.1988    22.8004    9.6004
14.162    22.7964    9.6004
14.1172    22.7876    9.6004
14.0884    22.781199    9.6004
14.0316    22.7676    9.6004
14.0036    22.760399    9.6004
13.9548    22.7452    9.6004
13.9196    22.7332    9.6004
13.8484    22.7076    9.6004
13.8364    22.702799    9.6004
13.7892    22.682    9.6004
13.7428    22.6612    9.6004
13.670799    22.6276    9.6004
13.647599    22.6164    9.6004
13.5764    22.578    9.6004
13.558    22.5684    9.6004
13.4828    22.5276    9.6004
13.465199    22.517199    9.6004
13.446    22.5068    9.6004
13.386    22.4676    9.6004
13.373199    22.459599    9.6004
13.3684    22.4564    9.6004
13.286799    22.4028    9.6004
13.280399    22.3988    9.6004
13.2724    22.3932    9.6004
13.245999    22.3748    9.6004
13.1972    22.3412    9.6004
13.1876    22.334799    9.6004
13.177199    22.327599    9.6004
13.136399    22.298    9.6004
13.0892    22.2652    9.6004
13.0571995    22.2404    9.6004
12.9964    22.194    9.6004
12.9772    22.178799    9.6004
12.9276    22.142    9.6004
12.9228    22.1388    9.6004
12.9148    22.1316    9.6004
12.8756    22.0964    9.6004
12.8516    22.0772    9.6004
12.797999    22.0332    9.6004
12.739599    21.9828    9.6004
12.677199    21.9268    9.6004
12.641999    21.8956    9.6004
12.5532    21.814    9.6004
12.5468    21.8076    9.6004
12.505199    21.7676    9.6004
12.4539995    21.7172    9.6004
12.4332    21.695599    9.6004
12.365999    21.626    9.6004
12.3428    21.6012    9.6004
12.273999    21.5236    9.6004
12.2532    21.500399    9.6004
12.1748    21.4124    9.6004
12.1524    21.386    9.6004
12.1188    21.3468    9.6004
12.0836    21.305199    9.6004
12.021999    21.225199    9.6004
11.9804    21.174    9.6004
11.9444    21.128399    9.6004
11.9108    21.0844    9.6004
11.8764    21.0364    9.6004
11.8228    20.9644    9.6004
11.781199    20.906    9.6004
11.7308    20.8364    9.6004
11.69    20.7812    9.6004
11.662    20.7428    9.6004
11.5884    20.632399    9.6004
11.556399    20.5844    9.6004
11.527599    20.542799    9.6004
11.4924    20.4916    9.6004
11.4307995    20.3956    9.6004
11.426    20.386799    9.6004
11.418799    20.3764    9.6004
11.3196    20.2204    9.6004
11.2964    20.182    9.6004
11.226    20.0668    9.6004
11.1852    20.0028    9.6004
11.1188    19.890799    9.6004
11.102799    19.862799    9.6004
11.0308    19.736399    9.6004
11.0076    19.6964    9.6004
11.004399    19.6908    9.6004
10.999599    19.680399    9.6004
10.934    19.5604    9.6004
10.895599    19.483599    9.6004
10.854    19.403599    9.6004
10.8252    19.3468    9.6004
10.762799    19.218    9.6004
10.7508    19.191599    9.6004
10.746799    19.1828    9.6004
10.6676    19.0164    9.6004
10.654799    18.9884    9.6004
10.59    18.842    9.6004
10.5604    18.774    9.6004
10.55    18.749199    9.6004
10.5348    18.7132    9.6004
10.4828    18.59    9.6004
10.441199    18.490799    9.6004
10.4092    18.4116    9.6004
10.3684    18.310799    9.6004
10.321199    18.1908    9.6004
10.2604    18.037199    9.6004
10.2396    17.9844    9.6004
10.186    17.8364    9.6004
10.183599    17.83    9.6004
10.1788    17.816399    9.6004
10.1268    17.678799    9.6004
10.094    17.5868    9.6004
10.073199    17.5236    9.6004
10.033999    17.4052    9.6004
10.016399    17.3508    9.6004
9.975599    17.2276    9.6004
9.958    17.1716    9.6004
9.9396    17.1124    9.6004
9.9148    17.0308    9.6004
9.877999    16.903599    9.6004
9.8572    16.8252    9.6004
9.8372    16.7572    9.6004
9.8116    16.6588    9.6004
9.7964    16.6012    9.6004
9.79    16.5716    9.6004
9.785999    16.5572    9.6004
9.781199    16.542    9.6004
9.7755995    16.5204    9.6004
9.7716    16.5108    9.6004
9.762    16.4716    9.6004
9.757199    16.461199    9.6004
9.752399    16.4524    9.6004
9.7436    16.414    9.6004
9.742    16.4116    9.6004
9.7252    16.378    9.6004
9.722    16.373999    9.6004
9.7156    16.3604    9.6004
9.7067995    16.3452    9.6004
9.705999    16.3436    9.6004
9.6852    16.3132    9.6004
9.683599    16.31    9.6004
9.6532    16.2652    9.6004
9.6524    16.2628    9.6004
9.6508    16.260399    9.6004
9.6236    16.2188    9.6004
9.57    16.1372    9.6004
9.566    16.1308    9.6004
9.521999    16.0644    9.6004
9.5132    16.05    9.6004
9.4924    16.0172    9.6004
9.4908    16.014    9.6004
9.4676    15.974    9.6004
9.462    15.962    9.6004
9.4228    15.8868    9.6004
9.3972    15.8308    9.6004
9.3948    15.825199    9.6004
9.3932    15.8228    9.6004
9.3924    15.819599    9.6004
9.373199    15.7668    9.6004
9.346    15.7092    9.6004
9.3452    15.7067995    9.6004
9.344399    15.7044    9.6004
9.3412    15.698    9.6004
9.334    15.6804    9.6004
9.2852    15.5596    9.6004
9.2492    15.469199    9.6004
9.23    15.4212    9.6004
9.194    15.3276    9.6004
9.159599    15.234799    9.6004
9.142799    15.1908    9.6004
9.1044    15.0876    9.6004
9.0412    14.917999    9.6004
9.0364    14.905999    9.6004
9.0348    14.901199    9.6004
9.0316    14.8916    9.6004
8.976399    14.739599    9.6004
8.966    14.7092    9.6004
8.9468    14.653199    9.6004
8.9276    14.597199    9.6004
8.9124    14.5484    9.6004
8.8948    14.49    9.6004
8.8836    14.4572    9.6004
8.866    14.400399    9.6004
8.8596    14.3804    9.6004
8.8532    14.358    9.6004
8.832399    14.2892    9.6004
8.818    14.238    9.6004
8.7964    14.1644    9.6004
8.780399    14.108399    9.6004
8.762    14.045199    9.6004
8.7428    13.9732    9.6004
8.722    13.8884    9.6004
8.7188    13.873199    9.6004
8.7132    13.837199    9.6004
8.700399    13.7788    9.6004
8.698    13.7596    9.6004
8.6972    13.7324    9.6004
8.7012    13.705999    9.6004
8.702    13.6788    9.6004
8.7108    13.646    9.6004
8.714    13.6388    9.6004
8.7388    13.606    9.6004
8.742    13.602799    9.6004
8.7676    13.5716    9.6004
8.7732    13.568399    9.6004
8.7788    13.5652    9.6004
8.7956    13.5436    9.6004
8.7972    13.5372    9.6004
8.7972    13.5348    9.6004
8.8052    13.515599    9.6004
8.8043995    13.5068    9.6004
8.809999    13.4883995    9.6004
8.8108    13.4788    9.6004
8.8108    13.4572    9.6004
8.8084    13.435599    9.6004
8.809199    13.418799    9.6004
8.8108    13.3996    9.6004
8.8108    13.394    9.6004
8.809199    13.3675995    9.6004
8.806    13.3404    9.6004
8.8052    13.332399    9.6004
8.8043995    13.314799    9.6004
8.7964    13.1916    9.6004
8.79    13.0803995    9.6004
8.7796    12.906    9.6004
8.7796    12.8972    9.6004
8.7772    12.8116    9.6004
8.7764    12.7956    9.6004
8.7755995    12.752399    9.6004
8.7732    12.637199    9.6004
8.7732    12.61    9.6004
8.774    12.5324    9.6004
8.774    12.481999    9.6004
8.774799    12.4604    9.6004
8.778    12.3708    9.6004
8.781199    12.3172    9.6004
8.7828    12.2772    9.6004
8.7916    12.17    9.6004
8.7916    12.1644    9.6004
8.7916    12.1628    9.6004
8.792399    12.1588    9.6004
8.803599    12.062799    9.6004
8.814799    11.9684    9.6004
8.8172    11.9492    9.6004
8.834    11.8532    9.6004
8.834    11.8508    9.6004
8.8348    11.8476    9.6004
8.8524    11.7532    9.6004
8.8628    11.705199    9.6004
8.872399    11.659599    9.6004
8.877999    11.6356    9.6004
8.8932    11.5748    9.6004
8.9124    11.502    9.6004
8.9228    11.466    9.6004
8.929999    11.4404    9.6004
8.936399    11.4148    9.6004
8.938    11.4084    9.6004
8.9372    11.406799    9.6004
8.9307995    11.3828    9.6004
8.9276    11.3692    9.6004
8.9044    11.2987995    9.6004
8.8948    11.2652    9.6004
8.8852    11.233999    9.6004
8.878799    11.2084    9.6004
8.866    11.148399    9.6004
8.8644    11.1404    9.6004
8.8628    11.131599    9.6004
8.8619995    11.125999    9.6004
8.8476    11.0556    9.6004
8.8364    10.9972    9.6004
8.8364    10.99    9.6004
8.8372    10.975599    9.6004
8.8396    10.965199    9.6004
8.846    10.941999    9.6004
8.8532    10.9292    9.6004
8.8596    10.9156    9.6004
8.8868    10.8876    9.6004
8.8884    10.886    9.6004
8.8916    10.883599    9.6004
8.9804    10.818    9.6004
9.014    10.7956    9.6004
9.018    10.792399    9.6004
9.054    10.7724    9.6004
9.0571995    10.7708    9.6004
9.090799    10.7556    9.6004
9.102799    10.7508    9.6004
9.1044    10.75    9.6004
9.1132    10.746799    9.6004
9.154799    10.7308    9.6004
9.2028    10.7156    9.6004
9.2188    10.7108    9.6004
9.2492    10.7044    9.6004
9.2644    10.7012    9.6004
9.278    10.700399    9.6004
9.321199    10.694799    9.6004
9.3452    10.693999    9.6004
9.3892    10.6908    9.6004
9.398    10.6908    9.6004
9.4212    10.6916    9.6004
9.4428    10.69    9.6004
9.4604    10.6908    9.6004
9.4636    10.6916    9.6004
9.4668    10.6924    9.6004
9.4716    10.6932    9.6004
9.4908    10.6956    9.6004
9.51    10.702    9.6004
9.518    10.7036    9.6004
9.5484    10.6956    9.6004
9.5524    10.6956    9.6004
9.554    10.6932    9.6004
9.579599    10.654799    9.6004
9.5803995    10.6532    9.6004
9.5828    10.6491995    9.6004
9.5988    10.622    9.6004
9.601999    10.6108    9.6004
9.6076    10.5932    9.6004
9.608399    10.591599    9.6004
9.608399    10.5876    9.6004
9.5996    10.5596    9.6004
9.597199    10.5556    9.6004
9.5956    10.554    9.6004
9.562799    10.509999    9.6004
9.558    10.5028    9.6004
9.528399    10.4548    9.6004
9.510799    10.4251995    9.6004
9.49    10.3892    9.6004
9.481999    10.374    9.6004
9.466    10.3412    9.6004
9.4539995    10.3124    9.6004
9.447599    10.2932    9.6004
9.429999    10.245999    9.6004
9.418    10.214    9.6004
9.4108    10.182799    9.6004
9.407599    10.1684    9.6004
9.4036    10.1532    9.6004
9.4052    10.130799    9.6004
9.406799    10.1212    9.6004
9.413199    10.0924    9.6004
9.414    10.091599    9.6004
9.4276    10.0764    9.6004
9.4348    10.068399    9.6004
9.435599    10.067599    9.6004
9.4716    10.0428    9.6004
9.475599    10.0404    9.6004
9.4908    10.0316    9.6004
9.5356    10.005199    9.6004
9.5571995    9.9939995    9.6004
9.5844    9.9788    9.6004
9.5884    9.9772    9.6004
9.625199    9.962    9.6004
9.653999    9.9524    9.6004
9.671599    9.9452    9.6004
9.7132    9.934    9.6004
9.734799    9.9276    9.6004
9.7484    9.9251995    9.6004
9.778    9.9172    9.6004
9.8004    9.912399    9.6004
9.8284    9.907599    9.6004
9.8356    9.906    9.6004
9.849199    9.901999    9.6004
9.8675995    9.8948    9.6004
9.8876    9.8812    9.6004
9.8932    9.8748    9.6004
9.8972    9.861199    9.6004
9.8988    9.846    9.6004
9.9028    9.8108    9.6004
9.9036    9.803599    9.6004
9.9164    9.674    9.6004
9.918799    9.6556    9.6004
9.9324    9.527599    9.6004
9.9332    9.521999    9.6004
9.9516    9.4052    9.6004
9.9524    9.4028    9.6004
9.9524    9.4004    9.6004
9.9684    9.3043995    9.6004
9.9892    9.2212    9.6004
9.9924    9.2108    9.6004
9.9956    9.1996    9.6004
10.0171995    9.1332    9.6004
10.038799    9.0724    9.6004
10.050799    9.042    9.6004
10.067599    9.0092    9.6004
10.067599    9.0084    9.6004
10.068399    9.0084    9.6004
10.07    9.005199    9.6004
10.1116    8.9164    9.6004
10.1164    8.9084    9.6004
10.118    8.9052    9.6004
10.138    8.8692    9.6004
10.1388    8.866799    9.6004
10.1412    8.8636    9.6004
10.182    8.797999    9.6004
10.1908    8.7852    9.6004
10.2156    8.7548    9.6004
10.2212    8.746799    9.6004
10.2372    8.7244    9.6004
10.2372    8.7196    9.6004
10.2355995    8.694799    9.6004
10.2204    8.662    9.6004
10.2108    8.642799    9.6004
10.2036    8.6212    9.6004
10.2012    8.6132    9.6004
10.2012    8.6124    9.6004
10.200399    8.608399    9.6004
10.1972    8.5812    9.6004
10.1972    8.5652    9.6004
10.1988    8.556399    9.6004
10.200399    8.5444    9.6004
10.2076    8.5092    9.6004
10.222    8.4556    9.6004
10.222799    8.4492    9.6004
10.229199    8.4292    9.6004
10.2396    8.394    9.6004
10.2508    8.3604    9.6004
10.2652    8.3148    9.6004
10.294    8.2308    9.6004
10.302    8.2092    9.6004
10.3172    8.174    9.6004
10.3228    8.1596    9.6004
10.3468    8.106    9.6004
10.3484    8.102799    9.6004
10.3804    8.0324    9.6004
10.386    8.0236    9.6004
10.3996    8.0004    9.6004
10.4036    7.9964    9.6004
10.4292    7.9684    9.6004
10.4292    7.9676    9.6004
10.434    7.9644    9.6004
10.4564    7.9452    9.6004
10.458799    7.9435997    9.6004
10.462    7.9412    9.6004
10.4939995    7.9188    9.6004
10.585199    7.8651996    9.6004
10.590799    7.8627996    9.6004
10.637199    7.8395996    9.6004
10.6612    7.8276    9.6004
10.689199    7.8163996    9.6004
10.7164    7.8044    9.6004
10.7268    7.8004    9.6004
10.7724    7.7844    9.6004
10.7828    7.7804    9.6004
10.8028    7.7756    9.6004
10.826799    7.7724    9.6004
10.832399    7.7707996    9.6004
10.849199    7.77    9.6004
10.8636    7.7683997    9.6004
10.8796    7.77    9.6004
10.889999    7.7692    9.6004
10.9084    7.7724    9.6004
10.9156    7.7732    9.6004
10.9428    7.778    9.6004
10.9724    7.786    9.6004
11.0036    7.7956    9.6004
11.0084    7.7971997    9.6004
11.0124    7.7988    9.6004
11.0604    7.822    9.6004
11.0708    7.8268    9.6004
11.1092    7.8483996    9.6004
11.1188    7.8539996    9.6004
11.1276    7.8588    9.6004
11.1748    7.8876    9.6004
11.198    7.902    9.6004
11.205999    7.9076    9.6004
11.2196    7.9179997    9.6004
11.2484    7.9379997    9.6004
11.2876    7.9715996    9.6004
11.2892    7.9723997    9.6004
11.2892    7.9732    9.6004
11.303599    8.005199    9.6004
11.314799    8.03    9.6004
11.3188    8.0388    9.6004
11.3716    8.165999    9.6004
11.374    8.1748    9.6004
11.3756    8.1779995    9.6004
11.4156    8.29    9.6004
11.4268    8.322    9.6004
11.436399    8.3516    9.6004
11.4539995    8.4044    9.6004
11.458799    8.422    9.6004
11.474    8.4732    9.6004
11.4796    8.4956    9.6004
11.4836    8.5092    9.6004
11.4892    8.53    9.6004
11.49    8.5404    9.6004
11.4908    8.556399    9.6004
11.4892    8.5724    9.6004
11.4892    8.5812    9.6004
11.4883995    8.5892    9.6004
11.486799    8.6092    9.6004
11.4796    8.6292    9.6004
11.4748    8.6388    9.6004
11.465199    8.6628    9.6004
11.446799    8.7028    9.6004
11.446    8.7044    9.6004
11.4444    8.7084    9.6004
11.4228    8.7572    9.6004
11.4172    8.7676    9.6004
11.389999    8.814799    9.6004
11.384399    8.8252    9.6004
11.3748    8.8404    9.6004
11.3644    8.854    9.6004
11.3484    8.8748    9.6004
11.337999    8.8852    9.6004
11.3196    8.9108    9.6004
11.315599    8.9164    9.6004
11.315599    8.9196    9.6004
11.3196    8.947599    9.6004
11.320399    8.953199    9.6004
11.325999    8.9796    9.6004
11.3284    9.0084    9.6004
11.332399    9.067599    9.6004
11.3331995    9.082    9.6004
11.3331995    9.1628    9.6004
11.3331995    9.1652    9.6004
11.3331995    9.1692    9.6004
11.3331995    9.1732    9.6004
11.325999    9.2668    9.6004
11.3228    9.294    9.6004
11.3164    9.3356    9.6004
11.3116    9.3692    9.6004
11.2996    9.4452    9.6004
11.2948    9.4676    9.6004
11.2844    9.526    9.6004
11.274799    9.57    9.6004
11.2596    9.6388    9.6004
11.2556    9.654799    9.6004
11.2396    9.723599    9.6004
11.2308    9.763599    9.6004
11.23    9.7676    9.6004
11.2036    9.8756    9.6004
11.1932    9.9164    9.6004
11.1779995    9.975599    9.6004
11.1612    10.0372    9.6004
11.1524    10.0724    9.6004
11.113999    10.2212    9.6004
11.1116    10.2324    9.6004
11.078    10.3596    9.6004
11.0764    10.366799    9.6004
11.0764    10.3675995    9.6004
11.0324    10.539599    9.6004
11.015599    10.6108    9.6004
11.0076    10.6412    9.6004
10.998799    10.686    9.6004
10.9892    10.7268    9.6004
10.9828    10.7548    9.6004
10.9676    10.8284    9.6004
10.9604    10.8684    9.6004
10.9388    10.9772    9.6004
10.936399    10.9908    9.6004
10.9348    10.998799    9.6004
10.9276    11.0356    9.6004
10.9028    11.1692    9.6004
10.884399    11.2932    9.6004
10.8804    11.320399    9.6004
10.8772    11.3396    9.6004
10.8604    11.4692    9.6004
10.858    11.481999    9.6004
10.855599    11.5028    9.6004
10.8452    11.596399    9.6004
10.8404    11.6412    9.6004
10.8331995    11.7204    9.6004
10.8292    11.7772    9.6004
10.8244    11.87    9.6004
10.8244    11.8748    9.6004
10.8236    11.877999    9.6004
10.8188    11.9612    9.6004
10.8172    12.014    9.6004
10.8172    12.0668    9.6004
10.815599    12.1276    9.6004
10.815599    12.1812    9.6004
10.814799    12.229199    9.6004
10.814799    12.251599    9.6004
10.818    12.3164    9.6004
10.818    12.3228    9.6004
10.8188    12.361199    9.6004
10.8188    12.395599    9.6004
10.8196    12.4164    9.6004
10.8244    12.487599    9.6004
10.8292    12.5932    9.6004
10.83    12.6156    9.6004
10.8372    12.6868    9.6004
10.8412    12.752399    9.6004
10.8452    12.802    9.6004
10.8508    12.858    9.6004
10.8532    12.886    9.6004
10.858    12.9307995    9.6004
10.861199    12.953199    9.6004
10.8684    13.0148    9.6004
10.872399    13.0515995    9.6004
10.878799    13.1012    9.6004
10.884399    13.1404    9.6004
10.8916    13.194799    9.6004
10.9052    13.278    9.6004
10.9116    13.322    9.6004
10.9204    13.3748    9.6004
10.941199    13.5076    9.6004
10.95    13.555599    9.6004
10.974    13.693999    9.6004
10.976399    13.7067995    9.6004
11.0004    13.832399    9.6004
11.002    13.838799    9.6004
11.028399    13.9788    9.6004
11.03    13.986799    9.6004
11.0316    13.9948    9.6004
11.0364    14.0188    9.6004
11.066    14.1508    9.6004
11.0924    14.2676    9.6004
11.107599    14.3308    9.6004
11.1108    14.342799    9.6004
11.15    14.5068    9.6004
11.162    14.5515995    9.6004
11.1868    14.647599    9.6004
11.2355995    14.826799    9.6004
11.2364    14.8284    9.6004
11.2364    14.8292    9.6004
11.282    14.986    9.6004
11.3188    15.118    9.6004
11.3308    15.159599    9.6004
11.3772    15.3108    9.6004
11.384399    15.3356    9.6004
11.4307995    15.4828    9.6004
11.4508    15.5476    9.6004
11.4684    15.6068    9.6004
11.486    15.6612    9.6004
11.504399    15.717199    9.6004
11.510799    15.7372    9.6004
11.514    15.7492    9.6004
11.567599    15.9084    9.6004
11.597199    15.9972    9.6004
11.6036    16.013199    9.6004
11.622    16.0676    9.6004
11.648399    16.1404    9.6004
11.648399    16.1412    9.6004
11.6491995    16.1428    9.6004
11.6932    16.2628    9.6004
11.6972    16.2748    9.6004
11.738    16.3844    9.6004
11.7411995    16.3948    9.6004
11.752399    16.4236    9.6004
11.7876    16.514    9.6004
11.8164    16.5892    9.6004
11.8484    16.67    9.6004
11.873199    16.734    9.6004
11.913199    16.8284    9.6004
11.9348    16.8796    9.6004
11.998    17.0348    9.6004
12.0188    17.0852    9.6004
12.130799    17.3452    9.6004
12.1332    17.35    9.6004
12.146    17.3788    9.6004
12.2476    17.609999    9.6004
12.3043995    17.7428    9.6004
12.322    17.782    9.6004
12.3804    17.909199    9.6004
12.4044    17.9588    9.6004
12.453199    18.0604    9.6004
12.4939995    18.142    9.6004
12.5252    18.2004    9.6004
12.5468    18.2412    9.6004
12.5884    18.3204    9.6004
12.638    18.410799    9.6004
12.6628    18.4548    9.6004
12.739599    18.5828    9.6004
12.7476    18.5964    9.6004
12.7964    18.6796    9.6004
12.8572    18.7796    9.6004
12.901199    18.8524    9.6004
12.9372    18.9132    9.6004
12.965199    18.9572    9.6004
12.9772    18.9764    9.6004
13.0484    19.087599    9.6004
13.078799    19.1356    9.6004
13.1435995    19.236399    9.6004
13.188399    19.306    9.6004
13.2604    19.420399    9.6004
13.2772    19.446    9.6004
13.3356    19.534    9.6004
13.394    19.6196    9.6004
