46.1572    3.0124    0.0004
46.3092    3.0491998    0.0004
46.454    3.1092    0.0004
46.588398    3.1915998    0.0004
46.7076    3.2932    0.0004
46.8092    3.4124    0.0004
46.891598    3.5468    0.0004
46.9516    3.6915998    0.0004
46.9884    3.8435998    0.0004
47.0004    4.0004    0.0004
47.0004    8.999599    0.0004
47.0004    9.0004    0.0004
47.0004    25.998    0.0004
47.0004    26.000399    0.0004
46.9884    26.1572    0.0004
46.9516    26.3092    0.0004
46.891598    26.453999    0.0004
46.8092    26.5884    0.0004
46.7076    26.7076    0.0004
46.588398    26.809198    0.0004
46.454    26.8916    0.0004
46.3092    26.9516    0.0004
46.1572    26.9884    0.0004
46.0004    27.000399    0.0004
44.8476    27.000399    0.0004
44.691597    26.9884    0.0004
44.540398    26.9524    0.0004
44.3956    26.892399    0.0004
44.2628    26.8116    0.0004
44.1436    26.7108    0.0004
44.042    26.5924    0.0004
43.9596    26.459599    0.0004
43.8988    26.316399    0.0004
43.8612    26.1644    0.0004
43.860397    26.1612    0.0004
40.194798    4.1644    0.0004
40.1812    3.9915998    0.0004
40.1972    3.8195999    0.0004
40.2436    3.6524    0.0004
40.318    3.4956    0.0004
40.418    3.3539999    0.0004
40.5412    3.2315998    0.0004
40.683598    3.1332    0.0004
40.8404    3.0604    0.0004
41.0084    3.0156    0.0004
41.1812    3.0003998    0.0004
41.182    3.0003998    0.0004
46.0004    3.0003998    0.0004
46.1572    3.0124    0.0004
