10.3604    31.366    13.8004
10.33    31.392399    13.8004
10.29    31.421999    13.8004
10.2484    31.4516    13.8004
10.2148    31.4732    13.8004
10.194799    31.485199    13.8004
10.1444    31.505999    13.8004
10.118    31.5164    13.8004
10.094    31.5252    13.8004
10.061999    31.5348    13.8004
10.0468    31.539598    13.8004
10.033199    31.542799    13.8004
9.99    31.550798    13.8004
9.9372    31.556398    13.8004
9.8907995    31.5604    13.8004
9.834    31.5644    13.8004
9.832399    31.5644    13.8004
9.780399    31.5628    13.8004
9.7796    31.5628    13.8004
9.717999    31.552399    13.8004
9.7123995    31.5516    13.8004
9.7028    31.5492    13.8004
9.4788    31.494    13.8004
9.395599    31.470798    13.8004
9.3756    31.4644    13.8004
9.3292    31.452398    13.8004
9.263599    31.435598    13.8004
9.19    31.414    13.8004
9.142799    31.3988    13.8004
9.1212    31.3916    13.8004
9.0756    31.375599    13.8004
9.046    31.366    13.8004
9.027599    31.361198    13.8004
8.9636    31.3412    13.8004
8.9396    31.3308    13.8004
8.918    31.3188    13.8004
8.894    31.295599    13.8004
8.8756    31.273998    13.8004
8.854    31.236399    13.8004
8.837999    31.21    13.8004
8.8204    31.177198    13.8004
8.814799    31.1572    13.8004
8.809999    31.1412    13.8004
8.803599    31.1052    13.8004
8.7996    31.078    13.8004
8.802    31.0548    13.8004
8.8028    31.0308    13.8004
8.803599    31.028399    13.8004
8.806    31.0068    13.8004
8.8076    30.998    13.8004
8.8124    30.972399    13.8004
8.8172    30.952398    13.8004
8.8276    30.918798    13.8004
8.8276    30.918    13.8004
8.8396    30.8876    13.8004
8.8468    30.877998    13.8004
8.858    30.858799    13.8004
8.8644    30.8396    13.8004
8.8708    30.827599    13.8004
8.878799    30.8196    13.8004
8.8876    30.8076    13.8004
8.906799    30.7804    13.8004
8.926    30.762    13.8004
8.941199    30.747599    13.8004
8.9636    30.726    13.8004
8.9684    30.721199    13.8004
8.9852    30.7036    13.8004
8.9908    30.6964    13.8004
9.0092    30.678799    13.8004
9.0388    30.649199    13.8004
9.046    30.643599    13.8004
9.0812    30.6092    13.8004
9.1244    30.569199    13.8004
9.125999    30.567598    13.8004
9.1284    30.565199    13.8004
9.1684    30.5268    13.8004
9.194799    30.5052    13.8004
9.2028    30.4972    13.8004
9.2252    30.4772    13.8004
9.234    30.4676    13.8004
9.2428    30.4588    13.8004
9.2788    30.424398    13.8004
9.294    30.4124    13.8004
9.294    30.4116    13.8004
9.2987995    30.407598    13.8004
9.33    30.382    13.8004
9.3372    30.3772    13.8004
9.3524    30.3636    13.8004
9.3932    30.3364    13.8004
9.401999    30.3308    13.8004
9.41    30.325998    13.8004
9.4324    30.309198    13.8004
9.4396    30.306    13.8004
9.4844    30.2788    13.8004
9.487599    30.277199    13.8004
9.5652    30.237999    13.8004
9.582    30.229198    13.8004
9.6404    30.205198    13.8004
9.67    30.1924    13.8004
9.717999    30.173199    13.8004
9.7476    30.1612    13.8004
9.7764    30.149199    13.8004
9.849199    30.118    13.8004
9.8796    30.1036    13.8004
9.912399    30.0884    13.8004
9.941999    30.0724    13.8004
9.974    30.053999    13.8004
10.0116    30.033998    13.8004
10.021999    30.0276    13.8004
10.033199    30.0204    13.8004
10.058    30.0036    13.8004
10.0716    29.994    13.8004
10.0756    29.990799    13.8004
10.120399    29.9572    13.8004
10.1268    29.9532    13.8004
10.165199    29.920399    13.8004
10.171599    29.9156    13.8004
10.182    29.9068    13.8004
10.1964    29.896399    13.8004
10.199599    29.8932    13.8004
10.222    29.8748    13.8004
10.2268    29.8708    13.8004
10.278    29.8212    13.8004
10.280399    29.8188    13.8004
10.315599    29.7852    13.8004
10.320399    29.7796    13.8004
10.3604    29.7396    13.8004
10.386    29.7116    13.8004
10.4212    29.6796    13.8004
10.4484    29.649199    13.8004
10.4892    29.6092    13.8004
10.493199    29.6052    13.8004
10.4956    29.602798    13.8004
10.5428    29.5588    13.8004
10.5476    29.5556    13.8004
10.5556    29.5492    13.8004
10.5828    29.5236    13.8004
10.5876    29.522799    13.8004
10.601999    29.5108    13.8004
10.6108    29.504398    13.8004
10.6156    29.5012    13.8004
10.637199    29.496399    13.8004
10.6524    29.49    13.8004
10.6636    29.486    13.8004
10.682    29.487598    13.8004
10.6908    29.4956    13.8004
10.7044    29.5036    13.8004
10.7092    29.509998    13.8004
10.7252    29.535599    13.8004
10.745999    29.5684    13.8004
10.7508    29.5788    13.8004
10.7604    29.602    13.8004
10.7788    29.6516    13.8004
10.7828    29.663599    13.8004
10.7996    29.7076    13.8004
10.802    29.7172    13.8004
10.8108    29.7652    13.8004
10.8108    29.771599    13.8004
10.809999    29.8244    13.8004
10.809199    29.838799    13.8004
10.8076    29.8484    13.8004
10.806    29.8692    13.8004
10.8076    29.881199    13.8004
10.809999    29.9004    13.8004
10.83    29.916399    13.8004
10.8308    29.9172    13.8004
10.8316    29.916399    13.8004
10.8652    29.8996    13.8004
10.873199    29.892399    13.8004
10.8828    29.882    13.8004
10.8948    29.873999    13.8004
10.9116    29.8596    13.8004
10.9204    29.8508    13.8004
10.9484    29.8268    13.8004
10.9572    29.8188    13.8004
10.9612    29.814798    13.8004
10.9908    29.784399    13.8004
11.015599    29.758799    13.8004
11.0196    29.754    13.8004
11.0324    29.737999    13.8004
11.0803995    29.682    13.8004
11.119599    29.625198    13.8004
11.1276    29.6132    13.8004
11.131599    29.6076    13.8004
11.1684    29.550798    13.8004
11.2252    29.446    13.8004
11.2308    29.4364    13.8004
11.234799    29.4284    13.8004
11.2755995    29.3412    13.8004
11.309199    29.2692    13.8004
11.3188    29.249199    13.8004
11.3276    29.2276    13.8004
11.3484    29.1756    13.8004
11.366    29.128399    13.8004
11.382    29.0884    13.8004
11.41    29.024399    13.8004
11.4324    28.9716    13.8004
11.45    28.9284    13.8004
11.4676    28.8844    13.8004
11.509999    28.7916    13.8004
11.5292    28.7468    13.8004
11.5348    28.7356    13.8004
11.5772    28.6412    13.8004
11.585199    28.622799    13.8004
11.5859995    28.6204    13.8004
11.5924    28.6068    13.8004
11.631599    28.531599    13.8004
11.6452    28.5052    13.8004
11.6588    28.4772    13.8004
11.674    28.448399    13.8004
11.6876    28.420399    13.8004
11.6908    28.414    13.8004
11.7548    28.3028    13.8004
11.7556    28.3004    13.8004
11.7564    28.3004    13.8004
11.763599    28.2908    13.8004
11.814    28.226799    13.8004
11.8284    28.2052    13.8004
11.8636    28.156399    13.8004
11.926    28.065199    13.8004
11.9276    28.061998    13.8004
11.9284    28.0612    13.8004
11.9307995    28.057999    13.8004
11.962    28.0108    13.8004
11.986    27.9748    13.8004
11.9924    27.966799    13.8004
11.9924    27.966    13.8004
11.9939995    27.9636    13.8004
11.998    27.958    13.8004
12.03    27.9116    13.8004
12.091599    27.823599    13.8004
12.096399    27.8156    13.8004
12.1044    27.805199    13.8004
12.1636    27.7228    13.8004
12.174    27.7092    13.8004
12.199599    27.677198    13.8004
12.2196    27.6516    13.8004
12.2596    27.5996    13.8004
12.2644    27.593199    13.8004
12.2844    27.57    13.8004
12.2964    27.5556    13.8004
12.297199    27.5548    13.8004
12.2987995    27.5532    13.8004
12.302    27.55    13.8004
12.3124    27.5404    13.8004
12.343599    27.514    13.8004
12.3524    27.505999    13.8004
12.374    27.4924    13.8004
12.3812    27.481998    13.8004
12.4004    27.4628    13.8004
12.4172    27.438799    13.8004
12.4404    27.4052    13.8004
12.4452    27.3988    13.8004
12.4492    27.394    13.8004
12.4548    27.386    13.8004
12.478    27.349998    13.8004
12.5004    27.3156    13.8004
12.5268    27.2732    13.8004
12.5412    27.249199    13.8004
12.5636    27.21    13.8004
12.5828    27.178799    13.8004
12.6332    27.1012    13.8004
12.653999    27.069199    13.8004
12.7012    27.0028    13.8004
12.809999    26.8548    13.8004
12.8164    26.8452    13.8004
12.818    26.8428    13.8004
12.8244    26.834799    13.8004
12.8572    26.786    13.8004
12.8884    26.7412    13.8004
12.9028    26.721199    13.8004
12.941999    26.671598    13.8004
12.969999    26.6372    13.8004
12.976399    26.6292    13.8004
12.9836    26.621199    13.8004
13.006    26.593199    13.8004
13.028399    26.5644    13.8004
13.0644    26.522    13.8004
13.0956    26.4828    13.8004
13.1244    26.4492    13.8004
13.1292    26.444399    13.8004
13.13    26.442799    13.8004
13.1356    26.437199    13.8004
13.1779995    26.394    13.8004
13.1972    26.375599    13.8004
13.2596    26.3212    13.8004
13.292399    26.2916    13.8004
13.3052    26.282    13.8004
13.3516    26.246    13.8004
13.4052    26.2052    13.8004
13.4108    26.201199    13.8004
13.4156    26.197199    13.8004
13.492399    26.1428    13.8004
13.5084    26.1316    13.8004
13.544399    26.109999    13.8004
13.5803995    26.0852    13.8004
13.620399    26.059599    13.8004
13.681999    26.0212    13.8004
13.682799    26.0212    13.8004
13.683599    26.0204    13.8004
13.6844    26.0196    13.8004
13.7268    25.9972    13.8004
13.785999    25.966    13.8004
13.8396    25.9404    13.8004
13.8675995    25.9268    13.8004
13.9204    25.906    13.8004
13.941199    25.896399    13.8004
13.962    25.8892    13.8004
14.0068    25.8748    13.8004
14.032399    25.866    13.8004
14.0548    25.862    13.8004
14.1092    25.8468    13.8004
14.124399    25.842    13.8004
14.217199    25.8148    13.8004
14.254    25.8028    13.8004
14.3907995    25.765999    13.8004
14.4156    25.7596    13.8004
14.4268    25.7564    13.8004
14.5188    25.73    13.8004
14.562799    25.7164    13.8004
14.653199    25.680399    13.8004
14.660399    25.678    13.8004
14.660399    25.677198    13.8004
14.6644    25.6764    13.8004
14.665999    25.6756    13.8004
14.683599    25.6708    13.8004
14.6868    25.67    13.8004
14.7276    25.6668    13.8004
14.742    25.6652    13.8004
14.754    25.6588    13.8004
14.7788    25.645199    13.8004
14.7964    25.626    13.8004
14.8052    25.6164    13.8004
14.834    25.5836    13.8004
14.8508    25.563599    13.8004
14.8884    25.518799    13.8004
14.99    25.3948    13.8004
15.0227995    25.361198    13.8004
15.0604    25.317999    13.8004
15.113999    25.253199    13.8004
15.1147995    25.2524    13.8004
15.158    25.2092    13.8004
15.1732    25.195599    13.8004
15.194799    25.1764    13.8004
15.234799    25.142    13.8004
15.2364    25.1404    13.8004
15.2652    25.122799    13.8004
15.292399    25.1052    13.8004
15.2987995    25.1012    13.8004
15.332399    25.081999    13.8004
15.344399    25.076399    13.8004
15.366799    25.07    13.8004
15.374    25.0676    13.8004
15.4316    25.053999    13.8004
15.441199    25.0532    13.8004
15.5012    25.05    13.8004
15.542    25.052399    13.8004
15.5484    25.0532    13.8004
15.642799    25.074    13.8004
15.674    25.0852    13.8004
15.745199    25.108398    13.8004
15.8412    25.1524    13.8004
15.849199    25.156399    13.8004
15.8564    25.160398    13.8004
15.953199    25.2108    13.8004
16.029999    25.2652    13.8004
16.0516    25.281199    13.8004
16.094799    25.316399    13.8004
16.146    25.358    13.8004
16.1684    25.3764    13.8004
16.2388    25.4356    13.8004
16.3156    25.4988    13.8004
16.362    25.537199    13.8004
16.4156    25.5796    13.8004
16.446    25.604399    13.8004
16.4804    25.63    13.8004
16.5476    25.678799    13.8004
16.5724    25.697199    13.8004
16.5916    25.71    13.8004
16.6148    25.717999    13.8004
16.6164    25.7188    13.8004
16.6196    25.7188    13.8004
16.6484    25.7204    13.8004
16.663599    25.719599    13.8004
16.6724    25.7204    13.8004
16.7204    25.7204    13.8004
16.722    25.7204    13.8004
16.7236    25.7204    13.8004
16.760399    25.723598    13.8004
16.826    25.7188    13.8004
16.8276    25.7188    13.8004
16.8316    25.7188    13.8004
16.8372    25.717999    13.8004
16.8844    25.7132    13.8004
16.931599    25.706799    13.8004
16.954    25.702799    13.8004
17.0212    25.6892    13.8004
17.118    25.67    13.8004
17.1516    25.6628    13.8004
17.1948    25.654799    13.8004
17.2588    25.6428    13.8004
17.3604    25.6244    13.8004
17.375599    25.621199    13.8004
17.4292    25.615599    13.8004
17.4524    25.6148    13.8004
17.479599    25.613998    13.8004
17.4812    25.613998    13.8004
17.4876    25.613998    13.8004
17.5116    25.615599    13.8004
17.535599    25.6204    13.8004
17.538    25.621199    13.8004
17.542    25.622799    13.8004
17.5588    25.63    13.8004
17.5684    25.632399    13.8004
17.5836    25.6388    13.8004
17.604399    25.6484    13.8004
17.6332    25.661999    13.8004
17.661999    25.678799    13.8004
17.674799    25.6892    13.8004
17.7388    25.736399    13.8004
17.7388    25.7372    13.8004
17.7804    25.775599    13.8004
17.8372    25.8284    13.8004
17.845999    25.834799    13.8004
17.8884    25.882    13.8004
17.8996    25.8932    13.8004
17.914799    25.91    13.8004
17.9252    25.9196    13.8004
17.933199    25.9236    13.8004
17.954    25.937199    13.8004
17.97    25.9348    13.8004
17.99    25.9348    13.8004
18.0052    25.929998    13.8004
18.0332    25.918798    13.8004
18.0444    25.914    13.8004
18.0572    25.910799    13.8004
18.0668    25.9068    13.8004
18.100399    25.906    13.8004
18.1028    25.9052    13.8004
18.1196    25.907598    13.8004
18.128399    25.907598    13.8004
18.1532    25.913198    13.8004
18.157999    25.914    13.8004
18.1604    25.914    13.8004
18.1988    25.9292    13.8004
18.225199    25.938799    13.8004
18.2684    25.953999    13.8004
18.3148    25.9716    13.8004
18.3364    25.9812    13.8004
18.373999    25.996399    13.8004
18.431599    26.022799    13.8004
18.4932    26.050798    13.8004
18.5084    26.0572    13.8004
18.5732    26.0868    13.8004
18.598    26.098799    13.8004
18.602    26.1012    13.8004
18.622    26.1148    13.8004
18.6308    26.122799    13.8004
18.6532    26.1428    13.8004
18.656399    26.146    13.8004
18.6588    26.1484    13.8004
18.6668    26.1644    13.8004
18.678    26.185999    13.8004
18.726799    26.282    13.8004
18.7564    26.342    13.8004
18.760399    26.3508    13.8004
18.764399    26.3596    13.8004
18.7836    26.4084    13.8004
18.795599    26.4468    13.8004
18.7988    26.4564    13.8004
18.806799    26.4804    13.8004
18.8188    26.5212    13.8004
18.8204    26.5276    13.8004
18.8212    26.531599    13.8004
18.821999    26.5364    13.8004
18.829199    26.5796    13.8004
18.829199    26.5844    13.8004
18.829199    26.5884    13.8004
18.83    26.622799    13.8004
18.826    26.650799    13.8004
18.8252    26.654    13.8004
18.816399    26.6964    13.8004
18.810799    26.71    13.8004
18.789999    26.769999    13.8004
18.7892    26.7732    13.8004
18.788399    26.7748    13.8004
18.774    26.809198    13.8004
18.7708    26.816399    13.8004
18.7708    26.8172    13.8004
18.7452    26.869999    13.8004
18.732399    26.8932    13.8004
18.7092    26.935598    13.8004
18.697199    26.9564    13.8004
18.6652    27.0124    13.8004
18.6468    27.0388    13.8004
18.63    27.059599    13.8004
18.626799    27.063599    13.8004
18.6252    27.0644    13.8004
18.5972    27.093199    13.8004
18.5804    27.1076    13.8004
18.57    27.1164    13.8004
18.5668    27.119598    13.8004
18.5396    27.137999    13.8004
18.4956    27.169199    13.8004
18.4156    27.2244    13.8004
18.406    27.2316    13.8004
18.402    27.234    13.8004
18.340399    27.2732    13.8004
18.289999    27.305199    13.8004
18.274    27.3156    13.8004
18.2596    27.3244    13.8004
18.2316    27.3412    13.8004
18.178    27.372398    13.8004
18.1476    27.3892    13.8004
18.114    27.4084    13.8004
18.0956    27.418798    13.8004
18.0836    27.4252    13.8004
18.065199    27.433199    13.8004
18.0444    27.442799    13.8004
18.0284    27.4476    13.8004
17.996399    27.4516    13.8004
17.9716    27.4508    13.8004
17.966799    27.449999    13.8004
17.966    27.449999    13.8004
17.9652    27.449999    13.8004
17.9636    27.449999    13.8004
17.93    27.444399    13.8004
17.902    27.437199    13.8004
17.882    27.433199    13.8004
17.834799    27.418    13.8004
17.8244    27.414799    13.8004
17.795599    27.418    13.8004
17.7908    27.4196    13.8004
17.7892    27.4212    13.8004
17.7596    27.444399    13.8004
17.743599    27.4604    13.8004
17.7132    27.493198    13.8004
17.650799    27.5516    13.8004
17.6476    27.5548    13.8004
17.6436    27.5588    13.8004
17.5676    27.6332    13.8004
17.559599    27.6404    13.8004
17.5348    27.661999    13.8004
17.449999    27.743599    13.8004
17.4492    27.7444    13.8004
17.4484    27.7444    13.8004
17.4484    27.7452    13.8004
17.4452    27.747599    13.8004
17.3692    27.8156    13.8004
17.298    27.873999    13.8004
17.2852    27.8836    13.8004
17.2788    27.8884    13.8004
17.241999    27.913198    13.8004
17.1924    27.942799    13.8004
17.1876    27.946    13.8004
17.178799    27.9508    13.8004
17.145199    27.9684    13.8004
17.115599    27.9812    13.8004
17.0916    27.9916    13.8004
17.0844    27.994    13.8004
17.078    27.996399    13.8004
17.048399    28.004398    13.8004
17.0084    28.0148    13.8004
16.9972    28.017199    13.8004
16.934    28.0236    13.8004
16.9308    28.024399    13.8004
16.9132    28.024399    13.8004
16.8308    28.018799    13.8004
16.8028    28.0156    13.8004
16.702799    28.0012    13.8004
16.6052    27.9884    13.8004
16.594799    27.987598    13.8004
16.5908    27.9868    13.8004
16.531599    27.9828    13.8004
16.518799    27.9844    13.8004
16.4868    27.993198    13.8004
16.4756    27.998    13.8004
16.4628    28.0028    13.8004
16.449999    28.0084    13.8004
16.4308    28.0164    13.8004
16.4244    28.0212    13.8004
16.402    28.0348    13.8004
16.3892    28.0444    13.8004
16.3692    28.0612    13.8004
16.347599    28.0788    13.8004
16.3356    28.0892    13.8004
16.2612    28.1572    13.8004
16.2556    28.161999    13.8004
16.2404    28.177198    13.8004
16.121199    28.2916    13.8004
16.0292    28.379599    13.8004
15.974799    28.431599    13.8004
15.9332    28.4716    13.8004
15.860399    28.539598    13.8004
15.785999    28.604399    13.8004
15.774799    28.6148    13.8004
15.7716    28.617199    13.8004
15.766    28.622    13.8004
15.693199    28.6796    13.8004
15.6788    28.689999    13.8004
15.6156    28.7316    13.8004
15.5524    28.769999    13.8004
15.5428    28.775599    13.8004
15.5124    28.7916    13.8004
15.463599    28.8172    13.8004
15.4388    28.829199    13.8004
15.3884    28.849998    13.8004
15.3252    28.869999    13.8004
15.3068    28.875599    13.8004
15.2372    28.890799    13.8004
15.2012    28.8988    13.8004
15.1796    28.903599    13.8004
15.0404    28.929998    13.8004
14.9268    28.953999    13.8004
14.8884    28.962    13.8004
14.8619995    28.9684    13.8004
14.7908    28.985199    13.8004
14.7724    28.989199    13.8004
14.7556    28.996399    13.8004
14.742    29.0036    13.8004
14.711599    29.0252    13.8004
14.6988    29.0324    13.8004
14.6524    29.0644    13.8004
14.646    29.069199    13.8004
14.641999    29.0724    13.8004
14.6276    29.0852    13.8004
14.5892    29.121199    13.8004
14.579599    29.1316    13.8004
14.538799    29.178    13.8004
14.528399    29.1892    13.8004
14.5204    29.197199    13.8004
14.486799    29.234798    13.8004
14.481199    29.243599    13.8004
14.462    29.2676    13.8004
14.4324    29.314    13.8004
14.4307995    29.316399    13.8004
14.4276    29.3228    13.8004
14.4044    29.369999    13.8004
14.377999    29.4308    13.8004
14.3524    29.4868    13.8004
14.344399    29.504398    13.8004
14.278    29.657999    13.8004
14.228399    29.7708    13.8004
14.200399    29.83    13.8004
14.177199    29.8788    13.8004
14.17    29.896399    13.8004
14.1516    29.937199    13.8004
14.1324    29.9788    13.8004
14.119599    30.005999    13.8004
14.1052    30.0348    13.8004
14.082    30.078798    13.8004
14.0652    30.113998    13.8004
14.044399    30.1572    13.8004
14.038    30.1708    13.8004
14.0292    30.185999    13.8004
14.0116    30.221199    13.8004
14.0012    30.2428    13.8004
13.9796    30.2836    13.8004
13.964399    30.310799    13.8004
13.9396    30.353199    13.8004
13.9284    30.3708    13.8004
13.9172    30.3884    13.8004
13.9028    30.4124    13.8004
13.8884    30.4364    13.8004
13.8764    30.4548    13.8004
13.860399    30.4748    13.8004
13.8484    30.490799    13.8004
13.8452    30.4956    13.8004
13.822    30.526    13.8004
13.7996    30.552399    13.8004
13.780399    30.574799    13.8004
13.752399    30.6012    13.8004
13.740399    30.613998    13.8004
13.7268    30.626    13.8004
13.676399    30.67    13.8004
13.6491995    30.6924    13.8004
13.634    30.7036    13.8004
13.620399    30.7116    13.8004
13.597199    30.725199    13.8004
13.567599    30.7428    13.8004
13.5571995    30.749199    13.8004
13.5028    30.7652    13.8004
13.497999    30.7668    13.8004
13.4956    30.7676    13.8004
13.4508    30.777199    13.8004
13.441999    30.778    13.8004
13.3988    30.778    13.8004
13.3963995    30.778    13.8004
13.389999    30.777199    13.8004
13.331599    30.7764    13.8004
13.3188    30.7764    13.8004
13.3164    30.7764    13.8004
13.2444    30.7748    13.8004
13.211599    30.7732    13.8004
13.1924    30.7732    13.8004
13.186    30.774    13.8004
13.1588    30.7852    13.8004
13.1524    30.7876    13.8004
13.1412    30.795599    13.8004
13.0084    30.886799    13.8004
12.9332    30.938    13.8004
12.8619995    30.986    13.8004
12.8356    31.0028    13.8004
12.7836    31.0348    13.8004
12.7828    31.035599    13.8004
12.780399    31.037199    13.8004
12.6676    31.098799    13.8004
12.6212    31.122    13.8004
12.607599    31.1292    13.8004
12.5612    31.149199    13.8004
12.5515995    31.1532    13.8004
12.5348    31.1588    13.8004
12.4604    31.1836    13.8004
12.4052    31.1988    13.8004
12.378799    31.205198    13.8004
12.37    31.2076    13.8004
12.3084    31.217999    13.8004
12.246799    31.226    13.8004
12.2196    31.229198    13.8004
12.1924    31.230799    13.8004
12.1228    31.237999    13.8004
12.0876    31.2396    13.8004
12.015599    31.2428    13.8004
11.9788    31.243599    13.8004
11.895599    31.2468    13.8004
11.855599    31.247599    13.8004
11.769199    31.25    13.8004
11.7212    31.249199    13.8004
11.6636    31.2508    13.8004
11.6164    31.2524    13.8004
11.5515995    31.254    13.8004
11.5012    31.2564    13.8004
11.413199    31.262    13.8004
11.3652    31.265999    13.8004
11.3196    31.271599    13.8004
11.2316    31.281199    13.8004
11.189199    31.286798    13.8004
11.1332    31.293999    13.8004
11.1052    31.295599    13.8004
11.028399    31.301199    13.8004
11.027599    31.301199    13.8004
10.9268    31.309198    13.8004
10.846    31.3156    13.8004
10.7844    31.3196    13.8004
10.7364    31.320398    13.8004
10.699599    31.3212    13.8004
10.6612    31.320398    13.8004
10.619599    31.3212    13.8004
10.5803995    31.3188    13.8004
10.5236    31.314798    13.8004
10.5092    31.314    13.8004
10.4948    31.3116    13.8004
10.4692    31.306    13.8004
10.441199    31.3044    13.8004
10.4388    31.3044    13.8004
10.436399    31.305199    13.8004
10.4348    31.306799    13.8004
10.424399    31.309198    13.8004
10.412399    31.314    13.8004
10.3972    31.3308    13.8004
10.3948    31.3324    13.8004
10.382    31.3452    13.8004
10.3604    31.366    13.8004
