13.2724    14.883599    16.5004
13.269199    14.8804    16.5004
13.2652    14.877199    16.5004
13.2556    14.8652    16.5004
13.240399    14.854799    16.5004
13.2252    14.8412    16.5004
13.1964    14.813999    16.5004
13.1924    14.809999    16.5004
13.1916    14.809199    16.5004
13.1908    14.808399    16.5004
13.1804    14.7932    16.5004
13.171599    14.785999    16.5004
13.1612    14.7755995    16.5004
13.1468    14.7588    16.5004
13.1404    14.7492    16.5004
13.131599    14.738    16.5004
13.1284    14.733999    16.5004
13.125999    14.7308    16.5004
13.1172    14.7188    16.5004
13.1068    14.705199    16.5004
13.1036    14.699599    16.5004
13.0748    14.654799    16.5004
13.067599    14.6435995    16.5004
13.0492    14.61    16.5004
13.046    14.601999    16.5004
13.0404    14.5924    16.5004
13.03    14.5692    16.5004
13.0116    14.526799    16.5004
13.009999    14.5227995    16.5004
13.0092    14.521199    16.5004
13.0084    14.518    16.5004
12.9892    14.4668    16.5004
12.9883995    14.4628    16.5004
12.965199    14.377199    16.5004
12.964399    14.3748    16.5004
12.964399    14.372399    16.5004
12.9556    14.3004    16.5004
12.9516    14.268399    16.5004
12.947599    14.182799    16.5004
12.947599    14.1692    16.5004
12.947599    14.160399    16.5004
12.9492    14.091599    16.5004
12.9508    14.033199    16.5004
12.9508    14.0292    16.5004
12.9516    14.016399    16.5004
12.957999    13.9036    16.5004
12.9628    13.820399    16.5004
12.963599    13.8132    16.5004
12.974    13.7644    16.5004
12.978    13.746799    16.5004
12.9828    13.7188    16.5004
12.992399    13.6788    16.5004
12.993199    13.676399    16.5004
13.0124    13.647599    16.5004
13.0171995    13.646    16.5004
13.038    13.6404    16.5004
13.058    13.659599    16.5004
13.0652    13.6748    16.5004
13.073999    13.6972    16.5004
13.0772    13.7028    16.5004
13.0924    13.7708    16.5004
13.1036    13.8188    16.5004
13.1244    13.9156    16.5004
13.136399    13.9595995    16.5004
13.1516    14.033999    16.5004
13.1636    14.082    16.5004
13.1779995    14.141999    16.5004
13.1876    14.174    16.5004
13.2156    14.280399    16.5004
13.2316    14.3308    16.5004
13.25    14.394799    16.5004
13.2668    14.4492    16.5004
13.2732    14.4676    16.5004
13.2788    14.4836    16.5004
13.291599    14.5188    16.5004
13.3124    14.5708    16.5004
13.3196    14.5932    16.5004
13.3308    14.618    16.5004
13.3468    14.653199    16.5004
13.386    14.7355995    16.5004
13.386    14.7364    16.5004
13.3868    14.7372    16.5004
13.3876    14.7388    16.5004
13.4404    14.8508    16.5004
13.4595995    14.889199    16.5004
13.4692    14.914    16.5004
13.4796    14.9324    16.5004
13.4804    14.9324    16.5004
13.4804    14.934    16.5004
13.49    14.9548    16.5004
13.5004    14.976399    16.5004
13.506    14.9908    16.5004
13.526799    15.0356    16.5004
13.526799    15.038799    16.5004
13.533199    15.066799    16.5004
13.533199    15.068399    16.5004
13.5372    15.0892    16.5004
13.5308    15.090799    16.5004
13.521999    15.095599    16.5004
13.506    15.0859995    16.5004
13.4908    15.073999    16.5004
13.464399    15.0548    16.5004
13.4276    15.0204    16.5004
13.4196    15.0132    16.5004
13.3996    14.993199    16.5004
13.3772    14.974    16.5004
13.3628    14.958799    16.5004
13.3068    14.9108    16.5004
13.2724    14.883599    16.5004
