17.8524    31.1724    9.3004
17.858799    31.17    9.3004
17.9452    31.143599    9.3004
17.9524    31.1412    9.3004
17.9596    31.137999    9.3004
17.97    31.136398    9.3004
18.05    31.113998    9.3004
18.052399    31.113998    9.3004
18.0716    31.1108    9.3004
18.1332    31.098799    9.3004
18.174799    31.0908    9.3004
18.225199    31.087599    9.3004
18.2284    31.087599    9.3004
18.23    31.0884    9.3004
18.241999    31.102798    9.3004
18.2404    31.128399    9.3004
18.230799    31.1484    9.3004
18.218    31.1724    9.3004
18.2012    31.197199    9.3004
18.1764    31.221199    9.3004
18.1604    31.2356    9.3004
18.1204    31.2636    9.3004
18.094    31.282799    9.3004
18.070799    31.297998    9.3004
18.0052    31.327599    9.3004
17.9692    31.3436    9.3004
17.8932    31.373999    9.3004
17.7916    31.413198    9.3004
17.7348    31.433199    9.3004
17.6796    31.4476    9.3004
17.621199    31.4604    9.3004
17.594799    31.4628    9.3004
17.5508    31.461199    9.3004
17.494799    31.4548    9.3004
17.483599    31.4516    9.3004
17.4404    31.4308    9.3004
17.4324    31.425999    9.3004
17.4324    31.424398    9.3004
17.433199    31.4236    9.3004
17.434    31.4196    9.3004
17.4452    31.394798    9.3004
17.4492    31.386799    9.3004
17.4676    31.366798    9.3004
17.4868    31.355598    9.3004
17.507599    31.338799    9.3004
17.5436    31.316399    9.3004
17.5868    31.2916    9.3004
17.6276    31.2692    9.3004
17.743599    31.2148    9.3004
17.75    31.212399    9.3004
17.7508    31.2116    9.3004
17.8508    31.1724    9.3004
17.8524    31.1724    9.3004
