0.44039997    43.7532    24.6004
0.3964    43.6932    24.6004
0.38599998    43.6788    24.6004
0.37719998    43.6684    24.6004
0.35079998    43.641197    24.6004
0.334    43.6236    24.6004
0.3308    43.618797    24.6004
0.322    43.605198    24.6004
0.302    43.5812    24.6004
0.29479998    43.5652    24.6004
0.2756    43.531597    24.6004
0.2652    43.506798    24.6004
0.25239998    43.4852    24.6004
0.2452    43.4668    24.6004
0.23799999    43.439598    24.6004
0.2276    43.413998    24.6004
0.2188    43.4012    24.6004
0.21079999    43.3836    24.6004
0.19399999    43.3452    24.6004
0.1796    43.3084    24.6004
0.1636    43.270798    24.6004
0.1436    43.222797    24.6004
0.1396    43.2108    24.6004
0.114    43.138    24.6004
0.112399995    43.134    24.6004
0.1028    43.0956    24.6004
0.1028    43.0932    24.6004
0.102    43.090797    24.6004
0.094799995    43.0564    24.6004
0.090799995    43.0164    24.6004
0.089999996    43.009197    24.6004
0.0892    43.0004    24.6004
0.0852    42.9668    24.6004
0.081999995    42.933197    24.6004
0.0828    42.9124    24.6004
0.0836    42.910797    24.6004
0.094    42.9044    24.6004
0.1004    42.893997    24.6004
0.1204    42.8796    24.6004
0.121199995    42.877197    24.6004
0.13239999    42.871597    24.6004
0.2588    42.778797    24.6004
0.262    42.776398    24.6004
0.2644    42.7748    24.6004
0.4204    42.6548    24.6004
0.506    42.5948    24.6004
0.55079997    42.5668    24.6004
0.5532    42.5668    24.6004
0.5764    42.5564    24.6004
0.5908    42.577198    24.6004
0.5908    42.5788    24.6004
0.634    42.7188    24.6004
0.6444    42.745197    24.6004
0.678    42.854    24.6004
0.68119997    42.8628    24.6004
0.6828    42.8676    24.6004
0.68439996    42.8732    24.6004
0.7236    42.9932    24.6004
0.7484    43.0756    24.6004
0.75    43.0812    24.6004
0.75079995    43.082798    24.6004
0.7532    43.093998    24.6004
0.7556    43.1036    24.6004
0.7876    43.2324    24.6004
0.8028    43.3004    24.6004
0.8308    43.41    24.6004
0.83959997    43.450798    24.6004
0.8476    43.482    24.6004
0.8716    43.5932    24.6004
0.87399995    43.6092    24.6004
0.8804    43.6364    24.6004
0.88199997    43.6484    24.6004
0.8964    43.7244    24.6004
0.9388    43.9268    24.6004
0.942    43.945198    24.6004
0.94439995    43.9572    24.6004
0.94759995    43.973198    24.6004
0.9668    44.0788    24.6004
0.9708    44.0972    24.6004
0.978    44.1476    24.6004
0.98759997    44.202    24.6004
0.9884    44.2076    24.6004
0.9916    44.2588    24.6004
0.9932    44.270798    24.6004
0.98999995    44.298    24.6004
0.9844    44.3148    24.6004
0.9748    44.3252    24.6004
0.96999997    44.329998    24.6004
0.96199995    44.3292    24.6004
0.9044    44.318798    24.6004
0.87    44.302    24.6004
0.862    44.2972    24.6004
0.82839996    44.2716    24.6004
0.8244    44.2692    24.6004
0.8244    44.2684    24.6004
0.8228    44.2668    24.6004
0.7668    44.1956    24.6004
0.7492    44.1708    24.6004
0.65639997    44.05    24.6004
0.6364    44.0228    24.6004
0.6228    44.0028    24.6004
0.598    43.967598    24.6004
0.5244    43.8628    24.6004
0.5172    43.852398    24.6004
0.4612    43.778    24.6004
0.44039997    43.7532    24.6004
