9.4212    17.6388    10.5004
9.378799    17.494799    10.5004
9.3772    17.49    10.5004
9.3532    17.3972    10.5004
9.3292    17.306799    10.5004
9.318    17.2628    10.5004
9.292399    17.163599    10.5004
9.2564    17.0172    10.5004
9.2564    17.0164    10.5004
9.2556    17.0156    10.5004
9.2355995    16.9324    10.5004
9.223599    16.8828    10.5004
9.1908    16.7444    10.5004
9.182799    16.7132    10.5004
9.1796    16.698    10.5004
9.153999    16.5868    10.5004
9.1435995    16.546    10.5004
9.108399    16.3892    10.5004
9.102799    16.366    10.5004
9.098    16.345999    10.5004
9.0803995    16.2652    10.5004
9.0436    16.1012    10.5004
9.033199    16.0548    10.5004
9.0124    15.9572    10.5004
8.9852    15.832399    10.5004
8.9492    15.664399    10.5004
8.9292    15.5716    10.5004
8.9228    15.5428    10.5004
8.8675995    15.2788    10.5004
8.815599    15.03    10.5004
8.7708    14.8108    10.5004
8.7436    14.6812    10.5004
8.734    14.6348    10.5004
8.723599    14.584399    10.5004
8.689199    14.422    10.5004
8.6804    14.3828    10.5004
8.677199    14.3396    10.5004
8.6684    14.314799    10.5004
8.6564    14.285199    10.5004
8.6564    14.2844    10.5004
8.6388    14.2548    10.5004
8.6388    14.2532    10.5004
8.6276    14.229199    10.5004
8.6268    14.2252    10.5004
8.625199    14.2212    10.5004
8.6228    14.216399    10.5004
8.5844    14.1628    10.5004
8.5692    14.1404    10.5004
8.5484    14.11    10.5004
8.5227995    14.0716    10.5004
8.4284    13.9284    10.5004
8.358    13.8252    10.5004
8.355599    13.822    10.5004
8.3532    13.8188    10.5004
8.3524    13.815599    10.5004
8.326    13.7732    10.5004
8.3204    13.7644    10.5004
8.297999    13.7244    10.5004
8.2964    13.722799    10.5004
8.263599    13.6572    10.5004
8.2628    13.6564    10.5004
8.2588    13.647599    10.5004
8.2411995    13.606    10.5004
8.234799    13.591599    10.5004
8.2036    13.518    10.5004
8.19    13.4852    10.5004
8.1788    13.4595995    10.5004
8.162    13.4204    10.5004
8.1147995    13.308399    10.5004
8.0772    13.211599    10.5004
8.0636    13.1788    10.5004
8.0532    13.153199    10.5004
8.0124    13.0532    10.5004
8.0044    13.0308    10.5004
7.9947996    13.006    10.5004
7.9412    12.8708    10.5004
7.9259996    12.83    10.5004
7.8939996    12.738    10.5004
7.8651996    12.6572    10.5004
7.85    12.613199    10.5004
7.8068    12.4804    10.5004
7.8019996    12.464399    10.5004
7.7995996    12.4556    10.5004
7.7963996    12.4452    10.5004
7.7739997    12.365999    10.5004
7.758    12.3108    10.5004
7.7363997    12.2244    10.5004
7.7356    12.2196    10.5004
7.7292    12.189199    10.5004
7.7243996    12.1572    10.5004
7.7163997    12.113999    10.5004
7.7163997    12.108399    10.5004
7.7084    12.0828    10.5004
7.7092    12.0692    10.5004
7.7107997    12.0548    10.5004
7.7195997    12.0372    10.5004
7.73    12.014    10.5004
7.7339997    12.010799    10.5004
7.7971997    11.9924    10.5004
7.8651996    11.976399    10.5004
7.898    11.9692    10.5004
7.9523997    11.9628    10.5004
7.9988    11.9636    10.5004
8.0236    11.964399    10.5004
8.0332    11.965199    10.5004
8.125999    11.969999    10.5004
8.1364    11.970799    10.5004
8.174    11.9748    10.5004
8.1956    11.9788    10.5004
8.217199    11.9836    10.5004
8.2268    11.986    10.5004
8.2684    11.9972    10.5004
8.2948    12.005199    10.5004
8.332399    12.0148    10.5004
8.3604    12.0244    10.5004
8.3892    12.033999    10.5004
8.4156    12.042    10.5004
8.4164    12.0428    10.5004
8.4172    12.0428    10.5004
8.469999    12.082    10.5004
8.4836    12.094    10.5004
8.5044    12.1147995    10.5004
8.5068    12.118    10.5004
8.5348    12.138    10.5004
8.5388    12.142799    10.5004
8.5604    12.1564    10.5004
8.5724    12.162    10.5004
8.598    12.1324    10.5004
8.6004    12.1124    10.5004
8.6004    12.1116    10.5004
8.6004    12.11    10.5004
8.6004    12.1092    10.5004
8.6044    12.079599    10.5004
8.61    12.0412    10.5004
8.625999    11.962    10.5004
8.6364    11.9052    10.5004
8.6556    11.8196    10.5004
8.6676    11.7596    10.5004
8.677199    11.7188    10.5004
8.688399    11.67    10.5004
8.6996    11.622    10.5004
8.700399    11.6212    10.5004
8.7044    11.6036    10.5004
8.7076    11.5844    10.5004
8.71    11.5764    10.5004
8.7036    11.562799    10.5004
8.71    11.546    10.5004
8.7044    11.5196    10.5004
8.7044    11.516399    10.5004
8.6868    11.487599    10.5004
8.6868    11.486799    10.5004
8.658    11.464399    10.5004
8.6556    11.4604    10.5004
8.631599    11.4452    10.5004
8.6268    11.4404    10.5004
8.6147995    11.429999    10.5004
8.606    11.4228    10.5004
8.5788    11.401999    10.5004
8.5764    11.3988    10.5004
8.573999    11.3972    10.5004
8.5476    11.373199    10.5004
8.5428    11.366799    10.5004
8.526    11.349999    10.5004
8.5204    11.344399    10.5004
8.5084    11.325999    10.5004
8.5036    11.322    10.5004
8.4908    11.2948    10.5004
8.4716    11.257999    10.5004
8.4668    11.2492    10.5004
8.4604    11.233999    10.5004
8.458799    11.2308    10.5004
8.4452    11.2067995    10.5004
8.4348    11.182    10.5004
8.4332    11.1804    10.5004
8.4324    11.1764    10.5004
8.4276    11.1532    10.5004
8.4172    11.1324    10.5004
8.406799    11.0996    10.5004
8.4052    11.094    10.5004
8.3876    11.0692    10.5004
8.3836    11.0571995    10.5004
8.378799    11.0348    10.5004
8.3716    11.03    10.5004
8.361199    11.0148    10.5004
8.3468    11.0012    10.5004
8.3284    10.999599    10.5004
8.3228    10.998    10.5004
8.3148    10.9924    10.5004
8.245999    10.9716    10.5004
8.2388    10.9692    10.5004
8.2364    10.9684    10.5004
8.226    10.9668    10.5004
8.1412    10.946    10.5004
8.125199    10.9404    10.5004
8.108399    10.9316    10.5004
8.0868    10.9164    10.5004
8.0732    10.9044    10.5004
8.05    10.873199    10.5004
8.05    10.8708    10.5004
8.0492    10.87    10.5004
8.0204    10.8284    10.5004
8.0036    10.8076    10.5004
7.9867997    10.7788    10.5004
7.9828    10.762    10.5004
7.9779997    10.7276    10.5004
7.9756    10.6796    10.5004
7.974    10.6556    10.5004
7.9747996    10.6356    10.5004
7.9788    10.6236    10.5004
7.9796    10.602799    10.5004
7.9828    10.591599    10.5004
7.9891996    10.57    10.5004
7.9884    10.5652    10.5004
7.9964    10.5348    10.5004
7.9979997    10.518    10.5004
8.0148    10.4668    10.5004
8.018    10.458    10.5004
8.0372    10.383599    10.5004
8.038    10.3812    10.5004
8.050799    10.3252    10.5004
8.0524    10.3132    10.5004
8.0596    10.2532    10.5004
8.0604    10.2508    10.5004
8.062799    10.238    10.5004
8.082    10.1412    10.5004
8.0844    10.1276    10.5004
8.0859995    10.1188    10.5004
8.0884    10.108399    10.5004
8.1276    9.907599    10.5004
8.131599    9.8884    10.5004
8.1491995    9.7796    10.5004
8.153999    9.751599    10.5004
8.1723995    9.6364    10.5004
8.1884    9.568399    10.5004
8.194    9.550799    10.5004
8.2084    9.5084    10.5004
8.2132    9.4956    10.5004
8.2212    9.481999    10.5004
8.2324    9.462    10.5004
8.234799    9.4572    10.5004
8.2644    9.422    10.5004
8.282    9.406    10.5004
8.3308    9.3596    10.5004
8.334    9.3564    10.5004
8.3372    9.3548    10.5004
8.3428    9.3508    10.5004
8.3804    9.3276    10.5004
8.407599    9.315599    10.5004
8.4292    9.3043995    10.5004
8.4444    9.2987995    10.5004
8.4636    9.2916    10.5004
8.4916    9.282    10.5004
8.5068    9.2788    10.5004
8.539599    9.2796    10.5004
8.5708    9.2828    10.5004
8.606    9.2828    10.5004
8.6324    9.2788    10.5004
8.6476    9.2772    10.5004
8.674    9.2652    10.5004
8.6868    9.2604    10.5004
8.7052    9.252399    10.5004
8.7148    9.2508    10.5004
8.742    9.2436    10.5004
8.780399    9.2411995    10.5004
8.7996    9.2428    10.5004
8.8492    9.246799    10.5004
8.8588    9.2484    10.5004
8.878799    9.251599    10.5004
8.9028    9.2548    10.5004
8.9156    9.2564    10.5004
8.9524    9.2676    10.5004
8.9572    9.269199    10.5004
8.981999    9.269199    10.5004
8.986    9.2699995    10.5004
9.005199    9.2604    10.5004
9.014    9.2532    10.5004
9.016399    9.2372    10.5004
9.0204    9.2268    10.5004
9.0227995    9.2148    10.5004
9.033999    9.1668    10.5004
9.0428    9.1292    10.5004
9.0532    9.0932    10.5004
9.0588    9.0803995    10.5004
9.0644    9.0644    10.5004
9.0788    9.0252    10.5004
9.0868    9.002    10.5004
9.097199    8.978    10.5004
9.1156    8.938    10.5004
9.1348    8.8963995    10.5004
9.146    8.8764    10.5004
9.1476    8.874    10.5004
9.1956    8.7956    10.5004
9.2012    8.786799    10.5004
9.211599    8.7668    10.5004
9.217199    8.754    10.5004
9.2164    8.745999    10.5004
9.2123995    8.7204    10.5004
9.2067995    8.7123995    10.5004
9.177199    8.6708    10.5004
9.1748    8.6676    10.5004
9.174    8.6652    10.5004
9.1644    8.6404    10.5004
9.1644    8.6364    10.5004
9.1588    8.6156    10.5004
9.159599    8.5764    10.5004
9.159599    8.5716    10.5004
9.165999    8.465199    10.5004
9.165999    8.4564    10.5004
9.1668    8.45    10.5004
9.1676    8.441999    10.5004
9.1764    8.372399    10.5004
9.189199    8.2916    10.5004
9.1932    8.266    10.5004
9.194799    8.2596    10.5004
9.1972    8.25    10.5004
9.211599    8.19    10.5004
9.223599    8.1476    10.5004
9.242    8.0892    10.5004
9.2484    8.0732    10.5004
9.2564    8.0548    10.5004
9.266    8.0348    10.5004
9.2716    8.0268    10.5004
9.2828    8.0132    10.5004
9.2932    8.002    10.5004
9.309999    7.9867997    10.5004
9.3331995    7.9691997    10.5004
9.337999    7.9659996    10.5004
9.3748    7.942    10.5004
9.4636    7.8915997    10.5004
9.4772    7.8844    10.5004
9.4844    7.8803997    10.5004
9.5316    7.8564    10.5004
9.5515995    7.8476    10.5004
9.585199    7.8339996    10.5004
9.6396    7.8148    10.5004
9.65    7.8115997    10.5004
9.6668    7.8059998    10.5004
9.6916    7.798    10.5004
9.7428    7.786    10.5004
9.7492    7.7844    10.5004
9.782    7.7795997    10.5004
9.8164    7.7795997    10.5004
9.8348    7.7804    10.5004
9.838799    7.7804    10.5004
9.842    7.7812    10.5004
9.907599    7.7851996    10.5004
9.9316    7.7907996    10.5004
9.938    7.7924    10.5004
10.0012    7.8051996    10.5004
10.0148    7.8083997    10.5004
10.056399    7.8195996    10.5004
10.066    7.822    10.5004
10.07    7.8236    10.5004
10.0764    7.8251996    10.5004
10.122    7.8403997    10.5004
10.1932    7.8668    10.5004
10.199599    7.8691998    10.5004
10.2036    7.8708    10.5004
10.214    7.8756    10.5004
10.2772    7.9027996    10.5004
10.326799    7.9268    10.5004
10.3516    7.9403996    10.5004
10.3588    7.9444    10.5004
10.3716    7.9523997    10.5004
10.389999    7.9652    10.5004
10.406799    7.9779997    10.5004
10.4172    7.9884    10.5004
10.4276    8.0012    10.5004
10.429999    8.0044    10.5004
10.4684    8.0596    10.5004
10.4908    8.0924    10.5004
10.509999    8.1212    10.5004
10.5171995    8.1324    10.5004
10.5364    8.1636    10.5004
10.573999    8.223599    10.5004
10.5836    8.2388    10.5004
10.6116    8.2892    10.5004
10.631599    8.3252    10.5004
10.646    8.3508    10.5004
10.6732    8.401199    10.5004
10.6852    8.424399    10.5004
10.698    8.4516    10.5004
10.7188    8.5004    10.5004
10.7268    8.516399    10.5004
10.73    8.527599    10.5004
10.7332    8.546    10.5004
10.7332    8.5556    10.5004
10.7324    8.5612    10.5004
10.7276    8.5859995    10.5004
10.7252    8.5996    10.5004
10.7132    8.6491995    10.5004
10.7044    8.6732    10.5004
10.6908    8.714    10.5004
10.686    8.73    10.5004
10.6804    8.7428    10.5004
10.6636    8.7788    10.5004
10.660399    8.786    10.5004
10.6356    8.8331995    10.5004
10.6332    8.8372    10.5004
10.622    8.854    10.5004
10.6116    8.8644    10.5004
10.591599    8.8828    10.5004
10.585199    8.8884    10.5004
10.5748    8.9052    10.5004
10.57    8.9108    10.5004
10.567599    8.913199    10.5004
10.568399    8.9204    10.5004
10.5652    8.9404    10.5004
10.5636    8.9524    10.5004
10.566    8.9836    10.5004
10.568399    9.002    10.5004
10.5668    9.0876    10.5004
10.567599    9.102799    10.5004
10.561999    9.1964    10.5004
10.561999    9.1988    10.5004
10.5604    9.226    10.5004
10.550799    9.3356    10.5004
10.5412    9.4268    10.5004
10.5188    9.630799    10.5004
10.510799    9.7372    10.5004
10.5084    9.7652    10.5004
10.5076    9.769199    10.5004
10.5028    9.815599    10.5004
10.502    9.83    10.5004
10.499599    9.855599    10.5004
10.4916    9.9292    10.5004
10.4868    9.9916    10.5004
10.4804    10.0692    10.5004
10.476399    10.1244    10.5004
10.4724    10.1756    10.5004
10.4684    10.2196    10.5004
10.4636    10.2788    10.5004
10.458799    10.320399    10.5004
10.4452    10.406799    10.5004
10.4372    10.4572    10.5004
10.426    10.5316    10.5004
10.4251995    10.539599    10.5004
10.4092    10.6292    10.5004
10.3996    10.6804    10.5004
10.3852    10.769199    10.5004
10.383599    10.7755995    10.5004
10.3331995    11.0036    10.5004
10.3052    11.1491995    10.5004
10.291599    11.217199    10.5004
10.2844    11.257999    10.5004
10.269199    11.3404    10.5004
10.263599    11.3804    10.5004
10.2596    11.413199    10.5004
10.2532    11.465199    10.5004
10.25    11.4892    10.5004
10.2436    11.5468    10.5004
10.2396    11.5748    10.5004
10.2332    11.653999    10.5004
10.2316    11.6644    10.5004
10.2316    11.671599    10.5004
10.2268    11.7452    10.5004
10.2244    11.794    10.5004
10.222799    11.820399    10.5004
10.222799    11.8748    10.5004
10.222799    11.91    10.5004
10.222799    11.9148    10.5004
10.222799    11.918799    10.5004
10.222799    11.9307995    10.5004
10.222799    12.005199    10.5004
10.2252    12.0668    10.5004
10.226    12.090799    10.5004
10.2276    12.113999    10.5004
10.229199    12.1644    10.5004
10.2316    12.205199    10.5004
10.2364    12.257999    10.5004
10.2411995    12.3068    10.5004
10.2452    12.342    10.5004
10.246799    12.3636    10.5004
10.2532    12.4172    10.5004
10.2556    12.434    10.5004
10.2652    12.5204    10.5004
10.2716    12.568399    10.5004
10.278    12.6244    10.5004
10.2884    12.69    10.5004
10.2964    12.742    10.5004
10.3012    12.7788    10.5004
10.309199    12.831599    10.5004
10.3172    12.8756    10.5004
10.3276    12.936399    10.5004
10.3292    12.9516    10.5004
10.3308    12.957999    10.5004
10.3508    13.07    10.5004
10.3532    13.082    10.5004
10.358    13.1116    10.5004
10.3804    13.229199    10.5004
10.389999    13.2828    10.5004
10.4156    13.4044    10.5004
10.434    13.498799    10.5004
10.458799    13.6164    10.5004
10.486    13.7411995    10.5004
10.5076    13.8404    10.5004
10.5292    13.9436    10.5004
10.5476    14.021199    10.5004
10.5652    14.0988    10.5004
10.5812    14.165199    10.5004
10.6036    14.2612    10.5004
10.6276    14.3684    10.5004
10.6332    14.394    10.5004
10.6412    14.4307995    10.5004
10.686    14.6404    10.5004
10.688399    14.653999    10.5004
10.7123995    14.7604    10.5004
10.7204    14.803599    10.5004
10.7556    14.9892    10.5004
10.7596    15.010799    10.5004
10.763599    15.0292    10.5004
10.7892    15.1516    10.5004
10.809199    15.2436    10.5004
10.8348    15.3708    10.5004
10.8364    15.3804    10.5004
10.8372    15.384399    10.5004
10.843599    15.4108    10.5004
10.866    15.5148    10.5004
10.8716    15.5372    10.5004
10.9044    15.6804    10.5004
10.907599    15.698799    10.5004
10.9316    15.8172    10.5004
10.946799    15.884399    10.5004
10.965199    15.9539995    10.5004
10.974    15.9908    10.5004
10.9908    16.0588    10.5004
11.006    16.1196    10.5004
11.015599    16.1612    10.5004
11.0227995    16.19    10.5004
11.03    16.221199    10.5004
11.0404    16.2532    10.5004
11.050799    16.2852    10.5004
11.0636    16.3332    10.5004
11.0692    16.357199    10.5004
11.0803995    16.3964    10.5004
11.1036    16.4828    10.5004
11.122    16.546    10.5004
11.13    16.5732    10.5004
11.1491995    16.6316    10.5004
11.189199    16.765999    10.5004
11.1956    16.786    10.5004
11.217199    16.847599    10.5004
11.2308    16.8916    10.5004
11.238    16.9124    10.5004
11.251599    16.9508    10.5004
11.294    17.078    10.5004
11.297999    17.0916    10.5004
11.3164    17.145199    10.5004
11.3252    17.173199    10.5004
11.3372    17.2004    10.5004
11.3468    17.226    10.5004
11.3508    17.2356    10.5004
11.3948    17.35    10.5004
11.398    17.358    10.5004
11.4196    17.4196    10.5004
11.4348    17.4508    10.5004
11.458799    17.51    10.5004
11.502    17.605999    10.5004
11.502    17.6076    10.5004
11.5028    17.6084    10.5004
11.5308    17.674    10.5004
11.5604    17.726799    10.5004
11.568399    17.746    10.5004
11.5828    17.7708    10.5004
11.608399    17.8284    10.5004
11.631599    17.869999    10.5004
11.6435995    17.8892    10.5004
11.670799    17.9324    10.5004
11.7132    17.9924    10.5004
11.7332    18.0212    10.5004
11.751599    18.0476    10.5004
11.774799    18.0828    10.5004
11.8076    18.117199    10.5004
11.8116    18.121199    10.5004
11.8372    18.157999    10.5004
11.860399    18.1932    10.5004
11.872399    18.21    10.5004
11.898    18.2468    10.5004
11.9228    18.282    10.5004
11.935599    18.298    10.5004
11.9668    18.3372    10.5004
11.9924    18.369999    10.5004
12.0124    18.3964    10.5004
12.0604    18.4476    10.5004
12.0612    18.4492    10.5004
12.061999    18.4508    10.5004
12.0652    18.454    10.5004
12.1156    18.5204    10.5004
12.13    18.537199    10.5004
12.1508    18.559599    10.5004
12.1779995    18.5892    10.5004
12.210799    18.6196    10.5004
12.217199    18.626    10.5004
12.2244    18.632399    10.5004
12.23    18.6404    10.5004
12.2772    18.702799    10.5004
12.3004    18.7332    10.5004
12.3372    18.778    10.5004
12.3596    18.8044    10.5004
12.3684    18.8148    10.5004
12.4428    18.9068    10.5004
12.466    18.9348    10.5004
12.5068    18.9844    10.5004
12.539599    19.024399    10.5004
12.5748    19.0628    10.5004
12.5956    19.0884    10.5004
12.6324    19.133999    10.5004
12.638    19.1412    10.5004
12.653999    19.163599    10.5004
12.6964    19.222    10.5004
12.7308    19.27    10.5004
12.7364    19.277199    10.5004
12.7388    19.2804    10.5004
12.740399    19.282    10.5004
12.745199    19.288399    10.5004
12.8244    19.3876    10.5004
12.898    19.4884    10.5004
12.9084    19.5036    10.5004
12.9204    19.518799    10.5004
12.9892    19.6092    10.5004
13.0292    19.6612    10.5004
13.1012    19.7572    10.5004
13.1156    19.7756    10.5004
13.1292    19.793999    10.5004
13.1956    19.879599    10.5004
13.238    19.937199    10.5004
13.3572    20.105999    10.5004
13.3884    20.150799    10.5004
13.407599    20.1764    10.5004
13.4539995    20.2412    10.5004
13.5076    20.3116    10.5004
13.515599    20.3212    10.5004
13.539599    20.353199    10.5004
13.5748    20.397999    10.5004
13.613199    20.4468    10.5004
13.6868    20.5404    10.5004
13.7252    20.5892    10.5004
13.7892    20.6708    10.5004
13.846    20.7404    10.5004
13.922    20.834    10.5004
14.0476    20.986    10.5004
14.118799    21.0732    10.5004
14.1916    21.1628    10.5004
14.2324    21.2116    10.5004
14.280399    21.2692    10.5004
14.3043995    21.298    10.5004
14.337199    21.3364    10.5004
14.3868    21.39    10.5004
14.4028    21.4076    10.5004
14.434    21.4436    10.5004
14.5084    21.528399    10.5004
14.5708    21.5972    10.5004
14.624399    21.656399    10.5004
14.6668    21.7052    10.5004
14.717199    21.758799    10.5004
14.7436    21.7876    10.5004
14.7699995    21.8156    10.5004
14.813999    21.862    10.5004
14.834    21.8828    10.5004
14.8868    21.9364    10.5004
14.8988    21.948399    10.5004
14.952399    22.0028    10.5004
15.03    22.074799    10.5004
15.0468    22.0908    10.5004
15.106    22.146    10.5004
15.1435995    22.180399    10.5004
15.211599    22.2396    10.5004
15.2355995    22.2612    10.5004
15.245999    22.269999    10.5004
15.25    22.2732    10.5004
15.318    22.3284    10.5004
15.3508    22.354    10.5004
15.4196    22.409199    10.5004
15.45    22.43    10.5004
15.4684    22.442799    10.5004
15.5236    22.479599    10.5004
15.556399    22.4988    10.5004
15.5884    22.511599    10.5004
15.595599    22.514    10.5004
15.6228    22.5204    10.5004
15.6348    22.522799    10.5004
15.664399    22.529999    10.5004
15.6756    22.5332    10.5004
15.683599    22.5348    10.5004
15.688399    22.535599    10.5004
15.7668    22.5572    10.5004
15.7764    22.5604    10.5004
15.8228    22.569199    10.5004
15.8292    22.57    10.5004
15.8907995    22.578    10.5004
15.898    22.5788    10.5004
15.9196    22.5796    10.5004
15.9548    22.5796    10.5004
16.0036    22.5812    10.5004
16.0292    22.581999    10.5004
16.05    22.5836    10.5004
16.098    22.5852    10.5004
16.1684    22.587599    10.5004
16.2468    22.5908    10.5004
16.414    22.597198    10.5004
16.4484    22.598    10.5004
16.4708    22.598799    10.5004
16.562    22.6036    10.5004
16.57    22.604399    10.5004
16.5844    22.6068    10.5004
16.657999    22.622799    10.5004
16.680399    22.6276    10.5004
16.734    22.642    10.5004
16.7572    22.649199    10.5004
16.810799    22.6652    10.5004
16.8284    22.67    10.5004
16.838    22.673199    10.5004
16.9156    22.698    10.5004
16.9476    22.71    10.5004
16.986    22.7244    10.5004
17.0116    22.7356    10.5004
17.07    22.758799    10.5004
17.093199    22.7692    10.5004
17.1076    22.775599    10.5004
17.1348    22.786798    10.5004
17.1468    22.7932    10.5004
17.15    22.7948    10.5004
17.1516    22.795599    10.5004
17.161999    22.8004    10.5004
17.222    22.829199    10.5004
17.2892    22.8676    10.5004
17.3212    22.8836    10.5004
17.3892    22.9268    10.5004
17.4028    22.9356    10.5004
17.4188    22.9468    10.5004
17.4748    22.983599    10.5004
17.4884    22.9932    10.5004
17.4956    22.998    10.5004
17.5036    23.0028    10.5004
17.5124    23.0092    10.5004
17.5404    23.0268    10.5004
17.5612    23.028399    10.5004
17.5676    23.0292    10.5004
17.569199    23.0292    10.5004
17.574    23.0292    10.5004
17.602    23.029999    10.5004
17.6124    23.031599    10.5004
17.6356    23.0348    10.5004
17.6772    23.042    10.5004
17.6988    23.046    10.5004
17.7068    23.046799    10.5004
17.719599    23.048399    10.5004
17.75    23.0532    10.5004
17.798    23.066    10.5004
17.8172    23.070799    10.5004
17.882    23.0868    10.5004
17.9196    23.0964    10.5004
17.9628    23.1068    10.5004
17.983599    23.1132    10.5004
18.038    23.128399    10.5004
18.0564    23.1332    10.5004
18.0836    23.143599    10.5004
18.102    23.150799    10.5004
18.1276    23.161999    10.5004
18.1444    23.1716    10.5004
18.1836    23.2044    10.5004
18.2044    23.2228    10.5004
18.206    23.2244    10.5004
18.2108    23.23    10.5004
18.241999    23.2612    10.5004
18.298    23.3204    10.5004
18.312399    23.3356    10.5004
18.3244    23.3484    10.5004
18.3444    23.369999    10.5004
18.366    23.394    10.5004
18.3732    23.4028    10.5004
18.3996    23.4364    10.5004
18.4236    23.466799    10.5004
18.4348    23.479599    10.5004
18.466    23.524399    10.5004
18.4932    23.5612    10.5004
18.5332    23.622    10.5004
18.5348    23.6252    10.5004
18.5396    23.6348    10.5004
18.548399    23.6524    10.5004
18.5492    23.654799    10.5004
18.562    23.6852    10.5004
18.5676    23.701199    10.5004
18.5772    23.725199    10.5004
18.5796    23.7396    10.5004
18.587599    23.792398    10.5004
18.5924    23.827599    10.5004
18.593199    23.8468    10.5004
18.5956    23.8772    10.5004
18.5972    23.9324    10.5004
18.5964    23.942799    10.5004
18.5964    23.965199    10.5004
18.5964    23.9748    10.5004
18.594799    24.0084    10.5004
18.59    24.0644    10.5004
18.587599    24.0836    10.5004
18.5844    24.102    10.5004
18.5812    24.1204    10.5004
18.5804    24.1244    10.5004
18.5724    24.143599    10.5004
18.5628    24.1652    10.5004
18.557999    24.174799    10.5004
18.552399    24.1812    10.5004
18.5364    24.201199    10.5004
18.5252    24.2148    10.5004
18.4644    24.2788    10.5004
18.438799    24.3036    10.5004
18.375599    24.362    10.5004
18.369999    24.3668    10.5004
18.317999    24.410799    10.5004
18.31    24.4172    10.5004
18.3004    24.4236    10.5004
18.23    24.47    10.5004
18.2156    24.4788    10.5004
18.21    24.4828    10.5004
18.1908    24.49    10.5004
18.1796    24.4956    10.5004
18.1604    24.496399    10.5004
18.1524    24.4972    10.5004
18.15    24.496399    10.5004
18.138    24.4972    10.5004
18.13    24.498    10.5004
18.121199    24.498    10.5004
18.1132    24.496399    10.5004
18.0788    24.4884    10.5004
18.052399    24.4804    10.5004
18.0396    24.4772    10.5004
18.026    24.473999    10.5004
18.013199    24.4692    10.5004
17.9996    24.465199    10.5004
17.9652    24.4516    10.5004
17.955599    24.4476    10.5004
17.927599    24.4364    10.5004
17.909199    24.4284    10.5004
17.8876    24.418    10.5004
17.8772    24.4116    10.5004
17.8596    24.4004    10.5004
17.853199    24.396399    10.5004
17.8276    24.379599    10.5004
17.8204    24.3748    10.5004
17.8036    24.357199    10.5004
17.7972    24.3508    10.5004
17.7892    24.344398    10.5004
17.7732    24.3244    10.5004
17.765999    24.314    10.5004
17.7572    24.3004    10.5004
17.741999    24.2788    10.5004
17.7332    24.2668    10.5004
17.7292    24.260399    10.5004
17.713999    24.2388    10.5004
17.6836    24.234    10.5004
17.6772    24.229198    10.5004
17.6572    24.2348    10.5004
17.6524    24.236399    10.5004
17.650799    24.2372    10.5004
17.6468    24.2388    10.5004
17.614    24.2516    10.5004
17.5916    24.262    10.5004
17.5628    24.2748    10.5004
17.5564    24.277199    10.5004
17.513199    24.289999    10.5004
17.4604    24.3044    10.5004
17.4452    24.3092    10.5004
17.386    24.317999    10.5004
17.354    24.3244    10.5004
17.298    24.3308    10.5004
17.2612    24.334799    10.5004
17.2188    24.3356    10.5004
17.1668    24.3372    10.5004
17.1532    24.3372    10.5004
17.0732    24.334799    10.5004
16.990799    24.3252    10.5004
16.9868    24.3244    10.5004
16.986    24.3244    10.5004
16.982    24.3244    10.5004
16.892399    24.3116    10.5004
16.853199    24.3028    10.5004
16.799599    24.2932    10.5004
16.786    24.2908    10.5004
16.7676    24.2852    10.5004
16.7012    24.2692    10.5004
16.684399    24.264399    10.5004
16.656399    24.2564    10.5004
16.6028    24.2428    10.5004
16.5812    24.236399    10.5004
16.534    24.222    10.5004
16.522    24.217999    10.5004
16.5092    24.213999    10.5004
16.485199    24.2052    10.5004
16.437199    24.1876    10.5004
16.4196    24.182    10.5004
16.4044    24.1764    10.5004
16.368399    24.1628    10.5004
16.305199    24.137999    10.5004
16.2756    24.1252    10.5004
16.218    24.0996    10.5004
16.1484    24.0684    10.5004
16.1012    24.0476    10.5004
15.9796    23.99    10.5004
15.9772    23.989199    10.5004
15.969999    23.986    10.5004
15.8916    23.9492    10.5004
15.820399    23.9156    10.5004
15.7932    23.9028    10.5004
15.7556    23.886    10.5004
15.7244    23.8732    10.5004
15.716399    23.8708    10.5004
15.7084    23.8692    10.5004
15.699599    23.864399    10.5004
15.674    23.862799    10.5004
15.6668    23.8612    10.5004
15.6468    23.858799    10.5004
15.6412    23.858    10.5004
15.6388    23.8596    10.5004
15.6268    23.8596    10.5004
15.596399    23.862799    10.5004
15.5892    23.8636    10.5004
15.5836    23.866    10.5004
15.5468    23.8748    10.5004
15.514    23.8892    10.5004
15.5076    23.8916    10.5004
15.486799    23.8996    10.5004
15.438    23.9172    10.5004
15.382799    23.9396    10.5004
15.309999    23.9684    10.5004
15.2492    23.9956    10.5004
15.1844    24.0204    10.5004
15.1156    24.046    10.5004
15.096399    24.0532    10.5004
15.073199    24.0588    10.5004
15.015599    24.074799    10.5004
14.997999    24.0788    10.5004
14.924399    24.09    10.5004
14.9228    24.0908    10.5004
14.9084    24.0924    10.5004
14.849999    24.098    10.5004
14.802    24.0996    10.5004
14.757999    24.0996    10.5004
14.693199    24.0996    10.5004
14.6779995    24.0996    10.5004
14.625199    24.0924    10.5004
14.5876    24.0868    10.5004
14.5803995    24.085999    10.5004
14.4948    24.0732    10.5004
14.411599    24.0548    10.5004
14.3972    24.0516    10.5004
14.3068    24.028399    10.5004
14.2844    24.022799    10.5004
14.210799    24.001999    10.5004
14.1756    23.9924    10.5004
14.1236    23.977999    10.5004
14.0244    23.9468    10.5004
14.006    23.9412    10.5004
13.9972    23.938799    10.5004
13.9428    23.9236    10.5004
13.917999    23.9172    10.5004
13.834    23.9004    10.5004
13.825999    23.8988    10.5004
13.757999    23.886799    10.5004
13.746799    23.8836    10.5004
13.734799    23.8828    10.5004
13.717999    23.881199    10.5004
13.6964    23.8804    10.5004
13.6844    23.8788    10.5004
13.6444    23.8804    10.5004
13.6156    23.8788    10.5004
13.5876    23.882    10.5004
13.5812    23.8828    10.5004
13.5524    23.886799    10.5004
13.539599    23.89    10.5004
13.5236    23.8948    10.5004
13.49    23.9124    10.5004
13.4852    23.914799    10.5004
13.4684    23.93    10.5004
13.447599    23.9476    10.5004
13.434    23.9644    10.5004
13.426    23.976398    10.5004
13.423599    23.9812    10.5004
13.41    24.017199    10.5004
13.4044    24.0444    10.5004
13.3963995    24.0844    10.5004
13.3852    24.174799    10.5004
13.3852    24.1772    10.5004
13.3748    24.269999    10.5004
13.372399    24.2852    10.5004
13.365999    24.381199    10.5004
13.3636    24.4044    10.5004
13.358    24.4884    10.5004
13.354    24.528399    10.5004
13.3484    24.6132    10.5004
13.344399    24.6572    10.5004
13.338799    24.73    10.5004
13.334    24.781199    10.5004
13.3244    24.858799    10.5004
13.3196    24.9044    10.5004
13.3076    24.9804    10.5004
13.303599    25.0044    10.5004
13.3012    25.0156    10.5004
13.2908    25.065199    10.5004
13.281199    25.1076    10.5004
13.2772    25.122799    10.5004
13.2596    25.1764    10.5004
13.2388    25.2316    10.5004
13.223599    25.271599    10.5004
13.2044    25.312399    10.5004
13.182799    25.351599    10.5004
13.1588    25.397999    10.5004
13.1404    25.427599    10.5004
13.1108    25.4628    10.5004
13.0716    25.507599    10.5004
13.0532    25.5276    10.5004
13.038799    25.541199    10.5004
12.9772    25.587599    10.5004
12.9628    25.5964    10.5004
12.912399    25.621199    10.5004
12.8684    25.639599    10.5004
12.8348    25.6476    10.5004
12.774799    25.6612    10.5004
12.69    25.6652    10.5004
12.6868    25.6652    10.5004
12.6844    25.6652    10.5004
12.5924    25.6556    10.5004
12.5532    25.6468    10.5004
12.5028    25.6364    10.5004
12.466    25.626    10.5004
12.414    25.6076    10.5004
12.3396    25.5772    10.5004
12.3196    25.5684    10.5004
12.3068    25.562    10.5004
12.2244    25.517199    10.5004
12.2044    25.5052    10.5004
12.130799    25.4548    10.5004
12.0548    25.3996    10.5004
12.0404    25.3884    10.5004
12.0348    25.3844    10.5004
12.027599    25.3788    10.5004
11.934    25.3044    10.5004
11.9156    25.2876    10.5004
11.8348    25.2172    10.5004
11.814799    25.197199    10.5004
11.7724    25.154799    10.5004
11.745999    25.126799    10.5004
11.7355995    25.117199    10.5004
11.646    25.0236    10.5004
11.642799    25.0196    10.5004
11.641999    25.018799    10.5004
11.5468    24.906    10.5004
11.538799    24.8948    10.5004
11.487599    24.827599    10.5004
11.4564    24.786798    10.5004
11.4516    24.7804    10.5004
11.441199    24.765999    10.5004
11.3596    24.654    10.5004
11.3132    24.581999    10.5004
11.2612    24.505999    10.5004
11.233999    24.4628    10.5004
11.165999    24.349998    10.5004
11.130799    24.284399    10.5004
11.0708    24.180399    10.5004
11.0644    24.1668    10.5004
11.044399    24.1316    10.5004
10.9939995    24.037199    10.5004
10.9772    24.0052    10.5004
10.9284    23.906    10.5004
10.8924    23.8372    10.5004
10.878799    23.8084    10.5004
10.858    23.7684    10.5004
10.8276    23.706799    10.5004
10.8116    23.674799    10.5004
10.7532    23.548399    10.5004
10.734799    23.5084    10.5004
10.7308    23.500399    10.5004
10.7123995    23.459599    10.5004
10.6572    23.338    10.5004
10.642799    23.305199    10.5004
10.607599    23.2228    10.5004
10.527599    23.042799    10.5004
10.504399    22.9868    10.5004
10.466    22.890799    10.5004
10.4156    22.764399    10.5004
10.3876    22.691599    10.5004
10.3476    22.585999    10.5004
10.3276    22.5332    10.5004
10.321199    22.5148    10.5004
10.2548    22.3188    10.5004
10.2396    22.2724    10.5004
10.229199    22.2388    10.5004
10.1868    22.0956    10.5004
10.1732    22.0476    10.5004
10.1628    22.0124    10.5004
10.1476    21.9532    10.5004
10.120399    21.844398    10.5004
10.1156    21.821999    10.5004
10.0956    21.7356    10.5004
10.082    21.6796    10.5004
10.0692    21.6068    10.5004
10.0596    21.557999    10.5004
10.0484    21.500399    10.5004
10.0324    21.392399    10.5004
10.026    21.353199    10.5004
10.0188    21.2916    10.5004
10.0156    21.2612    10.5004
10.0092    21.2092    10.5004
10.005199    21.17    10.5004
10.0028    21.104399    10.5004
10.0028    21.0604    10.5004
10.002    21.029999    10.5004
10.0028    20.9732    10.5004
10.0028    20.9396    10.5004
10.0036    20.903599    10.5004
10.005199    20.8364    10.5004
10.0068    20.806    10.5004
10.0148    20.7372    10.5004
10.018    20.7076    10.5004
10.0268    20.6428    10.5004
10.0492    20.5332    10.5004
10.061999    20.483599    10.5004
10.0828    20.4068    10.5004
10.108399    20.2964    10.5004
10.1132    20.271599    10.5004
10.130799    20.1836    10.5004
10.1412    20.1236    10.5004
10.154799    20.042799    10.5004
10.1556    20.0276    10.5004
10.160399    19.9516    10.5004
10.162    19.903599    10.5004
10.162    19.8772    10.5004
10.159599    19.829199    10.5004
10.1572    19.8036    10.5004
10.1564    19.782799    10.5004
10.1435995    19.7108    10.5004
10.142799    19.706    10.5004
10.1324    19.646    10.5004
10.13    19.6356    10.5004
10.1292    19.6292    10.5004
10.1188    19.5788    10.5004
10.1036    19.5204    10.5004
10.1036    19.5196    10.5004
10.102799    19.518    10.5004
10.0708    19.4068    10.5004
10.0532    19.358    10.5004
10.0364    19.306799    10.5004
10.0156    19.2508    10.5004
9.9956    19.191599    10.5004
9.9812    19.1556    10.5004
9.9595995    19.0972    10.5004
9.9556    19.086    10.5004
9.953199    19.0812    10.5004
9.9492    19.070799    10.5004
9.889999    18.9244    10.5004
9.874    18.886    10.5004
9.8516    18.8324    10.5004
9.837999    18.799599    10.5004
9.8292    18.778    10.5004
9.7755995    18.645199    10.5004
9.75    18.5804    10.5004
9.714    18.489199    10.5004
9.682799    18.4116    10.5004
9.6764    18.3964    10.5004
9.648399    18.3172    10.5004
9.6092    18.2124    10.5004
9.596399    18.1772    10.5004
9.5812    18.1356    10.5004
9.5476    18.046799    10.5004
9.545199    18.038    10.5004
9.5124    17.9364    10.5004
9.4692    17.8036    10.5004
9.466    17.793999    10.5004
9.465199    17.7908    10.5004
9.464399    17.7892    10.5004
9.4228    17.6444    10.5004
9.4212    17.6388    10.5004
