4.3148    27.2412    19.8004
4.2956    27.2444    19.8004
4.2516    27.2508    19.8004
4.2356    27.2524    19.8004
4.186    27.254    19.8004
4.1644    27.254    19.8004
4.1563997    27.254    19.8004
4.1108    27.2508    19.8004
4.11    27.2508    19.8004
4.1084    27.2508    19.8004
4.046    27.2388    19.8004
4.0132    27.2332    19.8004
3.9612    27.2228    19.8004
3.8883998    27.2076    19.8004
3.826    27.1964    19.8004
3.674    27.163599    19.8004
3.6436    27.156399    19.8004
3.6299999    27.1532    19.8004
3.5356    27.126    19.8004
3.5059998    27.117199    19.8004
3.4819999    27.108398    19.8004
3.4252    27.0852    19.8004
3.4036    27.074799    19.8004
3.3667998    27.057999    19.8004
3.3539999    27.052399    19.8004
3.3076    27.0268    19.8004
3.2812    27.0092    19.8004
3.2243998    26.97    19.8004
3.2075999    26.9572    19.8004
3.1715999    26.924398    19.8004
3.1396    26.8948    19.8004
3.1332    26.8876    19.8004
3.1283998    26.882    19.8004
3.1051998    26.854    19.8004
3.0916    26.8364    19.8004
3.0692    26.806    19.8004
3.0491998    26.7788    19.8004
3.0356    26.754799    19.8004
2.9812    26.65    19.8004
2.9387999    26.5668    19.8004
2.9212    26.5308    19.8004
2.9164    26.5204    19.8004
2.914    26.5148    19.8004
2.9124    26.507599    19.8004
2.9043999    26.473999    19.8004
2.9027998    26.466    19.8004
2.9011998    26.4492    19.8004
2.902    26.4324    19.8004
2.902    26.4196    19.8004
2.9036    26.4012    19.8004
2.9052    26.382    19.8004
2.9132    26.3508    19.8004
2.9276    26.293999    19.8004
2.9308    26.271599    19.8004
2.934    26.241999    19.8004
2.938    26.1876    19.8004
2.942    26.1372    19.8004
2.9468    26.117199    19.8004
2.954    26.0868    19.8004
2.9659998    26.048399    19.8004
2.9708    26.0364    19.8004
2.9956    25.990799    19.8004
2.998    25.9868    19.8004
3.0012    25.983599    19.8004
3.0196    25.962    19.8004
3.0291998    25.9508    19.8004
3.0532    25.9236    19.8004
3.0692    25.9068    19.8004
3.0804    25.896399    19.8004
3.0988    25.879599    19.8004
3.1195998    25.857199    19.8004
3.1436    25.834    19.8004
3.1771998    25.7932    19.8004
3.1868    25.7804    19.8004
3.2187998    25.7428    19.8004
3.2419999    25.7156    19.8004
3.2516    25.7052    19.8004
3.2556    25.6996    19.8004
3.2796    25.677198    19.8004
3.2956    25.6612    19.8004
3.3235998    25.6348    19.8004
3.346    25.6164    19.8004
3.3636    25.602798    19.8004
3.3876    25.5852    19.8004
3.4332    25.5532    19.8004
3.4459999    25.5444    19.8004
3.4556    25.5388    19.8004
3.498    25.5148    19.8004
3.5316    25.498    19.8004
3.55    25.489199    19.8004
3.5876    25.4732    19.8004
3.6251998    25.4588    19.8004
3.658    25.446    19.8004
3.6964    25.4348    19.8004
3.7468    25.4228    19.8004
3.7508    25.421999    19.8004
3.8116    25.410799    19.8004
3.8316    25.407598    19.8004
3.8683999    25.403599    19.8004
3.9227998    25.3996    19.8004
3.9756    25.394    19.8004
4.0499997    25.392399    19.8004
4.054    25.392399    19.8004
4.0548    25.392399    19.8004
4.1348    25.3916    19.8004
4.1412    25.392399    19.8004
4.2564    25.396399    19.8004
4.2956    25.3988    19.8004
4.3724    25.4044    19.8004
4.4212    25.409199    19.8004
4.4564    25.414    19.8004
4.5196    25.424398    19.8004
4.5243998    25.4252    19.8004
4.526    25.4252    19.8004
4.5292    25.425999    19.8004
4.5676    25.4364    19.8004
4.5748    25.437199    19.8004
4.5955997    25.442    19.8004
4.5996    25.442    19.8004
4.6219997    25.444399    19.8004
4.6243997    25.444399    19.8004
4.6524    25.444399    19.8004
4.6531997    25.444399    19.8004
4.6828    25.444399    19.8004
4.6836    25.444399    19.8004
4.686    25.4436    19.8004
4.7084    25.4348    19.8004
4.7212    25.4268    19.8004
4.7372    25.420399    19.8004
4.7676    25.409199    19.8004
4.7771997    25.407598    19.8004
4.8092    25.4004    19.8004
4.8276    25.4012    19.8004
4.8388    25.401999    19.8004
4.902    25.414    19.8004
4.9052    25.414799    19.8004
4.9684    25.4364    19.8004
4.9691997    25.437199    19.8004
5.0196    25.4604    19.8004
5.0411997    25.470798    19.8004
5.0796    25.490799    19.8004
5.1308    25.5236    19.8004
5.1412    25.5308    19.8004
5.1748    25.557999    19.8004
5.1788    25.562    19.8004
5.19    25.5716    19.8004
5.2132    25.591599    19.8004
5.2195997    25.598    19.8004
5.2244    25.602798    19.8004
5.2668    25.6516    19.8004
5.2683997    25.6532    19.8004
5.2692    25.654    19.8004
5.2924    25.685999    19.8004
5.3171997    25.7188    19.8004
5.3324    25.743599    19.8004
5.3412    25.760399    19.8004
5.3652    25.8084    19.8004
5.3715997    25.8212    19.8004
5.39    25.862799    19.8004
5.394    25.8716    19.8004
5.4059997    25.9068    19.8004
5.4132    25.9308    19.8004
5.4244    25.9716    19.8004
5.4268    25.9812    19.8004
5.4332    26.0124    19.8004
5.4403996    26.042799    19.8004
5.4435997    26.056398    19.8004
5.4476    26.085999    19.8004
5.4516    26.1092    19.8004
5.454    26.154    19.8004
5.4564    26.1708    19.8004
5.4572    26.1948    19.8004
5.4603996    26.234    19.8004
5.4603996    26.262    19.8004
5.4596    26.286798    19.8004
5.4572    26.3172    19.8004
5.4564    26.3372    19.8004
5.4532    26.362799    19.8004
5.4523997    26.3724    19.8004
5.4476    26.416399    19.8004
5.4435997    26.446    19.8004
5.4412    26.4644    19.8004
5.4372    26.4828    19.8004
5.4284    26.514    19.8004
5.4203997    26.55    19.8004
5.414    26.57    19.8004
5.3947997    26.6204    19.8004
5.3915997    26.628399    19.8004
5.3627996    26.6892    19.8004
5.358    26.6988    19.8004
5.3212    26.765999    19.8004
5.3195996    26.7676    19.8004
5.2971997    26.8004    19.8004
5.2771997    26.827599    19.8004
5.2588    26.8492    19.8004
5.2116    26.9004    19.8004
5.21    26.9012    19.8004
5.2092    26.901999    19.8004
5.2075996    26.903599    19.8004
5.2051997    26.9052    19.8004
5.1572    26.942799    19.8004
5.1316    26.9588    19.8004
5.1212    26.965199    19.8004
5.0899997    26.983599    19.8004
5.0836    26.987598    19.8004
5.0499997    27.001999    19.8004
5.0252    27.01    19.8004
5.014    27.0148    19.8004
4.9932    27.0196    19.8004
4.9723997    27.0212    19.8004
4.9635997    27.0236    19.8004
4.954    27.0236    19.8004
4.9388    27.017199    19.8004
4.9244    27.01    19.8004
4.9124    27.0028    19.8004
4.8876    26.996399    19.8004
4.8844    26.996399    19.8004
4.8835998    26.996399    19.8004
4.8828    26.996399    19.8004
4.8571997    27.0084    19.8004
4.8468    27.0068    19.8004
4.8388    27.0052    19.8004
4.818    27.0124    19.8004
4.7995996    27.0236    19.8004
4.7932    27.0252    19.8004
4.7876    27.028399    19.8004
4.7627997    27.0492    19.8004
4.7539997    27.052399    19.8004
4.7316    27.065199    19.8004
4.7092    27.080399    19.8004
4.6772    27.097198    19.8004
4.6452    27.113998    19.8004
4.6204    27.126799    19.8004
4.6196    27.1276    19.8004
4.5555997    27.1572    19.8004
4.5499997    27.160398    19.8004
4.538    27.165998    19.8004
4.4964    27.184399    19.8004
4.4604    27.197199    19.8004
4.4516    27.201199    19.8004
4.4491997    27.202    19.8004
4.4035997    27.2188    19.8004
4.3859997    27.2244    19.8004
4.3459997    27.234    19.8004
4.3148    27.2412    19.8004
