9.914    16.006    9.0004
9.934    15.9939995    9.0004
9.953199    16.001999    9.0004
9.987599    16.0284    9.0004
9.9939995    16.0308    9.0004
10.0012    16.038    9.0004
10.0171995    16.0604    9.0004
10.0212    16.070799    9.0004
10.0252    16.078    9.0004
10.0428    16.1068    9.0004
10.054    16.13    9.0004
10.0588    16.1428    9.0004
10.067599    16.1612    9.0004
10.0788    16.1996    9.0004
10.102799    16.262    9.0004
10.1036    16.2628    9.0004
10.1124    16.2932    9.0004
10.1292    16.3212    9.0004
10.131599    16.3268    9.0004
10.131599    16.329199    9.0004
10.1356    16.3356    9.0004
10.142799    16.3556    9.0004
10.1628    16.386    9.0004
10.1636    16.3876    9.0004
10.1844    16.4324    9.0004
10.1852    16.433199    9.0004
10.199599    16.4756    9.0004
10.21    16.494799    9.0004
10.2108    16.4956    9.0004
10.2204    16.526    9.0004
10.223599    16.5324    9.0004
10.2428    16.5796    9.0004
10.2452    16.5844    9.0004
10.246799    16.5884    9.0004
10.2699995    16.6356    9.0004
10.2699995    16.6364    9.0004
10.2708    16.6388    9.0004
10.302    16.7148    9.0004
10.3043995    16.7188    9.0004
10.3052    16.7204    9.0004
10.3068    16.722    9.0004
10.3196    16.7524    9.0004
10.332399    16.7876    9.0004
10.334    16.7908    9.0004
10.3524    16.8364    9.0004
10.3572    16.8444    9.0004
10.3588    16.8492    9.0004
10.3636    16.864399    9.0004
10.374    16.892399    9.0004
10.3772    16.906    9.0004
10.3812    16.9188    9.0004
10.3828    16.9236    9.0004
10.398    16.962    9.0004
10.3996    16.9684    9.0004
10.4036    16.989199    9.0004
10.4052    16.998    9.0004
10.4052    17.0124    9.0004
10.406799    17.0284    9.0004
10.406799    17.031599    9.0004
10.4164    17.0756    9.0004
10.417999    17.0852    9.0004
10.4228    17.111599    9.0004
10.4251995    17.1324    9.0004
10.4307995    17.1596    9.0004
10.4316    17.1604    9.0004
10.4307995    17.1612    9.0004
10.429999    17.1924    9.0004
10.4276    17.206    9.0004
10.4251995    17.254    9.0004
10.4236    17.2676    9.0004
10.4228    17.277199    9.0004
10.417999    17.2964    9.0004
10.414    17.306799    9.0004
10.4052    17.3484    9.0004
10.4004    17.358    9.0004
10.386    17.3596    9.0004
10.398    17.3668    9.0004
10.3924    17.3748    9.0004
10.3907995    17.3764    9.0004
10.3884    17.3748    9.0004
10.366799    17.362    9.0004
10.3452    17.3468    9.0004
10.338799    17.342    9.0004
10.3284    17.334    9.0004
10.3028    17.3188    9.0004
10.281199    17.3028    9.0004
10.257999    17.277199    9.0004
10.2564    17.2756    9.0004
10.2548    17.274    9.0004
10.252399    17.2708    9.0004
10.2308    17.234    9.0004
10.2132    17.2044    9.0004
10.199599    17.1812    9.0004
10.1908    17.1588    9.0004
10.1812    17.1356    9.0004
10.160399    17.098    9.0004
10.1508    17.078    9.0004
10.142799    17.0628    9.0004
10.1276    17.0236    9.0004
10.094    16.949999    9.0004
10.09    16.942    9.0004
10.0844    16.93    9.0004
10.054    16.8604    9.0004
10.021999    16.782799    9.0004
10.0196    16.7756    9.0004
10.018    16.7724    9.0004
9.99    16.6988    9.0004
9.9836    16.6828    9.0004
9.9836    16.682    9.0004
9.9828    16.680399    9.0004
9.978    16.6644    9.0004
9.95    16.5732    9.0004
9.947599    16.5644    9.0004
9.936399    16.5308    9.0004
9.9251995    16.4924    9.0004
9.9212    16.482    9.0004
9.9148    16.4588    9.0004
9.901999    16.4076    9.0004
9.8972    16.381199    9.0004
9.8812    16.3308    9.0004
9.873199    16.3004    9.0004
9.8692    16.2852    9.0004
9.8636    16.2484    9.0004
9.8588    16.2108    9.0004
9.855599    16.180399    9.0004
9.849199    16.109999    9.0004
9.8516    16.0892    9.0004
9.87    16.046    9.0004
9.8716    16.042    9.0004
9.8764    16.0388    9.0004
9.914    16.006    9.0004
