12.9084    4.5364    12.9004
12.8828    4.4892    12.9004
12.8652    4.4532    12.9004
12.8524    4.4244    12.9004
12.834    4.3835998    12.9004
12.822    4.3571997    12.9004
12.8116    4.3283997    12.9004
12.7964    4.2939997    12.9004
12.7836    4.2627997    12.9004
12.7652    4.2172    12.9004
12.7508    4.1763997    12.9004
12.7316    4.1196    12.9004
12.7132    4.0611997    12.9004
12.7084    4.0443997    12.9004
12.7044    4.0284    12.9004
12.6852    3.9492    12.9004
12.6723995    3.8836    12.9004
12.6628    3.83    12.9004
12.6564    3.7891998    12.9004
12.648399    3.7187998    12.9004
12.647599    3.7108    12.9004
12.647599    3.7068    12.9004
12.6468    3.6852    12.9004
12.6468    3.6332    12.9004
12.6468    3.59    12.9004
12.6468    3.5884    12.9004
12.6468    3.5876    12.9004
12.6572    3.5307999    12.9004
12.6668    3.4724    12.9004
12.6692    3.4603999    12.9004
12.6756    3.4332    12.9004
12.7067995    3.3028    12.9004
12.7188    3.258    12.9004
12.7355995    3.194    12.9004
12.7668    3.086    12.9004
12.773999    3.0635998    12.9004
12.7932    3.0003998    12.9004
12.803599    2.974    12.9004
12.8244    2.914    12.9004
12.837199    2.8844    12.9004
12.8484    2.8555999    12.9004
12.8532    2.846    12.9004
12.8772    2.7956    12.9004
12.8828    2.7844    12.9004
12.906799    2.7331998    12.9004
12.9116    2.7252    12.9004
12.9156    2.7164    12.9004
12.9316    2.6724    12.9004
12.9556    2.6211998    12.9004
12.9572    2.6164    12.9004
12.958799    2.6116    12.9004
12.962    2.6036    12.9004
12.9956    2.5132    12.9004
13.0092    2.4844    12.9004
13.0124    2.4756    12.9004
13.0348    2.4155998    12.9004
13.050799    2.3724    12.9004
13.0644    2.342    12.9004
13.101999    2.2524    12.9004
13.1124    2.2292    12.9004
13.120399    2.2172    12.9004
13.153999    2.174    12.9004
13.174    2.146    12.9004
13.183599    2.1348    12.9004
13.210799    2.1204    12.9004
13.2123995    2.1196    12.9004
13.2132    2.1196    12.9004
13.242    2.1292    12.9004
13.257199    2.1308    12.9004
13.2844    2.1588    12.9004
13.2987995    2.1787999    12.9004
13.3196    2.2131999    12.9004
13.3596    2.2876    12.9004
13.378799    2.3236    12.9004
13.383599    2.3372    12.9004
13.4156    2.4027998    12.9004
13.4444    2.4508    12.9004
13.4676    2.4819999    12.9004
13.49    2.5163999    12.9004
13.527599    2.5644    12.9004
13.5428    2.5892    12.9004
13.573999    2.6339998    12.9004
13.585199    2.6483998    12.9004
13.608399    2.6827998    12.9004
13.6324    2.7259998    12.9004
13.636399    2.7356    12.9004
13.648399    2.7652    12.9004
13.658    2.7907999    12.9004
13.6644    2.8051999    12.9004
13.710799    2.9148    12.9004
13.7123995    2.9187999    12.9004
13.717199    2.9284    12.9004
13.742    2.9859998    12.9004
13.7612    3.0291998    12.9004
13.7708    3.0507998    12.9004
13.778    3.0667999    12.9004
13.7932    3.0995998    12.9004
13.83    3.1852    12.9004
13.8452    3.2292    12.9004
13.8619995    3.2779999    12.9004
13.8828    3.3483999    12.9004
13.900399    3.4108    12.9004
13.9092    3.4436    12.9004
13.912399    3.4571998    12.9004
13.9156    3.4803998    12.9004
13.9204    3.5235999    12.9004
13.924399    3.57    12.9004
13.924399    3.6011999    12.9004
13.923599    3.6516    12.9004
13.9204    3.6971998    12.9004
13.9172    3.7347999    12.9004
13.906799    3.8068    12.9004
13.9028    3.8307998    12.9004
13.889199    3.8932    12.9004
13.8852    3.9115999    12.9004
13.873199    3.9515998    12.9004
13.8588    4.0004    12.9004
13.849999    4.0252    12.9004
13.8331995    4.0676    12.9004
13.815599    4.1043997    12.9004
13.7948    4.1475997    12.9004
13.7596    4.2163997    12.9004
13.7532    4.2292    12.9004
13.7428    4.2468    12.9004
13.6932    4.3315997    12.9004
13.6676    4.3724    12.9004
13.631599    4.4284    12.9004
13.590799    4.4916    12.9004
13.5876    4.4964    12.9004
13.5644    4.5292    12.9004
13.5604    4.5364    12.9004
13.539599    4.5668    12.9004
13.5252    4.5875998    12.9004
13.5116    4.6043997    12.9004
13.469999    4.6587996    12.9004
13.4156    4.7204    12.9004
13.4148    4.7219996    12.9004
13.3748    4.7683997    12.9004
13.37    4.7764    12.9004
13.3364    4.8188    12.9004
13.3348    4.8212    12.9004
13.3331995    4.8259997    12.9004
13.2948    4.8915997    12.9004
13.266    4.9364    12.9004
13.2596    4.9428    12.9004
13.251599    4.9523997    12.9004
13.2372    4.9628    12.9004
13.211599    4.9756    12.9004
13.1668    4.99    12.9004
13.1444    4.9835997    12.9004
13.120399    4.9756    12.9004
13.1124    4.9716    12.9004
13.098    4.9588    12.9004
13.0876    4.9547997    12.9004
13.073199    4.9396    12.9004
13.058    4.9156    12.9004
13.0515995    4.8835998    12.9004
13.045199    4.8396    12.9004
13.0404    4.8076    12.9004
13.033199    4.7876    12.9004
13.0227995    4.7651997    12.9004
13.0196    4.7395997    12.9004
12.9964    4.7012    12.9004
12.9908    4.6836    12.9004
12.9604    4.6284    12.9004
12.9595995    4.6268    12.9004
12.9372    4.5875998    12.9004
12.918799    4.5555997    12.9004
12.912399    4.5443997    12.9004
12.9108    4.5411997    12.9004
12.9084    4.5364    12.9004
