14.964399    16.1764    15.0004
14.940399    16.15    15.0004
14.9284    16.1276    15.0004
14.924399    16.115599    15.0004
14.9212    16.100399    15.0004
14.9212    16.0892    15.0004
14.922    16.066    15.0004
14.926    16.05    15.0004
14.9316    16.0292    15.0004
14.9484    15.9796    15.0004
14.9564    15.9612    15.0004
14.976399    15.9212    15.0004
14.9956    15.886    15.0004
15.0068    15.866799    15.0004
15.016399    15.8516    15.0004
15.044399    15.809999    15.0004
15.0604    15.7892    15.0004
15.0644    15.781199    15.0004
15.068399    15.7755995    15.0004
15.0716    15.7708    15.0004
15.079599    15.761999    15.0004
15.120399    15.705999    15.0004
15.1236    15.702    15.0004
15.125199    15.699599    15.0004
15.1796    15.635599    15.0004
15.1804    15.635599    15.0004
15.1804    15.6348    15.0004
15.1812    15.6348    15.0004
15.222799    15.5924    15.0004
15.2244    15.590799    15.0004
15.227599    15.5892    15.0004
15.254    15.5716    15.0004
15.2588    15.572399    15.0004
15.279599    15.5716    15.0004
15.297999    15.5828    15.0004
15.302799    15.5868    15.0004
15.308399    15.5924    15.0004
15.3244    15.607599    15.0004
15.332399    15.6147995    15.0004
15.334    15.6164    15.0004
15.3452    15.6324    15.0004
15.358    15.65    15.0004
15.366799    15.677199    15.0004
15.3675995    15.7076    15.0004
15.3684    15.7084    15.0004
15.366799    15.7148    15.0004
15.3619995    15.7428    15.0004
15.360399    15.7492    15.0004
15.349199    15.8188    15.0004
15.3412    15.8628    15.0004
15.3364    15.889999    15.0004
15.3228    15.9436    15.0004
15.303599    16.01    15.0004
15.2987995    16.0236    15.0004
15.2732    16.098799    15.0004
15.252399    16.1436    15.0004
15.252399    16.1444    15.0004
15.227599    16.180399    15.0004
15.222799    16.185999    15.0004
15.2196    16.1884    15.0004
15.205199    16.2036    15.0004
15.1988    16.21    15.0004
15.1956    16.2132    15.0004
15.1788    16.2236    15.0004
15.160399    16.234    15.0004
15.1572    16.2356    15.0004
15.142799    16.2404    15.0004
15.1356    16.2428    15.0004
15.113999    16.2452    15.0004
15.107599    16.2484    15.0004
15.0716    16.246    15.0004
15.0644    16.2452    15.0004
15.062799    16.2452    15.0004
15.0588    16.243599    15.0004
15.0171995    16.2236    15.0004
15.0012    16.2116    15.0004
14.987599    16.2004    15.0004
14.964399    16.1764    15.0004
