7.9491997    3.0884    18.3004
8.0188    3.3755999    18.3004
8.0227995    3.3899999    18.3004
8.0227995    3.3908    18.3004
8.0227995    3.3924    18.3004
8.0236    3.3939998    18.3004
8.027599    3.4148    18.3004
8.0244    3.4164    18.3004
8.01    3.4211998    18.3004
7.994    3.4187999    18.3004
7.9803996    3.4171999    18.3004
7.974    3.4164    18.3004
7.8756    3.4036    18.3004
7.79    3.3916    18.3004
7.7876    3.3924    18.3004
7.77    3.3883998    18.3004
7.7619996    3.3867998    18.3004
7.7436    3.3876    18.3004
7.7316    3.3876    18.3004
7.7236    3.3988    18.3004
7.7156    3.4139998    18.3004
7.7156    3.4268    18.3004
7.7156    3.4436    18.3004
7.7163997    3.4508    18.3004
7.7172    3.4772    18.3004
7.7228    3.6004    18.3004
7.7251997    3.6668    18.3004
7.7307997    3.8179998    18.3004
7.7316    3.842    18.3004
7.7324    3.8611999    18.3004
7.7307997    3.866    18.3004
7.7243996    3.8844    18.3004
7.718    3.8844    18.3004
7.7068    3.8851998    18.3004
7.6956    3.8827999    18.3004
7.6675997    3.8795998    18.3004
7.5611997    3.8651998    18.3004
7.4596    3.8516    18.3004
7.4308    3.8476    18.3004
7.4259996    3.8467999    18.3004
7.3971996    3.8467999    18.3004
7.3964    3.8467999    18.3004
7.3947997    3.8476    18.3004
7.3715997    3.8588    18.3004
7.3603997    3.8883998    18.3004
7.358    3.9155998    18.3004
7.3451996    4.0276    18.3004
7.3251996    4.1907997    18.3004
7.3171997    4.2524    18.3004
7.2995996    4.3915997    18.3004
7.2915998    4.4476    18.3004
7.2868    4.4828    18.3004
7.2563996    4.7116    18.3004
7.2524    4.7412    18.3004
7.2163997    4.9979997    18.3004
7.2148    5.0108    18.3004
7.1812    5.242    18.3004
7.1787996    5.262    18.3004
7.1716    5.3068    18.3004
7.1363997    5.5292    18.3004
7.1187997    5.6356    18.3004
7.0875998    5.8259997    18.3004
7.0652    5.9588    18.3004
7.0355997    6.134    18.3004
7.0003996    6.3364    18.3004
6.9972    6.3532    18.3004
6.99    6.3924    18.3004
6.9659996    6.5172    18.3004
6.9564    6.5676    18.3004
6.954    6.5828    18.3004
6.9523997    6.5923996    18.3004
6.942    6.6436    18.3004
6.922    6.7539997    18.3004
6.8988    6.8652    18.3004
6.8812    6.954    18.3004
6.8459997    7.1308    18.3004
6.8388    7.1668    18.3004
6.83    7.2028    18.3004
6.7868    7.402    18.3004
6.7748    7.4564    18.3004
6.7268    7.6724    18.3004
6.698    7.7924    18.3004
6.686    7.8468    18.3004
6.6563997    7.9571996    18.3004
6.6404    8.0227995    18.3004
6.6155996    8.1164    18.3004
6.6084    8.146    18.3004
6.6028    8.1644    18.3004
6.562    8.3132    18.3004
6.5523996    8.346    18.3004
6.5067997    8.5036    18.3004
6.4747996    8.6012    18.3004
6.4596    8.6532    18.3004
6.4356    8.7268    18.3004
6.4196    8.7699995    18.3004
6.402    8.821199    18.3004
6.3676    8.907599    18.3004
6.3556    8.941199    18.3004
6.3195996    9.0268    18.3004
6.3027997    9.068399    18.3004
6.2956    9.0812    18.3004
6.2732    9.125199    18.3004
6.2716    9.1276    18.3004
6.2332    9.2067995    18.3004
6.2292    9.2132    18.3004
6.194    9.2716    18.3004
6.1836    9.2828    18.3004
6.1507998    9.318    18.3004
6.1428    9.326    18.3004
6.1372    9.332399    18.3004
6.1196    9.342    18.3004
6.1028    9.3524    18.3004
6.0972    9.3564    18.3004
6.0899997    9.361199    18.3004
6.0699997    9.366799    18.3004
6.0532    9.374    18.3004
6.046    9.374    18.3004
6.0252    9.3675995    18.3004
6.0108    9.358    18.3004
5.994    9.3404    18.3004
5.9756    9.3204    18.3004
5.9644    9.3084    18.3004
5.942    9.254    18.3004
5.9332    9.234    18.3004
5.9156    9.1723995    18.3004
5.9084    9.1476    18.3004
5.9035997    9.1292    18.3004
5.8932    9.0868    18.3004
5.878    9.0196    18.3004
5.8659997    8.936399    18.3004
5.8515997    8.8364    18.3004
5.8459997    8.752399    18.3004
5.8356    8.596399    18.3004
5.8339996    8.5708    18.3004
5.8332    8.5612    18.3004
5.8324    8.5444    18.3004
5.8212    8.3164    18.3004
5.8195996    8.13    18.3004
5.8188    8.1092    18.3004
5.8188    7.9867997    18.3004
5.8188    7.9332    18.3004
5.8212    7.8364    18.3004
5.8236    7.7116    18.3004
5.8252    7.6436    18.3004
5.8268    7.5132    18.3004
5.8339996    7.35    18.3004
5.8339996    7.3459997    18.3004
5.8348    7.3427997    18.3004
5.8356    7.3132    18.3004
5.8412    7.1643996    18.3004
5.842    7.1516    18.3004
5.8427997    7.1324    18.3004
5.8476    7.0243998    18.3004
5.8547997    6.9091997    18.3004
5.8588    6.838    18.3004
5.87    6.6555996    18.3004
5.8764    6.566    18.3004
5.8803997    6.4988    18.3004
5.8868    6.4179997    18.3004
5.9068    6.1619997    18.3004
5.934    5.8652    18.3004
5.9364    5.8396    18.3004
5.9379997    5.8132    18.3004
5.9547997    5.6284    18.3004
5.9635997    5.5452    18.3004
5.9684    5.494    18.3004
5.9796    5.3852    18.3004
6.0052    5.1396    18.3004
6.0204    5.0011997    18.3004
6.0316    4.9035997    18.3004
6.0467997    4.7836    18.3004
6.0587997    4.6796    18.3004
6.0692    4.5948    18.3004
6.0924    4.4091997    18.3004
6.1236    4.1596    18.3004
6.1412    4.0284    18.3004
6.1763997    3.7828    18.3004
6.1772    3.7779999    18.3004
6.1812    3.754    18.3004
6.1836    3.7259998    18.3004
6.1836    3.722    18.3004
6.174    3.6996    18.3004
6.1707997    3.6931999    18.3004
6.1651998    3.6908    18.3004
6.1443996    3.6796    18.3004
6.1228    3.6764    18.3004
6.118    3.6755998    18.3004
6.1092    3.6755998    18.3004
6.0948    3.6748    18.3004
6.0492    3.6683998    18.3004
5.8947997    3.6483998    18.3004
5.8756    3.646    18.3004
5.862    3.6452    18.3004
5.8508    3.642    18.3004
5.8324    3.6355999    18.3004
5.8315997    3.6188    18.3004
5.8308    3.6083999    18.3004
5.8356    3.5884    18.3004
5.8444    3.5644    18.3004
5.8644    3.4972    18.3004
5.8835998    3.4355998    18.3004
5.9203997    3.3123999    18.3004
5.9412    3.2428    18.3004
5.9428    3.2364    18.3004
5.9459996    3.2268    18.3004
5.9476    3.2252    18.3004
5.9491997    3.2187998    18.3004
5.9491997    3.2068    18.3004
5.9508    3.1956    18.3004
5.9508    3.1948    18.3004
5.9508    3.194    18.3004
5.9259996    3.1548    18.3004
5.9252    3.1539998    18.3004
5.8915997    3.1427999    18.3004
5.8876    3.142    18.3004
5.8603997    3.1396    18.3004
5.8515997    3.138    18.3004
5.8452    3.1371999    18.3004
5.7939997    3.1324    18.3004
5.7292    3.1227999    18.3004
5.6963997    3.1195998    18.3004
5.694    3.1195998    18.3004
5.6875997    3.1172    18.3004
5.6668    3.1083999    18.3004
5.6668    3.1076    18.3004
5.67    3.0795999    18.3004
5.6819997    3.0588    18.3004
5.6916    3.0419998    18.3004
5.7124    3.0028    18.3004
5.7764    2.8844    18.3004
5.8004    2.8388    18.3004
5.966    2.5276    18.3004
5.9788    2.5019999    18.3004
5.9964    2.4628    18.3004
6.0596    2.3084    18.3004
6.094    2.2252    18.3004
6.1043997    2.1996    18.3004
6.1484    2.0916    18.3004
6.158    2.066    18.3004
6.1772    2.0228    18.3004
6.1844    2.0068    18.3004
6.1948    1.9923999    18.3004
6.2244    1.9363999    18.3004
6.2476    1.9003999    18.3004
6.2707996    1.862    18.3004
6.2756    1.8548    18.3004
6.2907996    1.8316    18.3004
6.2948    1.8252    18.3004
6.4156    1.634    18.3004
6.4684    1.5524    18.3004
6.746    1.122    18.3004
6.7692    1.0876    18.3004
6.7939997    1.046    18.3004
6.8132    1.0124    18.3004
6.8403997    0.9644    18.3004
6.842    0.9604    18.3004
6.8532    0.9404    18.3004
6.8708    0.90919995    18.3004
6.8732    0.90599996    18.3004
6.8756    0.9004    18.3004
6.8996    0.85719997    18.3004
6.9132    0.83879995    18.3004
6.9259996    0.8196    18.3004
6.9459996    0.81159997    18.3004
6.9484    0.8092    18.3004
6.9508    0.8092    18.3004
7.0179996    0.8164    18.3004
7.0308    0.8172    18.3004
7.0316    0.8172    18.3004
7.0323997    0.8172    18.3004
7.062    0.81159997    18.3004
7.1411996    0.7884    18.3004
7.1492    0.78599995    18.3004
7.1707997    0.7852    18.3004
7.1851997    0.78679997    18.3004
7.2148    0.79399997    18.3004
7.2204    0.79399997    18.3004
7.23    0.7988    18.3004
7.2372    0.802    18.3004
7.278    0.8244    18.3004
7.3051996    0.83559996    18.3004
7.3132    0.83879995    18.3004
7.3195996    0.8404    18.3004
7.3459997    0.8444    18.3004
7.3691998    0.8444    18.3004
7.3683996    0.84599996    18.3004
7.3835998    0.8756    18.3004
7.3891997    0.8828    18.3004
7.3908    0.886    18.3004
7.3915997    0.8908    18.3004
7.4212    0.9948    18.3004
7.434    1.0452    18.3004
7.4484    1.0979999    18.3004
7.4532    1.114    18.3004
7.4611998    1.1412    18.3004
7.4772    1.1924    18.3004
7.5843997    1.5092    18.3004
7.6828    1.7947999    18.3004
7.7012    1.8484    18.3004
7.7068    1.8651999    18.3004
7.718    1.9028    18.3004
7.7283998    1.9332    18.3004
7.7468    1.9876    18.3004
7.7507997    2.0012    18.3004
7.758    2.0268    18.3004
7.7644    2.0588    18.3004
7.7739997    2.086    18.3004
7.7819996    2.1196    18.3004
7.7924    2.1915998    18.3004
7.7939997    2.1987998    18.3004
7.7948    2.202    18.3004
7.7956    2.2084    18.3004
7.798    2.2244    18.3004
7.7995996    2.2372    18.3004
7.8356    2.5003998    18.3004
7.8612    2.694    18.3004
7.8683996    2.75    18.3004
7.87    2.7588    18.3004
7.8803997    2.7979999    18.3004
7.8852    2.8195999    18.3004
7.9124    2.9332    18.3004
7.9491997    3.0884    18.3004
