17.9436    30.8028    22.5004
17.942    30.801199    22.5004
17.9268    30.784399    22.5004
17.916399    30.771599    22.5004
17.9044    30.754799    22.5004
17.8988    30.7452    22.5004
17.882    30.719599    22.5004
17.882    30.7188    22.5004
17.881199    30.7172    22.5004
17.8732    30.6932    22.5004
17.8652    30.6668    22.5004
17.864399    30.660398    22.5004
17.862    30.6412    22.5004
17.8612    30.613998    22.5004
17.8604    30.6092    22.5004
17.864399    30.5836    22.5004
17.8652    30.570799    22.5004
17.866    30.565199    22.5004
17.868399    30.553999    22.5004
17.8764    30.5276    22.5004
17.886    30.5084    22.5004
17.8884    30.5028    22.5004
17.8916    30.498    22.5004
17.9028    30.4772    22.5004
17.914799    30.461199    22.5004
17.921999    30.4516    22.5004
17.925999    30.4476    22.5004
17.931599    30.4404    22.5004
17.944399    30.4228    22.5004
17.9564    30.4116    22.5004
17.9732    30.396399    22.5004
17.989199    30.381199    22.5004
18.01    30.3636    22.5004
18.042    30.338    22.5004
18.042799    30.3372    22.5004
18.0444    30.3364    22.5004
18.0476    30.334    22.5004
18.0892    30.3076    22.5004
18.109999    30.293999    22.5004
18.1412    30.2748    22.5004
18.1812    30.253199    22.5004
18.194    30.2468    22.5004
18.2092    30.2396    22.5004
18.246    30.221199    22.5004
18.3484    30.173199    22.5004
18.351599    30.171598    22.5004
18.3556    30.17    22.5004
18.3708    30.1628    22.5004
18.4356    30.1316    22.5004
18.4436    30.128399    22.5004
18.4844    30.111599    22.5004
18.5092    30.1036    22.5004
18.5324    30.0956    22.5004
18.563599    30.0852    22.5004
18.566    30.0844    22.5004
18.5684    30.0844    22.5004
18.614    30.078798    22.5004
18.6148    30.078798    22.5004
18.6308    30.0772    22.5004
18.6468    30.076399    22.5004
18.6492    30.076399    22.5004
18.702    30.0796    22.5004
18.7652    30.0844    22.5004
18.7684    30.0844    22.5004
18.77    30.0844    22.5004
18.8252    30.0884    22.5004
18.8388    30.0892    22.5004
18.8836    30.091599    22.5004
18.909199    30.0924    22.5004
18.921999    30.0924    22.5004
18.9692    30.0884    22.5004
19.0084    30.0836    22.5004
19.0252    30.080399    22.5004
19.0348    30.078798    22.5004
19.0684    30.074    22.5004
19.0916    30.0716    22.5004
19.111599    30.067598    22.5004
19.1412    30.0612    22.5004
19.1828    30.056398    22.5004
19.1932    30.0548    22.5004
19.2356    30.0516    22.5004
19.2684    30.050798    22.5004
19.2812    30.0516    22.5004
19.2868    30.0516    22.5004
19.3084    30.0532    22.5004
19.3364    30.056398    22.5004
19.366    30.059599    22.5004
19.4228    30.070799    22.5004
19.4364    30.073198    22.5004
19.4524    30.0772    22.5004
19.485199    30.081999    22.5004
19.5028    30.0852    22.5004
19.5212    30.0868    22.5004
19.5364    30.085999    22.5004
19.5564    30.081999    22.5004
19.565199    30.080399    22.5004
19.576399    30.076399    22.5004
19.602    30.0628    22.5004
19.6124    30.0572    22.5004
19.615599    30.0548    22.5004
19.6372    30.039598    22.5004
19.650799    30.0308    22.5004
19.6868    30.0084    22.5004
19.689999    30.005999    22.5004
19.697199    30.001999    22.5004
19.743599    29.9748    22.5004
19.7452    29.9732    22.5004
19.7892    29.9532    22.5004
19.8004    29.9476    22.5004
19.8084    29.9452    22.5004
19.8324    29.9364    22.5004
19.8724    29.924398    22.5004
19.8732    29.924398    22.5004
19.9172    29.914    22.5004
19.9308    29.9124    22.5004
19.9532    29.909199    22.5004
19.9716    29.9084    22.5004
19.9828    29.909199    22.5004
20.0084    29.910799    22.5004
20.0284    29.9116    22.5004
20.0476    29.914    22.5004
20.0732    29.9196    22.5004
20.0868    29.9236    22.5004
20.1276    29.938    22.5004
20.1292    29.938799    22.5004
20.1308    29.9396    22.5004
20.167599    29.959599    22.5004
20.182    29.9692    22.5004
20.206    29.9916    22.5004
20.2204    30.0036    22.5004
20.2292    30.018799    22.5004
20.236399    30.0268    22.5004
20.2388    30.0308    22.5004
20.2524    30.0516    22.5004
20.258799    30.066    22.5004
20.2652    30.078    22.5004
20.2676    30.0892    22.5004
20.2724    30.1052    22.5004
20.2756    30.132399    22.5004
20.2764    30.1348    22.5004
20.277199    30.163599    22.5004
20.277199    30.1756    22.5004
20.277199    30.1764    22.5004
20.271599    30.206799    22.5004
20.2708    30.2092    22.5004
20.260399    30.237999    22.5004
20.2596    30.2428    22.5004
20.2516    30.262798    22.5004
20.249199    30.2692    22.5004
20.241999    30.282799    22.5004
20.2356    30.295599    22.5004
20.226799    30.31    22.5004
20.2132    30.329199    22.5004
20.1996    30.3484    22.5004
20.1892    30.3604    22.5004
20.1724    30.379599    22.5004
20.17    30.381199    22.5004
20.1348    30.4116    22.5004
20.1308    30.4156    22.5004
20.094799    30.446    22.5004
20.0836    30.455599    22.5004
20.078    30.4588    22.5004
20.0556    30.485199    22.5004
20.0492    30.4924    22.5004
20.0516    30.515598    22.5004
20.05    30.528399    22.5004
20.066    30.5444    22.5004
20.076399    30.559599    22.5004
20.098799    30.5724    22.5004
20.109999    30.5812    22.5004
20.121199    30.5884    22.5004
20.1412    30.598    22.5004
20.1572    30.6068    22.5004
20.2052    30.6316    22.5004
20.2356    30.6484    22.5004
20.258799    30.6628    22.5004
20.278    30.677198    22.5004
20.2916    30.6876    22.5004
20.3028    30.6964    22.5004
20.3364    30.721199    22.5004
20.3716    30.758799    22.5004
20.3724    30.758799    22.5004
20.392399    30.7836    22.5004
20.3988    30.7964    22.5004
20.403599    30.8044    22.5004
20.414    30.8284    22.5004
20.4212    30.842    22.5004
20.4308    30.872398    22.5004
20.4324    30.875599    22.5004
20.438    30.8996    22.5004
20.442799    30.918798    22.5004
20.4452    30.9292    22.5004
20.4476    30.9636    22.5004
20.448399    30.9828    22.5004
20.4492    31.0124    22.5004
20.448399    31.046799    22.5004
20.448399    31.0588    22.5004
20.4436    31.0836    22.5004
20.438799    31.1052    22.5004
20.43    31.1316    22.5004
20.4196    31.1596    22.5004
20.4172    31.1644    22.5004
20.416399    31.167599    22.5004
20.4132    31.171598    22.5004
20.4052    31.185999    22.5004
20.4012    31.1924    22.5004
20.3948    31.199598    22.5004
20.39    31.208399    22.5004
20.3844    31.2164    22.5004
20.3804    31.221199    22.5004
20.369999    31.236399    22.5004
20.351599    31.253199    22.5004
20.3324    31.2708    22.5004
20.3212    31.2788    22.5004
20.286    31.3004    22.5004
20.2788    31.3044    22.5004
20.2316    31.323599    22.5004
20.2172    31.33    22.5004
20.206799    31.334    22.5004
20.1628    31.345999    22.5004
20.143599    31.3524    22.5004
20.118    31.3596    22.5004
20.081999    31.366798    22.5004
20.0492    31.3732    22.5004
20.0268    31.3788    22.5004
20.0012    31.3844    22.5004
19.9844    31.39    22.5004
19.955599    31.3988    22.5004
19.918    31.413198    22.5004
19.8948    31.420399    22.5004
19.854    31.4364    22.5004
19.7972    31.459599    22.5004
19.7812    31.4692    22.5004
19.777199    31.472399    22.5004
19.7524    31.4924    22.5004
19.747599    31.4972    22.5004
19.736399    31.5252    22.5004
19.736399    31.5268    22.5004
19.7372    31.5388    22.5004
19.7372    31.5588    22.5004
19.7372    31.5604    22.5004
19.747599    31.5924    22.5004
19.7596    31.613998    22.5004
19.7708    31.6372    22.5004
19.7764    31.647598    22.5004
19.778    31.6524    22.5004
19.786    31.674799    22.5004
19.7868    31.6764    22.5004
19.8004    31.713999    22.5004
19.806    31.741999    22.5004
19.81    31.757198    22.5004
19.823599    31.803598    22.5004
19.8364    31.840399    22.5004
19.8492    31.8748    22.5004
19.851599    31.8788    22.5004
19.8612    31.8988    22.5004
19.864399    31.9068    22.5004
19.878    31.933199    22.5004
19.882    31.938    22.5004
19.892399    31.9548    22.5004
19.8996    31.9644    22.5004
19.9156    31.987598    22.5004
19.938799    32.0156    22.5004
19.9524    32.0324    22.5004
19.9652    32.0468    22.5004
19.9996    32.0868    22.5004
20.0476    32.1428    22.5004
20.105999    32.2076    22.5004
20.114    32.2164    22.5004
20.166    32.2724    22.5004
20.1724    32.2788    22.5004
20.173199    32.2788    22.5004
20.226799    32.334    22.5004
20.2508    32.3588    22.5004
20.282    32.3868    22.5004
20.316399    32.4204    22.5004
20.3412    32.446    22.5004
20.3524    32.458797    22.5004
20.3788    32.486797    22.5004
20.379599    32.4884    22.5004
20.3804    32.489998    22.5004
20.392399    32.5052    22.5004
20.3996    32.5148    22.5004
20.4044    32.522    22.5004
20.414799    32.5452    22.5004
20.4172    32.5556    22.5004
20.4188    32.5764    22.5004
20.4188    32.593998    22.5004
20.4132    32.6252    22.5004
20.4116    32.634    22.5004
20.4076    32.6492    22.5004
20.3948    32.6868    22.5004
20.3804    32.7236    22.5004
20.3724    32.7404    22.5004
20.3692    32.7476    22.5004
20.358    32.7692    22.5004
20.3524    32.7796    22.5004
20.3436    32.7956    22.5004
20.316399    32.8388    22.5004
20.3076    32.852398    22.5004
20.2916    32.8756    22.5004
20.271599    32.902798    22.5004
20.2396    32.946    22.5004
20.236399    32.950798    22.5004
20.2348    32.9524    22.5004
20.232399    32.9548    22.5004
20.2004    32.992397    22.5004
20.1996    32.9932    22.5004
20.1596    33.0324    22.5004
20.13    33.058    22.5004
20.128399    33.0588    22.5004
20.1108    33.071598    22.5004
20.109999    33.071598    22.5004
20.080399    33.0868    22.5004
20.078    33.088398    22.5004
20.052399    33.0988    22.5004
20.031599    33.1028    22.5004
20.0268    33.1036    22.5004
20.000399    33.1068    22.5004
19.9988    33.1068    22.5004
19.996399    33.1068    22.5004
19.9676    33.1084    22.5004
19.9508    33.107597    22.5004
19.948399    33.107597    22.5004
19.925999    33.1044    22.5004
19.920399    33.1044    22.5004
19.9076    33.101997    22.5004
19.886    33.098    22.5004
19.8564    33.088398    22.5004
19.8556    33.088398    22.5004
19.854    33.0876    22.5004
19.8212    33.078    22.5004
19.8076    33.073997    22.5004
19.7756    33.062798    22.5004
19.7396    33.0532    22.5004
19.689999    33.038    22.5004
19.6756    33.034798    22.5004
19.6468    33.0276    22.5004
19.6108    33.017998    22.5004
19.565199    33.0084    22.5004
19.5388    33.002    22.5004
19.5164    32.9988    22.5004
19.496399    32.9972    22.5004
19.483599    32.995598    22.5004
19.4564    32.9908    22.5004
19.4436    32.989998    22.5004
19.4348    32.9916    22.5004
19.414    32.9892    22.5004
19.3916    32.992397    22.5004
19.3884    32.994    22.5004
19.358799    33.0044    22.5004
19.353199    33.0084    22.5004
19.345999    33.0132    22.5004
19.329199    33.022    22.5004
19.310799    33.0332    22.5004
19.3076    33.0372    22.5004
19.2732    33.0708    22.5004
19.2724    33.071598    22.5004
19.2724    33.0724    22.5004
19.271599    33.0724    22.5004
19.2412    33.093998    22.5004
19.218    33.1004    22.5004
19.2052    33.107597    22.5004
19.197199    33.106    22.5004
19.1604    33.101997    22.5004
19.1556    33.1004    22.5004
19.1236    33.0916    22.5004
19.114    33.088398    22.5004
19.086    33.0676    22.5004
19.063599    33.0524    22.5004
19.0452    33.034798    22.5004
19.024399    33.0164    22.5004
18.994    32.9852    22.5004
18.9916    32.9828    22.5004
18.9708    32.9636    22.5004
18.966    32.9604    22.5004
18.9468    32.9468    22.5004
18.946    32.945198    22.5004
18.9236    32.9284    22.5004
18.9156    32.919598    22.5004
18.8956    32.902    22.5004
18.8892    32.894    22.5004
18.869999    32.8796    22.5004
18.8604    32.865997    22.5004
18.8436    32.8516    22.5004
18.8324    32.837997    22.5004
18.8196    32.8276    22.5004
18.806799    32.8148    22.5004
18.795599    32.8084    22.5004
18.7812    32.7908    22.5004
18.7764    32.7892    22.5004
18.7732    32.7844    22.5004
18.758    32.7732    22.5004
18.7484    32.7604    22.5004
18.746    32.758    22.5004
18.7116    32.7276    22.5004
18.7092    32.7252    22.5004
18.7052    32.7196    22.5004
18.6468    32.6588    22.5004
18.633999    32.6452    22.5004
18.5972    32.613197    22.5004
18.5916    32.607597    22.5004
18.587599    32.605198    22.5004
18.5572    32.590797    22.5004
18.542    32.586    22.5004
18.514    32.5892    22.5004
18.5124    32.590797    22.5004
18.5092    32.5972    22.5004
18.489199    32.627598    22.5004
18.4876    32.633198    22.5004
18.472399    32.692398    22.5004
18.4652    32.733997    22.5004
18.4644    32.7476    22.5004
18.4628    32.77    22.5004
18.458    32.806    22.5004
18.4532    32.8348    22.5004
18.4524    32.843597    22.5004
18.448399    32.8556    22.5004
18.438799    32.8988    22.5004
18.4364    32.9092    22.5004
18.4156    32.9492    22.5004
18.41    32.961998    22.5004
18.4084    32.9668    22.5004
18.3972    32.974    22.5004
18.3676    33.001198    22.5004
18.347599    33.0148    22.5004
18.3228    33.017998    22.5004
18.299599    33.0076    22.5004
18.2868    32.9988    22.5004
18.2668    32.981197    22.5004
18.236399    32.954    22.5004
18.1964    32.908398    22.5004
18.167599    32.874798    22.5004
18.154    32.8564    22.5004
18.1444    32.841198    22.5004
18.117199    32.7996    22.5004
18.09    32.7548    22.5004
18.0796    32.739597    22.5004
18.0716    32.722797    22.5004
18.0476    32.6884    22.5004
18.046799    32.6876    22.5004
18.046799    32.6868    22.5004
18.0212    32.6452    22.5004
18.01    32.624397    22.5004
17.996399    32.6036    22.5004
17.9828    32.578    22.5004
17.9732    32.5588    22.5004
17.9652    32.5452    22.5004
17.9588    32.5276    22.5004
17.9308    32.4724    22.5004
17.9284    32.467598    22.5004
17.9244    32.458797    22.5004
17.897999    32.3996    22.5004
17.8972    32.397198    22.5004
17.878    32.346798    22.5004
17.8612    32.2956    22.5004
17.858799    32.2892    22.5004
17.857199    32.2828    22.5004
17.8412    32.23    22.5004
17.834799    32.2052    22.5004
17.8268    32.1676    22.5004
17.8204    32.13    22.5004
17.8148    32.086    22.5004
17.8116    32.062    22.5004
17.8084    32.023598    22.5004
17.8036    31.938    22.5004
17.8028    31.9228    22.5004
17.802    31.8708    22.5004
17.801199    31.8524    22.5004
17.8044    31.806799    22.5004
17.806    31.7732    22.5004
17.816399    31.699598    22.5004
17.817999    31.6836    22.5004
17.83    31.618    22.5004
17.8324    31.6052    22.5004
17.8484    31.537199    22.5004
17.8484    31.5364    22.5004
17.8484    31.535599    22.5004
17.8652    31.477999    22.5004
17.8836    31.424398    22.5004
17.892399    31.3988    22.5004
17.910799    31.3484    22.5004
17.9196    31.3244    22.5004
17.944399    31.2652    22.5004
17.9476    31.258    22.5004
17.9484    31.2556    22.5004
17.966799    31.217999    22.5004
17.99    31.1708    22.5004
18.022    31.1124    22.5004
18.024399    31.108398    22.5004
18.0252    31.1068    22.5004
18.038    31.0868    22.5004
18.0684    31.0404    22.5004
18.0796    31.0252    22.5004
18.093199    31.0068    22.5004
18.0956    31.004398    22.5004
18.0996    30.998798    22.5004
18.1148    30.9788    22.5004
18.126799    30.9604    22.5004
18.1364    30.946    22.5004
18.1332    30.929998    22.5004
18.1316    30.9084    22.5004
18.1012    30.8956    22.5004
18.100399    30.894798    22.5004
18.09    30.892399    22.5004
18.0756    30.8876    22.5004
18.0684    30.8844    22.5004
18.0564    30.879599    22.5004
18.037199    30.8708    22.5004
18.014    30.8596    22.5004
17.994    30.8452    22.5004
17.9812    30.8356    22.5004
17.9748    30.83    22.5004
17.9492    30.8076    22.5004
17.9436    30.8028    22.5004
