23.2156    30.070799    14.1004
23.2164    30.063599    14.1004
23.2172    30.063599    14.1004
23.217999    30.052399    14.1004
23.2244    30.022799    14.1004
23.221199    29.998    14.1004
23.2204    29.994799    14.1004
23.2204    29.994    14.1004
23.202    29.9628    14.1004
23.1996    29.9588    14.1004
23.1828    29.941198    14.1004
23.174    29.933199    14.1004
23.1652    29.9228    14.1004
23.1484    29.9052    14.1004
23.137999    29.892399    14.1004
23.13    29.8788    14.1004
23.122799    29.866    14.1004
23.117199    29.851599    14.1004
23.1148    29.8428    14.1004
23.114    29.827599    14.1004
23.1164    29.8084    14.1004
23.117199    29.8076    14.1004
23.1244    29.7732    14.1004
23.1316    29.758    14.1004
23.1372    29.745998    14.1004
23.145199    29.73    14.1004
23.1516    29.7204    14.1004
23.160398    29.7116    14.1004
23.174    29.695599    14.1004
23.206    29.6668    14.1004
23.21    29.6628    14.1004
23.2116    29.6612    14.1004
23.237999    29.637999    14.1004
23.25    29.63    14.1004
23.269999    29.613998    14.1004
23.289999    29.600399    14.1004
23.306799    29.587599    14.1004
23.323599    29.5772    14.1004
23.347599    29.561998    14.1004
23.364399    29.5516    14.1004
23.385199    29.541199    14.1004
23.41    29.528399    14.1004
23.4404    29.5164    14.1004
23.470798    29.505999    14.1004
23.4756    29.504398    14.1004
23.4868    29.5028    14.1004
23.5156    29.498798    14.1004
23.5324    29.4972    14.1004
23.552399    29.4924    14.1004
23.569199    29.490799    14.1004
23.580399    29.490799    14.1004
23.594    29.49    14.1004
23.6164    29.4916    14.1004
23.628399    29.494    14.1004
23.6444    29.500399    14.1004
23.6572    29.504398    14.1004
23.661999    29.507599    14.1004
23.678799    29.522    14.1004
23.689999    29.541199    14.1004
23.694    29.548399    14.1004
23.694    29.550798    14.1004
23.698    29.5796    14.1004
23.698    29.593199    14.1004
23.6964    29.609999    14.1004
23.6948    29.6236    14.1004
23.6932    29.6292    14.1004
23.684399    29.6756    14.1004
23.6836    29.678    14.1004
23.6836    29.678799    14.1004
23.674    29.7076    14.1004
23.661999    29.7428    14.1004
23.661999    29.743599    14.1004
23.6404    29.788399    14.1004
23.639599    29.7916    14.1004
23.6356    29.7988    14.1004
23.6292    29.814    14.1004
23.6252    29.823599    14.1004
23.615599    29.849998    14.1004
23.6132    29.8732    14.1004
23.609999    29.8996    14.1004
23.605999    29.918    14.1004
23.602    29.9308    14.1004
23.591599    29.959599    14.1004
23.578    29.9916    14.1004
23.576399    29.9972    14.1004
23.5684    30.011599    14.1004
23.5516    30.046    14.1004
23.539598    30.0668    14.1004
23.5332    30.0772    14.1004
23.5268    30.085999    14.1004
23.5204    30.0924    14.1004
23.4972    30.117199    14.1004
23.4868    30.126    14.1004
23.466    30.1444    14.1004
23.453999    30.1532    14.1004
23.438    30.163599    14.1004
23.425999    30.171598    14.1004
23.410799    30.178799    14.1004
23.3876    30.1892    14.1004
23.381199    30.1924    14.1004
23.358799    30.198    14.1004
23.3492    30.201199    14.1004
23.3228    30.205198    14.1004
23.3204    30.205198    14.1004
23.31    30.2044    14.1004
23.2964    30.202    14.1004
23.258    30.188398    14.1004
23.2556    30.1876    14.1004
23.2556    30.1868    14.1004
23.2348    30.1708    14.1004
23.2244    30.1572    14.1004
23.2228    30.1532    14.1004
23.2156    30.1356    14.1004
23.2156    30.1348    14.1004
23.212399    30.1052    14.1004
23.2148    30.0796    14.1004
23.2156    30.070799    14.1004
