13.11    26.9924    2.1004
13.1572    26.9884    2.1004
13.263599    26.9628    2.1004
13.309199    26.9516    2.1004
13.4108    26.909199    2.1004
13.4539995    26.8916    2.1004
13.5484    26.834    2.1004
13.5884    26.809198    2.1004
13.671599    26.737999    2.1004
13.7076    26.7076    2.1004
13.7788    26.6244    2.1004
13.809199    26.5884    2.1004
13.866799    26.494    2.1004
13.8916    26.453999    2.1004
13.934    26.3524    2.1004
13.9516    26.3092    2.1004
13.9772    26.202799    2.1004
13.9883995    26.1572    2.1004
13.9972    26.0476    2.1004
14.0004    26.000399    2.1004
14.0004    23.001999    2.1004
14.0004    16.0004    2.1004
13.9916    15.8907995    2.1004
13.9883995    15.843599    2.1004
13.9628    15.7372    2.1004
13.9516    15.6916    2.1004
13.9092    15.589999    2.1004
13.8916    15.5468    2.1004
13.834    15.452399    2.1004
13.809199    15.412399    2.1004
13.738    15.3292    2.1004
13.7076    15.2932    2.1004
13.624399    15.221999    2.1004
13.5884    15.1916    2.1004
13.4939995    15.134    2.1004
13.4539995    15.1092    2.1004
13.3524    15.066799    2.1004
13.309199    15.0492    2.1004
13.2028    15.0236    2.1004
13.1572    15.0124    2.1004
13.0476    15.003599    2.1004
13.0004    15.0004    2.1004
12.700399    15.0004    2.1004
12.0004    15.0004    2.1004
11.8907995    15.0092    2.1004
11.843599    15.0124    2.1004
11.7372    15.037999    2.1004
11.6916    15.0492    2.1004
11.59    15.091599    2.1004
11.5468    15.1092    2.1004
11.452399    15.1668    2.1004
11.412399    15.1916    2.1004
11.3292    15.262799    2.1004
11.2932    15.2932    2.1004
11.222    15.3764    2.1004
11.1916    15.412399    2.1004
11.134    15.5068    2.1004
11.1092    15.5468    2.1004
11.0668    15.648399    2.1004
11.0492    15.6916    2.1004
11.0236    15.797999    2.1004
11.0124    15.843599    2.1004
11.0036    15.953199    2.1004
11.0004    16.0004    2.1004
11.0004    18.9988    2.1004
11.0004    26.000399    2.1004
11.0092    26.109999    2.1004
11.0124    26.1572    2.1004
11.038    26.2636    2.1004
11.0492    26.3092    2.1004
11.091599    26.410799    2.1004
11.1092    26.453999    2.1004
11.1668    26.548399    2.1004
11.1916    26.5884    2.1004
11.262799    26.671598    2.1004
11.2932    26.7076    2.1004
11.3764    26.7788    2.1004
11.412399    26.809198    2.1004
11.5068    26.866798    2.1004
11.5468    26.8916    2.1004
11.648399    26.934    2.1004
11.6916    26.9516    2.1004
11.797999    26.9772    2.1004
11.843599    26.9884    2.1004
11.953199    26.9972    2.1004
12.0004    27.000399    2.1004
12.3004    27.000399    2.1004
13.0004    27.000399    2.1004
13.11    26.9924    2.1004
