39.0004    16.0004    2.1004
39.0004    23.001999    2.1004
39.0004    26.000399    2.1004
38.9972    26.0476    2.1004
38.9884    26.1572    2.1004
38.9772    26.202799    2.1004
38.9516    26.3092    2.1004
38.934    26.3524    2.1004
38.891598    26.453999    2.1004
38.8668    26.494    2.1004
38.8092    26.5884    2.1004
38.778797    26.6244    2.1004
38.7076    26.7076    2.1004
38.6716    26.737999    2.1004
38.588398    26.809198    2.1004
38.5484    26.834    2.1004
38.454    26.8916    2.1004
38.4108    26.909199    2.1004
38.3092    26.9516    2.1004
38.2636    26.9628    2.1004
38.1572    26.9884    2.1004
38.11    26.9924    2.1004
38.0004    27.000399    2.1004
37.3004    27.000399    2.1004
37.0004    27.000399    2.1004
36.953197    26.9972    2.1004
36.843597    26.9884    2.1004
36.798    26.9772    2.1004
36.6916    26.9516    2.1004
36.6484    26.934    2.1004
36.5468    26.8916    2.1004
36.506798    26.866798    2.1004
36.4124    26.809198    2.1004
36.3764    26.7788    2.1004
36.293198    26.7076    2.1004
36.2628    26.671598    2.1004
36.1916    26.5884    2.1004
36.166798    26.548399    2.1004
36.1092    26.453999    2.1004
36.0916    26.410799    2.1004
36.0492    26.3092    2.1004
36.038    26.2636    2.1004
36.012398    26.1572    2.1004
36.0084    26.109999    2.1004
36.0004    26.000399    2.1004
36.0004    18.9988    2.1004
36.0004    16.0004    2.1004
36.003597    15.953199    2.1004
36.012398    15.843599    2.1004
36.023598    15.797999    2.1004
36.0492    15.6916    2.1004
36.0668    15.648399    2.1004
36.1092    15.5468    2.1004
36.134    15.5068    2.1004
36.1916    15.412399    2.1004
36.222    15.3764    2.1004
36.293198    15.2932    2.1004
36.3292    15.262799    2.1004
36.4124    15.1916    2.1004
36.4524    15.1668    2.1004
36.5468    15.1092    2.1004
36.59    15.091599    2.1004
36.6916    15.0492    2.1004
36.737198    15.037999    2.1004
36.843597    15.0124    2.1004
36.8908    15.0092    2.1004
37.0004    15.0004    2.1004
37.700397    15.0004    2.1004
38.0004    15.0004    2.1004
38.0476    15.003599    2.1004
38.1572    15.0124    2.1004
38.2028    15.0236    2.1004
38.3092    15.0492    2.1004
38.352398    15.066799    2.1004
38.454    15.1092    2.1004
38.494    15.134    2.1004
38.588398    15.1916    2.1004
38.624397    15.221999    2.1004
38.7076    15.2932    2.1004
38.738    15.3292    2.1004
38.8092    15.412399    2.1004
38.834    15.452399    2.1004
38.891598    15.5468    2.1004
38.9092    15.589999    2.1004
38.9516    15.6916    2.1004
38.9628    15.7372    2.1004
38.9884    15.843599    2.1004
38.9916    15.8907995    2.1004
39.0004    16.0004    2.1004
