32.1204    4.1819997    2.1004
32.1316    4.1324    2.1004
32.1372    4.014    2.1004
32.1396    3.9627998    2.1004
32.1252    3.8444    2.1004
32.118797    3.794    2.1004
32.0844    3.6796    2.1004
32.0692    3.6308    2.1004
32.0156    3.5244    2.1004
31.993198    3.4787998    2.1004
31.9228    3.3827999    2.1004
31.892399    3.342    2.1004
31.806799    3.2588    2.1004
31.769999    3.2236    2.1004
31.671598    3.1571999    2.1004
31.6292    3.1283998    2.1004
31.5204    3.0788    2.1004
31.473999    3.0579998    2.1004
31.358799    3.0275998    2.1004
31.31    3.0147998    2.1004
31.191599    3.0044    2.1004
31.1404    3.0003998    2.1004
26.8412    3.0003998    2.1004
25.000399    3.0003998    2.1004
20.701199    3.0003998    2.1004
18.8604    3.0003998    2.1004
18.741999    3.0108    2.1004
18.6908    3.0147998    2.1004
18.5756    3.0451999    2.1004
18.5268    3.0579998    2.1004
18.418    3.1076    2.1004
18.3716    3.1283998    2.1004
18.2732    3.1948    2.1004
18.230799    3.2236    2.1004
18.145199    3.3068    2.1004
18.1084    3.342    2.1004
18.038    3.438    2.1004
18.007599    3.4787998    2.1004
17.954    3.5851998    2.1004
17.931599    3.6308    2.1004
17.8972    3.7452    2.1004
17.882    3.794    2.1004
17.8676    3.9124    2.1004
17.8612    3.9627998    2.1004
17.8668    4.0812    2.1004
17.8692    4.1324    2.1004
17.8948    4.2492    2.1004
17.906    4.2988    2.1004
18.9348    7.5908    2.1004
19.375599    9.0004    2.1004
22.645199    19.4644    2.1004
24.046    23.946    2.1004
24.0908    24.0556    2.1004
24.109999    24.102798    2.1004
24.1724    24.202799    2.1004
24.1988    24.246    2.1004
24.277199    24.334799    2.1004
24.310799    24.3724    2.1004
24.403599    24.446    2.1004
24.442799    24.477999    2.1004
24.546    24.5348    2.1004
24.59    24.559599    2.1004
24.701199    24.598799    2.1004
24.749199    24.615599    2.1004
24.866    24.6356    2.1004
24.9156    24.6444    2.1004
24.9748    24.6468    2.1004
25.000399    24.6476    2.1004
25.059599    24.645199    2.1004
25.0852    24.6444    2.1004
25.202    24.6244    2.1004
25.2516    24.615599    2.1004
25.362799    24.576399    2.1004
25.410799    24.559599    2.1004
25.514    24.5028    2.1004
25.557999    24.477999    2.1004
25.650799    24.4044    2.1004
25.689999    24.3724    2.1004
25.7684    24.2836    2.1004
25.802    24.246    2.1004
25.864399    24.146    2.1004
25.890799    24.102798    2.1004
25.9356    23.9932    2.1004
25.9548    23.946    2.1004
27.795599    18.0548    2.1004
32.0948    4.2988    2.1004
32.1204    4.1819997    2.1004
