29.6924    26.656399    2.1004
29.7396    26.6668    2.1004
29.8524    26.673199    2.1004
29.9012    26.6764    2.1004
30.014    26.6652    2.1004
30.061998    26.660398    2.1004
30.171598    26.6308    2.1004
30.2188    26.618    2.1004
30.321999    26.570799    2.1004
30.366    26.550798    2.1004
30.4604    26.4884    2.1004
30.500399    26.461199    2.1004
30.5836    26.3836    2.1004
30.6188    26.3508    2.1004
30.688398    26.2612    2.1004
30.717999    26.2228    2.1004
30.771599    26.1236    2.1004
30.7948    26.0812    2.1004
30.8324    25.973999    2.1004
30.8484    25.9284    2.1004
30.868399    25.816399    2.1004
30.8764    25.7684    2.1004
31.017199    24.2412    2.1004
31.3452    20.6764    2.1004
31.345999    20.5556    2.1004
31.345999    20.5044    2.1004
31.325998    20.386    2.1004
31.3172    20.334799    2.1004
31.277199    20.222    2.1004
31.260399    20.173199    2.1004
31.201199    20.0676    2.1004
31.1764    20.0228    2.1004
31.100399    19.93    2.1004
31.067598    19.89    2.1004
30.9772    19.810799    2.1004
30.938    19.777199    2.1004
30.834799    19.7148    2.1004
30.7908    19.6876    2.1004
30.6812    19.680399    2.1004
30.633999    19.6772    2.1004
30.524399    19.6868    2.1004
30.4772    19.6908    2.1004
30.3708    19.718    2.1004
30.3252    19.7292    2.1004
30.223598    19.7724    2.1004
30.180399    19.7908    2.1004
30.087599    19.8492    2.1004
30.0476    19.873999    2.1004
29.9644    19.946    2.1004
29.9292    19.9772    2.1004
29.858799    20.062    2.1004
29.8284    20.098    2.1004
29.771599    20.1924    2.1004
29.747599    20.2332    2.1004
29.706799    20.334799    2.1004
29.6892    20.3788    2.1004
29.241999    21.81    2.1004
28.197199    25.150799    2.1004
28.173199    25.258    2.1004
28.1628    25.3044    2.1004
28.1556    25.414    2.1004
28.1524    25.4604    2.1004
28.161999    25.57    2.1004
28.165998    25.617199    2.1004
28.1932    25.723598    2.1004
28.2044    25.7692    2.1004
28.247599    25.869999    2.1004
28.265999    25.913198    2.1004
28.3252    26.005999    2.1004
28.349998    26.046    2.1004
28.421999    26.1292    2.1004
28.4532    26.1644    2.1004
28.537199    26.234798    2.1004
28.5732    26.2652    2.1004
28.667599    26.3212    2.1004
28.708399    26.3452    2.1004
28.81    26.386    2.1004
28.854    26.403599    2.1004
29.0724    26.4716    2.1004
29.581999    26.6316    2.1004
29.6924    26.656399    2.1004
