19.1444    25.8804    2.1004
19.1524    25.9284    2.1004
19.189999    26.035599    2.1004
19.206    26.0812    2.1004
19.2596    26.180399    2.1004
19.282799    26.2228    2.1004
19.3524    26.312399    2.1004
19.382    26.3508    2.1004
19.4652    26.4284    2.1004
19.500399    26.461199    2.1004
19.594799    26.5236    2.1004
19.6348    26.550798    2.1004
19.737999    26.598    2.1004
19.782    26.618    2.1004
19.8916    26.6476    2.1004
19.938799    26.660398    2.1004
20.0516    26.671598    2.1004
20.0996    26.6764    2.1004
20.2124    26.67    2.1004
20.2612    26.6668    2.1004
20.3716    26.642    2.1004
20.4188    26.6316    2.1004
20.6372    26.563599    2.1004
21.1468    26.403599    2.1004
21.2484    26.362799    2.1004
21.2924    26.3452    2.1004
21.386799    26.2892    2.1004
21.427599    26.2652    2.1004
21.511599    26.1948    2.1004
21.5476    26.1644    2.1004
21.6196    26.0812    2.1004
21.650799    26.046    2.1004
21.71    25.9532    2.1004
21.7348    25.913198    2.1004
21.778    25.812399    2.1004
21.7964    25.7692    2.1004
21.823599    25.6628    2.1004
21.834799    25.617199    2.1004
21.844398    25.507599    2.1004
21.8484    25.4604    2.1004
21.8412    25.3508    2.1004
21.838    25.3044    2.1004
21.814    25.197199    2.1004
21.8036    25.150799    2.1004
21.3564    23.719599    2.1004
20.3116    20.3788    2.1004
20.2708    20.277199    2.1004
20.253199    20.2332    2.1004
20.1964    20.1388    2.1004
20.1724    20.098    2.1004
20.102    20.013199    2.1004
20.0716    19.9772    2.1004
19.9884    19.9052    2.1004
19.9532    19.873999    2.1004
19.8604    19.8156    2.1004
19.8204    19.7908    2.1004
19.7188    19.747599    2.1004
19.6756    19.7292    2.1004
19.569199    19.702    2.1004
19.5236    19.6908    2.1004
19.414    19.6812    2.1004
19.3668    19.6772    2.1004
19.2572    19.684399    2.1004
19.21    19.6876    2.1004
19.1068    19.75    2.1004
19.0628    19.777199    2.1004
18.972399    19.8564    2.1004
18.933199    19.89    2.1004
18.857199    19.9828    2.1004
18.8244    20.0228    2.1004
18.7652    20.128399    2.1004
18.7404    20.173199    2.1004
18.7004    20.286    2.1004
18.6836    20.334799    2.1004
18.663599    20.4532    2.1004
18.6548    20.5044    2.1004
18.6556    20.6252    2.1004
18.6556    20.6764    2.1004
18.7964    22.2036    2.1004
19.1244    25.7684    2.1004
19.1444    25.8804    2.1004
