5.534    12.028399    19.8004
5.5411997    12.014    19.8004
5.5587997    11.9852    19.8004
5.5843997    11.9428    19.8004
5.5884    11.9372    19.8004
5.5964    11.9268    19.8004
5.634    11.8924    19.8004
5.6563997    11.874    19.8004
5.666    11.860399    19.8004
5.6772    11.854    19.8004
5.6963997    11.849199    19.8004
5.7163997    11.8452    19.8004
5.7283998    11.8516    19.8004
5.7532    11.8564    19.8004
5.7732    11.8804    19.8004
5.7748    11.8716    19.8004
5.7771997    11.8748    19.8004
5.8132    11.938    19.8004
5.8244    11.958799    19.8004
5.842    12.0132    19.8004
5.8564    12.0524    19.8004
5.862    12.0708    19.8004
5.8724    12.1188    19.8004
5.8891997    12.1924    19.8004
5.8956    12.233999    19.8004
5.9084    12.315599    19.8004
5.9235997    12.4348    19.8004
5.9252    12.4516    19.8004
5.9259996    12.4564    19.8004
5.9259996    12.4604    19.8004
5.9276    12.4836    19.8004
5.9364    12.6435995    19.8004
5.9379997    12.677199    19.8004
5.9444    12.7932    19.8004
5.9452    12.809199    19.8004
5.9516    12.9556    19.8004
5.9516    13.1156    19.8004
5.9516    13.1396    19.8004
5.9508    13.279599    19.8004
5.95    13.4332    19.8004
5.95    13.436399    19.8004
5.95    13.441999    19.8004
5.9435997    13.7067995    19.8004
5.9412    13.779599    19.8004
5.9379997    13.865999    19.8004
5.9284    14.1044    19.8004
5.9179997    14.2828    19.8004
5.9124    14.372399    19.8004
5.9084    14.440399    19.8004
5.9028    14.5068    19.8004
5.8915997    14.7036    19.8004
5.8891997    14.7332    19.8004
5.8683996    15.006    19.8004
5.858    15.125999    19.8004
5.85    15.222799    19.8004
5.8356    15.377999    19.8004
5.8227997    15.515599    19.8004
5.8051996    15.7067995    19.8004
5.7915998    15.8331995    19.8004
5.7707996    16.0348    19.8004
5.7563996    16.163599    19.8004
5.738    16.326    19.8004
5.7219996    16.4636    19.8004
5.71    16.5676    19.8004
5.6772    16.8276    19.8004
5.6556    16.9924    19.8004
5.6348    17.1476    19.8004
5.6131997    17.302    19.8004
5.5931997    17.4484    19.8004
5.5764    17.570799    19.8004
5.5508    17.743599    19.8004
5.534    17.8548    19.8004
5.5235996    17.9228    19.8004
5.5004    18.066    19.8004
5.4844    18.1652    19.8004
5.4556    18.3396    19.8004
5.4476    18.394    19.8004
5.4323997    18.4812    19.8004
5.4044    18.6492    19.8004
5.3492    18.9564    19.8004
5.3483996    18.9628    19.8004
5.3459997    18.9716    19.8004
5.3124    19.1548    19.8004
5.29    19.2668    19.8004
5.2748    19.3492    19.8004
5.2556    19.4468    19.8004
5.2492    19.4804    19.8004
5.23    19.574    19.8004
5.194    19.7484    19.8004
5.166    19.879599    19.8004
5.1396    20.000399    19.8004
5.1052    20.1484    19.8004
5.0908    20.2148    19.8004
5.054    20.366    19.8004
5.0476    20.392399    19.8004
4.9964    20.5956    19.8004
4.9884    20.6252    19.8004
4.9876    20.6292    19.8004
4.9388    20.8084    19.8004
4.9172    20.8828    19.8004
4.8932    20.97    19.8004
4.862    21.07    19.8004
4.8452    21.126    19.8004
4.8332    21.163599    19.8004
4.7939997    21.2796    19.8004
4.7683997    21.3556    19.8004
4.7612    21.3772    19.8004
4.7539997    21.394    19.8004
4.706    21.5156    19.8004
4.6772    21.5844    19.8004
4.666    21.6108    19.8004
4.6404    21.6612    19.8004
4.6243997    21.6932    19.8004
4.5955997    21.7564    19.8004
4.5875998    21.7724    19.8004
4.5836    21.7796    19.8004
4.554    21.8148    19.8004
4.5299997    21.8524    19.8004
4.5076    21.875599    19.8004
4.4716    21.9012    19.8004
4.4579997    21.909199    19.8004
4.4244    21.920399    19.8004
4.4188    21.9228    19.8004
4.4124    21.9236    19.8004
4.3868    21.9124    19.8004
4.3684    21.8948    19.8004
4.3515997    21.886799    19.8004
4.3308    21.8524    19.8004
4.322    21.833199    19.8004
4.2971997    21.784399    19.8004
4.2964    21.782    19.8004
4.2956    21.782    19.8004
4.2651997    21.6876    19.8004
4.2636    21.684399    19.8004
4.2612    21.6716    19.8004
4.2395997    21.5404    19.8004
4.2356    21.507599    19.8004
4.2316    21.482    19.8004
4.2139997    21.345999    19.8004
4.21    21.3156    19.8004
4.2051997    21.23    19.8004
4.1972    21.1308    19.8004
4.194    21.057999    19.8004
4.1884    20.9684    19.8004
4.1868    20.890799    19.8004
4.186    20.8076    19.8004
4.186    20.7388    19.8004
4.1819997    20.6164    19.8004
4.1819997    20.569199    19.8004
4.1819997    20.5236    19.8004
4.1836    20.4028    19.8004
4.1868    20.2636    19.8004
4.1875997    20.1684    19.8004
4.1924    20.0492    19.8004
4.1956    19.9284    19.8004
4.2004    19.816399    19.8004
4.2036    19.7516    19.8004
4.2051997    19.726799    19.8004
4.2107997    19.5772    19.8004
4.2156    19.4812    19.8004
4.2236    19.3676    19.8004
4.2332    19.2156    19.8004
4.2427998    19.07    19.8004
4.2483997    18.9972    19.8004
4.2588    18.8652    19.8004
4.2683997    18.7316    19.8004
4.2876    18.505999    19.8004
4.2956    18.4124    19.8004
4.3012    18.3556    19.8004
4.3076    18.301199    19.8004
4.3188    18.1716    19.8004
4.33    18.0532    19.8004
4.3492    17.866    19.8004
4.3676    17.6964    19.8004
4.3772    17.611599    19.8004
4.3915997    17.4812    19.8004
4.4124    17.3004    19.8004
4.4316    17.138    19.8004
4.4491997    16.9988    19.8004
4.454    16.9604    19.8004
4.4844    16.726799    19.8004
4.4948    16.6524    19.8004
4.5188    16.479599    19.8004
4.5348    16.3636    19.8004
4.558    16.194    19.8004
4.5796    16.0532    19.8004
4.5908    15.978    19.8004
4.6028    15.9028    19.8004
4.6404    15.6572    19.8004
4.6628    15.5188    19.8004
4.6851997    15.3796    19.8004
4.6924    15.337199    19.8004
4.7068    15.2476    19.8004
4.73    15.113199    19.8004
4.7492    15.0028    19.8004
4.7627997    14.929999    19.8004
4.8156    14.6412    19.8004
4.8203998    14.613999    19.8004
4.8283997    14.5724    19.8004
4.87    14.3619995    19.8004
4.9028    14.1916    19.8004
4.9356    14.033199    19.8004
4.9708    13.8708    19.8004
4.9723997    13.8636    19.8004
4.9796    13.832399    19.8004
5.006    13.717199    19.8004
5.0084    13.705999    19.8004
5.0484    13.5292    19.8004
5.0572    13.4939995    19.8004
5.0836    13.3916    19.8004
5.0948    13.3452    19.8004
5.118    13.246799    19.8004
5.1404    13.1628    19.8004
5.1651998    13.0668    19.8004
5.1724    13.0436    19.8004
5.2012    12.9332    19.8004
5.206    12.917999    19.8004
5.25    12.7644    19.8004
5.2948    12.6147995    19.8004
5.3044    12.584399    19.8004
5.3508    12.4539995    19.8004
5.3564    12.438    19.8004
5.3788    12.3756    19.8004
5.3868    12.354799    19.8004
5.3884    12.3508    19.8004
5.43    12.25    19.8004
5.4356    12.2364    19.8004
5.4435997    12.2164    19.8004
5.494    12.102799    19.8004
5.534    12.028399    19.8004
