2.1692    36.402    21.3004
2.1524    36.3892    21.3004
2.1276    36.369198    21.3004
2.1067998    36.3508    21.3004
2.098    36.3428    21.3004
2.0644    36.313198    21.3004
2.062    36.3108    21.3004
2.0588    36.3076    21.3004
2.0291998    36.2804    21.3004
2.0132    36.2644    21.3004
1.9779999    36.231598    21.3004
1.9476    36.200397    21.3004
1.9468    36.1996    21.3004
1.9228    36.1748    21.3004
1.9011999    36.1508    21.3004
1.8915999    36.1404    21.3004
1.8787999    36.1236    21.3004
1.8676    36.11    21.3004
1.8579999    36.096397    21.3004
1.8355999    36.0644    21.3004
1.8204    36.0428    21.3004
1.7811999    35.982    21.3004
1.7628    35.95    21.3004
1.7587999    35.9436    21.3004
1.7412    35.906    21.3004
1.7348    35.8924    21.3004
1.7091999    35.829998    21.3004
1.698    35.8036    21.3004
1.6836    35.765198    21.3004
1.6732    35.7364    21.3004
1.6652    35.717197    21.3004
1.6403999    35.6532    21.3004
1.622    35.601997    21.3004
1.6179999    35.5924    21.3004
1.6156    35.5876    21.3004
1.6004    35.55    21.3004
1.5956    35.540398    21.3004
1.5924    35.53    21.3004
1.5891999    35.5228    21.3004
1.5691999    35.4716    21.3004
1.566    35.464397    21.3004
1.5644    35.4612    21.3004
1.5403999    35.398    21.3004
1.5331999    35.374    21.3004
1.5292    35.3572    21.3004
1.522    35.3316    21.3004
1.5084    35.2836    21.3004
1.5059999    35.2716    21.3004
1.5076    35.2524    21.3004
1.5084    35.2492    21.3004
1.5275999    35.2244    21.3004
1.5284    35.2236    21.3004
1.53    35.222797    21.3004
1.5372    35.2164    21.3004
1.5596    35.197998    21.3004
1.5699999    35.1876    21.3004
1.5876    35.1716    21.3004
1.5907999    35.1452    21.3004
1.5948    35.1316    21.3004
1.5907999    35.1228    21.3004
1.5755999    35.105198    21.3004
1.5652    35.0956    21.3004
1.5084    35.0444    21.3004
1.4868    35.0244    21.3004
1.4787999    35.0164    21.3004
1.4508    34.9908    21.3004
1.4427999    34.9828    21.3004
1.4252    34.964397    21.3004
1.4188    34.956398    21.3004
1.4067999    34.936398    21.3004
1.3988    34.913998    21.3004
1.3931999    34.902    21.3004
1.3908    34.888397    21.3004
1.3884    34.8732    21.3004
1.39    34.8644    21.3004
1.3948    34.8532    21.3004
1.4147999    34.8372    21.3004
1.426    34.8332    21.3004
1.4524    34.8228    21.3004
1.49    34.8068    21.3004
1.5252    34.7916    21.3004
1.5372    34.7748    21.3004
1.5396    34.7612    21.3004
1.5452    34.745197    21.3004
1.5483999    34.73    21.3004
1.5524    34.720398    21.3004
1.5491999    34.700397    21.3004
1.5491999    34.6932    21.3004
1.5436    34.6764    21.3004
1.5428    34.6652    21.3004
1.5372    34.6492    21.3004
1.5339999    34.6348    21.3004
1.5259999    34.6204    21.3004
1.5188    34.606    21.3004
1.5084    34.5876    21.3004
1.5028    34.5732    21.3004
1.4907999    34.5588    21.3004
1.4764    34.542    21.3004
1.4596    34.5252    21.3004
1.4419999    34.509197    21.3004
1.4219999    34.494    21.3004
1.3908    34.473198    21.3004
1.346    34.4436    21.3004
1.3219999    34.426    21.3004
1.306    34.4148    21.3004
1.27    34.3844    21.3004
1.2595999    34.374798    21.3004
1.2548    34.369198    21.3004
1.2268    34.3332    21.3004
1.2268    34.332397    21.3004
1.2243999    34.326797    21.3004
1.2156    34.306    21.3004
1.2132    34.3012    21.3004
1.2092    34.29    21.3004
1.2004    34.2676    21.3004
1.1932    34.237198    21.3004
1.1908    34.2268    21.3004
1.1868    34.211597    21.3004
1.1804    34.1844    21.3004
1.1747999    34.149998    21.3004
1.1724    34.1348    21.3004
1.1716    34.121998    21.3004
1.1675999    34.0692    21.3004
1.1668    34.0436    21.3004
1.1668    33.992397    21.3004
1.1668    33.9828    21.3004
1.1683999    33.9596    21.3004
1.1764    33.9404    21.3004
1.1772    33.9356    21.3004
1.1788    33.930798    21.3004
1.1852    33.9212    21.3004
1.194    33.908398    21.3004
1.202    33.9052    21.3004
1.2164    33.8988    21.3004
1.2204    33.8996    21.3004
1.2356    33.9012    21.3004
1.2531999    33.906    21.3004
1.2675999    33.9092    21.3004
1.3004    33.918    21.3004
1.3371999    33.930798    21.3004
1.3748    33.9444    21.3004
1.4116    33.958797    21.3004
1.4396    33.969997    21.3004
1.462    33.978798    21.3004
1.482    33.9884    21.3004
1.4956    33.995598    21.3004
1.4987999    33.995598    21.3004
1.502    33.997997    21.3004
1.5044    34.0028    21.3004
1.5228    34.0204    21.3004
1.53    34.034798    21.3004
1.5444    34.0724    21.3004
1.5516    34.0916    21.3004
1.566    34.1236    21.3004
1.5763999    34.1492    21.3004
1.578    34.154    21.3004
1.5804    34.1588    21.3004
1.6076    34.222797    21.3004
1.622    34.258    21.3004
1.6348    34.2868    21.3004
1.65    34.3196    21.3004
1.698    34.4172    21.3004
1.706    34.4332    21.3004
1.7212    34.469997    21.3004
1.7476    34.5316    21.3004
1.7988    34.6508    21.3004
1.7996    34.654    21.3004
1.8011999    34.6564    21.3004
1.806    34.6684    21.3004
1.8635999    34.798    21.3004
1.8876    34.8564    21.3004
1.9131999    34.9164    21.3004
1.9324    34.966    21.3004
1.9483999    35.0076    21.3004
1.9588    35.0316    21.3004
1.9691999    35.0596    21.3004
1.9812    35.0868    21.3004
2.0068    35.1436    21.3004
2.0068    35.144398    21.3004
2.0091999    35.1484    21.3004
2.0579998    35.2556    21.3004
2.086    35.315598    21.3004
2.0972    35.3404    21.3004
2.1188    35.3852    21.3004
2.1444    35.4348    21.3004
2.1643999    35.4804    21.3004
2.1787999    35.5076    21.3004
2.1924    35.534798    21.3004
2.2092    35.5708    21.3004
2.2164    35.5892    21.3004
2.222    35.601997    21.3004
2.2475998    35.655598    21.3004
2.2604    35.682    21.3004
2.2812    35.722    21.3004
2.2956    35.75    21.3004
2.3251998    35.798798    21.3004
2.3267999    35.8012    21.3004
2.3284    35.804398    21.3004
2.3436    35.829998    21.3004
2.3564    35.8476    21.3004
2.382    35.882    21.3004
2.4196    35.934    21.3004
2.422    35.936398    21.3004
2.458    35.9772    21.3004
2.4747999    35.9964    21.3004
2.5316    36.051598    21.3004
2.5324    36.0524    21.3004
2.5324    36.0532    21.3004
2.6211998    36.1404    21.3004
2.6348    36.1532    21.3004
2.646    36.1628    21.3004
2.698    36.211597    21.3004
2.714    36.2276    21.3004
2.7452    36.258    21.3004
2.7788    36.2908    21.3004
2.7932    36.3052    21.3004
2.8004    36.314    21.3004
2.826    36.3388    21.3004
2.85    36.3668    21.3004
2.878    36.3908    21.3004
2.8899999    36.4012    21.3004
2.8939998    36.4036    21.3004
2.9243999    36.4268    21.3004
2.9252    36.4276    21.3004
2.9284    36.4292    21.3004
2.9724    36.461998    21.3004
2.9875998    36.473198    21.3004
3.0091999    36.4916    21.3004
3.0307999    36.5108    21.3004
3.0563998    36.5332    21.3004
3.0779998    36.5524    21.3004
3.0884    36.5636    21.3004
3.1172    36.5916    21.3004
3.1332    36.6124    21.3004
3.1396    36.6196    21.3004
3.1452    36.6292    21.3004
3.1539998    36.646797    21.3004
3.1564    36.6516    21.3004
3.166    36.6772    21.3004
3.1683998    36.6868    21.3004
3.174    36.7052    21.3004
3.1755998    36.7276    21.3004
3.1764    36.7308    21.3004
3.1755998    36.7332    21.3004
3.166    36.7556    21.3004
3.1332    36.798798    21.3004
3.1324    36.8004    21.3004
3.1316    36.8012    21.3004
3.106    36.8372    21.3004
3.0939999    36.8572    21.3004
3.086    36.869198    21.3004
3.0851998    36.902    21.3004
3.0844    36.9076    21.3004
3.1139998    36.9292    21.3004
3.1148    36.93    21.3004
3.1164    36.930798    21.3004
3.1308    36.938    21.3004
3.1604    36.9492    21.3004
3.1699998    36.9524    21.3004
3.1732    36.953197    21.3004
3.1764    36.954    21.3004
3.202    36.961998    21.3004
3.2068    36.961998    21.3004
3.234    36.9628    21.3004
3.2484    36.9628    21.3004
3.2707999    36.9628    21.3004
3.2851999    36.9612    21.3004
3.3107998    36.958797    21.3004
3.37    36.950798    21.3004
3.3996    36.9468    21.3004
3.4236    36.946    21.3004
3.4292    36.946    21.3004
3.4476    36.9556    21.3004
3.4484    36.956398    21.3004
3.4492    36.9572    21.3004
3.4724    36.982    21.3004
3.4803998    36.9916    21.3004
3.5235999    37.0452    21.3004
3.5388    37.0644    21.3004
3.5444    37.0732    21.3004
3.5651999    37.099598    21.3004
3.582    37.1252    21.3004
3.6139998    37.1732    21.3004
3.622    37.1852    21.3004
3.6244    37.189198    21.3004
3.6404    37.2164    21.3004
3.6596    37.2476    21.3004
3.6827998    37.2892    21.3004
3.6948    37.3108    21.3004
3.7412    37.3932    21.3004
3.7436    37.397198    21.3004
3.7444    37.3988    21.3004
3.8076    37.520397    21.3004
3.8195999    37.5436    21.3004
3.8523998    37.6148    21.3004
3.8739998    37.6636    21.3004
3.8923998    37.7028    21.3004
3.898    37.7156    21.3004
3.9043999    37.7324    21.3004
3.918    37.7692    21.3004
3.9236    37.786    21.3004
3.9531999    37.871597    21.3004
3.9652    37.906    21.3004
3.9675999    37.9148    21.3004
3.9692    37.9348    21.3004
3.9636    37.950798    21.3004
3.9643998    37.9604    21.3004
3.9596    37.9692    21.3004
3.9508    37.981197    21.3004
3.9427998    37.9908    21.3004
3.8916    38.0428    21.3004
3.8636    38.071598    21.3004
3.8276    38.1084    21.3004
3.7988    38.135597    21.3004
3.7619998    38.1684    21.3004
3.7284    38.1972    21.3004
3.6892    38.2292    21.3004
3.6571999    38.2548    21.3004
3.6251998    38.2772    21.3004
3.6132    38.2852    21.3004
3.6051998    38.2892    21.3004
3.5979998    38.2908    21.3004
3.5916    38.2844    21.3004
3.5844    38.2756    21.3004
3.5763998    38.259598    21.3004
3.5716    38.2492    21.3004
3.554    38.21    21.3004
3.5356    38.166798    21.3004
3.5252    38.1428    21.3004
3.5044    38.09    21.3004
3.49    38.0564    21.3004
3.4708    38.006798    21.3004
3.4515998    37.9572    21.3004
3.4115999    37.8676    21.3004
3.4011998    37.8404    21.3004
3.3795998    37.7868    21.3004
3.3723998    37.7668    21.3004
3.3444    37.6964    21.3004
3.3411999    37.6828    21.3004
3.3356    37.6644    21.3004
3.3348    37.6588    21.3004
3.3323998    37.644398    21.3004
3.3267999    37.6204    21.3004
3.3251998    37.6036    21.3004
3.3251998    37.5988    21.3004
3.3195999    37.57    21.3004
3.3195999    37.5692    21.3004
3.3179998    37.5652    21.3004
3.3076    37.5372    21.3004
3.3044    37.5308    21.3004
3.2907999    37.5076    21.3004
3.2668    37.4796    21.3004
3.2635999    37.4764    21.3004
3.2619998    37.4748    21.3004
3.238    37.453197    21.3004
3.2171998    37.4276    21.3004
3.2099998    37.4212    21.3004
3.1899998    37.3948    21.3004
3.1884    37.3924    21.3004
3.1868    37.3908    21.3004
3.1708    37.3684    21.3004
3.1668    37.3628    21.3004
3.1596    37.3516    21.3004
3.1244    37.2972    21.3004
3.1132    37.278    21.3004
3.1028    37.2612    21.3004
3.0948    37.242    21.3004
3.0923998    37.2356    21.3004
3.09    37.222797    21.3004
3.0867999    37.2076    21.3004
3.0772    37.1484    21.3004
3.0692    37.0924    21.3004
3.0667999    37.0836    21.3004
3.062    37.0636    21.3004
3.0516    37.0476    21.3004
3.0412    37.0324    21.3004
3.0196    37.017998    21.3004
3.0036    37.0076    21.3004
2.9484    36.984398    21.3004
2.8844    36.9572    21.3004
2.87    36.9516    21.3004
2.8652    36.9484    21.3004
2.8467999    36.938    21.3004
2.8284    36.925198    21.3004
2.8172    36.9172    21.3004
2.7963998    36.9004    21.3004
2.6971998    36.8108    21.3004
2.6787999    36.794    21.3004
2.6627998    36.7804    21.3004
2.6132    36.7388    21.3004
2.5948    36.7236    21.3004
2.5563998    36.6916    21.3004
2.5388    36.677998    21.3004
2.494    36.646    21.3004
2.4884    36.641197    21.3004
2.4468    36.610798    21.3004
2.3932    36.5708    21.3004
2.3732    36.5556    21.3004
2.2972    36.5004    21.3004
2.2716    36.481197    21.3004
2.2092    36.434    21.3004
2.1692    36.402    21.3004
