3.8028    14.9804    16.5004
3.7347999    14.9316    16.5004
3.6588    14.877999    16.5004
3.5435998    14.7884    16.5004
3.5307999    14.7788    16.5004
3.5219998    14.7699995    16.5004
3.4652    14.710799    16.5004
3.434    14.6732    16.5004
3.4092    14.636399    16.5004
3.3723998    14.5708    16.5004
3.3636    14.550799    16.5004
3.3323998    14.4844    16.5004
3.33    14.4772    16.5004
3.3244    14.457999    16.5004
3.3028    14.3804    16.5004
3.294    14.3508    16.5004
3.2779999    14.2884    16.5004
3.2596    14.1868    16.5004
3.2524    14.1516    16.5004
3.2468    14.1172    16.5004
3.2131999    13.941999    16.5004
3.2052    13.874    16.5004
3.1892    13.746799    16.5004
3.1868    13.722799    16.5004
3.1859999    13.7156    16.5004
3.1771998    13.6292    16.5004
3.1764    13.589999    16.5004
3.1764    13.5436    16.5004
3.1771998    13.533999    16.5004
3.1804    13.518    16.5004
3.1859999    13.506    16.5004
3.1964    13.493199    16.5004
3.2068    13.4836    16.5004
3.2484    13.4516    16.5004
3.3004    13.4148    16.5004
3.3156    13.4044    16.5004
3.3899999    13.3532    16.5004
3.4628    13.302799    16.5004
3.5964    13.214    16.5004
3.6148    13.202    16.5004
3.6283998    13.1932    16.5004
3.7403998    13.122    16.5004
3.7788    13.098    16.5004
3.7884    13.0924    16.5004
3.9227998    13.010799    16.5004
3.9731998    12.9796    16.5004
4.0524    12.9332    16.5004
4.1732    12.8636    16.5004
4.1995997    12.8484    16.5004
4.2244    12.834    16.5004
4.3244    12.778    16.5004
4.4316    12.722799    16.5004
4.5004    12.6876    16.5004
4.5411997    12.671599    16.5004
4.5652    12.6644    16.5004
4.5899997    12.6612    16.5004
4.6108    12.6628    16.5004
4.6275997    12.6644    16.5004
4.6396    12.671599    16.5004
4.6507998    12.6924    16.5004
4.6563997    12.7076    16.5004
4.6619997    12.73    16.5004
4.6731997    12.7596    16.5004
4.6804    12.7764    16.5004
4.6819997    12.79    16.5004
4.6836    12.814    16.5004
4.6851997    12.8484    16.5004
4.6819997    12.9084    16.5004
4.6819997    12.91    16.5004
4.6819997    12.9116    16.5004
4.6812    12.913199    16.5004
4.6724    12.963599    16.5004
4.666    12.9724    16.5004
4.6548    13.004399    16.5004
4.6484    13.0196    16.5004
4.6468    13.026799    16.5004
4.6436    13.038799    16.5004
4.6219997    13.078799    16.5004
4.618    13.0876    16.5004
4.6156    13.1044    16.5004
4.6284    13.1388    16.5004
4.6275997    13.1404    16.5004
4.63    13.142799    16.5004
4.65    13.17    16.5004
4.67    13.2036    16.5004
4.6844    13.2428    16.5004
4.7012    13.308399    16.5004
4.7219996    13.3876    16.5004
4.7228    13.3907995    16.5004
4.7228    13.3924    16.5004
4.7251997    13.4092    16.5004
4.7348    13.506    16.5004
4.738    13.6292    16.5004
4.738    13.6452    16.5004
4.7339997    13.7932    16.5004
4.7332    13.820399    16.5004
4.7332    13.8244    16.5004
4.7324    13.826799    16.5004
4.7132    13.9804    16.5004
4.6956    14.0764    16.5004
4.6875997    14.1052    16.5004
4.678    14.1452    16.5004
4.6675997    14.1844    16.5004
4.6572    14.2196    16.5004
4.6475997    14.2476    16.5004
4.6316    14.263599    16.5004
4.618    14.2884    16.5004
4.6204    14.334    16.5004
4.6212    14.342799    16.5004
4.6219997    14.344399    16.5004
4.6228    14.3452    16.5004
4.6228    14.346    16.5004
4.6356    14.3619995    16.5004
4.634    14.374    16.5004
4.6452    14.383599    16.5004
4.6507998    14.4044    16.5004
4.6507998    14.4052    16.5004
4.6556    14.413199    16.5004
4.6804    14.45    16.5004
4.6828    14.452399    16.5004
4.6836    14.4548    16.5004
4.7004    14.476399    16.5004
4.71    14.4908    16.5004
4.7244    14.5124    16.5004
4.7292    14.521199    16.5004
4.7404    14.538799    16.5004
4.7739997    14.582    16.5004
4.7739997    14.5828    16.5004
4.7764    14.585199    16.5004
4.798    14.619599    16.5004
4.8059998    14.631599    16.5004
4.8236    14.6668    16.5004
4.8259997    14.6732    16.5004
4.8292    14.677199    16.5004
4.8388    14.694799    16.5004
4.8492    14.717199    16.5004
4.8627996    14.751599    16.5004
4.8803997    14.7884    16.5004
4.898    14.834    16.5004
4.9356    14.9428    16.5004
4.942    14.9595995    16.5004
4.9532    14.9883995    16.5004
4.9732    15.062799    16.5004
4.9796    15.091599    16.5004
4.9835997    15.120399    16.5004
4.994    15.202    16.5004
4.9955997    15.3124    16.5004
4.9955997    15.3524    16.5004
4.9948    15.386    16.5004
4.9923997    15.414    16.5004
4.9796    15.45    16.5004
4.9788    15.4516    16.5004
4.962    15.4612    16.5004
4.9556    15.4628    16.5004
4.9323997    15.4668    16.5004
4.8891997    15.474    16.5004
4.8348    15.481999    16.5004
4.8276    15.481999    16.5004
4.7548    15.474799    16.5004
4.7204    15.469999    16.5004
4.6612    15.4604    16.5004
4.5964    15.4436    16.5004
4.5948    15.4428    16.5004
4.5916    15.441999    16.5004
4.4964    15.4108    16.5004
4.4516    15.394    16.5004
4.4268    15.384399    16.5004
4.4059997    15.372399    16.5004
4.3068    15.313999    16.5004
4.2539997    15.2828    16.5004
4.1788    15.2364    16.5004
4.1387997    15.211599    16.5004
4.0852    15.171599    16.5004
3.9884    15.106    16.5004
3.8739998    15.0292    16.5004
3.8028    14.9804    16.5004
