12.2196    27.1708    8.1004
12.2244    27.133999    8.1004
12.2388    27.093199    8.1004
12.240399    27.0892    8.1004
12.2436    27.081999    8.1004
12.2596    27.050798    8.1004
12.2716    27.026    8.1004
12.309999    26.953999    8.1004
12.322    26.933199    8.1004
12.3428    26.896399    8.1004
12.3452    26.8932    8.1004
12.3596    26.879599    8.1004
12.365999    26.866    8.1004
12.3716    26.862799    8.1004
12.3764    26.855598    8.1004
12.3852    26.8468    8.1004
12.3884    26.8428    8.1004
12.4092    26.826    8.1004
12.4156    26.8196    8.1004
12.424399    26.8116    8.1004
12.452399    26.7916    8.1004
12.465199    26.782    8.1004
12.481199    26.7708    8.1004
12.510799    26.7524    8.1004
12.5356    26.7396    8.1004
12.542    26.7356    8.1004
12.550799    26.7316    8.1004
12.5932    26.71    8.1004
12.608399    26.7036    8.1004
12.658    26.682    8.1004
12.6668    26.678799    8.1004
12.693999    26.669199    8.1004
12.7028    26.6652    8.1004
12.7372    26.654799    8.1004
12.7548    26.65    8.1004
12.766    26.6468    8.1004
12.7996    26.6372    8.1004
12.8132    26.6348    8.1004
12.8532    26.626799    8.1004
12.8692    26.6244    8.1004
12.8963995    26.619598    8.1004
12.9044    26.6188    8.1004
12.9404    26.6124    8.1004
12.941199    26.6124    8.1004
12.9883995    26.6108    8.1004
12.9892    26.609999    8.1004
12.9939995    26.6108    8.1004
13.039599    26.611599    8.1004
13.0476    26.611599    8.1004
13.055599    26.611599    8.1004
13.136399    26.6164    8.1004
13.170799    26.621199    8.1004
13.2028    26.626    8.1004
13.2276    26.6316    8.1004
13.2828    26.6428    8.1004
13.309199    26.650799    8.1004
13.3772    26.673199    8.1004
13.3996    26.6836    8.1004
13.4212    26.694    8.1004
13.453199    26.7116    8.1004
13.4748    26.726799    8.1004
13.5028    26.7524    8.1004
13.5124    26.760399    8.1004
13.518    26.765999    8.1004
13.53    26.7788    8.1004
13.561999    26.8132    8.1004
13.567599    26.8196    8.1004
13.57    26.8244    8.1004
13.5828    26.8524    8.1004
13.597199    26.8844    8.1004
13.5996    26.89    8.1004
13.6004    26.8948    8.1004
13.6108    26.9468    8.1004
13.6116    26.961199    8.1004
13.613999    26.983599    8.1004
13.608399    26.998798    8.1004
13.601999    27.0164    8.1004
13.5708    27.0548    8.1004
13.545199    27.081999    8.1004
13.542    27.085999    8.1004
13.514    27.1124    8.1004
13.5116    27.115599    8.1004
13.487599    27.1364    8.1004
13.481999    27.1428    8.1004
13.457999    27.160398    8.1004
13.452399    27.1684    8.1004
13.441999    27.1764    8.1004
13.4307995    27.1868    8.1004
13.4251995    27.191599    8.1004
13.422    27.195599    8.1004
13.406799    27.2052    8.1004
13.400399    27.212399    8.1004
13.3916    27.217999    8.1004
13.3868    27.222    8.1004
13.3572    27.243599    8.1004
13.349199    27.249199    8.1004
13.3108    27.271599    8.1004
13.2956    27.282799    8.1004
13.2604    27.3028    8.1004
13.252399    27.306799    8.1004
13.214    27.3228    8.1004
13.2044    27.3284    8.1004
13.146    27.3508    8.1004
13.134    27.3564    8.1004
13.0644    27.3788    8.1004
13.042    27.3884    8.1004
13.016399    27.396399    8.1004
12.962    27.413198    8.1004
12.9164    27.4252    8.1004
12.8924    27.431599    8.1004
12.854    27.442    8.1004
12.7836    27.458    8.1004
12.782    27.4588    8.1004
12.7796    27.4588    8.1004
12.700399    27.472399    8.1004
12.6684    27.477999    8.1004
12.6276    27.4844    8.1004
12.6012    27.487598    8.1004
12.554    27.493198    8.1004
12.5268    27.494799    8.1004
12.5028    27.496399    8.1004
12.4772    27.498798    8.1004
12.4572    27.498798    8.1004
12.4307995    27.498    8.1004
12.4172    27.4956    8.1004
12.3963995    27.494799    8.1004
12.37    27.489199    8.1004
12.3532    27.4844    8.1004
12.3172    27.465199    8.1004
12.3124    27.461199    8.1004
12.2932    27.442    8.1004
12.282    27.427599    8.1004
12.2716    27.4156    8.1004
12.25    27.3772    8.1004
12.245999    27.3708    8.1004
12.2444    27.3676    8.1004
12.2372    27.3524    8.1004
12.23    27.3308    8.1004
12.2268    27.309198    8.1004
12.2244    27.2948    8.1004
12.2196    27.2468    8.1004
12.2188    27.174    8.1004
12.2188    27.1724    8.1004
12.2196    27.1708    8.1004
