6.5372    16.342    14.1004
6.5276    16.293999    14.1004
6.5011997    16.1628    14.1004
6.4916    16.1204    14.1004
6.4747996    16.038    14.1004
6.4659996    15.9939995    14.1004
6.4332    15.8404    14.1004
6.4332    15.837999    14.1004
6.4323997    15.8364    14.1004
6.4179997    15.774799    14.1004
6.4012    15.7012    14.1004
6.4003997    15.698799    14.1004
6.3996    15.693999    14.1004
6.3803997    15.598    14.1004
6.3724    15.5588    14.1004
6.3668    15.5356    14.1004
6.3508    15.4595995    14.1004
6.3332    15.3812    14.1004
6.3315997    15.3748    14.1004
6.3132    15.2836    14.1004
6.3108    15.2724    14.1004
6.3083997    15.262799    14.1004
6.3051996    15.2436    14.1004
6.2836    15.1396    14.1004
6.2612    15.021999    14.1004
6.2595997    15.0116    14.1004
6.2468    14.940399    14.1004
6.2451997    14.934799    14.1004
6.238    14.8932    14.1004
6.2204    14.792399    14.1004
6.2195997    14.791599    14.1004
6.206    14.6916    14.1004
6.1995997    14.6508    14.1004
6.1868    14.5604    14.1004
6.1819997    14.5171995    14.1004
6.1756    14.4572    14.1004
6.17    14.394799    14.1004
6.158    14.262799    14.1004
6.1572    14.2548    14.1004
6.154    14.223599    14.1004
6.1412    14.079599    14.1004
6.1316    13.9388    14.1004
6.1299996    13.907599    14.1004
6.1292    13.8963995    14.1004
6.1219997    13.7372    14.1004
6.1211996    13.728399    14.1004
6.1131997    13.602799    14.1004
6.1124    13.594    14.1004
6.1099997    13.5548    14.1004
6.1036    13.436399    14.1004
6.1019998    13.4172    14.1004
6.1011996    13.41    14.1004
6.098    13.331599    14.1004
6.0875998    13.210799    14.1004
6.0867996    13.2067995    14.1004
6.086    13.1988    14.1004
6.0772    13.098    14.1004
6.0708    13.0436    14.1004
6.0652    12.998    14.1004
6.062    12.974    14.1004
6.0467997    12.866799    14.1004
6.0411997    12.8276    14.1004
6.0123997    12.619599    14.1004
6.006    12.573199    14.1004
5.9947996    12.492399    14.1004
5.9891996    12.441999    14.1004
5.9835997    12.3876    14.1004
5.9788    12.342    14.1004
5.9732    12.2948    14.1004
5.9667997    12.210799    14.1004
5.9667997    12.2067995    14.1004
5.962    12.1156    14.1004
5.962    12.1147995    14.1004
5.9611998    12.1116    14.1004
5.9572    12.021199    14.1004
5.9556    11.9908    14.1004
5.9564    11.9772    14.1004
5.9564    11.9636    14.1004
5.9532    11.941999    14.1004
5.9523997    11.9332    14.1004
5.9484    11.9212    14.1004
5.9372    11.9004    14.1004
5.9228    11.889199    14.1004
5.9172    11.8852    14.1004
5.8708    11.8588    14.1004
5.8324    11.832399    14.1004
5.8315997    11.831599    14.1004
5.83    11.8308    14.1004
5.7764    11.7844    14.1004
5.7612    11.7699995    14.1004
5.7468    11.7548    14.1004
5.7292    11.738    14.1004
5.7156    11.722799    14.1004
5.7044    11.7084    14.1004
5.6892    11.6844    14.1004
5.6884    11.682799    14.1004
5.6884    11.682    14.1004
5.6804    11.6564    14.1004
5.6804    11.6412    14.1004
5.6796    11.6284    14.1004
5.6819997    11.6124    14.1004
5.6819997    11.6036    14.1004
5.6828    11.5996    14.1004
5.686    11.591599    14.1004
5.7028    11.5364    14.1004
5.71    11.5124    14.1004
5.7339997    11.446    14.1004
5.7356    11.441999    14.1004
5.7451997    11.414    14.1004
5.75    11.4004    14.1004
5.7627997    11.3675995    14.1004
5.7795997    11.332399    14.1004
5.7907996    11.3076    14.1004
5.8027997    11.2836    14.1004
5.8236    11.2396    14.1004
5.8292    11.2276    14.1004
5.8403997    11.2044    14.1004
5.8547997    11.177199    14.1004
5.8612    11.1644    14.1004
5.8676    11.1524    14.1004
5.8715997    11.146    14.1004
5.8796    11.131599    14.1004
5.8812    11.1284    14.1004
5.8835998    11.125999    14.1004
5.8915997    11.113999    14.1004
5.93    11.0548    14.1004
5.9412    11.0372    14.1004
5.9476    11.028399    14.1004
5.9844    10.981199    14.1004
6.0052    10.9556    14.1004
6.0235996    10.934    14.1004
6.0411997    10.9156    14.1004
6.0467997    10.9108    14.1004
6.0604    10.889199    14.1004
6.0676    10.8812    14.1004
6.0676    10.861199    14.1004
6.0699997    10.8452    14.1004
6.0652    10.8276    14.1004
6.054    10.7908    14.1004
6.0467997    10.762    14.1004
6.0372    10.7196    14.1004
6.0332    10.7028    14.1004
6.0308    10.693999    14.1004
6.0188    10.6396    14.1004
6.014    10.6172    14.1004
6.0076    10.5876    14.1004
6.0004    10.5476    14.1004
5.9979997    10.5268    14.1004
5.9908    10.4883995    14.1004
5.9844    10.4572    14.1004
5.982    10.4324    14.1004
5.9804    10.4116    14.1004
5.9804    10.3948    14.1004
5.9796    10.372399    14.1004
5.982    10.3572    14.1004
5.9852    10.3372    14.1004
5.9867997    10.322    14.1004
5.9932    10.2987995    14.1004
5.9947996    10.2908    14.1004
5.9972    10.2828    14.1004
6.002    10.266    14.1004
6.0155997    10.2204    14.1004
6.0284    10.1804    14.1004
6.0364    10.1556    14.1004
6.0484    10.1212    14.1004
6.0492    10.119599    14.1004
6.0532    10.1076    14.1004
6.0652    10.078    14.1004
6.0723996    10.0596    14.1004
6.0828    10.033199    14.1004
6.094    10.0068    14.1004
6.1036    9.9883995    14.1004
6.1108    9.974    14.1004
6.126    9.9516    14.1004
6.1268    9.9508    14.1004
6.1492    9.9172    14.1004
6.17    9.8924    14.1004
6.194    9.8675995    14.1004
6.206    9.8572    14.1004
6.2156    9.849999    14.1004
6.2572    9.818    14.1004
6.266    9.8116    14.1004
6.3364    9.762    14.1004
6.3444    9.7564    14.1004
6.3547997    9.75    14.1004
6.4147997    9.711599    14.1004
6.4196    9.7092    14.1004
6.4556    9.69    14.1004
6.4635997    9.6868    14.1004
6.4779997    9.682799    14.1004
6.502    9.6732    14.1004
6.514    9.67    14.1004
6.546    9.6636    14.1004
6.5467997    9.6628    14.1004
6.5748    9.6644    14.1004
6.5811996    9.665199    14.1004
6.5923996    9.6668    14.1004
6.6275997    9.6708    14.1004
6.6963997    9.6812    14.1004
6.7219996    9.686    14.1004
6.7732    9.6956    14.1004
6.7851996    9.698    14.1004
6.7907996    9.6988    14.1004
6.7948    9.6996    14.1004
6.8627996    9.7188    14.1004
6.878    9.723599    14.1004
6.9076    9.7355995    14.1004
6.95    9.7532    14.1004
6.9611998    9.7596    14.1004
6.9979997    9.780399    14.1004
6.9988    9.782    14.1004
7.0084    9.7972    14.1004
7.026    9.8236    14.1004
7.0284    9.8276    14.1004
7.0291996    9.8292    14.1004
7.0299997    9.83    14.1004
7.0396    9.8588    14.1004
7.0411997    9.866799    14.1004
7.0499997    9.901999    14.1004
7.0555997    9.9268    14.1004
7.0611997    9.9604    14.1004
7.0676    10.0124    14.1004
7.0692    10.0244    14.1004
7.0716    10.0708    14.1004
7.0723996    10.0788    14.1004
7.0723996    10.094    14.1004
7.0731997    10.125199    14.1004
7.0708    10.1396    14.1004
7.0596    10.1764    14.1004
7.054    10.1932    14.1004
7.0499997    10.2076    14.1004
7.0452    10.2196    14.1004
7.0404    10.228399    14.1004
7.0291996    10.2484    14.1004
7.0067997    10.2836    14.1004
6.994    10.3068    14.1004
6.99    10.3132    14.1004
6.9796    10.3356    14.1004
6.9788    10.343599    14.1004
6.9708    10.372399    14.1004
6.9708    10.3748    14.1004
6.9708    10.3756    14.1004
6.9779997    10.4052    14.1004
6.9923997    10.4436    14.1004
6.9964    10.4548    14.1004
7.0028    10.4716    14.1004
7.0076    10.4908    14.1004
7.0147996    10.518    14.1004
7.0235996    10.5548    14.1004
7.0267997    10.5652    14.1004
7.0355997    10.602799    14.1004
7.0435996    10.6524    14.1004
7.054    10.7076    14.1004
7.0604    10.7436    14.1004
7.0611997    10.751599    14.1004
7.0699997    10.8116    14.1004
7.0796    10.877999    14.1004
7.086    10.9316    14.1004
7.0948    11.018    14.1004
7.0972    11.0372    14.1004
7.1067996    11.1068    14.1004
7.1116    11.1444    14.1004
7.1131997    11.1588    14.1004
7.1267996    11.291599    14.1004
7.1387997    11.3828    14.1004
7.1524    11.4892    14.1004
7.1668    11.608399    14.1004
7.1707997    11.6412    14.1004
7.1716    11.6508    14.1004
7.1875997    11.7556    14.1004
7.1963997    11.8108    14.1004
7.1972    11.8164    14.1004
7.198    11.8236    14.1004
7.2172    11.9452    14.1004
7.2236    11.9828    14.1004
7.2363997    12.049999    14.1004
7.2451997    12.098    14.1004
7.2595997    12.174    14.1004
7.2612    12.1788    14.1004
7.2668    12.2067995    14.1004
7.2804    12.2724    14.1004
7.2812    12.278    14.1004
7.2836    12.2884    14.1004
7.302    12.37    14.1004
7.3156    12.429999    14.1004
7.322    12.457999    14.1004
7.3468    12.561999    14.1004
7.3515997    12.584399    14.1004
7.3547997    12.598    14.1004
7.3683996    12.6508    14.1004
7.3939996    12.7508    14.1004
7.4115996    12.814    14.1004
7.4412    12.923599    14.1004
7.4459996    12.941199    14.1004
7.4852    13.0764    14.1004
7.4867997    13.082    14.1004
7.514    13.1692    14.1004
7.5235996    13.199599    14.1004
7.5243998    13.202    14.1004
7.5323997    13.2316    14.1004
7.5667996    13.354    14.1004
7.5699997    13.3644    14.1004
7.5892    13.434    14.1004
7.5931997    13.45    14.1004
7.5996    13.474    14.1004
7.6131997    13.521999    14.1004
7.634    13.601999    14.1004
7.6348    13.6044    14.1004
7.6507998    13.6732    14.1004
7.6507998    13.6756    14.1004
7.6516    13.677199    14.1004
7.6787996    13.792399    14.1004
7.6787996    13.7932    14.1004
7.698    13.889199    14.1004
7.7012    13.9036    14.1004
7.7107997    13.9564    14.1004
7.7116    13.9604    14.1004
7.7292    14.0436    14.1004
7.73    14.0484    14.1004
7.7307997    14.0571995    14.1004
7.7516    14.176399    14.1004
7.7531996    14.1932    14.1004
7.7563996    14.210799    14.1004
7.7636    14.2668    14.1004
7.77    14.33    14.1004
7.7763996    14.411599    14.1004
7.7763996    14.4148    14.1004
7.778    14.434799    14.1004
7.7819996    14.4956    14.1004
7.7836    14.518    14.1004
7.7876    14.5876    14.1004
7.7876    14.613199    14.1004
7.7844    14.6723995    14.1004
7.7836    14.6964    14.1004
7.7812    14.769199    14.1004
7.778    14.815599    14.1004
7.7756    14.855599    14.1004
7.7668    14.924399    14.1004
7.7612    14.975599    14.1004
7.7539997    15.046    14.1004
7.7451997    15.1164    14.1004
7.7451997    15.118799    14.1004
7.7451997    15.120399    14.1004
7.73    15.2156    14.1004
7.7075996    15.346    14.1004
7.706    15.3524    14.1004
7.7043996    15.360399    14.1004
7.698    15.400399    14.1004
7.6812    15.509199    14.1004
7.6699996    15.5932    14.1004
7.6684    15.601999    14.1004
7.6684    15.6044    14.1004
7.6596    15.674    14.1004
7.6563997    15.7268    14.1004
7.6548    15.740399    14.1004
7.654    15.7532    14.1004
7.6524    15.8132    14.1004
7.6516    15.849999    14.1004
7.6507998    15.8907995    14.1004
7.6531997    15.9196    14.1004
7.6548    15.9539995    14.1004
7.6563997    15.9908    14.1004
7.6628    16.076399    14.1004
7.6707997    16.1628    14.1004
7.6755996    16.2076    14.1004
7.6868    16.3132    14.1004
7.6956    16.3972    14.1004
7.7068    16.506    14.1004
7.71    16.5364    14.1004
7.7124    16.553999    14.1004
7.7228    16.6524    14.1004
7.7292    16.702799    14.1004
7.7316    16.7276    14.1004
7.7372    16.7812    14.1004
7.7419996    16.817999    14.1004
7.7468    16.8836    14.1004
7.7483997    16.897999    14.1004
7.7524    16.9516    14.1004
7.7531996    16.9604    14.1004
7.7531996    16.994799    14.1004
7.7548    17.007599    14.1004
7.7556    17.059599    14.1004
7.7563996    17.065199    14.1004
7.7556    17.0756    14.1004
7.7556    17.1188    14.1004
7.7572    17.1412    14.1004
7.7563996    17.202799    14.1004
7.7548    17.2388    14.1004
7.7539997    17.2788    14.1004
7.7492    17.3396    14.1004
7.7475996    17.386799    14.1004
7.7419996    17.442799    14.1004
7.7356    17.49    14.1004
7.726    17.537199    14.1004
7.7228    17.553999    14.1004
7.7051997    17.6468    14.1004
7.7051997    17.6516    14.1004
7.7019997    17.6644    14.1004
7.6916    17.6988    14.1004
7.6724    17.762    14.1004
7.6668    17.7788    14.1004
7.646    17.8396    14.1004
7.6348    17.866    14.1004
7.6316    17.8724    14.1004
7.6155996    17.9004    14.1004
7.5836    17.958    14.1004
7.5804    17.966    14.1004
7.5748    17.9756    14.1004
7.5587997    17.9988    14.1004
7.5579996    18.000399    14.1004
7.5579996    18.0012    14.1004
7.5548    18.0052    14.1004
7.5396    18.0284    14.1004
7.5379996    18.0556    14.1004
7.5372    18.0588    14.1004
7.5435996    18.0828    14.1004
7.5428    18.0868    14.1004
7.5532    18.109999    14.1004
7.5548    18.1124    14.1004
7.5564    18.115599    14.1004
7.5684    18.1412    14.1004
7.5692    18.1444    14.1004
7.5748    18.1572    14.1004
7.5948    18.2036    14.1004
7.6108    18.2396    14.1004
7.6419997    18.3116    14.1004
7.6731997    18.3828    14.1004
7.6812    18.4068    14.1004
7.6916    18.438799    14.1004
7.7036    18.4844    14.1004
7.7051997    18.494799    14.1004
7.7084    18.5068    14.1004
7.7084    18.507599    14.1004
7.7131996    18.5564    14.1004
7.7124    18.5788    14.1004
7.7116    18.593199    14.1004
7.7075996    18.6308    14.1004
7.6972    18.6924    14.1004
7.6972    18.695599    14.1004
7.6956    18.7036    14.1004
7.686    18.7564    14.1004
7.6812    18.774    14.1004
7.6707997    18.814    14.1004
7.646    18.8884    14.1004
7.6411996    18.9028    14.1004
7.6284    18.9268    14.1004
7.6275997    18.9284    14.1004
7.626    18.9324    14.1004
7.6148    18.9564    14.1004
7.5931997    18.9812    14.1004
7.5843997    18.9876    14.1004
7.5811996    18.989199    14.1004
7.5308    19.013199    14.1004
7.4876    19.0276    14.1004
7.4635997    19.0348    14.1004
7.41    19.052399    14.1004
7.3715997    19.062    14.1004
7.3004    19.0812    14.1004
7.2692    19.0884    14.1004
7.1828    19.1092    14.1004
7.1484    19.1124    14.1004
7.1092    19.114    14.1004
7.0748    19.117199    14.1004
7.066    19.1164    14.1004
7.0523996    19.115599    14.1004
7.0348    19.1084    14.1004
7.0204    19.0996    14.1004
7.0044    19.0916    14.1004
6.9964    19.087599    14.1004
6.9803996    19.0772    14.1004
6.9691997    19.0668    14.1004
6.9491997    19.0588    14.1004
6.9484    19.0588    14.1004
6.9484    19.057999    14.1004
6.9435997    19.0548    14.1004
6.8603997    18.9844    14.1004
6.8556    18.9804    14.1004
6.8452    18.972399    14.1004
6.7971997    18.93    14.1004
6.7627997    18.8964    14.1004
6.738    18.8732    14.1004
6.7283998    18.864399    14.1004
6.6716    18.805199    14.1004
6.6524    18.7852    14.1004
6.634    18.7652    14.1004
6.618    18.746    14.1004
6.5948    18.7148    14.1004
6.5875998    18.7044    14.1004
6.582    18.6948    14.1004
6.5636    18.667599    14.1004
6.5596    18.6596    14.1004
6.5428    18.633999    14.1004
6.5388    18.6252    14.1004
6.5188    18.5812    14.1004
6.4908    18.5052    14.1004
6.49    18.5012    14.1004
6.4876    18.494    14.1004
6.4628    18.4124    14.1004
6.4547997    18.385199    14.1004
6.4412    18.3332    14.1004
6.4315996    18.2948    14.1004
6.4259996    18.2708    14.1004
6.4164    18.2236    14.1004
6.4115996    18.197199    14.1004
6.4003997    18.126799    14.1004
6.3883996    18.0556    14.1004
6.3868    18.046    14.1004
6.3835998    18.0068    14.1004
6.3835998    17.998    14.1004
6.3835998    17.9772    14.1004
6.3827996    17.966799    14.1004
6.3835998    17.9596    14.1004
6.3868    17.934    14.1004
6.3876    17.9268    14.1004
6.402    17.8428    14.1004
6.4147997    17.774    14.1004
6.434    17.6852    14.1004
6.434    17.6828    14.1004
6.4347997    17.680399    14.1004
6.4644    17.5324    14.1004
6.4828    17.4468    14.1004
6.4988    17.3708    14.1004
6.5052    17.3444    14.1004
6.5116    17.314    14.1004
6.534    17.2484    14.1004
6.5396    17.236399    14.1004
6.5523996    17.2132    14.1004
6.562    17.202    14.1004
6.574    17.1924    14.1004
6.5828    17.1876    14.1004
6.6004    17.178    14.1004
6.614    17.1708    14.1004
6.6396    17.1612    14.1004
6.6587996    17.154    14.1004
6.6692    17.1468    14.1004
6.6731997    17.1444    14.1004
6.674    17.1404    14.1004
6.6843996    17.122799    14.1004
6.6836    17.111599    14.1004
6.6868    17.094    14.1004
6.686    17.0836    14.1004
6.6843996    17.0644    14.1004
6.6812    17.0532    14.1004
6.6707997    17.0028    14.1004
6.6619997    16.9588    14.1004
6.6587996    16.9436    14.1004
6.6572    16.938    14.1004
6.6299996    16.806799    14.1004
6.6252    16.784399    14.1004
6.606    16.685999    14.1004
6.5996    16.656399    14.1004
6.5852    16.586    14.1004
6.5723996    16.5252    14.1004
6.5692    16.5084    14.1004
6.5652    16.4868    14.1004
6.5372    16.342    14.1004
