12.849999    34.3332    9.6004
12.8396    34.3252    9.6004
12.821199    34.3108    9.6004
12.802799    34.2892    9.6004
12.7956    34.2828    9.6004
12.7828    34.266    9.6004
12.7676    34.238    9.6004
12.766    34.2356    9.6004
12.7476    34.1732    9.6004
12.745199    34.166    9.6004
12.7436    34.162    9.6004
12.7364    34.1436    9.6004
12.7156    34.107597    9.6004
12.711599    34.099598    9.6004
12.7092    34.093998    9.6004
12.705199    34.0868    9.6004
12.6988    34.0732    9.6004
12.6924    34.0476    9.6004
12.682799    34.0164    9.6004
12.6508    33.992397    9.6004
12.6508    33.9908    9.6004
12.65    33.992397    9.6004
12.630799    34.0196    9.6004
12.630799    34.0204    9.6004
12.63    34.023598    9.6004
12.6284    34.0436    9.6004
12.6268    34.0484    9.6004
12.6284    34.0652    9.6004
12.6292    34.0732    9.6004
12.630799    34.11    9.6004
12.630799    34.110798    9.6004
12.630799    34.1116    9.6004
12.637199    34.1748    9.6004
12.641999    34.202    9.6004
12.6508    34.242    9.6004
12.6564    34.258    9.6004
12.665199    34.2892    9.6004
12.671599    34.3092    9.6004
12.686    34.343597    9.6004
12.6908    34.354797    9.6004
12.6956    34.3652    9.6004
12.7076    34.3876    9.6004
12.728399    34.4148    9.6004
12.7332    34.422    9.6004
12.733999    34.4236    9.6004
12.7355995    34.4244    9.6004
12.7764    34.466    9.6004
12.802    34.4876    9.6004
12.8116    34.4948    9.6004
12.846    34.5148    9.6004
12.8572    34.5196    9.6004
12.87    34.5244    9.6004
12.877999    34.5268    9.6004
12.9028    34.5372    9.6004
12.941199    34.5436    9.6004
12.958799    34.5452    9.6004
12.9692    34.5444    9.6004
12.986799    34.5444    9.6004
12.9972    34.542    9.6004
13.018    34.5412    9.6004
13.0356    34.538    9.6004
13.079599    34.529198    9.6004
13.0836    34.5284    9.6004
13.1284    34.5132    9.6004
13.1396    34.5076    9.6004
13.1572    34.4996    9.6004
13.1812    34.486797    9.6004
13.193999    34.4796    9.6004
13.205199    34.4716    9.6004
13.2076    34.441998    9.6004
13.211599    34.4316    9.6004
13.1908    34.4092    9.6004
13.19    34.4068    9.6004
13.162    34.4012    9.6004
13.158    34.3988    9.6004
13.1068    34.402    9.6004
13.101999    34.402    9.6004
13.097199    34.4004    9.6004
13.067599    34.402798    9.6004
13.0524    34.402798    9.6004
13.0324    34.4012    9.6004
12.993199    34.3932    9.6004
12.986799    34.3924    9.6004
12.9828    34.391598    9.6004
12.9204    34.3668    9.6004
12.9092    34.3628    9.6004
12.9084    34.3628    9.6004
12.906799    34.362    9.6004
12.8764    34.3476    9.6004
12.8716    34.3444    9.6004
12.849999    34.3332    9.6004
