16.0172    32.4684    9.6004
16.0156    32.4708    9.6004
16.013199    32.4748    9.6004
15.9948    32.5028    9.6004
15.9916    32.506    9.6004
15.9716    32.529198    9.6004
15.9628    32.5356    9.6004
15.9444    32.551598    9.6004
15.9307995    32.5596    9.6004
15.9204    32.5652    9.6004
15.8412    32.6036    9.6004
15.8172    32.6148    9.6004
15.803599    32.6212    9.6004
15.7252    32.6548    9.6004
15.705999    32.6628    9.6004
15.6491995    32.686    9.6004
15.5892    32.71    9.6004
15.5803995    32.714    9.6004
15.533199    32.731598    9.6004
15.493199    32.7468    9.6004
15.474799    32.753998    9.6004
15.382799    32.786    9.6004
15.3468    32.7972    9.6004
15.279599    32.8196    9.6004
15.274799    32.821198    9.6004
15.1908    32.8444    9.6004
15.1908    32.8452    9.6004
15.1779995    32.8476    9.6004
15.1147995    32.862    9.6004
15.078    32.8708    9.6004
15.0708    32.8732    9.6004
15.07    32.8732    9.6004
15.028399    32.8732    9.6004
14.9788    32.871597    9.6004
14.9716    32.8708    9.6004
14.9668    32.87    9.6004
14.9428    32.865997    9.6004
14.941199    32.8652    9.6004
14.934    32.862    9.6004
14.922    32.854797    9.6004
14.886    32.8316    9.6004
14.8675995    32.8164    9.6004
14.831599    32.7892    9.6004
14.7788    32.750797    9.6004
14.7755995    32.75    9.6004
14.7644    32.7492    9.6004
14.745199    32.745197    9.6004
14.7316    32.753998    9.6004
14.7084    32.766    9.6004
14.6964    32.778    9.6004
14.6812    32.7924    9.6004
14.6564    32.821198    9.6004
14.642799    32.837997    9.6004
14.624399    32.860397    9.6004
14.6004    32.8884    9.6004
14.594    32.8964    9.6004
14.5724    32.925198    9.6004
14.5515995    32.9444    9.6004
14.546    32.9492    9.6004
14.4956    32.9876    9.6004
14.4436    33.0252    9.6004
14.3963995    33.0564    9.6004
14.3796    33.0676    9.6004
14.320399    33.105198    9.6004
14.2996    33.1172    9.6004
14.2828    33.126    9.6004
14.2588    33.134    9.6004
14.2564    33.1364    9.6004
14.2444    33.1412    9.6004
14.2132    33.1572    9.6004
14.2036    33.17    9.6004
14.1988    33.1764    9.6004
14.181999    33.1844    9.6004
14.1748    33.1932    9.6004
14.159599    33.2076    9.6004
14.1572    33.214    9.6004
14.15    33.2308    9.6004
14.1452    33.2388    9.6004
14.1212    33.2564    9.6004
14.102799    33.2868    9.6004
14.1012    33.29    9.6004
14.0859995    33.332397    9.6004
14.0828    33.3388    9.6004
14.079599    33.3484    9.6004
14.0484    33.422    9.6004
14.039599    33.441998    9.6004
14.0292    33.4636    9.6004
14.016399    33.4932    9.6004
14.0148    33.4972    9.6004
13.9964    33.5308    9.6004
13.9908    33.5428    9.6004
13.9684    33.582    9.6004
13.9428    33.6236    9.6004
13.9388    33.6292    9.6004
13.923599    33.6548    9.6004
13.8884    33.7052    9.6004
13.8619995    33.7404    9.6004
13.837199    33.7724    9.6004
13.832399    33.7788    9.6004
13.797999    33.8164    9.6004
13.797199    33.8172    9.6004
13.7716    33.846798    9.6004
13.7699995    33.8484    9.6004
13.7699995    33.85    9.6004
13.762    33.8628    9.6004
13.7548    33.874    9.6004
13.7532    33.8764    9.6004
13.751599    33.8788    9.6004
13.745999    33.908398    9.6004
13.7484    33.9124    9.6004
13.762    33.9316    9.6004
13.774799    33.9412    9.6004
13.791599    33.9652    9.6004
13.7987995    33.9724    9.6004
13.8228    33.9948    9.6004
13.8756    34.0532    9.6004
13.878799    34.0564    9.6004
13.8796    34.0564    9.6004
13.8804    34.057198    9.6004
13.901999    34.0844    9.6004
13.9092    34.1044    9.6004
13.912399    34.1212    9.6004
13.918799    34.166798    9.6004
13.922    34.2012    9.6004
13.9268    34.2444    9.6004
13.9268    34.2588    9.6004
13.9228    34.2916    9.6004
13.9228    34.2924    9.6004
13.9044    34.3068    9.6004
13.8828    34.3164    9.6004
13.8804    34.3172    9.6004
13.8596    34.329998    9.6004
13.854    34.3316    9.6004
13.849999    34.335598    9.6004
13.834    34.352398    9.6004
13.831599    34.3572    9.6004
13.8276    34.382    9.6004
13.826799    34.3852    9.6004
13.825999    34.4148    9.6004
13.825999    34.453197    9.6004
13.825999    34.4556    9.6004
13.8252    34.4572    9.6004
13.8244    34.4628    9.6004
13.8196    34.4988    9.6004
13.8108    34.5316    9.6004
13.808399    34.5452    9.6004
13.791599    34.5652    9.6004
13.79    34.5676    9.6004
13.7892    34.5692    9.6004
13.7652    34.5844    9.6004
13.7604    34.588398    9.6004
13.7556    34.5916    9.6004
13.734799    34.6068    9.6004
13.7324    34.6084    9.6004
13.714    34.6284    9.6004
13.693999    34.6564    9.6004
13.6916    34.6588    9.6004
13.689199    34.6604    9.6004
13.677199    34.686    9.6004
13.670799    34.7044    9.6004
13.6628    34.714798    9.6004
13.6556    34.7364    9.6004
13.6516    34.7444    9.6004
13.647599    34.756397    9.6004
13.6388    34.774    9.6004
13.625999    34.8004    9.6004
13.6212    34.8092    9.6004
13.6164    34.8164    9.6004
13.6108    34.834    9.6004
13.6044    34.846798    9.6004
13.6036    34.8572    9.6004
13.61    34.8652    9.6004
13.622    34.8908    9.6004
13.6388    34.9012    9.6004
13.6508    34.9124    9.6004
13.6723995    34.925198    9.6004
13.6756    34.9292    9.6004
13.686    34.9348    9.6004
13.700399    34.946    9.6004
13.7067995    34.95    9.6004
13.714    34.9556    9.6004
13.7355995    34.9748    9.6004
13.7372    34.9772    9.6004
13.740399    34.981197    9.6004
13.7372    34.995598    9.6004
13.723599    35.001198    9.6004
13.7132    35.006    9.6004
13.694799    35.012398    9.6004
13.6636    35.022    9.6004
13.638    35.03    9.6004
13.622    35.0356    9.6004
13.573199    35.0476    9.6004
13.5724    35.0476    9.6004
13.5716    35.0484    9.6004
13.5708    35.0484    9.6004
13.526799    35.062798    9.6004
13.514    35.0708    9.6004
13.510799    35.073997    9.6004
13.4883995    35.0804    9.6004
13.465199    35.096397    9.6004
13.462    35.099598    9.6004
13.4452    35.106    9.6004
13.434    35.113197    9.6004
13.4316    35.113197    9.6004
13.4156    35.1196    9.6004
13.407599    35.124397    9.6004
13.406799    35.1252    9.6004
13.395599    35.1292    9.6004
13.3796    35.1396    9.6004
13.3764    35.1404    9.6004
13.349999    35.1628    9.6004
13.344399    35.166    9.6004
13.322    35.1812    9.6004
13.314    35.1844    9.6004
13.2956    35.1916    9.6004
13.2484    35.217197    9.6004
13.240399    35.2212    9.6004
13.2156    35.2364    9.6004
13.2076    35.2412    9.6004
13.186    35.2468    9.6004
13.1804    35.25    9.6004
13.1556    35.256397    9.6004
13.15    35.2588    9.6004
13.1292    35.2732    9.6004
13.098    35.298798    9.6004
13.096399    35.3004    9.6004
13.068399    35.3284    9.6004
13.0644    35.3332    9.6004
13.0468    35.3564    9.6004
13.044399    35.3596    9.6004
13.021999    35.402    9.6004
13.0188    35.406    9.6004
13.0076    35.4268    9.6004
12.998    35.4436    9.6004
12.986799    35.4668    9.6004
12.9612    35.5212    9.6004
12.9595995    35.5228    9.6004
12.957999    35.5244    9.6004
12.9492    35.5444    9.6004
12.946799    35.5484    9.6004
12.9452    35.55    9.6004
12.9268    35.568398    9.6004
12.914    35.5724    9.6004
12.894    35.5812    9.6004
12.8812    35.585197    9.6004
12.8716    35.5868    9.6004
12.8164    35.5932    9.6004
12.742    35.598    9.6004
12.7092    35.599598    9.6004
12.7044    35.599598    9.6004
12.6908    35.596397    9.6004
12.6844    35.590797    9.6004
12.6532    35.5636    9.6004
12.6524    35.562798    9.6004
12.6516    35.562    9.6004
12.6292    35.540398    9.6004
12.607599    35.526    9.6004
12.6052    35.509197    9.6004
12.602799    35.5028    9.6004
12.6284    35.497997    9.6004
12.631599    35.4916    9.6004
12.6435995    35.4748    9.6004
12.6468    35.4652    9.6004
12.653999    35.445198    9.6004
12.6628    35.425198    9.6004
12.6796    35.3844    9.6004
12.6812    35.3788    9.6004
12.682799    35.377197    9.6004
12.683599    35.3724    9.6004
12.6924    35.352398    9.6004
12.6964    35.329998    9.6004
12.6956    35.3204    9.6004
12.69    35.2996    9.6004
12.683599    35.2868    9.6004
12.6612    35.2724    9.6004
12.654799    35.2692    9.6004
12.620399    35.2588    9.6004
12.6108    35.2548    9.6004
12.6004    35.25    9.6004
12.5724    35.2348    9.6004
12.558    35.2268    9.6004
12.5404    35.218    9.6004
12.515599    35.2124    9.6004
12.510799    35.2076    9.6004
12.4964    35.2196    9.6004
12.4892    35.2324    9.6004
12.4883995    35.2676    9.6004
12.4892    35.2724    9.6004
12.4892    35.274    9.6004
12.49    35.278    9.6004
12.4972    35.3076    9.6004
12.5012    35.318798    9.6004
12.5124    35.346798    9.6004
12.5227995    35.3708    9.6004
12.5308    35.3908    9.6004
12.549999    35.4324    9.6004
12.555599    35.446    9.6004
12.5692    35.4724    9.6004
12.57    35.478    9.6004
12.568399    35.4892    9.6004
12.578    35.502    9.6004
12.562799    35.5156    9.6004
12.5532    35.5228    9.6004
12.5364    35.53    9.6004
12.527599    35.5284    9.6004
12.5132    35.5316    9.6004
12.5068    35.53    9.6004
12.474    35.51    9.6004
12.4636    35.5052    9.6004
12.4539995    35.4996    9.6004
12.4204    35.478798    9.6004
12.37    35.441998    9.6004
12.3619995    35.436398    9.6004
12.355599    35.430798    9.6004
12.3004    35.3876    9.6004
12.229199    35.3276    9.6004
12.228399    35.326797    9.6004
12.2276    35.326    9.6004
12.198    35.2956    9.6004
12.1788    35.2748    9.6004
12.1692    35.2644    9.6004
12.1516    35.242    9.6004
12.1396    35.2212    9.6004
12.136399    35.2124    9.6004
12.1356    35.2108    9.6004
12.120399    35.1684    9.6004
12.119599    35.162    9.6004
12.1156    35.1308    9.6004
12.1147995    35.1268    9.6004
12.1147995    35.124397    9.6004
12.1116    35.0876    9.6004
12.1124    35.082798    9.6004
12.1116    35.077198    9.6004
12.1108    35.073997    9.6004
12.1108    35.0428    9.6004
12.1116    35.0284    9.6004
12.1156    35.003597    9.6004
12.120399    34.9772    9.6004
12.1212    34.9724    9.6004
12.125199    34.9604    9.6004
12.130799    34.9412    9.6004
12.1356    34.9292    9.6004
12.1412    34.9164    9.6004
12.154799    34.8908    9.6004
12.1564    34.888397    9.6004
12.158    34.8868    9.6004
12.1588    34.8852    9.6004
12.170799    34.857998    9.6004
12.1756    34.8516    9.6004
12.1796    34.8308    9.6004
12.1804    34.8108    9.6004
12.1844    34.8036    9.6004
12.183599    34.793198    9.6004
12.1804    34.7844    9.6004
12.171599    34.7612    9.6004
12.1628    34.7356    9.6004
12.1556    34.7124    9.6004
12.1468    34.6772    9.6004
12.142799    34.6516    9.6004
12.1396    34.6316    9.6004
12.1324    34.573997    9.6004
12.131599    34.5604    9.6004
12.131599    34.5524    9.6004
12.1268    34.5364    9.6004
12.1228    34.5212    9.6004
12.1228    34.5188    9.6004
12.120399    34.5164    9.6004
12.098    34.4972    9.6004
12.091599    34.4972    9.6004
12.068399    34.4908    9.6004
12.062799    34.4916    9.6004
12.0372    34.4948    9.6004
12.0236    34.4972    9.6004
11.9972    34.4996    9.6004
11.957999    34.5028    9.6004
11.936399    34.503597    9.6004
11.9228    34.503597    9.6004
11.9212    34.503597    9.6004
11.9164    34.501198    9.6004
11.894799    34.495598    9.6004
11.8868    34.489998    9.6004
11.8812    34.478798    9.6004
11.8772    34.4684    9.6004
11.874    34.4436    9.6004
11.873199    34.4236    9.6004
11.8756    34.402798    9.6004
11.8772    34.3956    9.6004
11.8804    34.3876    9.6004
11.889999    34.365997    9.6004
11.91    34.3236    9.6004
11.9204    34.3036    9.6004
11.9452    34.2548    9.6004
11.947599    34.2492    9.6004
11.974    34.2044    9.6004
11.986    34.183598    9.6004
11.9916    34.1788    9.6004
12.0244    34.1348    9.6004
12.033199    34.1268    9.6004
12.0492    34.1084    9.6004
12.066    34.0932    9.6004
12.0772    34.0836    9.6004
12.094    34.0804    9.6004
12.113999    34.0788    9.6004
12.1164    34.077198    9.6004
12.1412    34.078    9.6004
12.17    34.0748    9.6004
12.177199    34.0756    9.6004
12.183599    34.0732    9.6004
12.2084    34.0604    9.6004
12.21    34.0588    9.6004
12.2212    34.038    9.6004
12.242    33.994    9.6004
12.2436    33.9908    9.6004
12.245999    33.986    9.6004
12.2556    33.961998    9.6004
12.263599    33.9444    9.6004
12.2644    33.936398    9.6004
12.2612    33.93    9.6004
12.263599    33.9076    9.6004
12.2604    33.9044    9.6004
12.245999    33.8724    9.6004
12.2156    33.842    9.6004
12.186    33.8108    9.6004
12.1852    33.809998    9.6004
12.1844    33.8092    9.6004
12.1804    33.8012    9.6004
12.176399    33.7924    9.6004
12.176399    33.79    9.6004
12.174    33.7684    9.6004
12.1804    33.748398    9.6004
12.1924    33.7308    9.6004
12.1964    33.7252    9.6004
12.200399    33.720398    9.6004
12.205999    33.714    9.6004
12.238    33.6764    9.6004
12.2652    33.6452    9.6004
12.2708    33.638798    9.6004
12.291599    33.618797    9.6004
12.302799    33.6116    9.6004
12.3132    33.606    9.6004
12.349999    33.5956    9.6004
12.3508    33.5948    9.6004
12.3572    33.5932    9.6004
12.4348    33.5732    9.6004
12.5244    33.5588    9.6004
12.5316    33.558    9.6004
12.5324    33.558    9.6004
12.542    33.5588    9.6004
12.6004    33.5644    9.6004
12.6092    33.565998    9.6004
12.613199    33.5668    9.6004
12.619599    33.568398    9.6004
12.6228    33.5692    9.6004
12.665999    33.579597    9.6004
12.6732    33.582    9.6004
12.6876    33.5892    9.6004
12.6964    33.5988    9.6004
12.6988    33.6044    9.6004
12.699599    33.6148    9.6004
12.700399    33.6196    9.6004
12.6988    33.6364    9.6004
12.6972    33.649998    9.6004
12.6956    33.6684    9.6004
12.6924    33.6844    9.6004
12.6908    33.7012    9.6004
12.6868    33.7668    9.6004
12.6868    33.7684    9.6004
12.6852    33.770798    9.6004
12.6788    33.798798    9.6004
12.6732    33.8236    9.6004
12.6748    33.826    9.6004
12.6732    33.835598    9.6004
12.671599    33.854797    9.6004
12.670799    33.8588    9.6004
12.6748    33.871597    9.6004
12.6796    33.860397    9.6004
12.705199    33.8668    9.6004
12.7244    33.8588    9.6004
12.733999    33.846798    9.6004
12.745199    33.8276    9.6004
12.762799    33.8092    9.6004
12.773999    33.7948    9.6004
12.7908    33.765198    9.6004
12.797199    33.7468    9.6004
12.802    33.739597    9.6004
12.8043995    33.7252    9.6004
12.808399    33.714    9.6004
12.8124    33.697998    9.6004
12.8132    33.686    9.6004
12.814    33.6804    9.6004
12.814799    33.677998    9.6004
12.815599    33.67    9.6004
12.820399    33.6316    9.6004
12.8284    33.6036    9.6004
12.834    33.585197    9.6004
12.842    33.562    9.6004
12.846    33.5508    9.6004
12.855599    33.534798    9.6004
12.8619995    33.522    9.6004
12.874    33.5044    9.6004
12.8868    33.4852    9.6004
12.8972    33.4724    9.6004
12.901999    33.4684    9.6004
12.9084    33.4604    9.6004
12.9156    33.454    9.6004
12.935599    33.4356    9.6004
12.938    33.434    9.6004
12.9484    33.4268    9.6004
12.9604    33.4188    9.6004
12.9612    33.4188    9.6004
12.9692    33.4148    9.6004
12.981999    33.4092    9.6004
12.9844    33.4076    9.6004
13.0092    33.3956    9.6004
13.0148    33.3924    9.6004
13.021999    33.39    9.6004
13.058    33.380398    9.6004
13.091599    33.3724    9.6004
13.1044    33.3676    9.6004
13.1268    33.3628    9.6004
13.13    33.362    9.6004
13.15    33.354797    9.6004
13.1556    33.3532    9.6004
13.162    33.3516    9.6004
13.1812    33.3444    9.6004
13.205199    33.3284    9.6004
13.210799    33.326    9.6004
13.217199    33.322    9.6004
13.2411995    33.298798    9.6004
13.2492    33.293198    9.6004
13.2564    33.2844    9.6004
13.2699995    33.266    9.6004
13.281199    33.245197    9.6004
13.286799    33.2364    9.6004
13.2892    33.2324    9.6004
13.292399    33.2252    9.6004
13.3172    33.177998    9.6004
13.334    33.1404    9.6004
13.3572    33.1012    9.6004
13.3588    33.096397    9.6004
13.3812    33.058    9.6004
13.3924    33.0372    9.6004
13.400399    33.026    9.6004
13.4228    32.989998    9.6004
13.4332    32.973198    9.6004
13.465199    32.9268    9.6004
13.4668    32.925198    9.6004
13.4668    32.9244    9.6004
13.4724    32.9156    9.6004
13.5004    32.871597    9.6004
13.502    32.869198    9.6004
13.5028    32.8684    9.6004
13.5204    32.8428    9.6004
13.528399    32.8196    9.6004
13.527599    32.7972    9.6004
13.5324    32.7868    9.6004
13.527599    32.766    9.6004
13.53    32.758    9.6004
13.521999    32.7412    9.6004
13.5171995    32.7356    9.6004
13.499599    32.711597    9.6004
13.486    32.69    9.6004
13.4668    32.658    9.6004
13.4539995    32.6396    9.6004
13.4388    32.613197    9.6004
13.398    32.5324    9.6004
13.3907995    32.5172    9.6004
13.3508    32.4316    9.6004
13.3284    32.382    9.6004
13.315599    32.35    9.6004
13.29    32.2844    9.6004
13.2764    32.2468    9.6004
13.2716    32.23    9.6004
13.2564    32.1796    9.6004
13.242    32.1308    9.6004
13.233999    32.099598    9.6004
13.217199    32.0356    9.6004
13.211599    32.0108    9.6004
13.198    31.946798    9.6004
13.186    31.8876    9.6004
13.1812    31.8604    9.6004
13.1732    31.8116    9.6004
13.1684    31.775599    9.6004
13.165999    31.7596    9.6004
13.159599    31.6988    9.6004
13.1588    31.6868    9.6004
13.1572    31.674    9.6004
13.146    31.563599    9.6004
13.1404    31.507599    9.6004
13.1332    31.446798    9.6004
13.120399    31.338    9.6004
13.118799    31.3252    9.6004
13.1164    31.3084    9.6004
13.1004    31.245998    9.6004
13.0996    31.2452    9.6004
13.078    31.2036    9.6004
13.0756    31.201199    9.6004
13.0748    31.199598    9.6004
13.07    31.1948    9.6004
12.999599    31.1236    9.6004
12.981199    31.0996    9.6004
12.969999    31.0868    9.6004
12.9628    31.076399    9.6004
12.917999    31.000399    9.6004
12.8756    30.937199    9.6004
12.87    30.9284    9.6004
12.846    30.9004    9.6004
12.8428    30.897999    9.6004
12.814799    30.89    9.6004
12.814    30.89    9.6004
12.792399    30.886799    9.6004
12.762799    30.89    9.6004
12.7428    30.8916    9.6004
12.734799    30.892399    9.6004
12.662    30.897999    9.6004
12.596399    30.9028    9.6004
12.5868    30.901999    9.6004
12.5476    30.8996    9.6004
12.4748    30.892399    9.6004
12.4564    30.89    9.6004
12.4428    30.8876    9.6004
12.373199    30.8716    9.6004
12.344399    30.8636    9.6004
12.3356    30.8604    9.6004
12.3236    30.858    9.6004
12.309199    30.853199    9.6004
12.282    30.838799    9.6004
12.238    30.8188    9.6004
12.222799    30.8156    9.6004
12.210799    30.814    9.6004
12.1964    30.814    9.6004
12.1804    30.814798    9.6004
12.1692    30.816399    9.6004
12.1324    30.8244    9.6004
12.073999    30.8396    9.6004
12.0571995    30.8436    9.6004
12.021199    30.853199    9.6004
11.987599    30.862799    9.6004
11.952399    30.8732    9.6004
11.895599    30.8884    9.6004
11.8868    30.89    9.6004
11.8468    30.8972    9.6004
11.8404    30.8972    9.6004
11.803599    30.896399    9.6004
11.7932    30.8932    9.6004
11.769199    30.886    9.6004
11.7596    30.883598    9.6004
11.751599    30.879599    9.6004
11.7316    30.864399    9.6004
11.7188    30.853199    9.6004
11.694799    30.8244    9.6004
11.6924    30.8196    9.6004
11.6723995    30.778    9.6004
11.67    30.7732    9.6004
11.67    30.7724    9.6004
11.653999    30.7332    9.6004
11.6396    30.6876    9.6004
11.6348    30.665998    9.6004
11.630799    30.6476    9.6004
11.6284    30.6068    9.6004
11.625999    30.5924    9.6004
11.6292    30.559599    9.6004
11.6276    30.5436    9.6004
11.6332    30.513199    9.6004
11.634    30.5036    9.6004
11.636399    30.494799    9.6004
11.6396    30.473999    9.6004
11.6452    30.459599    9.6004
11.6491995    30.444399    9.6004
11.658    30.4236    9.6004
11.671599    30.3916    9.6004
11.682    30.3708    9.6004
11.69    30.3548    9.6004
11.6916    30.3508    9.6004
11.694799    30.344398    9.6004
11.7364    30.253199    9.6004
11.7436    30.2396    9.6004
11.7564    30.2132    9.6004
11.802    30.1188    9.6004
11.806    30.111599    9.6004
11.8084    30.105999    9.6004
11.821199    30.078    9.6004
11.825999    30.061998    9.6004
11.832399    30.05    9.6004
11.834    30.037199    9.6004
11.8412    30.0268    9.6004
11.842    30.024399    9.6004
11.844399    30.001999    9.6004
11.846    29.9972    9.6004
11.8428    29.972399    9.6004
11.844399    29.9684    9.6004
11.8396    29.9492    9.6004
11.837999    29.942799    9.6004
11.8188    29.879599    9.6004
11.8108    29.857199    9.6004
11.8076    29.8484    9.6004
11.7892    29.801199    9.6004
11.7836    29.782799    9.6004
11.7788    29.758    9.6004
11.7724    29.6892    9.6004
11.768399    29.6524    9.6004
11.762799    29.5884    9.6004
11.7596    29.5332    9.6004
11.7588    29.5252    9.6004
11.7588    29.509998    9.6004
11.757999    29.4636    9.6004
11.757999    29.4452    9.6004
11.7596    29.381199    9.6004
11.7612    29.340399    9.6004
11.762799    29.2972    9.6004
11.7644    29.2708    9.6004
11.7724    29.1948    9.6004
11.774799    29.174799    9.6004
11.7772    29.1532    9.6004
11.7828    29.0836    9.6004
11.7908    29.039598    9.6004
11.791599    29.035599    9.6004
11.7996    28.990799    9.6004
11.8043995    28.9692    9.6004
11.8052    28.9684    9.6004
11.818    28.918    9.6004
11.8308    28.879599    9.6004
11.838799    28.858    9.6004
11.8484    28.8308    9.6004
11.858    28.806799    9.6004
11.860399    28.8028    9.6004
11.8804    28.7636    9.6004
11.9036    28.723598    9.6004
11.9108    28.7108    9.6004
11.9268    28.6868    9.6004
11.946    28.6628    9.6004
11.9684    28.6364    9.6004
11.9948    28.6076    9.6004
12.0012    28.600399    9.6004
12.0132    28.5884    9.6004
12.044399    28.557999    9.6004
12.0644    28.5388    9.6004
12.07    28.533998    9.6004
12.073999    28.529999    9.6004
12.125999    28.489199    9.6004
12.1268    28.4884    9.6004
12.1644    28.4636    9.6004
12.202    28.4396    9.6004
12.2244    28.425999    9.6004
12.3284    28.3652    9.6004
12.372399    28.338    9.6004
12.3852    28.33    9.6004
12.406799    28.3188    9.6004
12.429999    28.301199    9.6004
12.4396    28.293999    9.6004
12.447599    28.286798    9.6004
12.470799    28.265999    9.6004
12.538799    28.197199    9.6004
12.5892    28.146    9.6004
12.6244    28.1132    9.6004
12.642799    28.0964    9.6004
12.648399    28.091599    9.6004
12.6852    28.0612    9.6004
12.694799    28.0532    9.6004
12.733999    28.0236    9.6004
12.766    28.004398    9.6004
12.79    27.990799    9.6004
12.844399    27.961199    9.6004
12.8476    27.9588    9.6004
12.8772    27.9468    9.6004
12.8812    27.944399    9.6004
12.924399    27.9308    9.6004
12.9268    27.929998    9.6004
12.9516    27.927599    9.6004
12.9628    27.924398    9.6004
13.0084    27.9212    9.6004
13.0236    27.918798    9.6004
13.066    27.918    9.6004
13.0724    27.9172    9.6004
13.096399    27.918798    9.6004
13.118    27.918    9.6004
13.136399    27.918    9.6004
13.2044    27.9228    9.6004
13.2204    27.924398    9.6004
13.266    27.927599    9.6004
13.331599    27.935598    9.6004
13.3396    27.9364    9.6004
13.344399    27.9364    9.6004
13.3532    27.938    9.6004
13.4084    27.9492    9.6004
13.4108    27.9492    9.6004
13.4196    27.9524    9.6004
13.4444    27.962    9.6004
13.470799    27.9828    9.6004
13.476399    27.987598    9.6004
13.4964    28.017199    9.6004
13.5196    28.050798    9.6004
13.539599    28.0788    9.6004
13.561199    28.1108    9.6004
13.5668    28.121199    9.6004
13.5756    28.142    9.6004
13.589999    28.180399    9.6004
13.6036    28.221199    9.6004
13.61    28.236399    9.6004
13.6124    28.240398    9.6004
13.6412    28.2676    9.6004
13.65    28.2724    9.6004
13.7188    28.305199    9.6004
13.762    28.3244    9.6004
13.8476    28.3692    9.6004
13.8532    28.3716    9.6004
13.8588    28.3748    9.6004
13.9036    28.4004    9.6004
13.9204    28.4124    9.6004
13.9276    28.418    9.6004
13.9444    28.437199    9.6004
13.9539995    28.453999    9.6004
13.9628    28.481998    9.6004
13.965199    28.487598    9.6004
13.965199    28.489199    9.6004
13.965199    28.490799    9.6004
13.9684    28.531599    9.6004
13.963599    28.550798    9.6004
13.957999    28.5724    9.6004
13.9516    28.5852    9.6004
13.941199    28.6036    9.6004
13.929999    28.626    9.6004
13.914    28.65    9.6004
13.8868    28.6908    9.6004
13.8412    28.7636    9.6004
13.8164    28.806    9.6004
13.813999    28.809198    9.6004
13.8124    28.814    9.6004
13.7932    28.849998    9.6004
13.7884    28.8604    9.6004
13.782    28.8884    9.6004
13.7828    28.906    9.6004
13.7876    28.9252    9.6004
13.797999    28.942799    9.6004
13.808399    28.9532    9.6004
13.8468    28.9844    9.6004
13.8916    29.022    9.6004
13.9116    29.038    9.6004
13.941199    29.066    9.6004
13.95    29.074799    9.6004
13.970799    29.1036    9.6004
13.9788    29.113998    9.6004
13.9916    29.143599    9.6004
13.9939995    29.15    9.6004
14.0036    29.180399    9.6004
14.0036    29.1812    9.6004
14.009999    29.21    9.6004
14.0132    29.23    9.6004
14.018    29.254    9.6004
14.0227995    29.2988    9.6004
14.026799    29.3228    9.6004
14.0348    29.364399    9.6004
14.0404    29.3804    9.6004
14.0404    29.3828    9.6004
14.0428    29.3876    9.6004
14.0588    29.413198    9.6004
14.0708    29.421999    9.6004
14.0756    29.4228    9.6004
14.090799    29.427599    9.6004
14.102799    29.429998    9.6004
14.1068    29.4324    9.6004
14.1284    29.435598    9.6004
14.1348    29.438    9.6004
14.1412    29.437199    9.6004
14.1524    29.438    9.6004
14.1644    29.438    9.6004
14.1916    29.438    9.6004
14.2067995    29.438799    9.6004
14.2652    29.438    9.6004
14.3043995    29.437199    9.6004
14.3172    29.437199    9.6004
14.3516    29.438    9.6004
14.413199    29.4404    9.6004
14.4164    29.4404    9.6004
14.4612    29.4516    9.6004
14.469999    29.455599    9.6004
14.5404    29.49    9.6004
14.5404    29.4916    9.6004
14.5924    29.5148    9.6004
14.602799    29.5204    9.6004
14.625199    29.5276    9.6004
14.630799    29.528399    9.6004
14.658799    29.529999    9.6004
14.671599    29.529999    9.6004
14.7724    29.5292    9.6004
14.7876    29.5292    9.6004
14.834    29.528399    9.6004
14.860399    29.529999    9.6004
14.8972    29.5364    9.6004
14.901999    29.537199    9.6004
14.9196    29.542799    9.6004
14.9956    29.573198    9.6004
15.0204    29.5828    9.6004
15.0308    29.587599    9.6004
15.0812    29.609999    9.6004
15.124399    29.6276    9.6004
15.1284    29.6292    9.6004
15.134    29.6332    9.6004
15.181999    29.660398    9.6004
15.242    29.695599    9.6004
15.257999    29.7044    9.6004
15.33    29.7524    9.6004
15.331599    29.753199    9.6004
15.401999    29.801199    9.6004
15.4548    29.8396    9.6004
15.5244    29.892399    9.6004
15.5492    29.909199    9.6004
15.5596    29.9156    9.6004
15.598    29.9324    9.6004
15.6092    29.935598    9.6004
15.6124    29.9364    9.6004
15.613999    29.935598    9.6004
15.6404    29.9364    9.6004
15.6684    29.929998    9.6004
15.67    29.9292    9.6004
15.6748    29.9284    9.6004
15.7268    29.914799    9.6004
15.746799    29.91    9.6004
15.7788    29.901999    9.6004
15.8564    29.879599    9.6004
15.917999    29.864399    9.6004
15.934    29.8604    9.6004
15.9548    29.8564    9.6004
16.0004    29.8484    9.6004
16.042    29.842    9.6004
16.100399    29.8372    9.6004
16.1068    29.8364    9.6004
16.1076    29.8364    9.6004
16.1588    29.833199    9.6004
16.1604    29.833199    9.6004
16.2372    29.8356    9.6004
16.2868    29.8428    9.6004
16.288399    29.8436    9.6004
16.3492    29.8508    9.6004
16.3908    29.8604    9.6004
16.4228    29.8652    9.6004
16.466    29.872398    9.6004
16.5148    29.879599    9.6004
16.5204    29.8804    9.6004
16.5236    29.8804    9.6004
16.5612    29.879599    9.6004
16.5716    29.8788    9.6004
16.5956    29.8804    9.6004
16.622799    29.873999    9.6004
16.6364    29.872398    9.6004
16.6484    29.8676    9.6004
16.654    29.864399    9.6004
16.6764    29.862    9.6004
16.678    29.861198    9.6004
16.6908    29.8604    9.6004
16.7044    29.857199    9.6004
16.7412    29.845999    9.6004
16.7564    29.8436    9.6004
16.782799    29.834    9.6004
16.7876    29.8324    9.6004
16.8172    29.8228    9.6004
16.8244    29.8212    9.6004
16.8452    29.8116    9.6004
16.8692    29.806    9.6004
16.8764    29.803598    9.6004
16.9004    29.7964    9.6004
16.9052    29.7948    9.6004
16.9268    29.7876    9.6004
16.9284    29.786798    9.6004
16.9396    29.7836    9.6004
16.9484    29.7796    9.6004
16.954    29.778    9.6004
16.9844    29.7684    9.6004
17.013199    29.7596    9.6004
17.0276    29.754799    9.6004
17.0556    29.743599    9.6004
17.059599    29.7428    9.6004
17.0644    29.740398    9.6004
17.07    29.7388    9.6004
17.1324    29.7188    9.6004
17.1388    29.7172    9.6004
17.178    29.706    9.6004
17.1876    29.702    9.6004
17.197199    29.7004    9.6004
17.2516    29.6836    9.6004
17.2636    29.6796    9.6004
17.3156    29.6628    9.6004
17.3204    29.660398    9.6004
17.3268    29.6588    9.6004
17.3556    29.6524    9.6004
17.378    29.646    9.6004
17.3908    29.6404    9.6004
17.4044    29.633999    9.6004
17.4068    29.632399    9.6004
17.4604    29.6164    9.6004
17.4708    29.6124    9.6004
17.4716    29.6124    9.6004
17.514    29.5964    9.6004
17.5516    29.580399    9.6004
17.5564    29.5788    9.6004
17.6084    29.552399    9.6004
17.6092    29.552399    9.6004
17.6572    29.526    9.6004
17.6612    29.524399    9.6004
17.682    29.5124    9.6004
17.6908    29.507599    9.6004
17.718    29.494    9.6004
17.8196    29.4452    9.6004
17.8724    29.420399    9.6004
17.9044    29.403599    9.6004
17.9636    29.375599    9.6004
18.0052    29.3548    9.6004
18.0508    29.3356    9.6004
18.1164    29.306    9.6004
18.122799    29.3028    9.6004
18.1276    29.301199    9.6004
18.1572    29.2876    9.6004
18.1876    29.2748    9.6004
18.197199    29.2708    9.6004
18.2572    29.2468    9.6004
18.274    29.240398    9.6004
18.323599    29.2204    9.6004
18.345999    29.212399    9.6004
18.4292    29.1796    9.6004
18.4788    29.163599    9.6004
18.5108    29.1516    9.6004
18.57    29.1316    9.6004
18.6068    29.119598    9.6004
18.6828    29.097198    9.6004
18.6892    29.0956    9.6004
18.694    29.094    9.6004
18.7372    29.081999    9.6004
18.7764    29.07    9.6004
18.8324    29.0556    9.6004
18.885199    29.042799    9.6004
18.9772    29.0196    9.6004
19.0028    29.0124    9.6004
19.115599    28.985199    9.6004
19.121199    28.983599    9.6004
19.1276    28.981998    9.6004
19.1924    28.966    9.6004
19.2164    28.9604    9.6004
19.2564    28.9508    9.6004
19.2924    28.944399    9.6004
19.3228    28.9396    9.6004
19.358799    28.934    9.6004
19.3884    28.9292    9.6004
19.414    28.9252    9.6004
19.427599    28.924398    9.6004
19.4588    28.921999    9.6004
19.4868    28.920399    9.6004
19.524399    28.9212    9.6004
19.5348    28.921999    9.6004
19.5684    28.9236    9.6004
19.5916    28.9252    9.6004
19.6052    28.925999    9.6004
19.7132    28.937199    9.6004
19.8092    28.946    9.6004
19.8172    28.946    9.6004
19.826    28.946    9.6004
19.8524    28.9492    9.6004
19.8748    28.946    9.6004
19.892399    28.944399    9.6004
19.9124    28.9436    9.6004
19.9156    28.942    9.6004
19.933199    28.938    9.6004
19.9716    28.927599    9.6004
19.9756    28.9268    9.6004
19.9924    28.920399    9.6004
20.0348    28.9068    9.6004
20.128399    28.872398    9.6004
20.1292    28.872398    9.6004
20.1404    28.868399    9.6004
20.2572    28.826    9.6004
20.3092    28.8076    9.6004
20.3324    28.799599    9.6004
20.3892    28.781199    9.6004
20.4268    28.7692    9.6004
20.4356    28.7668    9.6004
20.5204    28.7412    9.6004
20.542799    28.734798    9.6004
20.6148    28.7156    9.6004
20.6356    28.71    9.6004
20.669199    28.702    9.6004
20.706799    28.6948    9.6004
20.7188    28.6932    9.6004
20.7596    28.6876    9.6004
20.7796    28.6852    9.6004
20.798    28.684399    9.6004
20.829199    28.682798    9.6004
20.8444    28.682798    9.6004
20.8524    28.682798    9.6004
20.8844    28.685999    9.6004
20.901999    28.688398    9.6004
20.9364    28.6932    9.6004
20.9404    28.693998    9.6004
20.9412    28.693998    9.6004
20.942799    28.6948    9.6004
20.977999    28.7044    9.6004
21.001999    28.7116    9.6004
21.017199    28.7172    9.6004
21.042799    28.726    9.6004
21.0828    28.743599    9.6004
21.0972    28.7508    9.6004
21.1036    28.754    9.6004
21.122799    28.7668    9.6004
21.137999    28.777199    9.6004
21.1556    28.7908    9.6004
21.157999    28.7932    9.6004
21.1716    28.8076    9.6004
21.1828    28.8196    9.6004
21.185999    28.8228    9.6004
21.1876    28.8244    9.6004
21.1892    28.8268    9.6004
21.2148    28.8596    9.6004
21.2164    28.862    9.6004
21.2204    28.8692    9.6004
21.2356    28.8988    9.6004
21.237999    28.906    9.6004
21.2372    28.918798    9.6004
21.237999    28.929998    9.6004
21.2228    28.953999    9.6004
21.2204    28.959599    9.6004
21.2076    28.9732    9.6004
21.198    28.985199    9.6004
21.185999    28.9956    9.6004
21.1668    29.011599    9.6004
21.157999    29.018799    9.6004
21.132399    29.041199    9.6004
21.1108    29.0588    9.6004
21.0964    29.069199    9.6004
21.0532    29.102798    9.6004
21.038    29.1148    9.6004
21.0236    29.125198    9.6004
20.9676    29.1644    9.6004
20.934    29.1836    9.6004
20.921999    29.1908    9.6004
20.878    29.212399    9.6004
20.8676    29.217999    9.6004
20.8508    29.225199    9.6004
20.806    29.2428    9.6004
20.795599    29.245998    9.6004
20.747599    29.2636    9.6004
20.7444    29.2652    9.6004
20.7404    29.265999    9.6004
20.6868    29.282799    9.6004
20.6332    29.297998    9.6004
20.6068    29.306    9.6004
20.562    29.3188    9.6004
20.4972    29.338799    9.6004
20.4716    29.345999    9.6004
20.41    29.3676    9.6004
20.41    29.368399    9.6004
20.4084    29.368399    9.6004
20.406    29.3692    9.6004
20.4012    29.3716    9.6004
20.3556    29.3892    9.6004
20.3372    29.4004    9.6004
20.3244    29.409199    9.6004
20.3084    29.4196    9.6004
20.2972    29.4268    9.6004
20.2836    29.437199    9.6004
20.264399    29.4532    9.6004
20.1684    29.5348    9.6004
20.1364    29.5628    9.6004
20.115599    29.5788    9.6004
20.0964    29.593199    9.6004
20.059599    29.6188    9.6004
20.0564    29.6204    9.6004
20.0508    29.6244    9.6004
20.011599    29.6468    9.6004
19.998    29.654    9.6004
19.9572    29.674    9.6004
19.9292    29.6876    9.6004
19.8948    29.702799    9.6004
19.8564    29.7204    9.6004
19.7796    29.7524    9.6004
19.7484    29.7652    9.6004
19.6028    29.8228    9.6004
19.5556    29.842    9.6004
19.5036    29.8636    9.6004
19.490799    29.868399    9.6004
19.4508    29.886    9.6004
19.386799    29.9116    9.6004
19.3484    29.9308    9.6004
19.3212    29.942    9.6004
19.301199    29.953999    9.6004
19.2812    29.9636    9.6004
19.253199    29.979599    9.6004
19.243599    29.9844    9.6004
19.213999    30.005999    9.6004
19.2004    30.014    9.6004
19.178799    30.0292    9.6004
19.166    30.0364    9.6004
19.1588    30.042799    9.6004
19.1148    30.076399    9.6004
19.098    30.0884    9.6004
19.0812    30.1012    9.6004
18.989199    30.1812    9.6004
18.9348    30.2284    9.6004
18.9028    30.254799    9.6004
18.743599    30.377998    9.6004
18.7372    30.3828    9.6004
18.7332    30.386    9.6004
18.6484    30.448399    9.6004
18.614    30.472399    9.6004
18.5308    30.524399    9.6004
18.5196    30.5308    9.6004
18.514    30.5348    9.6004
18.5092    30.538    9.6004
18.4396    30.5796    9.6004
18.3484    30.63    9.6004
18.3084    30.6532    9.6004
18.253199    30.682798    9.6004
18.1548    30.734    9.6004
18.024399    30.799599    9.6004
17.998    30.8132    9.6004
17.9932    30.8156    9.6004
17.8828    30.868399    9.6004
17.8764    30.8708    9.6004
17.754    30.9292    9.6004
17.7524    30.9292    9.6004
17.642    30.976398    9.6004
17.6292    30.981998    9.6004
17.6132    30.989199    9.6004
17.605999    30.9924    9.6004
17.55    31.0148    9.6004
17.462    31.052399    9.6004
17.4308    31.0644    9.6004
17.416399    31.07    9.6004
17.3076    31.1124    9.6004
17.3036    31.113998    9.6004
17.2852    31.1204    9.6004
17.222    31.141998    9.6004
17.1796    31.156399    9.6004
17.1532    31.1644    9.6004
17.1428    31.167599    9.6004
17.109999    31.1796    9.6004
17.035599    31.206799    9.6004
16.97    31.229198    9.6004
16.9508    31.236399    9.6004
16.949999    31.236399    9.6004
16.9452    31.2388    9.6004
16.937199    31.2428    9.6004
16.9044    31.2556    9.6004
16.8964    31.2612    9.6004
16.8908    31.2668    9.6004
16.8748    31.2804    9.6004
16.8556    31.301199    9.6004
16.8484    31.3116    9.6004
16.8356    31.327599    9.6004
16.8308    31.334    9.6004
16.8196    31.351599    9.6004
16.810799    31.3652    9.6004
16.81    31.366798    9.6004
16.8084    31.369999    9.6004
16.7764    31.418    9.6004
16.754    31.4508    9.6004
16.7292    31.4884    9.6004
16.7004    31.5268    9.6004
16.6932    31.5364    9.6004
16.6516    31.5956    9.6004
16.6204    31.6372    9.6004
16.6164    31.641998    9.6004
16.6036    31.665998    9.6004
16.5996    31.671598    9.6004
16.5956    31.680399    9.6004
16.5996    31.706799    9.6004
16.587599    31.73    9.6004
16.5844    31.734798    9.6004
16.59    31.7468    9.6004
16.5892    31.7484    9.6004
16.5972    31.75    9.6004
16.622799    31.7452    9.6004
16.6292    31.7388    9.6004
16.6484    31.722    9.6004
16.6572    31.7132    9.6004
16.6764    31.6988    9.6004
16.680399    31.6964    9.6004
16.682    31.695599    9.6004
16.7132    31.674    9.6004
16.7356    31.6588    9.6004
16.758    31.641998    9.6004
16.7748    31.628399    9.6004
16.8092    31.6036    9.6004
16.83    31.5892    9.6004
16.851599    31.576399    9.6004
16.892399    31.550798    9.6004
16.938799    31.524399    9.6004
16.954    31.5164    9.6004
16.9772    31.504398    9.6004
17.046    31.4684    9.6004
17.102    31.441198    9.6004
17.115599    31.435598    9.6004
17.1244    31.431599    9.6004
17.202    31.396399    9.6004
17.2092    31.394    9.6004
17.254799    31.373999    9.6004
17.2596    31.3716    9.6004
17.2628    31.3708    9.6004
17.2892    31.3596    9.6004
17.3676    31.3268    9.6004
17.4292    31.3028    9.6004
17.500399    31.2748    9.6004
17.514    31.2692    9.6004
17.593199    31.240398    9.6004
17.622799    31.23    9.6004
17.6484    31.2204    9.6004
17.673199    31.21    9.6004
17.85    31.1444    9.6004
17.8676    31.1388    9.6004
17.8748    31.1356    9.6004
17.9236    31.1188    9.6004
18.0196    31.084398    9.6004
18.0812    31.061998    9.6004
18.098799    31.0548    9.6004
18.1012    31.0532    9.6004
18.254    30.998    9.6004
18.2628    30.994799    9.6004
18.2788    30.9884    9.6004
18.3492    30.9628    9.6004
18.3668    30.9564    9.6004
18.3716    30.9548    9.6004
18.4868    30.9124    9.6004
18.6012    30.8732    9.6004
18.6108    30.8692    9.6004
18.6868    30.844398    9.6004
18.7036    30.838799    9.6004
18.7132    30.8364    9.6004
18.838    30.8044    9.6004
18.8396    30.8044    9.6004
18.840399    30.803598    9.6004
18.9044    30.792398    9.6004
18.9356    30.7876    9.6004
18.972399    30.7836    9.6004
19.0268    30.778    9.6004
19.0628    30.7796    9.6004
19.0716    30.7796    9.6004
19.1028    30.7804    9.6004
19.1036    30.7804    9.6004
19.104399    30.7804    9.6004
19.128399    30.7852    9.6004
19.137999    30.788399    9.6004
19.157999    30.7932    9.6004
19.1764    30.805199    9.6004
19.1828    30.8196    9.6004
19.1908    30.834    9.6004
19.1964    30.8468    9.6004
19.2004    30.862    9.6004
19.1964    30.8788    9.6004
19.1964    30.886    9.6004
19.185999    30.910799    9.6004
19.1852    30.914799    9.6004
19.1724    30.931599    9.6004
19.166    30.9396    9.6004
19.1572    30.9452    9.6004
19.1308    30.9676    9.6004
19.07    31.009998    9.6004
19.0572    31.0196    9.6004
19.0556    31.0204    9.6004
19.052399    31.022799    9.6004
18.9868    31.066    9.6004
18.934    31.100399    9.6004
18.9156    31.1124    9.6004
18.823599    31.1708    9.6004
18.81    31.1796    9.6004
18.7868    31.193998    9.6004
18.7332    31.225199    9.6004
18.719599    31.2332    9.6004
18.65    31.2708    9.6004
18.5252    31.3324    9.6004
18.4764    31.3548    9.6004
18.4236    31.3788    9.6004
18.362    31.4068    9.6004
18.2804    31.441198    9.6004
18.2332    31.462    9.6004
18.1404    31.5012    9.6004
18.0532    31.5388    9.6004
17.9284    31.5924    9.6004
17.8436    31.63    9.6004
17.8028    31.6484    9.6004
17.6764    31.7076    9.6004
17.6412    31.7228    9.6004
17.5276    31.7764    9.6004
17.49    31.792398    9.6004
17.444399    31.8132    9.6004
17.4116    31.825998    9.6004
17.4068    31.8284    9.6004
17.35    31.847599    9.6004
17.274    31.873999    9.6004
17.2412    31.885199    9.6004
17.1876    31.9044    9.6004
17.126    31.9236    9.6004
17.042    31.9492    9.6004
17.007599    31.9604    9.6004
16.9188    31.9868    9.6004
16.8796    31.9996    9.6004
16.8188    32.017998    9.6004
16.7892    32.0284    9.6004
16.7468    32.0412    9.6004
16.726799    32.0468    9.6004
16.7052    32.051598    9.6004
16.6908    32.0532    9.6004
16.6772    32.0556    9.6004
16.6668    32.054    9.6004
16.6492    32.0556    9.6004
16.6316    32.0524    9.6004
16.615599    32.0476    9.6004
16.5716    32.0372    9.6004
16.546    32.029198    9.6004
16.513199    32.0148    9.6004
16.506    32.0132    9.6004
16.501999    32.0108    9.6004
16.47    31.9956    9.6004
16.4468    31.9676    9.6004
16.4404    31.961199    9.6004
16.4196    31.9604    9.6004
16.4044    31.965199    9.6004
16.3892    31.9748    9.6004
16.3844    31.979599    9.6004
16.366    31.9924    9.6004
16.3564    32.0044    9.6004
16.3372    32.0108    9.6004
16.33    32.0204    9.6004
16.3172    32.0324    9.6004
16.306799    32.0508    9.6004
16.2876    32.0788    9.6004
16.2748    32.0948    9.6004
16.2524    32.113197    9.6004
16.2332    32.1404    9.6004
16.230799    32.144398    9.6004
16.226    32.1508    9.6004
16.1996    32.1876    9.6004
16.1964    32.192398    9.6004
16.1964    32.1932    9.6004
16.1956    32.1932    9.6004
16.13    32.293198    9.6004
16.111599    32.3196    9.6004
16.09    32.3532    9.6004
16.0796    32.369198    9.6004
16.057999    32.4036    9.6004
16.05    32.4164    9.6004
16.0172    32.4684    9.6004
