7.4579997    1.9196    18.6004
7.5052    2.0595999    18.6004
7.574    2.258    18.6004
7.706    2.6516    18.6004
7.7156    2.6827998    18.6004
7.7187996    2.6899998    18.6004
7.7243996    2.7043998    18.6004
7.7356    2.7292    18.6004
7.7763996    2.8156    18.6004
7.7844    2.8332    18.6004
7.7995996    2.8636    18.6004
7.8171997    2.898    18.6004
7.8844    3.0347998    18.6004
7.8908    3.0476    18.6004
7.9171996    3.102    18.6004
7.9628    3.1931999    18.6004
7.9676    3.202    18.6004
7.9747996    3.2196    18.6004
7.9772    3.2268    18.6004
7.9876    3.2475998    18.6004
7.9884    3.2508    18.6004
8.0084    3.3028    18.6004
8.0148    3.3284    18.6004
8.0252    3.3644    18.6004
8.026    3.3667998    18.6004
8.03    3.3852    18.6004
8.0308    3.3867998    18.6004
8.03    3.3867998    18.6004
8.0124    3.386    18.6004
7.9676    3.3795998    18.6004
7.8524    3.3644    18.6004
7.7372    3.3492    18.6004
7.7148    3.3451998    18.6004
7.7028    3.3444    18.6004
7.6763997    3.3404    18.6004
7.6731997    3.3395998    18.6004
7.6443996    3.3404    18.6004
7.6404    3.3428    18.6004
7.6211996    3.3539999    18.6004
7.6204    3.3748    18.6004
7.6196    3.3827999    18.6004
7.6228    3.3939998    18.6004
7.6299996    3.4187999    18.6004
7.6363997    3.4387999    18.6004
7.6763997    3.6123998    18.6004
7.6868    3.658    18.6004
7.7116    3.7572    18.6004
7.7124    3.7612    18.6004
7.7131996    3.7644    18.6004
7.7139997    3.7716    18.6004
7.7236    3.8068    18.6004
7.7236    3.8084    18.6004
7.7275996    3.8348    18.6004
7.7268    3.8363998    18.6004
7.7219996    3.8428    18.6004
7.7156    3.85    18.6004
7.7012    3.8483999    18.6004
7.674    3.8444    18.6004
7.6563997    3.842    18.6004
7.6507998    3.8411999    18.6004
7.474    3.8188    18.6004
7.4244    3.8123999    18.6004
7.37    3.8051999    18.6004
7.3395996    3.8004    18.6004
7.3268    3.7988    18.6004
7.3107996    3.7963998    18.6004
7.278    3.8035998    18.6004
7.2771997    3.8035998    18.6004
7.2507997    3.826    18.6004
7.25    3.8267999    18.6004
7.25    3.8276    18.6004
7.2483997    3.8467999    18.6004
7.2444    3.8595998    18.6004
7.2436    3.8883998    18.6004
7.2395997    4.0204    18.6004
7.2388    4.0411997    18.6004
7.2348    4.1131997    18.6004
7.2275996    4.2356    18.6004
7.226    4.2636    18.6004
7.2212    4.3492    18.6004
7.218    4.3947997    18.6004
7.2172    4.4124    18.6004
7.2163997    4.4284    18.6004
7.2012    4.6636    18.6004
7.1851997    4.8564    18.6004
7.1772    4.9635997    18.6004
7.1724    5.0228    18.6004
7.1531997    5.2556    18.6004
7.1363997    5.4412    18.6004
7.1299996    5.5035996    18.6004
7.1211996    5.5955997    18.6004
7.1052    5.7468    18.6004
7.0948    5.8483996    18.6004
7.0604    6.1731997    18.6004
7.0604    6.1756    18.6004
7.0435996    6.3212    18.6004
7.0396    6.3539996    18.6004
7.0372    6.3756    18.6004
7.0084    6.6043997    18.6004
6.9891996    6.7668    18.6004
6.982    6.8236    18.6004
6.954    7.0379996    18.6004
6.95    7.074    18.6004
6.9059997    7.3844    18.6004
6.9059997    7.3868    18.6004
6.9044    7.3971996    18.6004
6.8788    7.5804    18.6004
6.8715997    7.6267996    18.6004
6.8356    7.8668    18.6004
6.8244    7.9356    18.6004
6.7907996    8.1491995    18.6004
6.7724    8.2596    18.6004
6.7451997    8.4196    18.6004
6.7356    8.478    18.6004
6.7107997    8.6308    18.6004
6.6684    8.8619995    18.6004
6.6684    8.8652    18.6004
6.6675997    8.866799    18.6004
6.6219997    9.1156    18.6004
6.6028    9.2196    18.6004
6.5708    9.3828    18.6004
6.5388    9.5412    18.6004
6.5204    9.6284    18.6004
6.494    9.7548    18.6004
6.4635997    9.894    18.6004
6.4388    10.0068    18.6004
6.3859997    10.2372    18.6004
6.3747997    10.285999    18.6004
6.3691998    10.306    18.6004
6.3292    10.470799    18.6004
6.3092    10.5436    18.6004
6.2907996    10.6156    18.6004
6.2539997    10.7564    18.6004
6.2363997    10.821199    18.6004
6.2236    10.8644    18.6004
6.1796    11.014    18.6004
6.1428    11.131599    18.6004
6.1084    11.23    18.6004
6.0964    11.2644    18.6004
6.0836    11.297199    18.6004
6.034    11.434    18.6004
6.002    11.5116    18.6004
5.9908    11.538799    18.6004
5.9747996    11.5748    18.6004
5.9452    11.6388    18.6004
5.93    11.6644    18.6004
5.9147997    11.699599    18.6004
5.8988    11.7268    18.6004
5.882    11.754    18.6004
5.8227997    11.8356    18.6004
5.8212    11.838799    18.6004
5.8203998    11.838799    18.6004
5.8203998    11.8396    18.6004
5.8195996    11.8404    18.6004
5.7732    11.874    18.6004
5.7451997    11.882    18.6004
5.7348    11.8828    18.6004
5.7012    11.8708    18.6004
5.698    11.87    18.6004
5.6924    11.8652    18.6004
5.6668    11.846    18.6004
5.65    11.8276    18.6004
5.6356    11.8028    18.6004
5.6172    11.7716    18.6004
5.6108    11.762799    18.6004
5.5852    11.6723995    18.6004
5.582    11.6588    18.6004
5.5684    11.6012    18.6004
5.5596    11.573999    18.6004
5.5532    11.538    18.6004
5.542    11.458799    18.6004
5.5372    11.424399    18.6004
5.5355997    11.414    18.6004
5.5308    11.37    18.6004
5.5204    11.2676    18.6004
5.5123997    11.160399    18.6004
5.5044    11.068399    18.6004
5.5004    10.9796    18.6004
5.4979997    10.926    18.6004
5.4964    10.884399    18.6004
5.4964    10.821199    18.6004
5.494    10.7084    18.6004
5.4923997    10.662    18.6004
5.4923997    10.5884    18.6004
5.4916    10.4852    18.6004
5.4916    10.4148    18.6004
5.4932    10.3052    18.6004
5.4988    10.122    18.6004
5.4988    10.0756    18.6004
5.5004    10.03    18.6004
5.506    9.8356    18.6004
5.5076    9.7788    18.6004
5.5116    9.6996    18.6004
5.5164    9.6188    18.6004
5.5196    9.5604    18.6004
5.5267997    9.4028    18.6004
5.5364    9.2724    18.6004
5.5467997    9.1268    18.6004
5.5523996    9.0404    18.6004
5.5564    8.9772    18.6004
5.5748    8.7532    18.6004
5.5811996    8.662    18.6004
5.6004    8.4292    18.6004
5.6028    8.401999    18.6004
5.6268    8.142    18.6004
5.6475997    7.9444    18.6004
5.654    7.8803997    18.6004
5.6731997    7.7036    18.6004
5.6828    7.6075997    18.6004
5.6956    7.4979997    18.6004
5.7116    7.3532    18.6004
5.7468    7.0667996    18.6004
5.7476    7.0579996    18.6004
5.7507997    7.0316    18.6004
5.7788    6.8076    18.6004
5.7988    6.6524    18.6004
5.8083997    6.5843997    18.6004
5.842    6.3348    18.6004
5.8571997    6.2268    18.6004
5.8844    6.0436    18.6004
5.91    5.8715997    18.6004
5.9467998    5.6396    18.6004
5.9484    5.6268    18.6004
5.9716    5.482    18.6004
5.9772    5.4491997    18.6004
5.9867997    5.3876    18.6004
6.0155997    5.2195997    18.6004
6.0243998    5.1636    18.6004
6.0476    5.0316    18.6004
6.0699997    4.9052    18.6004
6.0908    4.7827997    18.6004
6.1187997    4.638    18.6004
6.134    4.5596    18.6004
6.1619997    4.4124    18.6004
6.1948    4.2468    18.6004
6.218    4.1348    18.6004
6.2419996    4.022    18.6004
6.2572    3.9459999    18.6004
6.2788    3.8451998    18.6004
6.2915998    3.7851999    18.6004
6.2964    3.7628    18.6004
6.3004    3.7491999    18.6004
6.3076    3.7259998    18.6004
6.3068    3.698    18.6004
6.3059998    3.6915998    18.6004
6.2827997    3.6699998    18.6004
6.2804    3.6683998    18.6004
6.2507997    3.6571999    18.6004
6.2244    3.6555998    18.6004
6.2163997    3.6539998    18.6004
6.2124    3.6532    18.6004
6.21    3.6532    18.6004
5.9923997    3.6244    18.6004
5.9723997    3.622    18.6004
5.9147997    3.6148    18.6004
5.9003997    3.6139998    18.6004
5.8571997    3.6067998    18.6004
5.8612    3.5844    18.6004
5.8803997    3.5484    18.6004
5.8971996    3.5188    18.6004
5.9132    3.4891999    18.6004
5.95    3.4139998    18.6004
5.9603996    3.3948    18.6004
6.046    3.2308    18.6004
6.0572    3.2084    18.6004
6.0652    3.1948    18.6004
6.0692    3.1787999    18.6004
6.0748    3.1564    18.6004
6.0548    3.1371999    18.6004
6.054    3.1364    18.6004
6.0267997    3.1252    18.6004
6.0028    3.122    18.6004
6.0004    3.1204    18.6004
5.9923997    3.1211998    18.6004
5.982    3.1195998    18.6004
5.9772    3.1195998    18.6004
5.9756    3.1188    18.6004
5.9708    3.1188    18.6004
5.954    3.1164    18.6004
5.9188    3.1116    18.6004
5.8715997    3.1051998    18.6004
5.7316    3.0884    18.6004
5.7307997    3.0884    18.6004
5.73    3.0884    18.6004
5.6875997    3.082    18.6004
5.674    3.0772    18.6004
5.6675997    3.0748    18.6004
5.6684    3.0732    18.6004
5.6819997    3.0507998    18.6004
5.6844    3.0468    18.6004
5.6868    3.0444    18.6004
5.6907997    3.0396    18.6004
5.7316    2.994    18.6004
5.7356    2.9891999    18.6004
5.7404    2.9836    18.6004
5.7419996    2.9819999    18.6004
5.8244    2.8844    18.6004
5.8276    2.8804    18.6004
5.9179997    2.7716    18.6004
5.9459996    2.738    18.6004
6.0379996    2.6299999    18.6004
6.0875998    2.5684    18.6004
6.1172    2.5307999    18.6004
6.1348    2.5084    18.6004
6.1443996    2.4963999    18.6004
6.1612    2.474    18.6004
6.17    2.4612    18.6004
6.1787996    2.4484    18.6004
6.2412    2.3492    18.6004
6.3139997    2.2364    18.6004
6.3564    2.1708    18.6004
6.4364    2.0444    18.6004
6.4723997    1.9884    18.6004
6.574    1.8307999    18.6004
6.6028    1.786    18.6004
6.6099997    1.7739999    18.6004
6.6131997    1.7692    18.6004
6.6172    1.762    18.6004
6.6236    1.7523999    18.6004
6.6284    1.7428    18.6004
6.6419997    1.7188    18.6004
6.6492    1.706    18.6004
6.6668    1.6788    18.6004
6.6763997    1.6595999    18.6004
6.6963997    1.638    18.6004
6.7004    1.638    18.6004
6.7316    1.642    18.6004
6.7492    1.6403999    18.6004
6.7619996    1.6436    18.6004
6.7748    1.6436    18.6004
6.7963996    1.6452    18.6004
6.8212    1.6459999    18.6004
6.8251996    1.6459999    18.6004
6.8444    1.6428    18.6004
6.9428    1.6148    18.6004
7.0099998    1.5948    18.6004
7.0276    1.5899999    18.6004
7.0611997    1.5835999    18.6004
7.0676    1.5835999    18.6004
7.0748    1.5876    18.6004
7.0875998    1.5963999    18.6004
7.1931996    1.642    18.6004
7.2236    1.6547999    18.6004
7.2595997    1.6708    18.6004
7.2627997    1.6724    18.6004
7.2827997    1.6852    18.6004
7.2995996    1.6908    18.6004
7.3044    1.6899999    18.6004
7.3324    1.6932    18.6004
7.3668    1.6924    18.6004
7.378    1.6988    18.6004
7.3915997    1.7099999    18.6004
7.3988    1.7307999    18.6004
7.4124    1.7684    18.6004
7.4259996    1.814    18.6004
7.4379997    1.8579999    18.6004
7.4452    1.8772    18.6004
7.4579997    1.9196    18.6004
