9.3852    30.253199    10.5004
9.3884    30.2468    10.5004
9.418799    30.1892    10.5004
9.4332    30.163599    10.5004
9.4452    30.143599    10.5004
9.458    30.1236    10.5004
9.466    30.1092    10.5004
9.4748    30.0996    10.5004
9.4948    30.070799    10.5004
9.527599    30.0292    10.5004
9.5348    30.0204    10.5004
9.5372    30.017199    10.5004
9.5436    30.009998    10.5004
9.5652    29.986    10.5004
9.582    29.9676    10.5004
9.5956    29.9564    10.5004
9.6044    29.946798    10.5004
9.6292    29.9268    10.5004
9.630799    29.9252    10.5004
9.6332    29.9236    10.5004
9.6564    29.906    10.5004
9.6804    29.89    10.5004
9.7212    29.868399    10.5004
9.722    29.8676    10.5004
9.75    29.8564    10.5004
9.7699995    29.8468    10.5004
9.7956    29.8396    10.5004
9.822    29.829199    10.5004
9.8348    29.827599    10.5004
9.8532    29.823599    10.5004
9.8564    29.823599    10.5004
9.861199    29.8244    10.5004
9.8756    29.820398    10.5004
9.8828    29.8188    10.5004
9.884399    29.8188    10.5004
9.906    29.8212    10.5004
9.9108    29.821999    10.5004
9.912399    29.823599    10.5004
9.938    29.853199    10.5004
9.9484    29.869999    10.5004
9.958    29.8876    10.5004
9.978    29.9284    10.5004
9.9939995    29.9588    10.5004
10.0004    29.9684    10.5004
10.0148    29.986    10.5004
10.0252    29.9972    10.5004
10.0612    30.0276    10.5004
10.0716    30.037199    10.5004
10.1068    30.0604    10.5004
10.108399    30.0612    10.5004
10.1348    30.0644    10.5004
10.182799    30.0604    10.5004
10.1988    30.057999    10.5004
10.2084    30.056398    10.5004
10.2396    30.0516    10.5004
10.2596    30.0548    10.5004
10.274799    30.0556    10.5004
10.2964    30.057999    10.5004
10.303599    30.0572    10.5004
10.318    30.0668    10.5004
10.3244    30.073198    10.5004
10.3508    30.0996    10.5004
10.374    30.1468    10.5004
10.3748    30.1476    10.5004
10.3748    30.1484    10.5004
10.3996    30.222    10.5004
10.41    30.264399    10.5004
10.4108    30.265999    10.5004
10.4148    30.31    10.5004
10.4148    30.342    10.5004
10.4148    30.358799    10.5004
10.414    30.364399    10.5004
10.412399    30.3916    10.5004
10.4116    30.4028    10.5004
10.4044    30.4548    10.5004
10.401999    30.465199    10.5004
10.3884    30.5164    10.5004
10.3876    30.5196    10.5004
10.384399    30.531599    10.5004
10.3772    30.5572    10.5004
10.3748    30.5684    10.5004
10.358    30.622    10.5004
10.3428    30.665998    10.5004
10.3404    30.674    10.5004
10.314799    30.751598    10.5004
10.314    30.754799    10.5004
10.2948    30.809198    10.5004
10.292399    30.814    10.5004
10.292399    30.8156    10.5004
10.2716    30.869999    10.5004
10.2668    30.881199    10.5004
10.25    30.921999    10.5004
10.222    30.99    10.5004
10.2188    30.998    10.5004
10.2108    31.014    10.5004
10.1868    31.0644    10.5004
10.160399    31.113998    10.5004
10.1532    31.1276    10.5004
10.1491995    31.1332    10.5004
10.1324    31.163599    10.5004
10.108399    31.1948    10.5004
10.1068    31.1964    10.5004
10.102799    31.199598    10.5004
10.0772    31.2244    10.5004
10.0652    31.232399    10.5004
10.0036    31.268398    10.5004
9.99    31.2764    10.5004
9.9828    31.281199    10.5004
9.9612    31.297998    10.5004
9.946799    31.3172    10.5004
9.9324    31.334799    10.5004
9.912399    31.366    10.5004
9.8948    31.394798    10.5004
9.8884    31.4052    10.5004
9.8756    31.427599    10.5004
9.8452    31.4804    10.5004
9.806    31.552399    10.5004
9.7996    31.561998    10.5004
9.7676    31.617199    10.5004
9.7644    31.622    10.5004
9.7564    31.630798    10.5004
9.740399    31.6524    10.5004
9.7276    31.661999    10.5004
9.717199    31.669199    10.5004
9.7123995    31.671598    10.5004
9.7076    31.674    10.5004
9.683599    31.689999    10.5004
9.6779995    31.691599    10.5004
9.6644    31.695599    10.5004
9.662    31.697199    10.5004
9.654799    31.699598    10.5004
9.6348    31.7044    10.5004
9.6188    31.7044    10.5004
9.606    31.7036    10.5004
9.59    31.702799    10.5004
9.5764    31.6988    10.5004
9.5716    31.6964    10.5004
9.5484    31.6796    10.5004
9.5476    31.678799    10.5004
9.5244    31.6532    10.5004
9.5132    31.6276    10.5004
9.5004    31.580399    10.5004
9.498    31.573198    10.5004
9.4924    31.538    10.5004
9.49    31.531599    10.5004
9.487599    31.522    10.5004
9.4732    31.4212    10.5004
9.4692    31.3956    10.5004
9.4692    31.3932    10.5004
9.4668    31.386    10.5004
9.4556    31.3412    10.5004
9.441999    31.2892    10.5004
9.4404    31.284399    10.5004
9.4372    31.2788    10.5004
9.413199    31.2388    10.5004
9.378799    31.198    10.5004
9.33    31.1468    10.5004
9.3116    31.1188    10.5004
9.303599    31.1076    10.5004
9.2964    31.0852    10.5004
9.2908    31.069199    10.5004
9.278    31.004398    10.5004
9.2772    30.998798    10.5004
9.2668    30.929998    10.5004
9.2596    30.8764    10.5004
9.2556    30.838    10.5004
9.2548    30.764399    10.5004
9.254    30.7596    10.5004
9.2588    30.685999    10.5004
9.2588    30.678    10.5004
9.2612    30.654    10.5004
9.269199    30.598799    10.5004
9.274799    30.5668    10.5004
9.2852    30.5196    10.5004
9.2876    30.511599    10.5004
9.2956    30.4844    10.5004
9.309199    30.4404    10.5004
9.3132    30.4292    10.5004
9.332399    30.375599    10.5004
9.343599    30.3428    10.5004
9.346    30.338    10.5004
9.3828    30.257198    10.5004
9.384399    30.254799    10.5004
9.3852    30.253199    10.5004
