22.069199    24.5812    10.2004
22.0772    24.5828    10.2004
22.13    24.594799    10.2004
22.145199    24.5996    10.2004
22.1668    24.604399    10.2004
22.180399    24.608398    10.2004
22.206799    24.621199    10.2004
22.2156    24.6252    10.2004
22.2668    24.654    10.2004
22.269999    24.656399    10.2004
22.2988    24.6764    10.2004
22.3364    24.6996    10.2004
22.3364    24.7004    10.2004
22.338799    24.702    10.2004
22.4252    24.7668    10.2004
22.431599    24.7708    10.2004
22.449999    24.777199    10.2004
22.4604    24.7804    10.2004
22.4756    24.7796    10.2004
22.4924    24.778    10.2004
22.546799    24.758799    10.2004
22.5756    24.75    10.2004
22.581999    24.7484    10.2004
22.6012    24.7452    10.2004
22.618    24.7452    10.2004
22.6276    24.7468    10.2004
22.6524    24.7516    10.2004
22.6716    24.7556    10.2004
22.7076    24.7628    10.2004
22.7452    24.771599    10.2004
22.7596    24.775599    10.2004
22.7964    24.786798    10.2004
22.812399    24.795599    10.2004
22.821999    24.7988    10.2004
22.8396    24.812399    10.2004
22.8492    24.817999    10.2004
22.862    24.8308    10.2004
22.8724    24.8412    10.2004
22.8892    24.862799    10.2004
22.9244    24.91    10.2004
22.9244    24.910799    10.2004
22.9412    24.9356    10.2004
22.942799    24.9404    10.2004
22.9532    24.9628    10.2004
22.9604    24.981998    10.2004
22.9628    24.994    10.2004
22.9676    25.013199    10.2004
22.970798    25.0388    10.2004
22.9772    25.0852    10.2004
22.9788    25.1052    10.2004
22.9812    25.1372    10.2004
22.985199    25.2036    10.2004
22.9868    25.264399    10.2004
22.9876    25.2692    10.2004
22.9844    25.286    10.2004
22.9844    25.2892    10.2004
22.982    25.295599    10.2004
22.970798    25.326    10.2004
22.961199    25.3452    10.2004
22.921999    25.4236    10.2004
22.9084    25.4516    10.2004
22.8948    25.4804    10.2004
22.8844    25.5028    10.2004
22.878    25.5212    10.2004
22.8596    25.5684    10.2004
22.851599    25.594    10.2004
22.8316    25.6444    10.2004
22.8188    25.674    10.2004
22.8004    25.7164    10.2004
22.795599    25.725199    10.2004
22.782799    25.7508    10.2004
22.7724    25.7684    10.2004
22.7612    25.7836    10.2004
22.734    25.8204    10.2004
22.719599    25.834    10.2004
22.7076    25.847599    10.2004
22.6932    25.8596    10.2004
22.6796    25.8724    10.2004
22.6628    25.882    10.2004
22.654799    25.886    10.2004
22.63    25.8972    10.2004
22.628399    25.8988    10.2004
22.602    25.909199    10.2004
22.598799    25.91    10.2004
22.524399    25.9324    10.2004
22.522    25.933199    10.2004
22.5196    25.934    10.2004
22.5148    25.9364    10.2004
22.4868    25.948399    10.2004
22.479599    25.955599    10.2004
22.458    25.9716    10.2004
22.4436    25.9828    10.2004
22.4236    26.0012    10.2004
22.401999    26.0236    10.2004
22.3892    26.0364    10.2004
22.369999    26.056398    10.2004
22.357199    26.063599    10.2004
22.3452    26.0756    10.2004
22.3356    26.081999    10.2004
22.3188    26.087599    10.2004
22.3028    26.0924    10.2004
22.298    26.094    10.2004
22.269999    26.1012    10.2004
22.2684    26.102    10.2004
22.2572    26.102    10.2004
22.2428    26.1012    10.2004
22.2412    26.100399    10.2004
22.213999    26.098799    10.2004
22.189999    26.087599    10.2004
22.1884    26.0868    10.2004
22.1852    26.085999    10.2004
22.1572    26.074    10.2004
22.1348    26.056398    10.2004
22.1308    26.0532    10.2004
22.126    26.048399    10.2004
22.0996    26.026    10.2004
22.0812    26.0036    10.2004
22.0724    25.9924    10.2004
22.0492    25.962    10.2004
22.0436    25.9532    10.2004
22.034    25.938799    10.2004
22.0196    25.9028    10.2004
22.018799    25.901999    10.2004
22.01    25.8652    10.2004
22.0092    25.862799    10.2004
22.0084    25.861198    10.2004
22.0084    25.857199    10.2004
22.001999    25.8084    10.2004
22.001999    25.7796    10.2004
22.0028    25.760399    10.2004
22.0036    25.736399    10.2004
22.0044    25.6964    10.2004
22.005999    25.6388    10.2004
22.005999    25.6244    10.2004
22.0028    25.605999    10.2004
22.0012    25.5924    10.2004
21.9916    25.565199    10.2004
21.99    25.5628    10.2004
21.9884    25.559599    10.2004
21.9732    25.5332    10.2004
21.916399    25.4588    10.2004
21.91    25.449999    10.2004
21.9052    25.444399    10.2004
21.8972    25.4364    10.2004
21.8748    25.413198    10.2004
21.862    25.403599    10.2004
21.847599    25.3956    10.2004
21.8396    25.394    10.2004
21.817999    25.3876    10.2004
21.805199    25.385199    10.2004
21.802    25.385199    10.2004
21.798    25.3836    10.2004
21.7924    25.3828    10.2004
21.7628    25.381199    10.2004
21.754    25.3828    10.2004
21.7388    25.386    10.2004
21.7284    25.39    10.2004
21.694    25.4068    10.2004
21.6812    25.413198    10.2004
21.649199    25.4284    10.2004
21.637999    25.433199    10.2004
21.6188    25.4404    10.2004
21.598799    25.4468    10.2004
21.5844    25.4516    10.2004
21.570799    25.4548    10.2004
21.541199    25.459599    10.2004
21.538    25.4604    10.2004
21.531599    25.461199    10.2004
21.51    25.4636    10.2004
21.496399    25.4636    10.2004
21.4812    25.465199    10.2004
21.459599    25.4644    10.2004
21.455599    25.4644    10.2004
21.4532    25.4644    10.2004
21.433199    25.4604    10.2004
21.414    25.453999    10.2004
21.4084    25.4524    10.2004
21.4028    25.4492    10.2004
21.392399    25.4436    10.2004
21.368399    25.433199    10.2004
21.316399    25.4084    10.2004
21.275599    25.3884    10.2004
21.2276    25.361198    10.2004
21.2236    25.358799    10.2004
21.1884    25.3372    10.2004
21.1868    25.3372    10.2004
21.1532    25.306    10.2004
21.1532    25.305199    10.2004
21.126799    25.2692    10.2004
21.098    25.230799    10.2004
21.0916    25.2204    10.2004
21.0772    25.1948    10.2004
21.0612    25.1684    10.2004
21.0324    25.1148    10.2004
21.0324    25.113998    10.2004
21.0108    25.085999    10.2004
20.9956    25.0684    10.2004
20.9876    25.062    10.2004
20.9732    25.0556    10.2004
20.9548    25.046    10.2004
20.8948    25.028399    10.2004
20.892399    25.028399    10.2004
20.8916    25.0276    10.2004
20.842    25.0124    10.2004
20.83    25.007599    10.2004
20.799599    24.9932    10.2004
20.782    24.985199    10.2004
20.7732    24.9804    10.2004
20.7388    24.9572    10.2004
20.73    24.9508    10.2004
20.7148    24.9364    10.2004
20.712399    24.933199    10.2004
20.697199    24.9116    10.2004
20.6868    24.8892    10.2004
20.682    24.879599    10.2004
20.6756    24.853199    10.2004
20.673199    24.8468    10.2004
20.6652    24.801199    10.2004
20.6644    24.795599    10.2004
20.663599    24.7932    10.2004
20.6588    24.7596    10.2004
20.6572    24.747599    10.2004
20.6572    24.732399    10.2004
20.6572    24.7244    10.2004
20.6612    24.7116    10.2004
20.6724    24.694    10.2004
20.674    24.6884    10.2004
20.691599    24.678    10.2004
20.701199    24.6668    10.2004
20.712399    24.660398    10.2004
20.7284    24.6516    10.2004
20.737999    24.6468    10.2004
20.7596    24.6356    10.2004
20.7708    24.6292    10.2004
20.7932    24.618    10.2004
20.812399    24.609999    10.2004
20.8316    24.6012    10.2004
20.866    24.5868    10.2004
20.8748    24.5844    10.2004
20.916399    24.570799    10.2004
20.948399    24.5572    10.2004
20.9572    24.5532    10.2004
20.985199    24.5348    10.2004
20.9916    24.5292    10.2004
21.0044    24.5164    10.2004
21.035599    24.4828    10.2004
21.059599    24.4572    10.2004
21.0772    24.4396    10.2004
21.109999    24.410799    10.2004
21.1292    24.394    10.2004
21.145199    24.382    10.2004
21.1724    24.362799    10.2004
21.180399    24.357199    10.2004
21.1836    24.3548    10.2004
21.1924    24.3492    10.2004
21.234    24.3228    10.2004
21.2564    24.31    10.2004
21.269999    24.301199    10.2004
21.3004    24.286798    10.2004
21.31    24.281199    10.2004
21.338799    24.2684    10.2004
21.3508    24.2628    10.2004
21.3564    24.260399    10.2004
21.3836    24.2468    10.2004
21.4004    24.2404    10.2004
21.403599    24.2396    10.2004
21.409199    24.2388    10.2004
21.4284    24.2332    10.2004
21.438799    24.2316    10.2004
21.4508    24.2332    10.2004
21.461199    24.234    10.2004
21.4812    24.2372    10.2004
21.501999    24.2412    10.2004
21.5452    24.2508    10.2004
21.548399    24.2508    10.2004
21.5508    24.2516    10.2004
21.5884    24.2596    10.2004
21.6028    24.264399    10.2004
21.6468    24.278    10.2004
21.6604    24.282    10.2004
21.691599    24.293999    10.2004
21.7244    24.306    10.2004
21.737999    24.312399    10.2004
21.754799    24.3204    10.2004
21.7684    24.326    10.2004
21.778    24.33    10.2004
21.784399    24.334    10.2004
21.81    24.3484    10.2004
21.8204    24.354    10.2004
21.8452    24.3692    10.2004
21.857199    24.3772    10.2004
21.8916    24.3996    10.2004
21.9044    24.407598    10.2004
21.93    24.431599    10.2004
21.931599    24.433199    10.2004
21.9564    24.4644    10.2004
21.9572    24.465199    10.2004
21.9572    24.466    10.2004
21.958    24.466799    10.2004
21.9764    24.4884    10.2004
22.013199    24.539598    10.2004
22.018799    24.5476    10.2004
22.038    24.566    10.2004
22.052399    24.5732    10.2004
22.069199    24.5812    10.2004
