11.57    22.5108    16.8004
11.3228    22.5716    16.8004
11.2852    22.580399    16.8004
11.170799    22.604399    16.8004
11.1676    22.6052    16.8004
11.1644    22.6052    16.8004
11.1572    22.6068    16.8004
11.1236    22.618    16.8004
11.1132    22.6236    16.8004
11.090799    22.643599    16.8004
11.0956    22.6524    16.8004
11.1188    22.6884    16.8004
11.1268    22.7036    16.8004
11.148399    22.7452    16.8004
11.1668    22.7836    16.8004
11.1852    22.816399    16.8004
11.1956    22.8324    16.8004
11.2123995    22.8524    16.8004
11.2204    22.864399    16.8004
11.2244    22.868399    16.8004
11.251599    22.89    16.8004
11.2644    22.881199    16.8004
11.280399    22.8828    16.8004
11.29    22.875599    16.8004
11.322    22.8556    16.8004
11.3796    22.8172    16.8004
11.3932    22.8092    16.8004
11.4148    22.8028    16.8004
11.418799    22.802    16.8004
11.4228    22.802    16.8004
11.4276    22.802    16.8004
11.4788    22.802    16.8004
11.499599    22.805199    16.8004
11.5436    22.810799    16.8004
11.5876    22.814    16.8004
11.6124    22.8148    16.8004
11.625999    22.8172    16.8004
11.6435995    22.8204    16.8004
11.6668    22.8084    16.8004
11.6779995    22.8084    16.8004
11.69    22.7924    16.8004
11.702    22.777199    16.8004
11.717999    22.747599    16.8004
11.7276    22.7332    16.8004
11.7316    22.725199    16.8004
11.7492    22.6908    16.8004
11.7699995    22.65    16.8004
11.782    22.628399    16.8004
11.8028    22.593199    16.8004
11.814    22.5732    16.8004
11.8172    22.57    16.8004
11.8236    22.5548    16.8004
11.8372    22.533998    16.8004
11.8428    22.5212    16.8004
11.8532    22.5044    16.8004
11.858    22.485199    16.8004
11.858    22.470798    16.8004
11.8508    22.4508    16.8004
11.826799    22.4524    16.8004
11.814    22.4508    16.8004
11.752399    22.466799    16.8004
11.751599    22.4676    16.8004
11.7492    22.4676    16.8004
11.7484    22.4676    16.8004
11.7476    22.4684    16.8004
11.7067995    22.477999    16.8004
11.665199    22.4884    16.8004
11.57    22.5108    16.8004
