17.801199    23.494    16.8004
17.8212    23.461199    16.8004
17.823599    23.4564    16.8004
17.8244    23.4548    16.8004
17.8268    23.425999    16.8004
17.8188    23.4196    16.8004
17.795599    23.409199    16.8004
17.7764    23.4084    16.8004
17.765999    23.406    16.8004
17.743599    23.406    16.8004
17.7292    23.406    16.8004
17.7148    23.4044    16.8004
17.695599    23.4068    16.8004
17.678    23.406    16.8004
17.6548    23.414    16.8004
17.6492    23.418    16.8004
17.642    23.4476    16.8004
17.6412    23.4548    16.8004
17.6372    23.483599    16.8004
17.6348    23.4932    16.8004
17.6332    23.5092    16.8004
17.63    23.5204    16.8004
17.632399    23.538    16.8004
17.632399    23.5492    16.8004
17.642    23.5716    16.8004
17.6436    23.5772    16.8004
17.6548    23.602798    16.8004
17.656399    23.618    16.8004
17.6524    23.63    16.8004
17.650799    23.6316    16.8004
17.65    23.6316    16.8004
17.626799    23.6332    16.8004
17.6076    23.633999    16.8004
17.5892    23.6348    16.8004
17.5724    23.637999    16.8004
17.5572    23.642    16.8004
17.5404    23.645199    16.8004
17.5252    23.6516    16.8004
17.5124    23.657999    16.8004
17.5028    23.6708    16.8004
17.494    23.6924    16.8004
17.494799    23.706799    16.8004
17.4988    23.7164    16.8004
17.5036    23.7396    16.8004
17.507599    23.749199    16.8004
17.5124    23.7596    16.8004
17.518799    23.782    16.8004
17.529999    23.8308    16.8004
17.531599    23.838799    16.8004
17.5332    23.855598    16.8004
17.5332    23.8612    16.8004
17.5348    23.885199    16.8004
17.5364    23.9004    16.8004
17.542799    23.9156    16.8004
17.5452    23.931599    16.8004
17.557999    23.942    16.8004
17.570799    23.958    16.8004
17.59    23.955599    16.8004
17.604399    23.9492    16.8004
17.611599    23.9356    16.8004
17.6252    23.9172    16.8004
17.6276    23.913198    16.8004
17.6412    23.8772    16.8004
17.6604    23.8252    16.8004
17.682    23.7724    16.8004
17.6852    23.764399    16.8004
17.7044    23.7148    16.8004
17.7148    23.6892    16.8004
17.7372    23.6404    16.8004
17.743599    23.6276    16.8004
17.7468    23.6148    16.8004
17.760399    23.585999    16.8004
17.7628    23.5812    16.8004
17.7652    23.5756    16.8004
17.778    23.546    16.8004
17.7876    23.522    16.8004
17.793999    23.5084    16.8004
17.801199    23.494    16.8004
