15.8596    28.910799    16.8004
15.8644    28.9252    16.8004
15.872399    28.946    16.8004
15.8963995    29.007599    16.8004
15.9251995    29.073198    16.8004
15.929999    29.0844    16.8004
15.9396    29.1052    16.8004
15.9508    29.128399    16.8004
15.966    29.1556    16.8004
15.9676    29.157999    16.8004
15.970799    29.161999    16.8004
15.9908    29.193998    16.8004
15.997999    29.202    16.8004
16.0068    29.2148    16.8004
16.014    29.221199    16.8004
16.029999    29.243599    16.8004
16.0548    29.2676    16.8004
16.059599    29.2708    16.8004
16.0644    29.2724    16.8004
16.086    29.288399    16.8004
16.093199    29.289999    16.8004
16.1084    29.302    16.8004
16.114    29.3028    16.8004
16.1444    29.309198    16.8004
16.1524    29.306799    16.8004
16.1756    29.3084    16.8004
16.1876    29.303598    16.8004
16.1996    29.3004    16.8004
16.2204    29.286    16.8004
16.222    29.284399    16.8004
16.2228    29.2836    16.8004
16.23    29.271599    16.8004
16.2524    29.237999    16.8004
16.2764    29.1924    16.8004
16.284399    29.177198    16.8004
16.2868    29.174    16.8004
16.33    29.1148    16.8004
16.3324    29.1124    16.8004
16.334    29.111599    16.8004
16.3732    29.0724    16.8004
16.3836    29.065199    16.8004
16.418    29.042    16.8004
16.4356    29.031599    16.8004
16.4628    29.0196    16.8004
16.4732    29.018799    16.8004
16.5092    29.0108    16.8004
16.5156    29.009998    16.8004
16.5196    29.009998    16.8004
16.5644    29.018799    16.8004
16.5852    29.0236    16.8004
16.602    29.0292    16.8004
16.611599    29.037199    16.8004
16.650799    29.07    16.8004
16.6836    29.111599    16.8004
16.6948    29.126    16.8004
16.702    29.1372    16.8004
16.7276    29.1868    16.8004
16.7396    29.212399    16.8004
16.7652    29.274    16.8004
16.778    29.3076    16.8004
16.786    29.3284    16.8004
16.812399    29.407598    16.8004
16.8156    29.416399    16.8004
16.8172    29.420399    16.8004
16.8364    29.4812    16.8004
16.854    29.5436    16.8004
16.8612    29.574    16.8004
16.8724    29.642    16.8004
16.8748    29.6628    16.8004
16.8764    29.674799    16.8004
16.8836    29.7396    16.8004
16.8892    29.7964    16.8004
16.8948    29.8804    16.8004
16.8956    29.8948    16.8004
16.8964    29.903599    16.8004
16.8964    29.924398    16.8004
16.8996    30.018    16.8004
16.8996    30.052399    16.8004
16.9012    30.132399    16.8004
16.8996    30.1724    16.8004
16.8996    30.1948    16.8004
16.9028    30.225199    16.8004
16.902    30.2316    16.8004
16.9052    30.2484    16.8004
16.906    30.2596    16.8004
16.909199    30.2748    16.8004
16.914799    30.286    16.8004
16.9252    30.297998    16.8004
16.938    30.314798    16.8004
16.954    30.321999    16.8004
16.9748    30.3252    16.8004
16.979599    30.323599    16.8004
17.0012    30.3116    16.8004
17.01    30.306    16.8004
17.0124    30.3044    16.8004
17.0172    30.302    16.8004
17.0228    30.299599    16.8004
17.0716    30.281199    16.8004
17.0884    30.2764    16.8004
17.157999    30.257198    16.8004
17.1924    30.249199    16.8004
17.2612    30.2356    16.8004
17.2948    30.229198    16.8004
17.314    30.226    16.8004
17.3772    30.2156    16.8004
17.402    30.213999    16.8004
17.414799    30.212399    16.8004
17.442    30.2164    16.8004
17.4508    30.217999    16.8004
17.4572    30.2204    16.8004
17.466799    30.2284    16.8004
17.482    30.2372    16.8004
17.5044    30.2556    16.8004
17.5108    30.260399    16.8004
17.531599    30.2836    16.8004
17.5364    30.288399    16.8004
17.546    30.299599    16.8004
17.563599    30.3228    16.8004
17.5796    30.3452    16.8004
17.594    30.362799    16.8004
17.602    30.3748    16.8004
17.614    30.389198    16.8004
17.6372    30.424398    16.8004
17.6572    30.4548    16.8004
17.678799    30.49    16.8004
17.6988    30.5276    16.8004
17.734    30.598799    16.8004
17.7348    30.600399    16.8004
17.736399    30.6052    16.8004
17.765999    30.6684    16.8004
17.77    30.6764    16.8004
17.789999    30.7284    16.8004
17.802    30.7652    16.8004
17.8028    30.7676    16.8004
17.8076    30.782799    16.8004
17.816399    30.8156    16.8004
17.823599    30.8484    16.8004
17.8252    30.8548    16.8004
17.83    30.889198    16.8004
17.8356    30.9156    16.8004
17.838    30.937199    16.8004
17.842    30.970798    16.8004
17.8444    31.022    16.8004
17.8444    31.0252    16.8004
17.8452    31.035599    16.8004
17.845999    31.063599    16.8004
17.8468    31.0828    16.8004
17.8468    31.098799    16.8004
17.8468    31.1068    16.8004
17.8452    31.189999    16.8004
17.8436    31.2188    16.8004
17.842    31.241999    16.8004
17.8396    31.284399    16.8004
17.8356    31.33    16.8004
17.834    31.347599    16.8004
17.8308    31.381199    16.8004
17.8204    31.4532    16.8004
17.8172    31.4716    16.8004
17.8132    31.496399    16.8004
17.806799    31.5308    16.8004
17.8044    31.550798    16.8004
17.8028    31.5572    16.8004
17.7908    31.6148    16.8004
17.7868    31.6292    16.8004
17.7796    31.663599    16.8004
17.77    31.7076    16.8004
17.7556    31.760399    16.8004
17.7524    31.771599    16.8004
17.7412    31.799599    16.8004
17.734    31.8228    16.8004
17.7244    31.8452    16.8004
17.7172    31.8604    16.8004
17.702    31.892399    16.8004
17.689999    31.914    16.8004
17.6764    31.935598    16.8004
17.65    31.976398    16.8004
17.6196    32.0212    16.8004
17.6068    32.038    16.8004
17.5828    32.07    16.8004
17.5612    32.0972    16.8004
17.534    32.1284    16.8004
17.4972    32.166798    16.8004
17.4628    32.1996    16.8004
17.4524    32.21    16.8004
17.4356    32.2252    16.8004
17.4084    32.2468    16.8004
17.382    32.266    16.8004
17.366    32.2788    16.8004
17.3188    32.3092    16.8004
17.3092    32.3148    16.8004
17.2668    32.3396    16.8004
17.1924    32.3796    16.8004
17.174799    32.3892    16.8004
17.1484    32.4044    16.8004
17.1164    32.4212    16.8004
17.098    32.43    16.8004
17.094799    32.4316    16.8004
17.0588    32.4436    16.8004
17.0396    32.4436    16.8004
17.0388    32.4436    16.8004
17.037199    32.4436    16.8004
17.018    32.441998    16.8004
16.998    32.4404    16.8004
16.9932    32.439598    16.8004
16.9844    32.438    16.8004
16.9268    32.425198    16.8004
16.8988    32.4188    16.8004
16.8692    32.4092    16.8004
16.8492    32.402    16.8004
16.838    32.397198    16.8004
16.8204    32.3876    16.8004
16.802    32.3764    16.8004
16.793999    32.371597    16.8004
16.789999    32.365997    16.8004
16.7756    32.3516    16.8004
16.749199    32.326    16.8004
16.7428    32.3196    16.8004
16.7412    32.318    16.8004
16.7404    32.3164    16.8004
16.736399    32.3148    16.8004
16.702799    32.3108    16.8004
16.7004    32.3116    16.8004
16.6724    32.3276    16.8004
16.650799    32.3428    16.8004
16.6388    32.3508    16.8004
16.6244    32.360397    16.8004
16.5924    32.3788    16.8004
16.5396    32.408398    16.8004
16.5148    32.422    16.8004
16.483599    32.4372    16.8004
16.4652    32.447598    16.8004
16.4324    32.466    16.8004
16.410799    32.475597    16.8004
16.3636    32.4948    16.8004
16.288399    32.5276    16.8004
16.2868    32.5284    16.8004
16.191599    32.562798    16.8004
16.1876    32.5644    16.8004
16.173199    32.5692    16.8004
16.121199    32.59    16.8004
16.1076    32.5948    16.8004
16.081999    32.6012    16.8004
16.0164    32.6204    16.8004
15.997999    32.626    16.8004
15.9796    32.6308    16.8004
15.952399    32.6364    16.8004
15.9324    32.6404    16.8004
15.889199    32.6492    16.8004
15.871599    32.6524    16.8004
15.8228    32.6628    16.8004
15.7755995    32.67    16.8004
15.7532    32.6732    16.8004
15.682799    32.686    16.8004
15.6164    32.6964    16.8004
15.5948    32.6988    16.8004
15.5548    32.7044    16.8004
15.4852    32.7124    16.8004
15.4788    32.7124    16.8004
15.4484    32.7156    16.8004
15.395599    32.7196    16.8004
15.3764    32.7212    16.8004
15.332399    32.7252    16.8004
15.2716    32.7276    16.8004
15.21    32.73    16.8004
15.174    32.728397    16.8004
15.1212    32.728397    16.8004
15.102799    32.7276    16.8004
15.066799    32.7268    16.8004
15.038799    32.7212    16.8004
15.021999    32.7188    16.8004
15.0012    32.714    16.8004
14.9788    32.7276    16.8004
14.969999    32.733997    16.8004
14.9732    32.7404    16.8004
14.9844    32.7668    16.8004
14.9948    32.7804    16.8004
15.0132    32.802    16.8004
15.0476    32.8484    16.8004
15.078    32.8868    16.8004
15.1491995    32.981197    16.8004
15.1804    33.0204    16.8004
15.2476    33.113197    16.8004
15.2588    33.1292    16.8004
15.3068    33.205997    16.8004
15.3124    33.214798    16.8004
15.3236    33.2364    16.8004
15.3308    33.2516    16.8004
15.349199    33.2972    16.8004
15.3588    33.326    16.8004
15.3596    33.3276    16.8004
15.3596    33.3292    16.8004
15.361199    33.335598    16.8004
15.3764    33.3908    16.8004
15.3812    33.408398    16.8004
15.3972    33.426    16.8004
15.407599    33.439598    16.8004
15.418799    33.4484    16.8004
15.4316    33.4604    16.8004
15.435599    33.4636    16.8004
15.4396    33.4668    16.8004
15.4724    33.495598    16.8004
15.4836    33.51    16.8004
15.492399    33.5188    16.8004
15.509999    33.5476    16.8004
15.510799    33.5484    16.8004
15.510799    33.5492    16.8004
15.5596    33.661198    16.8004
15.5748    33.6956    16.8004
15.5924    33.737198    16.8004
15.61    33.7836    16.8004
15.622    33.815598    16.8004
15.630799    33.8404    16.8004
15.634    33.8508    16.8004
15.6396    33.8764    16.8004
15.6396    33.880398    16.8004
15.6404    33.891598    16.8004
15.6412    33.908398    16.8004
15.6388    33.93    16.8004
15.6388    33.930798    16.8004
15.625199    33.9604    16.8004
15.6212    33.967598    16.8004
15.6147995    33.9796    16.8004
15.591599    34.0188    16.8004
15.5748    34.0468    16.8004
15.558    34.073997    16.8004
15.53    34.1172    16.8004
15.5084    34.1516    16.8004
15.4892    34.1788    16.8004
15.470799    34.2076    16.8004
15.4444    34.238    16.8004
15.441999    34.2412    16.8004
15.441199    34.242    16.8004
15.4388    34.2444    16.8004
15.417999    34.265198    16.8004
15.400399    34.27    16.8004
15.3884    34.274    16.8004
15.378799    34.276398    16.8004
15.3572    34.281998    16.8004
15.337199    34.2804    16.8004
15.332399    34.2796    16.8004
15.320399    34.2772    16.8004
15.302799    34.2724    16.8004
15.2699995    34.2644    16.8004
15.2444    34.2572    16.8004
15.2252    34.2524    16.8004
15.210799    34.246    16.8004
15.193999    34.2388    16.8004
15.1852    34.233997    16.8004
15.17    34.2252    16.8004
15.1491995    34.209198    16.8004
15.148399    34.2084    16.8004
15.1348    34.1956    16.8004
15.0828    34.1452    16.8004
15.042    34.1068    16.8004
15.0252    34.09    16.8004
15.010799    34.0756    16.8004
14.9628    34.03    16.8004
14.9092    33.9828    16.8004
14.9084    33.9828    16.8004
14.894799    33.969997    16.8004
14.855599    33.9332    16.8004
14.854    33.9316    16.8004
14.844399    33.9236    16.8004
14.809199    33.891598    16.8004
14.806    33.8884    16.8004
14.757999    33.837997    16.8004
14.7372    33.815598    16.8004
14.71    33.7884    16.8004
14.6964    33.7732    16.8004
14.665199    33.737198    16.8004
14.654799    33.7252    16.8004
14.6468    33.7156    16.8004
14.6036    33.6652    16.8004
14.5812    33.6396    16.8004
14.578    33.6364    16.8004
14.5764    33.634    16.8004
14.573999    33.6316    16.8004
14.533999    33.5844    16.8004
14.4732    33.5076    16.8004
14.4492    33.478    16.8004
14.413199    33.4356    16.8004
14.3708    33.3884    16.8004
14.346    33.360397    16.8004
14.2836    33.2844    16.8004
14.251599    33.2468    16.8004
14.216399    33.2028    16.8004
14.1564    33.1316    16.8004
14.113199    33.0788    16.8004
14.0988    33.0604    16.8004
14.0532    32.9996    16.8004
14.0524    32.9988    16.8004
14.0515995    32.997997    16.8004
14.0124    32.9428    16.8004
14.004399    32.9292    16.8004
13.9684    32.874798    16.8004
13.965199    32.8708    16.8004
13.9428    32.8388    16.8004
13.929999    32.8148    16.8004
13.9028    32.774    16.8004
13.894    32.7588    16.8004
13.889999    32.7524    16.8004
13.8564    32.692398    16.8004
13.8508    32.682    16.8004
13.8468    32.6764    16.8004
13.843599    32.6708    16.8004
13.8172    32.6204    16.8004
13.808399    32.601997    16.8004
13.7964    32.588398    16.8004
13.7884    32.5804    16.8004
13.7732    32.558    16.8004
13.763599    32.5588    16.8004
13.742    32.5444    16.8004
13.714    32.568398    16.8004
13.711599    32.5756    16.8004
13.7076    32.598    16.8004
13.705999    32.607597    16.8004
13.705199    32.634    16.8004
13.7044    32.6372    16.8004
13.7044    32.6452    16.8004
13.705199    32.67    16.8004
13.7067995    32.692398    16.8004
13.7067995    32.7068    16.8004
13.7132    32.746    16.8004
13.716399    32.765198    16.8004
13.7196    32.7844    16.8004
13.7252    32.818798    16.8004
13.7332    32.860397    16.8004
13.7372    32.8884    16.8004
13.7644    33.017998    16.8004
13.7644    33.0196    16.8004
13.7652    33.0244    16.8004
13.802799    33.2044    16.8004
13.8043995    33.214798    16.8004
13.8068    33.2292    16.8004
13.818    33.318    16.8004
13.8252    33.369198    16.8004
13.831599    33.4092    16.8004
13.844399    33.502    16.8004
13.8484    33.5356    16.8004
13.849999    33.5524    16.8004
13.8516    33.577198    16.8004
13.858    33.598    16.8004
13.861199    33.6124    16.8004
13.8684    33.6284    16.8004
13.8756    33.6364    16.8004
13.8852    33.654    16.8004
13.8996    33.6692    16.8004
13.941999    33.71    16.8004
13.999599    33.7668    16.8004
14.026    33.7892    16.8004
14.0708    33.832397    16.8004
14.0892    33.849197    16.8004
14.118799    33.880398    16.8004
14.131599    33.8948    16.8004
14.1356    33.8988    16.8004
14.1788    33.954    16.8004
14.1804    33.9548    16.8004
14.1804    33.9556    16.8004
14.1812    33.956398    16.8004
14.183599    33.9604    16.8004
14.223599    34.022    16.8004
14.2332    34.038    16.8004
14.2604    34.090797    16.8004
14.2652    34.099598    16.8004
14.286799    34.144398    16.8004
14.2956    34.1644    16.8004
14.3012    34.1804    16.8004
14.3172    34.2292    16.8004
14.321199    34.2436    16.8004
14.33    34.274    16.8004
14.3364    34.3004    16.8004
14.343599    34.334    16.8004
14.3468    34.354    16.8004
14.349199    34.3708    16.8004
14.3516    34.380398    16.8004
14.3588    34.4332    16.8004
14.365999    34.4852    16.8004
14.374    34.5164    16.8004
14.3756    34.5252    16.8004
14.3828    34.5524    16.8004
14.384399    34.5588    16.8004
14.3876    34.571598    16.8004
14.3963995    34.593998    16.8004
14.3988    34.6004    16.8004
14.411599    34.638798    16.8004
14.418799    34.6588    16.8004
14.424399    34.672398    16.8004
14.45    34.742    16.8004
14.4564    34.761997    16.8004
14.474    34.818    16.8004
14.475599    34.8228    16.8004
14.476399    34.824398    16.8004
14.476399    34.8252    16.8004
14.478    34.8292    16.8004
14.4796    34.8364    16.8004
14.493199    34.8844    16.8004
14.502    34.9148    16.8004
14.5084    34.9284    16.8004
14.514    34.946    16.8004
14.5308    34.958    16.8004
14.544399    34.9764    16.8004
14.5604    34.986797    16.8004
14.5803995    35.0052    16.8004
14.5884    35.0116    16.8004
14.590799    35.012398    16.8004
14.6124    35.0324    16.8004
14.6268    35.0452    16.8004
14.6572    35.0748    16.8004
14.658799    35.077198    16.8004
14.660399    35.0788    16.8004
14.681999    35.106    16.8004
14.7044    35.1364    16.8004
14.710799    35.1452    16.8004
14.740399    35.1916    16.8004
14.7532    35.2124    16.8004
14.7556    35.2164    16.8004
14.7612    35.231598    16.8004
14.7755995    35.2628    16.8004
14.7892    35.2924    16.8004
14.7948    35.306    16.8004
14.7956    35.3092    16.8004
14.8132    35.342    16.8004
14.8244    35.357998    16.8004
14.8396    35.3812    16.8004
14.846    35.394    16.8004
14.8619995    35.418    16.8004
14.8675995    35.4332    16.8004
14.8764    35.447598    16.8004
14.878799    35.4628    16.8004
14.884399    35.478798    16.8004
14.8852    35.492397    16.8004
14.882799    35.5108    16.8004
14.8804    35.5212    16.8004
14.8796    35.526    16.8004
14.8636    35.57    16.8004
14.8564    35.582    16.8004
14.849999    35.5932    16.8004
14.842    35.61    16.8004
14.8396    35.6204    16.8004
14.8284    35.6468    16.8004
14.825999    35.6548    16.8004
14.8252    35.67    16.8004
14.8244    35.6844    16.8004
14.825999    35.6964    16.8004
14.8244    35.702    16.8004
14.8244    35.714798    16.8004
14.83    35.7788    16.8004
14.8308    35.7868    16.8004
14.8308    35.8084    16.8004
14.831599    35.880398    16.8004
14.831599    35.8932    16.8004
14.831599    35.8964    16.8004
14.8331995    35.9068    16.8004
14.8356    35.9236    16.8004
14.8356    35.9276    16.8004
14.8404    35.9556    16.8004
14.8564    35.9988    16.8004
14.8756    36.0588    16.8004
14.877199    36.0652    16.8004
14.883599    36.090797    16.8004
14.886    36.1028    16.8004
14.8876    36.138    16.8004
14.8876    36.144398    16.8004
14.8852    36.182    16.8004
14.8812    36.258    16.8004
14.8804    36.281998    16.8004
14.8764    36.337997    16.8004
14.877999    36.354    16.8004
14.877999    36.3628    16.8004
14.8804    36.3708    16.8004
14.889199    36.3932    16.8004
14.9092    36.422    16.8004
14.9108    36.4244    16.8004
14.914    36.4276    16.8004
14.95    36.473198    16.8004
14.9684    36.4972    16.8004
14.9828    36.5188    16.8004
15.0012    36.5532    16.8004
15.003599    36.558    16.8004
15.005199    36.5604    16.8004
15.014    36.5812    16.8004
15.0188    36.5948    16.8004
15.0227995    36.6124    16.8004
15.0244    36.618    16.8004
15.0252    36.6252    16.8004
15.027599    36.642    16.8004
15.027599    36.644398    16.8004
15.027599    36.646797    16.8004
15.026799    36.6676    16.8004
15.026799    36.6748    16.8004
15.026    36.700397    16.8004
15.0236    36.7132    16.8004
15.021999    36.7236    16.8004
15.018    36.739597    16.8004
15.014    36.7588    16.8004
15.010799    36.7716    16.8004
15.005199    36.7884    16.8004
14.9972    36.8052    16.8004
14.9948    36.8116    16.8004
14.9892    36.8172    16.8004
14.981999    36.8228    16.8004
14.9716    36.829998    16.8004
14.958799    36.835598    16.8004
14.9444    36.8396    16.8004
14.936399    36.841198    16.8004
14.9028    36.8452    16.8004
14.8884    36.846798    16.8004
14.8636    36.85    16.8004
14.849999    36.8532    16.8004
14.8348    36.862    16.8004
14.8244    36.8788    16.8004
14.809999    36.8956    16.8004
14.802799    36.9044    16.8004
14.791599    36.918    16.8004
14.781199    36.9276    16.8004
14.7644    36.9444    16.8004
14.7492    36.966    16.8004
14.7411995    36.9748    16.8004
14.740399    36.9772    16.8004
14.7276    37.0076    16.8004
14.7252    37.0156    16.8004
14.7244    37.0316    16.8004
14.723599    37.051598    16.8004
14.7244    37.068398    16.8004
14.7212    37.09    16.8004
14.7212    37.0948    16.8004
14.7204    37.096397    16.8004
14.716399    37.1092    16.8004
14.7123995    37.118797    16.8004
14.710799    37.1228    16.8004
14.7084    37.126    16.8004
14.6916    37.1492    16.8004
14.6636    37.1716    16.8004
14.659599    37.1756    16.8004
14.642799    37.1908    16.8004
14.630799    37.202    16.8004
14.6284    37.21    16.8004
14.6212    37.2348    16.8004
14.6212    37.2532    16.8004
14.622    37.2628    16.8004
14.620399    37.2692    16.8004
14.619599    37.2868    16.8004
14.619599    37.2908    16.8004
14.618799    37.293198    16.8004
14.6156    37.3012    16.8004
14.61    37.3164    16.8004
14.61    37.318    16.8004
14.6116    37.326    16.8004
14.6164    37.3444    16.8004
14.625199    37.362    16.8004
14.629999    37.3724    16.8004
14.631599    37.377197    16.8004
14.637199    37.397198    16.8004
14.637199    37.4204    16.8004
14.636399    37.4316    16.8004
14.6348    37.4404    16.8004
14.6284    37.4764    16.8004
14.6268    37.4876    16.8004
14.630799    37.502    16.8004
14.636399    37.5164    16.8004
14.653199    37.5372    16.8004
14.658799    37.5436    16.8004
14.6636    37.5476    16.8004
14.6844    37.558    16.8004
14.6908    37.5612    16.8004
14.694799    37.5636    16.8004
14.7188    37.5724    16.8004
14.738    37.582    16.8004
14.7444    37.5844    16.8004
14.754    37.590797    16.8004
14.7668    37.599598    16.8004
14.778    37.614    16.8004
14.79    37.6284    16.8004
14.7948    37.6396    16.8004
14.797999    37.646    16.8004
14.8004    37.652397    16.8004
14.8076    37.6732    16.8004
14.8132    37.6932    16.8004
14.815599    37.705997    16.8004
14.820399    37.745197    16.8004
14.822    37.761997    16.8004
14.822    37.778    16.8004
14.822    37.793198    16.8004
14.819599    37.8052    16.8004
14.8172    37.821198    16.8004
14.8132    37.8348    16.8004
14.809999    37.8452    16.8004
14.8012    37.8596    16.8004
14.794    37.8732    16.8004
14.7892    37.880398    16.8004
14.774799    37.9004    16.8004
14.773999    37.9012    16.8004
14.757199    37.9316    16.8004
14.7532    37.9412    16.8004
14.7484    37.9612    16.8004
14.7484    37.995598    16.8004
14.7492    38.0044    16.8004
14.7492    38.0084    16.8004
14.7492    38.01    16.8004
14.7436    38.034798    16.8004
14.7411995    38.0444    16.8004
14.739599    38.0468    16.8004
14.7268    38.068398    16.8004
14.6964    38.1028    16.8004
14.694799    38.1036    16.8004
14.6172    38.1708    16.8004
14.585199    38.1972    16.8004
14.555599    38.2244    16.8004
14.5468    38.231598    16.8004
14.521999    38.258    16.8004
14.518    38.2628    16.8004
14.516399    38.2668    16.8004
14.5028    38.2924    16.8004
14.504399    38.304398    16.8004
14.504399    38.3228    16.8004
14.509999    38.342    16.8004
14.5132    38.3596    16.8004
14.5244    38.380398    16.8004
14.526    38.3852    16.8004
14.527599    38.3876    16.8004
14.528399    38.39    16.8004
14.5412    38.4108    16.8004
14.5484    38.430798    16.8004
14.549999    38.4332    16.8004
14.550799    38.4412    16.8004
14.545199    38.4612    16.8004
14.539599    38.4684    16.8004
14.5308    38.4836    16.8004
14.504399    38.5108    16.8004
14.503599    38.512398    16.8004
14.5004    38.5164    16.8004
14.4796    38.5436    16.8004
14.4748    38.5532    16.8004
14.464399    38.573997    16.8004
14.462    38.5892    16.8004
14.4595995    38.5956    16.8004
14.458799    38.6004    16.8004
14.4564    38.6156    16.8004
14.4539995    38.6268    16.8004
14.453199    38.6284    16.8004
14.4444    38.6548    16.8004
14.4284    38.6812    16.8004
14.424399    38.6868    16.8004
14.412399    38.7012    16.8004
14.401999    38.714    16.8004
14.3924    38.7236    16.8004
14.3764    38.738    16.8004
14.3516    38.758    16.8004
14.337199    38.77    16.8004
14.2996    38.7948    16.8004
14.2956    38.7972    16.8004
14.292399    38.798798    16.8004
14.2588    38.818798    16.8004
14.238    38.8276    16.8004
14.2196    38.8332    16.8004
14.188399    38.8444    16.8004
14.182799    38.846    16.8004
14.1779995    38.846798    16.8004
14.148399    38.8516    16.8004
14.130799    38.852398    16.8004
14.1052    38.8532    16.8004
13.987599    38.846798    16.8004
13.986799    38.846798    16.8004
13.986    38.846798    16.8004
13.946    38.8476    16.8004
13.934799    38.8484    16.8004
13.9052    38.8532    16.8004
13.9036    38.854    16.8004
13.900399    38.854797    16.8004
13.882    38.8588    16.8004
13.858    38.869198    16.8004
13.8532    38.8708    16.8004
13.8468    38.874798    16.8004
13.813999    38.8964    16.8004
13.7884    38.9188    16.8004
13.7876    38.919598    16.8004
13.722799    38.9836    16.8004
13.7148    38.9908    16.8004
13.6916    39.0116    16.8004
13.686    39.0156    16.8004
13.6628    39.0332    16.8004
13.647599    39.0436    16.8004
13.625999    39.0556    16.8004
13.607599    39.0644    16.8004
13.598    39.07    16.8004
13.5859995    39.073997    16.8004
13.555599    39.082    16.8004
13.554    39.082798    16.8004
13.5076    39.09    16.8004
13.5036    39.09    16.8004
13.481999    39.0924    16.8004
13.4668    39.093998    16.8004
13.429999    39.093998    16.8004
13.4204    39.093998    16.8004
13.4196    39.0948    16.8004
13.3828    39.0932    16.8004
13.361199    39.0924    16.8004
13.360399    39.0924    16.8004
13.358    39.0924    16.8004
13.286799    39.086    16.8004
13.2652    39.0836    16.8004
13.2188    39.0756    16.8004
13.1804    39.068398    16.8004
13.1156    39.0564    16.8004
13.0996    39.0524    16.8004
13.078799    39.0476    16.8004
13.045199    39.0388    16.8004
13.015599    39.029198    16.8004
12.9964    39.022    16.8004
12.946    39.0028    16.8004
12.9452    39.0028    16.8004
12.9436    39.002    16.8004
12.8572    38.9604    16.8004
12.8331995    38.9492    16.8004
12.825999    38.945198    16.8004
12.8188    38.9436    16.8004
12.7908    38.934    16.8004
12.7844    38.934    16.8004
12.757999    38.9316    16.8004
12.742    38.9356    16.8004
12.7316    38.938    16.8004
12.714    38.9444    16.8004
12.705999    38.9468    16.8004
12.646    38.969997    16.8004
12.6012    38.9876    16.8004
12.591599    38.9916    16.8004
12.561999    39.002    16.8004
12.528399    39.014    16.8004
12.518    39.0164    16.8004
12.4948    39.022    16.8004
12.4668    39.0276    16.8004
12.4316    39.0324    16.8004
12.412399    39.034    16.8004
12.3716    39.034    16.8004
12.3596    39.0332    16.8004
12.3564    39.034    16.8004
12.3508    39.0332    16.8004
12.3172    39.031597    16.8004
12.303599    39.029198    16.8004
12.286799    39.025997    16.8004
12.2668    39.020397    16.8004
12.251599    39.0172    16.8004
12.2364    39.01    16.8004
12.2244    39.003597    16.8004
12.2092    38.994    16.8004
12.193999    38.982    16.8004
12.17    38.9612    16.8004
12.1532    38.946    16.8004
12.097199    38.8956    16.8004
12.0644    38.8652    16.8004
12.0571995    38.8588    16.8004
12.009999    38.821198    16.8004
11.9452    38.774    16.8004
11.9108    38.748398    16.8004
11.874    38.7188    16.8004
11.8628    38.7076    16.8004
11.844399    38.69    16.8004
11.8404    38.6868    16.8004
11.837999    38.6844    16.8004
11.834    38.6796    16.8004
11.8172    38.655598    16.8004
11.809999    38.642    16.8004
11.8052    38.6316    16.8004
11.8028    38.6172    16.8004
11.7987995    38.6036    16.8004
11.8012    38.577198    16.8004
11.802    38.5748    16.8004
11.8068    38.557198    16.8004
11.8188    38.5172    16.8004
11.821199    38.5028    16.8004
11.8236    38.4908    16.8004
11.821199    38.469997    16.8004
11.820399    38.4636    16.8004
11.818    38.4548    16.8004
11.8076    38.43    16.8004
11.803599    38.418    16.8004
11.792399    38.380398    16.8004
11.791599    38.380398    16.8004
11.791599    38.377197    16.8004
11.785999    38.3508    16.8004
11.7852    38.3476    16.8004
11.785999    38.3444    16.8004
11.7908    38.321198    16.8004
11.791599    38.3164    16.8004
11.7964    38.2948    16.8004
11.8052    38.276398    16.8004
11.8068    38.270798    16.8004
11.814799    38.2556    16.8004
11.822    38.2404    16.8004
11.8236    38.238    16.8004
11.8372    38.2156    16.8004
11.8428    38.2068    16.8004
11.844399    38.2044    16.8004
11.873199    38.1596    16.8004
11.8916    38.138    16.8004
11.895599    38.1324    16.8004
11.901199    38.126    16.8004
11.918799    38.1044    16.8004
11.9348    38.086    16.8004
11.9444    38.0748    16.8004
11.969999    38.05    16.8004
11.9732    38.0468    16.8004
11.975599    38.042    16.8004
11.9788    38.0364    16.8004
11.9908    38.0196    16.8004
11.9836    38.0116    16.8004
11.966    38.0004    16.8004
11.952399    37.9964    16.8004
11.929999    37.994    16.8004
11.917999    37.9908    16.8004
11.9108    37.989998    16.8004
11.9052    37.9892    16.8004
11.87    37.9828    16.8004
11.842    37.9772    16.8004
11.834    37.9748    16.8004
11.8276    37.973198    16.8004
11.803599    37.9652    16.8004
11.7836    37.9572    16.8004
11.763599    37.9468    16.8004
11.757199    37.9436    16.8004
11.752399    37.9404    16.8004
11.7364    37.926    16.8004
11.7148    37.908398    16.8004
11.7092    37.902    16.8004
11.671599    37.862    16.8004
11.6644    37.852398    16.8004
11.6324    37.8092    16.8004
11.6172    37.786    16.8004
11.602799    37.761997    16.8004
11.59    37.737198    16.8004
11.5828    37.7196    16.8004
11.578    37.7084    16.8004
11.5716    37.6828    16.8004
11.5716    37.6804    16.8004
11.5716    37.6764    16.8004
11.573999    37.6564    16.8004
11.5836    37.6348    16.8004
11.5892    37.624397    16.8004
11.620399    37.5692    16.8004
11.638    37.542    16.8004
11.646    37.5268    16.8004
11.6532    37.512398    16.8004
11.653999    37.5044    16.8004
11.654799    37.486797    16.8004
11.6556    37.4828    16.8004
11.6524    37.474    16.8004
11.6452    37.456398    16.8004
11.6388    37.445198    16.8004
11.631599    37.4316    16.8004
11.63    37.4276    16.8004
11.608399    37.397198    16.8004
11.5996    37.3852    16.8004
11.578799    37.3572    16.8004
11.5532    37.3204    16.8004
11.5412    37.302    16.8004
11.5364    37.294    16.8004
11.5308    37.2852    16.8004
11.5196    37.2628    16.8004
11.5132    37.2436    16.8004
11.509999    37.2356    16.8004
11.498799    37.203598    16.8004
11.498799    37.2028    16.8004
11.4956    37.1756    16.8004
11.4948    37.1684    16.8004
11.4948    37.1508    16.8004
11.498799    37.1236    16.8004
11.499599    37.1204    16.8004
11.499599    37.118797    16.8004
11.5076    37.0924    16.8004
11.5212    37.0444    16.8004
11.5227995    37.038    16.8004
11.527599    37.006    16.8004
11.5308    36.986797    16.8004
11.5364    36.954    16.8004
11.544399    36.9068    16.8004
11.5548    36.854797    16.8004
11.5571995    36.8428    16.8004
11.556399    36.8196    16.8004
11.5556    36.815598    16.8004
11.5524    36.8084    16.8004
11.546    36.7868    16.8004
11.5171995    36.731598    16.8004
11.502    36.6996    16.8004
11.4939995    36.6748    16.8004
11.4844    36.649998    16.8004
11.4796    36.6404    16.8004
11.4564    36.618797    16.8004
11.4492    36.613197    16.8004
11.422    36.606    16.8004
11.418799    36.605198    16.8004
11.4172    36.605198    16.8004
11.406799    36.6036    16.8004
11.366799    36.598    16.8004
11.3588    36.5956    16.8004
11.3428    36.5892    16.8004
11.3236    36.582798    16.8004
11.2852    36.5564    16.8004
11.2844    36.5556    16.8004
11.2724    36.5388    16.8004
11.251599    36.503597    16.8004
11.234799    36.473198    16.8004
11.2268    36.456398    16.8004
11.217999    36.434    16.8004
11.214    36.4212    16.8004
11.2108    36.41    16.8004
11.21    36.4044    16.8004
11.21    36.380398    16.8004
11.2156    36.3532    16.8004
11.2156    36.352398    16.8004
11.2156    36.3516    16.8004
11.2164    36.3508    16.8004
11.2252    36.309998    16.8004
11.229199    36.2884    16.8004
11.229199    36.2804    16.8004
11.2268    36.259598    16.8004
11.222    36.250797    16.8004
11.189199    36.2108    16.8004
11.1876    36.2084    16.8004
11.1868    36.2084    16.8004
11.1668    36.1772    16.8004
11.165999    36.1764    16.8004
11.165199    36.1756    16.8004
11.159599    36.161198    16.8004
11.153999    36.146797    16.8004
11.153999    36.1396    16.8004
11.154799    36.1236    16.8004
11.1556    36.110798    16.8004
11.162    36.0804    16.8004
11.1636    36.065998    16.8004
11.1668    36.0564    16.8004
11.170799    36.0436    16.8004
11.174    36.029198    16.8004
11.189199    36.0004    16.8004
11.1916    35.994    16.8004
11.1932    35.989998    16.8004
11.2164    35.9492    16.8004
11.2252    35.9324    16.8004
11.2308    35.9228    16.8004
11.246799    35.8892    16.8004
11.2548    35.87    16.8004
11.2564    35.8572    16.8004
11.2588    35.842    16.8004
11.2556    35.826797    16.8004
11.2532    35.8076    16.8004
11.251599    35.7996    16.8004
11.2411995    35.761997    16.8004
11.2332    35.7276    16.8004
11.2308    35.7044    16.8004
11.23    35.694    16.8004
11.233999    35.6788    16.8004
11.234799    35.6636    16.8004
11.240399    35.6428    16.8004
11.2532    35.6004    16.8004
11.263599    35.5708    16.8004
11.274799    35.514797    16.8004
11.2796    35.4948    16.8004
11.2844    35.475597    16.8004
11.285999    35.4692    16.8004
11.297199    35.445198    16.8004
11.2996    35.439598    16.8004
11.314    35.406    16.8004
11.3172    35.391598    16.8004
11.314    35.374798    16.8004
11.3124    35.360397    16.8004
11.3084    35.346798    16.8004
11.2956    35.3284    16.8004
11.2876    35.3116    16.8004
11.2724    35.2972    16.8004
11.257999    35.287598    16.8004
11.2556    35.286    16.8004
11.2308    35.2724    16.8004
11.205199    35.253998    16.8004
11.2044    35.2532    16.8004
11.2036    35.2524    16.8004
11.2028    35.2516    16.8004
11.1844    35.2348    16.8004
11.1764    35.2268    16.8004
11.170799    35.220398    16.8004
11.158    35.203598    16.8004
11.153999    35.1964    16.8004
11.1516    35.192398    16.8004
11.1468    35.183598    16.8004
11.136399    35.1572    16.8004
11.1244    35.121998    16.8004
11.1156    35.0948    16.8004
11.1044    35.0532    16.8004
11.096399    35.0204    16.8004
11.094    34.9996    16.8004
11.094    34.986    16.8004
11.0956    34.9724    16.8004
11.0988    34.9516    16.8004
11.102799    34.941998    16.8004
11.1147995    34.9156    16.8004
11.118    34.9116    16.8004
11.1284    34.902    16.8004
11.1412    34.8908    16.8004
11.146    34.888397    16.8004
11.1684    34.8852    16.8004
11.174    34.8868    16.8004
11.1964    34.8964    16.8004
11.21    34.8988    16.8004
11.23    34.8996    16.8004
11.2388    34.8892    16.8004
11.25    34.878    16.8004
11.251599    34.8676    16.8004
11.257999    34.846798    16.8004
11.2548    34.8196    16.8004
11.2548    34.818    16.8004
11.254    34.8164    16.8004
11.252399    34.798798    16.8004
11.2508    34.7628    16.8004
11.2508    34.739597    16.8004
11.2508    34.7156    16.8004
11.252399    34.6988    16.8004
11.257199    34.6548    16.8004
11.262    34.6292    16.8004
11.2668    34.5876    16.8004
11.2668    34.586    16.8004
11.2732    34.5492    16.8004
11.274799    34.5388    16.8004
11.2884    34.4604    16.8004
11.291599    34.445198    16.8004
11.3004    34.4044    16.8004
11.3108    34.3668    16.8004
11.314    34.3588    16.8004
11.314799    34.3556    16.8004
11.321199    34.3372    16.8004
11.3348    34.302    16.8004
11.3516    34.2612    16.8004
11.3572    34.2492    16.8004
11.378799    34.2028    16.8004
11.3804    34.1996    16.8004
11.4092    34.1436    16.8004
11.413199    34.1364    16.8004
11.4452    34.079597    16.8004
11.4564    34.0612    16.8004
11.481999    34.0164    16.8004
11.5012    33.9884    16.8004
11.5124    33.9724    16.8004
11.5404    33.9332    16.8004
11.542    33.9316    16.8004
11.573999    33.8924    16.8004
11.578    33.8884    16.8004
11.579599    33.8868    16.8004
11.5803995    33.8852    16.8004
11.6147995    33.8476    16.8004
11.631599    33.8332    16.8004
11.6588    33.8068    16.8004
11.6932    33.7796    16.8004
11.7012    33.7732    16.8004
11.7092    33.7636    16.8004
11.717999    33.753998    16.8004
11.726    33.737198    16.8004
11.729199    33.722    16.8004
11.7355995    33.7084    16.8004
11.738    33.697998    16.8004
11.742    33.6812    16.8004
11.7484    33.6484    16.8004
11.7548    33.621998    16.8004
11.797999    33.45    16.8004
11.802    33.430798    16.8004
11.8028    33.4284    16.8004
11.8043995    33.4236    16.8004
11.8068    33.4148    16.8004
11.8164    33.3788    16.8004
11.814    33.3644    16.8004
11.8188    33.3484    16.8004
11.8132    33.3396    16.8004
11.822    33.335598    16.8004
11.825999    33.3228    16.8004
11.8244    33.3028    16.8004
11.822    33.2916    16.8004
11.8108    33.2748    16.8004
11.794    33.278    16.8004
11.7772    33.2788    16.8004
11.774    33.2812    16.8004
11.752399    33.298    16.8004
11.7452    33.3004    16.8004
11.722    33.309998    16.8004
11.7164    33.3116    16.8004
11.699599    33.3148    16.8004
11.6852    33.3124    16.8004
11.6723995    33.304398    16.8004
11.6644    33.2996    16.8004
11.6476    33.2892    16.8004
11.636399    33.2884    16.8004
11.6188    33.2836    16.8004
11.6068    33.2868    16.8004
11.5859995    33.2916    16.8004
11.5668    33.3004    16.8004
11.5548    33.304398    16.8004
11.5412    33.3116    16.8004
11.509999    33.326797    16.8004
11.4892    33.3396    16.8004
11.453199    33.3588    16.8004
11.4492    33.3612    16.8004
11.4404    33.3652    16.8004
11.4268    33.37    16.8004
11.417999    33.3684    16.8004
11.3988    33.3684    16.8004
11.3636    33.3556    16.8004
11.3628    33.3556    16.8004
11.361199    33.3556    16.8004
11.3172    33.3444    16.8004
11.309199    33.341198    16.8004
11.2836    33.329998    16.8004
11.2556    33.3172    16.8004
11.2372    33.3084    16.8004
11.226    33.3012    16.8004
11.186    33.2756    16.8004
11.1692    33.2628    16.8004
11.1556    33.25    16.8004
11.1348    33.2276    16.8004
11.1244    33.214798    16.8004
11.1092    33.1964    16.8004
11.096399    33.177998    16.8004
11.0892    33.166798    16.8004
11.0764    33.146    16.8004
11.0596    33.113197    16.8004
11.0556    33.1044    16.8004
11.0532    33.0988    16.8004
11.0476    33.0804    16.8004
11.038    33.051598    16.8004
11.0372    33.0484    16.8004
11.0356    33.0388    16.8004
11.026    32.994    16.8004
11.0236    32.950798    16.8004
11.021999    32.941998    16.8004
11.0212    32.9204    16.8004
11.0204    32.89    16.8004
11.0244    32.8572    16.8004
11.0268    32.8332    16.8004
11.0372    32.793198    16.8004
11.039599    32.7796    16.8004
11.0428    32.77    16.8004
11.061999    32.7132    16.8004
11.0652    32.7012    16.8004
11.094    32.63    16.8004
11.0956    32.6236    16.8004
11.1044    32.5924    16.8004
11.106    32.582    16.8004
11.11    32.554    16.8004
11.1147995    32.517998    16.8004
11.1156    32.4892    16.8004
11.1172    32.4628    16.8004
11.118    32.385998    16.8004
11.120399    32.362    16.8004
11.1236    32.3428    16.8004
11.125999    32.309998    16.8004
11.131599    32.2868    16.8004
11.1324    32.2844    16.8004
11.1388    32.2636    16.8004
11.138    32.2436    16.8004
11.1396    32.2356    16.8004
11.1396    32.2132    16.8004
11.141999    32.2044    16.8004
11.1388    32.194    16.8004
11.1244    32.1716    16.8004
11.1188    32.1604    16.8004
11.1156    32.1604    16.8004
11.0812    32.161198    16.8004
11.0708    32.1652    16.8004
11.0556    32.1748    16.8004
10.9572    32.218    16.8004
10.9564    32.218    16.8004
10.9108    32.239597    16.8004
10.889199    32.2508    16.8004
10.822    32.2844    16.8004
10.814    32.2884    16.8004
10.7755995    32.309998    16.8004
10.752399    32.3228    16.8004
10.745999    32.326    16.8004
10.693999    32.360397    16.8004
10.662    32.3828    16.8004
10.6452    32.397198    16.8004
10.6092    32.4236    16.8004
10.6004    32.43    16.8004
10.5596    32.464397    16.8004
10.538799    32.482    16.8004
10.5268    32.4916    16.8004
10.4595995    32.542    16.8004
10.4332    32.5652    16.8004
10.412399    32.5812    16.8004
10.33    32.6484    16.8004
10.3028    32.6652    16.8004
10.297999    32.666798    16.8004
10.294    32.6708    16.8004
10.2444    32.7012    16.8004
10.2196    32.714    16.8004
10.2123995    32.717197    16.8004
10.2036    32.7252    16.8004
10.1812    32.7388    16.8004
10.1516    32.7604    16.8004
10.1172    32.7852    16.8004
10.1156    32.786    16.8004
10.11    32.7892    16.8004
10.0596    32.818    16.8004
10.039599    32.826797    16.8004
10.0324    32.842    16.8004
10.0156    32.8332    16.8004
10.006    32.8444    16.8004
9.9972    32.8204    16.8004
9.986    32.804398    16.8004
9.986    32.794    16.8004
9.9868    32.7868    16.8004
9.9868    32.7788    16.8004
9.986    32.753998    16.8004
9.9883995    32.7388    16.8004
9.9964    32.711597    16.8004
9.998799    32.7084    16.8004
10.010799    32.6868    16.8004
10.0268    32.6564    16.8004
10.0292    32.654    16.8004
10.03    32.6508    16.8004
10.0324    32.6428    16.8004
10.0436    32.6196    16.8004
10.045199    32.6012    16.8004
10.0484    32.5932    16.8004
10.054    32.5844    16.8004
10.062799    32.5668    16.8004
10.0772    32.545998    16.8004
10.0836    32.538    16.8004
10.0884    32.529198    16.8004
10.096399    32.5228    16.8004
10.0988    32.512398    16.8004
10.1116    32.4884    16.8004
10.1164    32.4764    16.8004
10.1292    32.453197    16.8004
10.153999    32.4148    16.8004
10.1628    32.3996    16.8004
10.199599    32.3404    16.8004
10.2084    32.321198    16.8004
10.217999    32.304398    16.8004
10.2556    32.238    16.8004
10.2708    32.2108    16.8004
10.3292    32.106    16.8004
10.3675995    32.0396    16.8004
10.384399    32.0108    16.8004
10.401199    31.981998    16.8004
10.4116    31.966    16.8004
10.446    31.910799    16.8004
10.478    31.8604    16.8004
10.5004    31.8244    16.8004
10.5524    31.7428    16.8004
10.5588    31.732399    16.8004
10.5988    31.6724    16.8004
10.6276    31.6244    16.8004
10.6292    31.622799    16.8004
10.646    31.594799    16.8004
10.6636    31.567598    16.8004
10.6692    31.5516    16.8004
10.6796    31.5348    16.8004
10.6844    31.518    16.8004
10.682799    31.5092    16.8004
10.6812    31.498798    16.8004
10.662    31.477999    16.8004
10.653999    31.455599    16.8004
10.65    31.4476    16.8004
10.648399    31.4404    16.8004
10.6452    31.4196    16.8004
10.6444    31.416399    16.8004
10.6444    31.403599    16.8004
10.646    31.396399    16.8004
10.6524    31.3604    16.8004
10.674    31.2892    16.8004
10.6756    31.2852    16.8004
10.6764    31.282799    16.8004
10.69    31.243599    16.8004
10.698    31.2188    16.8004
10.698    31.217999    16.8004
10.7067995    31.2004    16.8004
10.7244    31.1652    16.8004
10.726    31.161999    16.8004
10.75    31.113998    16.8004
10.757999    31.100399    16.8004
10.7708    31.0772    16.8004
10.774799    31.070799    16.8004
10.8188    31.0028    16.8004
10.854    30.946    16.8004
10.858    30.9404    16.8004
10.878799    30.913198    16.8004
10.8996    30.886    16.8004
10.9204    30.862799    16.8004
10.9332    30.8524    16.8004
10.946    30.8356    16.8004
10.958799    30.827599    16.8004
10.9748    30.812399    16.8004
10.981199    30.799599    16.8004
10.9964    30.777199    16.8004
10.9908    30.7676    16.8004
10.9796    30.7484    16.8004
10.9724    30.741999    16.8004
10.941999    30.712399    16.8004
10.9036    30.671598    16.8004
10.826799    30.5908    16.8004
10.7612    30.518    16.8004
10.7268    30.477999    16.8004
10.6644    30.4012    16.8004
10.6532    30.3876    16.8004
10.6444    30.3764    16.8004
10.5772    30.292398    16.8004
10.506    30.195599    16.8004
10.493199    30.177198    16.8004
10.458799    30.128399    16.8004
10.424399    30.080399    16.8004
10.4108    30.0604    16.8004
10.3948    30.0348    16.8004
10.3764    30.0068    16.8004
10.342    29.952398    16.8004
10.314    29.9004    16.8004
10.2788    29.8364    16.8004
10.2484    29.7788    16.8004
10.2244    29.732399    16.8004
10.198    29.6756    16.8004
10.174    29.6236    16.8004
10.1628    29.594799    16.8004
10.1516    29.5668    16.8004
10.131599    29.514    16.8004
10.1044    29.431599    16.8004
10.0803995    29.3636    16.8004
10.0692    29.3252    16.8004
10.0604    29.293999    16.8004
10.0476    29.2396    16.8004
10.0364    29.189999    16.8004
10.0324    29.1612    16.8004
10.026    29.1236    16.8004
10.0244    29.1012    16.8004
10.0196    29.0572    16.8004
10.0196    29.029999    16.8004
10.018    29.001999    16.8004
10.018    28.9636    16.8004
10.0171995    28.9236    16.8004
10.0188    28.9156    16.8004
10.021999    28.8716    16.8004
10.0236    28.8452    16.8004
10.0236    28.840399    16.8004
10.0236    28.838    16.8004
10.0252    28.7892    16.8004
10.0252    28.7796    16.8004
10.0268    28.7676    16.8004
10.033199    28.712399    16.8004
10.0356    28.682798    16.8004
10.038799    28.6588    16.8004
10.05    28.591599    16.8004
10.050799    28.5892    16.8004
10.0515995    28.5852    16.8004
10.0612    28.5388    16.8004
10.067599    28.5124    16.8004
10.0788    28.4692    16.8004
10.0884    28.429998    16.8004
10.0996    28.394    16.8004
10.1116    28.358799    16.8004
10.1156    28.3468    16.8004
10.1212    28.334799    16.8004
10.1348    28.303598    16.8004
10.1491995    28.2724    16.8004
10.1556    28.258    16.8004
10.158    28.254    16.8004
10.1764    28.222    16.8004
10.1844    28.2092    16.8004
10.2052    28.178799    16.8004
10.214    28.165998    16.8004
10.2452    28.1204    16.8004
10.257999    28.1036    16.8004
10.2972    28.0548    16.8004
10.3012    28.050798    16.8004
10.3236    28.0212    16.8004
10.326    28.018799    16.8004
10.3292    28.014    16.8004
10.3364    28.0036    16.8004
10.3412    27.993198    16.8004
10.3596    27.9604    16.8004
10.3636    27.9524    16.8004
10.374    27.925999    16.8004
10.3852    27.9052    16.8004
10.3932    27.8828    16.8004
10.4036    27.8452    16.8004
10.4052    27.8372    16.8004
10.406    27.834    16.8004
10.4092    27.814798    16.8004
10.4196    27.762    16.8004
10.4204    27.7596    16.8004
10.4196    27.743599    16.8004
10.422    27.729198    16.8004
10.414    27.7116    16.8004
10.4108    27.7004    16.8004
10.401199    27.6836    16.8004
10.395599    27.6724    16.8004
10.3924    27.6644    16.8004
10.3884    27.6516    16.8004
10.384399    27.643599    16.8004
10.3796    27.6308    16.8004
10.366    27.59    16.8004
10.358    27.561998    16.8004
10.346    27.5204    16.8004
10.338799    27.487598    16.8004
10.3292    27.4436    16.8004
10.3228    27.4068    16.8004
10.320399    27.3916    16.8004
10.320399    27.381199    16.8004
10.322    27.368399    16.8004
10.326    27.357199    16.8004
10.3364    27.3364    16.8004
10.3476    27.314    16.8004
10.3652    27.282799    16.8004
10.3675995    27.2788    16.8004
10.373199    27.269999    16.8004
10.378799    27.2612    16.8004
10.3948    27.2372    16.8004
10.3988    27.2316    16.8004
10.4044    27.225199    16.8004
10.4307995    27.197199    16.8004
10.4628    27.165998    16.8004
10.4668    27.161999    16.8004
10.4692    27.1596    16.8004
10.4916    27.1404    16.8004
10.506    27.1276    16.8004
10.5084    27.126799    16.8004
10.5268    27.122799    16.8004
10.55    27.0996    16.8004
10.556399    27.094    16.8004
10.568399    27.0604    16.8004
10.5692    27.0572    16.8004
10.582    27.013199    16.8004
10.5836    27.0092    16.8004
10.585199    27.0044    16.8004
10.59    26.989199    16.8004
10.63    26.869999    16.8004
10.6516    26.8076    16.8004
10.6723995    26.7508    16.8004
10.7276    26.602    16.8004
10.728399    26.600399    16.8004
10.834    26.333199    16.8004
10.8348    26.3308    16.8004
10.8764    26.230799    16.8004
10.8852    26.212399    16.8004
10.91    26.1644    16.8004
10.9228    26.139599    16.8004
10.9508    26.0892    16.8004
10.952399    26.0868    16.8004
10.9595995    26.074799    16.8004
10.981999    26.038    16.8004
11.0548    25.931599    16.8004
11.0571995    25.9284    16.8004
11.058    25.9268    16.8004
11.078799    25.8932    16.8004
11.0876    25.8748    16.8004
11.0956    25.8604    16.8004
11.101999    25.845999    16.8004
11.1068    25.8316    16.8004
11.1132    25.806    16.8004
11.1147995    25.8028    16.8004
11.118    25.7836    16.8004
11.120399    25.7764    16.8004
11.1212    25.769999    16.8004
11.1244    25.743599    16.8004
11.1236    25.7316    16.8004
11.125999    25.702799    16.8004
11.125999    25.6884    16.8004
11.125999    25.6684    16.8004
11.1244    25.6444    16.8004
11.1244    25.6308    16.8004
11.1228    25.6036    16.8004
11.122    25.5956    16.8004
11.122    25.59    16.8004
11.1172    25.5204    16.8004
11.1156    25.472399    16.8004
11.1147995    25.455599    16.8004
11.1147995    25.41    16.8004
11.1147995    25.299599    16.8004
11.1147995    25.2972    16.8004
11.1147995    25.2964    16.8004
11.1156    25.2908    16.8004
11.120399    25.2036    16.8004
11.125199    25.142    16.8004
11.130799    25.0732    16.8004
11.1348    25.037199    16.8004
11.138    25.0036    16.8004
11.1508    24.901999    16.8004
11.1524    24.8876    16.8004
11.165999    24.7732    16.8004
11.170799    24.741999    16.8004
11.1788    24.6708    16.8004
11.182799    24.637999    16.8004
11.1868    24.602798    16.8004
11.1924    24.5572    16.8004
11.1916    24.5436    16.8004
11.193999    24.5268    16.8004
11.1924    24.5148    16.8004
11.1804    24.4876    16.8004
11.1756    24.4828    16.8004
11.1692    24.4804    16.8004
11.162    24.470798    16.8004
11.1564    24.458    16.8004
11.146    24.4476    16.8004
11.1356    24.444399    16.8004
11.1012    24.4308    16.8004
11.0859995    24.425999    16.8004
11.0596    24.4116    16.8004
11.0588    24.4116    16.8004
11.058    24.410799    16.8004
11.033999    24.379599    16.8004
11.0204    24.3604    16.8004
10.9964    24.3268    16.8004
10.9836    24.305199    16.8004
10.9548    24.2596    16.8004
10.953199    24.258    16.8004
10.9492    24.25    16.8004
10.929999    24.2148    16.8004
10.9228    24.2036    16.8004
10.9172    24.194    16.8004
10.8988    24.1612    16.8004
10.8948    24.1532    16.8004
10.8812    24.1188    16.8004
10.872399    24.0852    16.8004
10.8692    24.074    16.8004
10.8684    24.0676    16.8004
10.8628    24.031599    16.8004
10.8588    24.01    16.8004
10.858    24.0044    16.8004
10.854799    23.9804    16.8004
10.8516    23.9516    16.8004
10.8508    23.942799    16.8004
10.849199    23.931599    16.8004
10.8476    23.906    16.8004
10.8484    23.8988    16.8004
10.8516    23.879599    16.8004
10.8588    23.8412    16.8004
10.8675995    23.81    16.8004
10.873199    23.789999    16.8004
10.877999    23.775599    16.8004
10.8812    23.764399    16.8004
10.882    23.758799    16.8004
10.883599    23.743599    16.8004
10.886    23.7316    16.8004
10.8868    23.7148    16.8004
10.882    23.701199    16.8004
10.87    23.680399    16.8004
10.8652    23.674799    16.8004
10.8572    23.667599    16.8004
10.8316    23.6484    16.8004
10.8164    23.6372    16.8004
10.7644    23.591599    16.8004
10.746799    23.574799    16.8004
10.7428    23.5716    16.8004
10.7308    23.5564    16.8004
10.7276    23.5492    16.8004
10.7244    23.5348    16.8004
10.7084    23.4308    16.8004
10.7084    23.427599    16.8004
10.698    23.3596    16.8004
10.694799    23.3364    16.8004
10.694799    23.334799    16.8004
10.683599    23.2148    16.8004
10.683599    23.1892    16.8004
10.682    23.174    16.8004
10.6844    23.163599    16.8004
10.682799    23.1476    16.8004
10.6876    23.132399    16.8004
10.688399    23.1196    16.8004
10.6972    23.1028    16.8004
10.7012    23.093199    16.8004
10.7036    23.087599    16.8004
10.7364    23.033998    16.8004
10.751599    23.011599    16.8004
10.7948    22.9468    16.8004
10.8028    22.9364    16.8004
10.814799    22.920399    16.8004
10.8316    22.8988    16.8004
10.8404    22.8876    16.8004
10.889999    22.83    16.8004
10.9372    22.7732    16.8004
10.9883995    22.717999    16.8004
11.0004    22.7044    16.8004
11.0028    22.6988    16.8004
11.0068    22.6932    16.8004
11.0324    22.674    16.8004
11.033999    22.669199    16.8004
11.0428    22.6468    16.8004
11.0316    22.6388    16.8004
11.0252    22.639599    16.8004
10.999599    22.6316    16.8004
10.9948    22.632399    16.8004
10.978    22.633999    16.8004
10.975599    22.637999    16.8004
10.9692    22.6348    16.8004
10.9452    22.637999    16.8004
10.936399    22.637999    16.8004
10.929999    22.6388    16.8004
10.9084    22.637999    16.8004
10.889199    22.6364    16.8004
10.8812    22.6332    16.8004
10.8596    22.628399    16.8004
10.8372    22.6148    16.8004
10.8372    22.6132    16.8004
10.8364    22.597198    16.8004
10.8372    22.594    16.8004
10.8508    22.5564    16.8004
10.8644    22.5204    16.8004
10.87    22.507599    16.8004
10.8756    22.4956    16.8004
10.8948    22.4468    16.8004
10.9508    22.310799    16.8004
10.965199    22.2764    16.8004
10.9796    22.2412    16.8004
11.0204    22.1572    16.8004
11.0612    22.0684    16.8004
11.078    22.035599    16.8004
11.09    22.0108    16.8004
11.131599    21.933199    16.8004
11.2028    21.801199    16.8004
11.205199    21.7964    16.8004
11.2076    21.7924    16.8004
11.2668    21.6924    16.8004
11.278    21.6772    16.8004
11.2836    21.6716    16.8004
11.3052    21.639599    16.8004
11.309999    21.6348    16.8004
11.3188    21.622799    16.8004
11.3364    21.602    16.8004
11.3572    21.574799    16.8004
11.3764    21.553999    16.8004
11.398    21.534    16.8004
11.424399    21.513199    16.8004
11.4564    21.489199    16.8004
11.470799    21.4764    16.8004
11.4828    21.4684    16.8004
11.4964    21.459599    16.8004
11.505199    21.449999    16.8004
11.5252    21.4364    16.8004
11.566    21.4084    16.8004
11.5764    21.4028    16.8004
11.582    21.397999    16.8004
11.5956    21.39    16.8004
11.6404    21.3668    16.8004
11.6732    21.347599    16.8004
11.7332    21.3156    16.8004
11.7652    21.2988    16.8004
11.860399    21.2524    16.8004
11.895599    21.2348    16.8004
11.9028    21.2316    16.8004
11.969999    21.1988    16.8004
11.9883995    21.189999    16.8004
12.0588    21.1596    16.8004
12.0644    21.1572    16.8004
12.0748    21.1524    16.8004
12.1612    21.1148    16.8004
12.176399    21.105999    16.8004
12.19    21.098799    16.8004
12.2204    21.0868    16.8004
12.2316    21.0836    16.8004
12.245999    21.0772    16.8004
12.2588    21.0732    16.8004
12.268399    21.065199    16.8004
12.286799    21.0548    16.8004
12.2908    21.0452    16.8004
12.3068    21.0388    16.8004
12.3172    21.035599    16.8004
12.3364    21.0252    16.8004
12.3452    21.01    16.8004
12.355599    20.998    16.8004
12.3636    20.9732    16.8004
12.3524    20.962    16.8004
12.318    20.949999    16.8004
12.2828    20.9412    16.8004
12.257199    20.9324    16.8004
12.1732    20.9044    16.8004
12.1572    20.897999    16.8004
12.1356    20.8884    16.8004
12.1244    20.8844    16.8004
12.0468    20.8556    16.8004
12.0132    20.8444    16.8004
11.9972    20.8188    16.8004
12.0076    20.777199    16.8004
12.0076    20.7764    16.8004
12.0132    20.7676    16.8004
12.0268    20.746    16.8004
12.028399    20.743599    16.8004
12.0324    20.737999    16.8004
12.068399    20.6884    16.8004
12.096399    20.6532    16.8004
12.125999    20.622    16.8004
12.148399    20.5972    16.8004
12.2044    20.5388    16.8004
12.205999    20.537199    16.8004
12.2148    20.5292    16.8004
12.2428    20.5044    16.8004
12.2436    20.5036    16.8004
12.2444    20.5036    16.8004
12.2452    20.501999    16.8004
12.3004    20.4572    16.8004
12.302    20.455599    16.8004
12.302799    20.455599    16.8004
12.3052    20.4524    16.8004
12.355599    20.410799    16.8004
12.3764    20.392399    16.8004
12.3924    20.381199    16.8004
12.4052    20.368399    16.8004
12.413199    20.362799    16.8004
12.4228    20.353199    16.8004
12.446    20.333199    16.8004
12.4564    20.3244    16.8004
12.4612    20.3212    16.8004
12.4628    20.3204    16.8004
12.4636    20.3188    16.8004
12.466    20.3172    16.8004
12.4716    20.312399    16.8004
12.515599    20.2756    16.8004
12.5188    20.2724    16.8004
12.57    20.226799    16.8004
12.579599    20.218    16.8004
12.6012    20.201199    16.8004
12.6212    20.184399    16.8004
12.63    20.178    16.8004
12.631599    20.1764    16.8004
12.6348    20.174    16.8004
12.6796    20.133999    16.8004
12.6804    20.1332    16.8004
12.6988    20.1196    16.8004
12.710799    20.1092    16.8004
12.717199    20.1052    16.8004
12.7244    20.0964    16.8004
12.746799    20.0772    16.8004
12.782    20.0532    16.8004
12.791599    20.0444    16.8004
12.8188    20.0228    16.8004
12.8196    20.022    16.8004
12.820399    20.0212    16.8004
12.838799    20.0052    16.8004
12.8508    19.994799    16.8004
12.854    19.9932    16.8004
12.8588    19.9884    16.8004
12.8884    19.9644    16.8004
12.929999    19.9308    16.8004
12.9324    19.9292    16.8004
12.9724    19.897999    16.8004
12.9748    19.8956    16.8004
12.9852    19.8884    16.8004
12.998799    19.879599    16.8004
13.0588    19.842    16.8004
13.067599    19.834    16.8004
13.090799    19.8212    16.8004
13.120399    19.799599    16.8004
13.1468    19.7836    16.8004
13.1723995    19.7708    16.8004
13.1956    19.7572    16.8004
13.242    19.7428    16.8004
13.2772    19.7292    16.8004
13.3644    19.702    16.8004
13.4404    19.678799    16.8004
13.545199    19.642    16.8004
13.555599    19.6372    16.8004
13.5892    19.626799    16.8004
13.6412    19.6124    16.8004
13.654799    19.6108    16.8004
13.6908    19.6052    16.8004
13.729199    19.593199    16.8004
13.7884    19.586    16.8004
13.8068    19.5852    16.8004
13.822    19.5852    16.8004
13.8516    19.5852    16.8004
13.9028    19.5884    16.8004
13.9284    19.5916    16.8004
13.9724    19.6036    16.8004
14.0076    19.614    16.8004
14.0476    19.628399    16.8004
14.0692    19.633999    16.8004
14.1172    19.6596    16.8004
14.1236    19.663599    16.8004
14.2012    19.702799    16.8004
14.2276    19.7164    16.8004
14.355599    19.7876    16.8004
14.3876    19.805199    16.8004
14.4172    19.817999    16.8004
14.453199    19.827599    16.8004
14.4684    19.8284    16.8004
14.486799    19.829199    16.8004
14.5028    19.8244    16.8004
14.5308    19.8044    16.8004
14.532399    19.802    16.8004
14.5348    19.7972    16.8004
14.5596    19.7388    16.8004
14.567599    19.713999    16.8004
14.6004    19.6092    16.8004
14.618799    19.546    16.8004
14.625199    19.5228    16.8004
14.6276    19.5164    16.8004
14.660399    19.414    16.8004
14.671599    19.386    16.8004
14.6812    19.3596    16.8004
14.694799    19.329199    16.8004
14.7067995    19.305199    16.8004
14.73    19.2636    16.8004
14.7428    19.2388    16.8004
14.780399    19.185999    16.8004
14.792399    19.1708    16.8004
14.814799    19.1412    16.8004
14.8331995    19.1204    16.8004
14.844399    19.1092    16.8004
14.8675995    19.087599    16.8004
14.871599    19.0844    16.8004
14.8996    19.063599    16.8004
14.91    19.0564    16.8004
14.929199    19.0476    16.8004
14.9516    19.0388    16.8004
14.969199    19.0332    16.8004
14.9844    19.0332    16.8004
15.002    19.0348    16.8004
15.0196    19.042    16.8004
15.0236    19.0436    16.8004
15.026799    19.046799    16.8004
15.0492    19.0604    16.8004
15.0692    19.0836    16.8004
15.0764    19.0908    16.8004
15.0892    19.1092    16.8004
15.101999    19.122799    16.8004
15.120399    19.1516    16.8004
15.131599    19.1668    16.8004
15.1396    19.182    16.8004
15.1452    19.194    16.8004
15.1516    19.202    16.8004
15.1628    19.2244    16.8004
15.1844    19.2652    16.8004
15.1956    19.2852    16.8004
15.2244    19.3428    16.8004
15.234799    19.362    16.8004
15.2436    19.3788    16.8004
15.269199    19.43    16.8004
15.292399    19.4748    16.8004
15.2996    19.4916    16.8004
15.3108    19.5148    16.8004
15.343599    19.586    16.8004
15.3684    19.6404    16.8004
15.3796    19.6644    16.8004
15.4036    19.7244    16.8004
15.417199    19.7556    16.8004
15.4436    19.8188    16.8004
15.474    19.8972    16.8004
15.487599    19.934    16.8004
15.515599    20.007599    16.8004
15.542    20.076399    16.8004
15.550799    20.1012    16.8004
15.5588    20.117199    16.8004
15.5652    20.1332    16.8004
15.573199    20.1444    16.8004
15.5772    20.1644    16.8004
15.5836    20.1828    16.8004
15.597199    20.2004    16.8004
15.6044    20.218    16.8004
15.6116    20.2292    16.8004
15.625999    20.2428    16.8004
15.629999    20.2564    16.8004
15.634    20.269999    16.8004
15.6412    20.284399    16.8004
15.659599    20.2948    16.8004
15.6668    20.302    16.8004
15.6796    20.3076    16.8004
15.693199    20.2964    16.8004
15.698    20.293999    16.8004
15.698799    20.2924    16.8004
15.7012    20.286    16.8004
15.721999    20.2372    16.8004
15.7316    20.2188    16.8004
15.763599    20.156399    16.8004
15.7948    20.104399    16.8004
15.808399    20.0868    16.8004
15.8356    20.0532    16.8004
15.861199    20.024399    16.8004
15.888399    19.9916    16.8004
15.9228    19.9588    16.8004
15.965199    19.9284    16.8004
16.0196    19.882    16.8004
16.0292    19.8748    16.8004
16.0364    19.8708    16.8004
16.100399    19.834    16.8004
16.1092    19.83    16.8004
16.1708    19.802    16.8004
16.1908    19.7964    16.8004
16.254    19.7788    16.8004
16.2804    19.774    16.8004
16.386    19.7628    16.8004
16.3972    19.7612    16.8004
16.418    19.762    16.8004
16.513199    19.7684    16.8004
16.593199    19.784399    16.8004
16.6124    19.7892    16.8004
16.622    19.7932    16.8004
16.6724    19.817999    16.8004
16.736399    19.853199    16.8004
16.7644    19.8668    16.8004
16.795599    19.8844    16.8004
16.854    19.9268    16.8004
16.892399    19.9588    16.8004
16.9324    19.994    16.8004
17.006    20.069199    16.8004
17.024399    20.0908    16.8004
17.0492    20.1252    16.8004
17.0996    20.1964    16.8004
17.1316    20.25    16.8004
17.178799    20.3316    16.8004
17.2036    20.3828    16.8004
17.2356    20.4636    16.8004
17.262    20.5388    16.8004
17.2652    20.546799    16.8004
17.27    20.5644    16.8004
17.302    20.6764    16.8004
17.3156    20.734    16.8004
17.3244    20.777199    16.8004
17.351599    20.909199    16.8004
17.3748    21.0276    16.8004
17.3772    21.038    16.8004
17.3852    21.076399    16.8004
17.3948    21.1236    16.8004
17.3948    21.1244    16.8004
17.3956    21.128399    16.8004
17.3956    21.1588    16.8004
17.3988    21.161999    16.8004
17.402    21.161999    16.8004
17.427599    21.1716    16.8004
17.4396    21.169199    16.8004
17.458    21.1724    16.8004
17.4716    21.1684    16.8004
17.4884    21.1708    16.8004
17.5012    21.167599    16.8004
17.513199    21.169199    16.8004
17.5164    21.1684    16.8004
17.5332    21.163599    16.8004
17.552399    21.157999    16.8004
17.5684    21.1524    16.8004
17.5812    21.1476    16.8004
17.5884    21.146    16.8004
17.6012    21.142    16.8004
17.6076    21.139599    16.8004
17.622799    21.1356    16.8004
17.6348    21.133999    16.8004
17.6516    21.128399    16.8004
17.6668    21.13    16.8004
17.6892    21.126    16.8004
17.7092    21.1276    16.8004
17.718    21.1292    16.8004
17.7276    21.1308    16.8004
17.7396    21.1356    16.8004
17.754799    21.1316    16.8004
17.7676    21.1316    16.8004
17.7764    21.1244    16.8004
17.795599    21.111599    16.8004
17.798    21.0972    16.8004
17.806    21.078    16.8004
17.795599    21.059599    16.8004
17.789999    21.0532    16.8004
17.782799    21.0444    16.8004
17.758    21.0084    16.8004
17.7428    20.983599    16.8004
17.734    20.965199    16.8004
17.7284    20.9452    16.8004
17.722    20.920399    16.8004
17.719599    20.910799    16.8004
17.7188    20.879599    16.8004
17.721199    20.8524    16.8004
17.7228    20.842    16.8004
17.7332    20.816399    16.8004
17.7412    20.795599    16.8004
17.7524    20.7804    16.8004
17.7564    20.774    16.8004
17.7652    20.7636    16.8004
17.7732    20.7524    16.8004
17.782799    20.741999    16.8004
17.7932    20.7284    16.8004
17.806799    20.719599    16.8004
17.8172    20.7108    16.8004
17.8324    20.701199    16.8004
17.8468    20.6908    16.8004
17.862    20.6836    16.8004
17.875599    20.6764    16.8004
17.9076    20.666    16.8004
17.9124    20.663599    16.8004
17.9364    20.6548    16.8004
17.938    20.6548    16.8004
17.955599    20.642    16.8004
17.9748    20.6348    16.8004
17.99    20.622799    16.8004
18.000399    20.611599    16.8004
18.014    20.6028    16.8004
18.0212    20.587599    16.8004
18.0332    20.5732    16.8004
18.041199    20.5564    16.8004
18.046    20.542799    16.8004
18.0476    20.5396    16.8004
18.065199    20.494    16.8004
18.0756    20.47    16.8004
18.111599    20.3788    16.8004
18.132399    20.33    16.8004
18.1484    20.2948    16.8004
18.178    20.2276    16.8004
18.1812    20.219599    16.8004
18.1868    20.2076    16.8004
18.2124    20.1548    16.8004
18.2204    20.1364    16.8004
18.237999    20.1012    16.8004
18.243599    20.0892    16.8004
18.2596    20.0588    16.8004
18.2868    20.0068    16.8004
18.3036    19.9764    16.8004
18.3428    19.916399    16.8004
18.3444    19.914    16.8004
18.3468    19.909199    16.8004
18.3836    19.8548    16.8004
18.414    19.821999    16.8004
18.414799    19.8212    16.8004
18.434    19.814    16.8004
18.4452    19.8172    16.8004
18.455599    19.821999    16.8004
18.4756    19.854    16.8004
18.4828    19.864399    16.8004
18.4884    19.8764    16.8004
18.489199    19.8804    16.8004
18.4924    19.8948    16.8004
18.5012    19.925999    16.8004
18.5084    19.942799    16.8004
18.5348    19.9412    16.8004
18.5364    19.9412    16.8004
18.574799    19.8972    16.8004
18.5956    19.8724    16.8004
18.6164    19.853199    16.8004
18.626799    19.845999    16.8004
18.6372    19.8396    16.8004
18.6524    19.8284    16.8004
18.6756    19.8148    16.8004
18.684399    19.81    16.8004
18.6948    19.806799    16.8004
18.713999    19.8028    16.8004
18.7204    19.802    16.8004
18.726799    19.801199    16.8004
18.741999    19.7964    16.8004
18.754    19.7876    16.8004
18.7596    19.7732    16.8004
18.7748    19.7564    16.8004
18.7796    19.7428    16.8004
18.782799    19.7204    16.8004
18.788399    19.697199    16.8004
18.7916    19.67    16.8004
18.7932    19.661999    16.8004
18.793999    19.657999    16.8004
18.7972    19.646    16.8004
18.817999    19.5684    16.8004
18.823599    19.548399    16.8004
18.8316    19.526    16.8004
18.838    19.507599    16.8004
18.840399    19.4996    16.8004
18.854    19.4732    16.8004
18.8612    19.4636    16.8004
18.881199    19.438    16.8004
18.8836    19.434    16.8004
18.897999    19.4252    16.8004
18.914    19.409199    16.8004
18.9308    19.4004    16.8004
18.9396    19.3956    16.8004
18.9572    19.39    16.8004
18.9684    19.385199    16.8004
18.9804    19.3844    16.8004
18.9972    19.385199    16.8004
19.0204    19.3948    16.8004
19.0284    19.3972    16.8004
19.034    19.4012    16.8004
19.0452    19.409199    16.8004
19.0564    19.4244    16.8004
19.0604    19.43    16.8004
19.0684    19.449999    16.8004
19.070799    19.4564    16.8004
19.0772    19.4788    16.8004
19.0788    19.485199    16.8004
19.0804    19.5156    16.8004
19.0812    19.5204    16.8004
19.0732    19.5812    16.8004
19.0732    19.5916    16.8004
19.0724    19.6052    16.8004
19.07    19.6204    16.8004
19.0604    19.6964    16.8004
19.0532    19.732399    16.8004
19.05    19.760399    16.8004
19.0404    19.8316    16.8004
19.035599    19.8604    16.8004
19.031599    19.8764    16.8004
19.0276    19.9116    16.8004
19.0236    19.9356    16.8004
19.0228    19.9596    16.8004
19.0212    19.9676    16.8004
19.0212    19.990799    16.8004
19.0268    20.0124    16.8004
19.0252    20.0196    16.8004
19.0284    20.0364    16.8004
19.0268    20.046799    16.8004
19.0268    20.059599    16.8004
19.034    20.0732    16.8004
19.0332    20.09    16.8004
19.034    20.1052    16.8004
19.0388    20.132399    16.8004
19.0396    20.1484    16.8004
19.041199    20.1612    16.8004
19.0476    20.1764    16.8004
19.0588    20.1892    16.8004
19.0644    20.208399    16.8004
19.0684    20.2284    16.8004
19.07    20.2516    16.8004
19.0796    20.2796    16.8004
19.0844    20.306    16.8004
19.0916    20.327599    16.8004
19.094    20.3676    16.8004
19.094799    20.3876    16.8004
19.0924    20.414    16.8004
19.094    20.420399    16.8004
19.0844    20.482    16.8004
19.0844    20.4828    16.8004
19.0796    20.542799    16.8004
19.0788    20.5628    16.8004
19.0788    20.622799    16.8004
19.0796    20.639599    16.8004
19.0788    20.6652    16.8004
19.0772    20.7516    16.8004
19.0772    20.754799    16.8004
19.0772    20.765999    16.8004
19.074    20.8412    16.8004
19.0732    20.8468    16.8004
19.07    20.8716    16.8004
19.07    20.8884    16.8004
19.0668    20.9052    16.8004
19.0668    20.9252    16.8004
19.0668    20.934    16.8004
19.0716    20.9476    16.8004
19.0756    20.9604    16.8004
19.0812    20.9684    16.8004
19.09    20.9884    16.8004
19.093199    20.994    16.8004
19.0924    20.996399    16.8004
19.094    21.001999    16.8004
19.100399    21.017199    16.8004
19.1068    21.0292    16.8004
19.1092    21.035599    16.8004
19.1244    21.0676    16.8004
19.1444    21.105999    16.8004
19.156399    21.1276    16.8004
19.1588    21.1348    16.8004
19.1588    21.1388    16.8004
19.1644    21.1628    16.8004
19.1644    21.1684    16.8004
19.167599    21.1908    16.8004
19.1668    21.198    16.8004
19.1684    21.2332    16.8004
19.1668    21.2428    16.8004
19.161999    21.262    16.8004
19.1572    21.2836    16.8004
19.150799    21.299599    16.8004
19.154    21.3172    16.8004
19.1524    21.3356    16.8004
19.1588    21.3484    16.8004
19.173199    21.3652    16.8004
19.1988    21.3844    16.8004
19.2092    21.3932    16.8004
19.2228    21.4068    16.8004
19.2276    21.4132    16.8004
19.243599    21.4412    16.8004
19.2452    21.4452    16.8004
19.254799    21.47    16.8004
19.260399    21.4884    16.8004
19.262    21.4972    16.8004
19.2628    21.5068    16.8004
19.2636    21.529999    16.8004
19.2612    21.552399    16.8004
19.260399    21.5548    16.8004
19.2596    21.5628    16.8004
19.254    21.5924    16.8004
19.2516    21.5996    16.8004
19.2388    21.6236    16.8004
19.230799    21.6372    16.8004
19.2132    21.661999    16.8004
19.191599    21.6876    16.8004
19.1908    21.6884    16.8004
19.189999    21.6892    16.8004
19.180399    21.6964    16.8004
19.1628    21.71    16.8004
19.161999    21.7108    16.8004
19.1372    21.7244    16.8004
19.133999    21.725199    16.8004
19.1084    21.734    16.8004
19.105999    21.734    16.8004
19.0732    21.7444    16.8004
19.070799    21.7444    16.8004
19.0628    21.746    16.8004
19.0364    21.7484    16.8004
19.022    21.747599    16.8004
19.011599    21.7516    16.8004
18.9956    21.753199    16.8004
18.9844    21.7636    16.8004
18.9756    21.774    16.8004
18.9684    21.7876    16.8004
18.9636    21.81    16.8004
18.9636    21.834799    16.8004
18.9628    21.838799    16.8004
18.9516    21.9172    16.8004
18.9452    21.9588    16.8004
18.9324    22.0236    16.8004
18.9308    22.0308    16.8004
18.93    22.0364    16.8004
18.9156    22.093199    16.8004
18.9044    22.1332    16.8004
18.8988    22.150799    16.8004
18.8876    22.1876    16.8004
18.879599    22.2132    16.8004
18.873999    22.2292    16.8004
18.8492    22.288399    16.8004
18.8436    22.301199    16.8004
18.8244    22.344398    16.8004
18.8188    22.3548    16.8004
18.8156    22.3612    16.8004
18.812399    22.366    16.8004
18.8036    22.3788    16.8004
18.784399    22.4084    16.8004
18.7692    22.4308    16.8004
18.7692    22.4516    16.8004
18.7636    22.458    16.8004
18.753199    22.4748    16.8004
18.7468    22.486    16.8004
18.7444    22.5036    16.8004
18.749199    22.5108    16.8004
18.741999    22.518    16.8004
18.7332    22.529999    16.8004
18.7348    22.538    16.8004
18.7388    22.5588    16.8004
18.743599    22.5668    16.8004
18.7596    22.5772    16.8004
18.7756    22.5956    16.8004
18.7876    22.602    16.8004
18.7964    22.6092    16.8004
18.81    22.6204    16.8004
18.8204    22.63    16.8004
18.8372    22.6476    16.8004
18.8596    22.6724    16.8004
18.8692    22.684399    16.8004
18.885199    22.7052    16.8004
18.910799    22.743599    16.8004
18.914799    22.7516    16.8004
18.9348    22.7876    16.8004
18.944399    22.806    16.8004
18.966    22.8468    16.8004
18.9804    22.8772    16.8004
18.9916    22.906    16.8004
19.0052    22.9412    16.8004
19.0204    22.9868    16.8004
19.0404    23.0548    16.8004
19.0476    23.0788    16.8004
19.0604    23.1364    16.8004
19.076399    23.2036    16.8004
19.0772    23.208399    16.8004
19.0788    23.2172    16.8004
19.0956    23.316399    16.8004
19.1012    23.3492    16.8004
19.114    23.437199    16.8004
19.121199    23.489199    16.8004
19.128399    23.5508    16.8004
19.145199    23.663599    16.8004
19.161999    23.784399    16.8004
19.2092    23.9924    16.8004
19.2108    24.0028    16.8004
19.226    24.057999    16.8004
19.230799    24.0756    16.8004
19.230799    24.0772    16.8004
19.232399    24.0812    16.8004
19.2612    24.178799    16.8004
19.262    24.184399    16.8004
19.2676    24.2244    16.8004
19.27    24.243599    16.8004
19.271599    24.2652    16.8004
19.2684    24.286    16.8004
19.2668    24.292398    16.8004
19.2636    24.2964    16.8004
19.2524    24.3132    16.8004
19.2444    24.3188    16.8004
19.23    24.323599    16.8004
19.219599    24.3252    16.8004
19.2036    24.3268    16.8004
19.1884    24.326    16.8004
19.169199    24.3228    16.8004
19.1572    24.3196    16.8004
19.1252    24.310799    16.8004
19.0684    24.295599    16.8004
19.0564    24.2916    16.8004
19.0324    24.281199    16.8004
18.9748    24.2564    16.8004
18.9644    24.2508    16.8004
18.9308    24.23    16.8004
18.9284    24.229198    16.8004
18.9196    24.222    16.8004
18.9044    24.21    16.8004
18.9028    24.208399    16.8004
18.8988    24.2036    16.8004
18.8748    24.1812    16.8004
18.8612    24.174    16.8004
18.8356    24.1628    16.8004
18.826    24.157999    16.8004
18.812399    24.1684    16.8004
18.795599    24.1756    16.8004
18.7908    24.1828    16.8004
18.7636    24.2004    16.8004
18.758    24.2036    16.8004
18.7556    24.2044    16.8004
18.736399    24.2108    16.8004
18.722    24.212399    16.8004
18.6924    24.212399    16.8004
18.691599    24.212399    16.8004
18.6524    24.206799    16.8004
18.65    24.206799    16.8004
18.639599    24.2044    16.8004
18.611599    24.1996    16.8004
18.5908    24.1932    16.8004
18.5676    24.1868    16.8004
18.5332    24.1716    16.8004
18.4924    24.156399    16.8004
18.4844    24.154    16.8004
18.462    24.1444    16.8004
18.4284    24.1332    16.8004
18.4228    24.1316    16.8004
18.403599    24.1252    16.8004
18.3932    24.1236    16.8004
18.3732    24.1188    16.8004
18.3612    24.118    16.8004
18.3364    24.1148    16.8004
18.3172    24.115599    16.8004
18.289999    24.118    16.8004
18.2796    24.118    16.8004
18.271599    24.118    16.8004
18.243599    24.122    16.8004
18.226799    24.117199    16.8004
18.2132    24.118    16.8004
18.1948    24.115599    16.8004
18.174799    24.1092    16.8004
18.1668    24.1068    16.8004
18.1644    24.1052    16.8004
18.150799    24.094799    16.8004
18.15    24.093199    16.8004
18.1484    24.091599    16.8004
18.1372    24.0724    16.8004
18.1348    24.0668    16.8004
18.1236    24.0404    16.8004
18.122799    24.0364    16.8004
18.122799    24.035599    16.8004
18.122799    24.031599    16.8004
18.1236    24.0068    16.8004
18.126    23.9868    16.8004
18.1364    23.933199    16.8004
18.1372    23.9308    16.8004
18.1372    23.93    16.8004
18.156399    23.881199    16.8004
18.1644    23.864399    16.8004
18.1756    23.8468    16.8004
18.174799    23.8212    16.8004
18.1684    23.81    16.8004
18.1572    23.806799    16.8004
18.150799    23.8156    16.8004
18.1332    23.8324    16.8004
18.1108    23.8244    16.8004
18.098799    23.8308    16.8004
18.0884    23.8412    16.8004
18.081999    23.853199    16.8004
18.0788    23.873999    16.8004
18.0724    23.885199    16.8004
18.0612    23.8996    16.8004
18.0532    23.918798    16.8004
18.041199    23.9468    16.8004
18.026    23.9804    16.8004
18.0204    23.9932    16.8004
17.9996    24.035599    16.8004
17.9844    24.070799    16.8004
17.977999    24.0852    16.8004
17.9716    24.097198    16.8004
17.9468    24.154    16.8004
17.942    24.1628    16.8004
17.9292    24.1868    16.8004
17.91    24.2132    16.8004
17.8748    24.2628    16.8004
17.85    24.2892    16.8004
17.8428    24.2964    16.8004
17.842    24.2972    16.8004
17.8044    24.323599    16.8004
17.7988    24.3284    16.8004
17.7932    24.3316    16.8004
17.778    24.338    16.8004
17.7724    24.3412    16.8004
17.7676    24.3436    16.8004
17.747599    24.3492    16.8004
17.7396    24.351599    16.8004
17.7388    24.351599    16.8004
17.7372    24.351599    16.8004
17.7036    24.3604    16.8004
17.6652    24.362799    16.8004
17.6628    24.362799    16.8004
17.6596    24.362799    16.8004
17.6484    24.3604    16.8004
17.6196    24.354    16.8004
17.609999    24.349998    16.8004
17.5908    24.3396    16.8004
17.570799    24.3196    16.8004
17.570799    24.3188    16.8004
17.569199    24.3172    16.8004
17.5556    24.2932    16.8004
17.5532    24.2852    16.8004
17.5492    24.264399    16.8004
17.5492    24.2636    16.8004
17.55    24.2132    16.8004
17.5508    24.1996    16.8004
17.553999    24.1652    16.8004
17.5556    24.156399    16.8004
17.563599    24.126799    16.8004
17.5684    24.108398    16.8004
17.5716    24.097198    16.8004
17.57    24.085999    16.8004
17.5796    24.0668    16.8004
17.5772    24.0628    16.8004
17.5804    24.059599    16.8004
17.5796    24.037199    16.8004
17.5724    24.022    16.8004
17.5532    24.022799    16.8004
17.5404    24.0212    16.8004
17.5236    24.0364    16.8004
17.5084    24.0436    16.8004
17.4876    24.065199    16.8004
17.473999    24.0788    16.8004
17.4532    24.1012    16.8004
17.446    24.108398    16.8004
17.386799    24.1724    16.8004
17.2852    24.2764    16.8004
17.271599    24.289999    16.8004
17.213999    24.347599    16.8004
17.1436    24.414799    16.8004
17.098799    24.4572    16.8004
17.0692    24.485199    16.8004
17.014    24.538    16.8004
16.979599    24.57    16.8004
16.9652    24.5812    16.8004
16.9492    24.594    16.8004
16.9364    24.602    16.8004
16.9284    24.6068    16.8004
16.914    24.609999    16.8004
16.9068    24.614    16.8004
16.8892    24.614    16.8004
16.8772    24.615599    16.8004
16.8564    24.614    16.8004
16.8508    24.6132    16.8004
16.8468    24.6124    16.8004
16.8228    24.6052    16.8004
16.795599    24.5964    16.8004
16.7788    24.591599    16.8004
16.726799    24.5732    16.8004
16.682    24.553999    16.8004
16.642    24.533998    16.8004
16.622799    24.524399    16.8004
16.6148    24.5236    16.8004
16.5924    24.5276    16.8004
16.5828    24.537199    16.8004
16.570799    24.548399    16.8004
16.5548    24.5644    16.8004
16.5364    24.5852    16.8004
16.534    24.5892    16.8004
16.4716    24.6628    16.8004
16.425999    24.7164    16.8004
16.3836    24.7692    16.8004
16.3452    24.814    16.8004
16.2892    24.882    16.8004
16.2516    24.9236    16.8004
16.2076    24.97    16.8004
16.1444    25.0332    16.8004
16.1276    25.048399    16.8004
16.0396    25.1308    16.8004
16.029999    25.1404    16.8004
16.0276    25.1428    16.8004
15.962    25.198    16.8004
15.9332    25.2204    16.8004
15.8852    25.258    16.8004
15.849999    25.2852    16.8004
15.8068    25.316399    16.8004
15.778    25.3372    16.8004
15.754    25.353199    16.8004
15.726    25.369999    16.8004
15.642799    25.418    16.8004
15.6388    25.4196    16.8004
15.638    25.420399    16.8004
15.6348    25.4228    16.8004
15.6044    25.442799    16.8004
15.5859995    25.4588    16.8004
15.578799    25.465199    16.8004
15.556399    25.487598    16.8004
15.5484    25.494    16.8004
15.539599    25.5036    16.8004
15.5132    25.5324    16.8004
15.504399    25.5436    16.8004
15.486    25.5684    16.8004
15.462    25.6012    16.8004
15.424399    25.6612    16.8004
15.4036    25.689999    16.8004
15.3868    25.712399    16.8004
15.3652    25.7428    16.8004
15.338799    25.775599    16.8004
15.309999    25.810799    16.8004
15.2612    25.866    16.8004
15.252399    25.875599    16.8004
15.2132    25.916399    16.8004
15.1052    26.022799    16.8004
15.0803995    26.050798    16.8004
15.044399    26.09    16.8004
15.0436    26.091599    16.8004
15.0116    26.1308    16.8004
14.9972    26.154    16.8004
14.992399    26.161999    16.8004
14.986799    26.1708    16.8004
14.974    26.1908    16.8004
14.9676    26.2044    16.8004
14.9604    26.219599    16.8004
14.9564    26.232399    16.8004
14.95    26.247599    16.8004
14.9444    26.264399    16.8004
14.9396    26.2796    16.8004
14.9332    26.3092    16.8004
14.9307995    26.3196    16.8004
14.9276    26.3484    16.8004
14.924399    26.3772    16.8004
14.923599    26.392399    16.8004
14.9212    26.4532    16.8004
14.9228    26.5268    16.8004
14.9228    26.55    16.8004
14.9251995    26.632399    16.8004
14.9251995    26.6588    16.8004
14.9268    26.682798    16.8004
14.929999    26.726799    16.8004
14.9388    26.7916    16.8004
14.940399    26.8076    16.8004
14.9548    26.8996    16.8004
14.9556    26.9068    16.8004
14.9564    26.91    16.8004
14.970799    26.996399    16.8004
14.978    27.028399    16.8004
14.99    27.0812    16.8004
15.009999    27.15    16.8004
15.014    27.167599    16.8004
15.033999    27.226799    16.8004
15.039599    27.2444    16.8004
15.0468    27.2612    16.8004
15.0604    27.297998    16.8004
15.0828    27.3484    16.8004
15.085199    27.3524    16.8004
15.091599    27.366    16.8004
15.1396    27.470798    16.8004
15.19    27.57    16.8004
15.1972    27.5844    16.8004
15.2411995    27.660398    16.8004
15.2492    27.674799    16.8004
15.25    27.6764    16.8004
15.257999    27.688398    16.8004
15.326799    27.803598    16.8004
15.338799    27.816399    16.8004
15.3572    27.833199    16.8004
15.37    27.834    16.8004
15.389199    27.8284    16.8004
15.4028    27.8204    16.8004
15.422    27.810799    16.8004
15.4428    27.8044    16.8004
15.446799    27.8028    16.8004
15.4484    27.8028    16.8004
15.466    27.805199    16.8004
15.469199    27.806    16.8004
15.497999    27.814798    16.8004
15.516399    27.821999    16.8004
15.527599    27.8252    16.8004
15.5524    27.838799    16.8004
15.555599    27.8396    16.8004
15.5756    27.8524    16.8004
15.5812    27.8548    16.8004
15.6004    27.869999    16.8004
15.607599    27.875599    16.8004
15.6164    27.881199    16.8004
15.625999    27.89    16.8004
15.6516    27.910799    16.8004
15.6748    27.933199    16.8004
15.689199    27.9452    16.8004
15.705999    27.961199    16.8004
15.7308    27.987598    16.8004
15.7484    28.005999    16.8004
15.7556    28.0164    16.8004
15.762799    28.0332    16.8004
15.763599    28.037199    16.8004
15.7652    28.05    16.8004
15.766    28.080399    16.8004
15.766    28.1292    16.8004
15.7652    28.1572    16.8004
15.762799    28.1988    16.8004
15.7596    28.236399    16.8004
15.756399    28.258799    16.8004
15.752399    28.2892    16.8004
15.751599    28.2932    16.8004
15.7492    28.305199    16.8004
15.7436    28.3268    16.8004
15.742    28.334799    16.8004
15.73    28.3716    16.8004
15.7123995    28.418    16.8004
15.7123995    28.418798    16.8004
15.710799    28.4228    16.8004
15.693999    28.4564    16.8004
15.6924    28.4628    16.8004
15.689199    28.4804    16.8004
15.699599    28.5052    16.8004
15.7212    28.5644    16.8004
15.738    28.6036    16.8004
15.7932    28.7372    16.8004
15.806    28.7692    16.8004
15.837199    28.8508    16.8004
15.8596    28.910799    16.8004
