14.8004    28.293999    9.0004
14.791599    28.301199    9.0004
14.7708    28.3172    9.0004
14.752399    28.333199    9.0004
14.7123995    28.366    9.0004
14.7123995    28.366798    9.0004
14.700399    28.386    9.0004
14.688399    28.3932    9.0004
14.682799    28.4052    9.0004
14.665999    28.4292    9.0004
14.6676    28.449999    9.0004
14.670799    28.458    9.0004
14.688399    28.4756    9.0004
14.7708    28.5292    9.0004
14.806    28.5516    9.0004
14.8124    28.5572    9.0004
14.832399    28.576399    9.0004
14.8516    28.591599    9.0004
14.854    28.598799    9.0004
14.854799    28.602798    9.0004
14.8619995    28.6244    9.0004
14.8652    28.6412    9.0004
14.8636    28.6596    9.0004
14.860399    28.678799    9.0004
14.854799    28.713999    9.0004
14.854799    28.717999    9.0004
14.8524    28.7244    9.0004
14.838799    28.774    9.0004
14.820399    28.8372    9.0004
14.819599    28.842    9.0004
14.8076    28.8916    9.0004
14.806    28.8996    9.0004
14.802799    28.9196    9.0004
14.7956    28.949999    9.0004
14.794    28.959599    9.0004
14.7987995    28.983599    9.0004
14.8004    28.9884    9.0004
14.842    29.017199    9.0004
14.8516    29.0196    9.0004
14.883599    29.022799    9.0004
14.9228    29.0268    9.0004
14.938    29.0268    9.0004
15.0092    29.029999    9.0004
15.1212    29.0308    9.0004
15.136399    29.031599    9.0004
15.1779995    29.038    9.0004
15.1956    29.0404    9.0004
15.200399    29.041199    9.0004
15.2132    29.0436    9.0004
15.252399    29.052399    9.0004
15.2668    29.0572    9.0004
15.2724    29.0588    9.0004
15.3108    29.067598    9.0004
15.3308    29.073198    9.0004
15.361199    29.0788    9.0004
15.406799    29.0852    9.0004
15.457999    29.0844    9.0004
15.4628    29.0852    9.0004
15.4668    29.0852    9.0004
15.474799    29.0844    9.0004
15.4796    29.0844    9.0004
15.5244    29.0828    9.0004
15.601199    29.0788    9.0004
15.625999    29.078    9.0004
15.6796    29.078    9.0004
15.69    29.078    9.0004
15.7123995    29.0828    9.0004
15.7884    29.0964    9.0004
15.8236    29.102    9.0004
15.9148    29.119598    9.0004
15.953199    29.126799    9.0004
15.986799    29.1316    9.0004
16.0676    29.146    9.0004
16.167599    29.160398    9.0004
16.221199    29.1708    9.0004
16.3148    29.1868    9.0004
16.4268    29.206    9.0004
16.433199    29.2076    9.0004
16.4356    29.2076    9.0004
16.518799    29.222    9.0004
16.602    29.236399    9.0004
16.6372    29.2396    9.0004
16.7156    29.25    9.0004
16.7412    29.253199    9.0004
16.8092    29.2564    9.0004
16.8484    29.2596    9.0004
16.8612    29.260399    9.0004
16.9132    29.2612    9.0004
16.9916    29.264399    9.0004
17.0164    29.2612    9.0004
17.070799    29.258799    9.0004
17.1068    29.254799    9.0004
17.1516    29.2444    9.0004
17.1796    29.2412    9.0004
17.2468    29.2316    9.0004
17.2708    29.226    9.0004
17.3484    29.212399    9.0004
17.4188    29.189999    9.0004
17.4212    29.1892    9.0004
17.4236    29.188398    9.0004
17.49    29.1612    9.0004
17.535599    29.1444    9.0004
17.5852    29.1276    9.0004
17.628399    29.1068    9.0004
17.6812    29.0812    9.0004
17.7172    29.0612    9.0004
17.778    29.026    9.0004
17.8244    28.9972    9.0004
17.8668    28.973999    9.0004
17.9044    28.9532    9.0004
17.961199    28.914    9.0004
17.994    28.894    9.0004
18.0052    28.885199    9.0004
18.0116    28.8804    9.0004
18.0252    28.8708    9.0004
18.069199    28.8412    9.0004
18.094    28.826    9.0004
18.1724    28.7724    9.0004
18.191599    28.7596    9.0004
18.2812    28.695599    9.0004
18.286    28.6924    9.0004
18.334    28.656399    9.0004
18.409199    28.6092    9.0004
18.41    28.608398    9.0004
18.410799    28.6076    9.0004
18.494    28.55    9.0004
18.5124    28.5388    9.0004
18.5396    28.522799    9.0004
18.5828    28.496399    9.0004
18.6236    28.472399    9.0004
18.6652    28.4476    9.0004
18.7188    28.418    9.0004
18.7652    28.3916    9.0004
18.8204    28.3636    9.0004
18.83    28.358799    9.0004
18.875599    28.3356    9.0004
18.9324    28.306799    9.0004
18.9604    28.2948    9.0004
19.034    28.2628    9.0004
19.0732    28.245998    9.0004
19.2276    28.1812    9.0004
19.2692    28.1652    9.0004
19.3484    28.130798    9.0004
19.3716    28.1236    9.0004
19.3828    28.119598    9.0004
19.5044    28.067598    9.0004
19.537199    28.052399    9.0004
19.5724    28.037199    9.0004
19.6012    28.0236    9.0004
19.615599    28.0164    9.0004
19.654    28.000399    9.0004
19.682    27.9868    9.0004
19.702799    27.9772    9.0004
19.746    27.953999    9.0004
19.764399    27.9436    9.0004
19.7796    27.935598    9.0004
19.851599    27.8988    9.0004
19.8916    27.8748    9.0004
19.962    27.8356    9.0004
19.9876    27.8188    9.0004
20.000399    27.8116    9.0004
20.0108    27.806    9.0004
20.035599    27.7932    9.0004
20.0532    27.782799    9.0004
20.0868    27.7628    9.0004
20.0892    27.7612    9.0004
20.0924    27.758799    9.0004
20.166    27.7108    9.0004
20.174799    27.706    9.0004
20.180399    27.702    9.0004
20.2124    27.6796    9.0004
20.2228    27.674    9.0004
20.2404    27.6612    9.0004
20.2684    27.6428    9.0004
20.2876    27.628399    9.0004
20.3284    27.598    9.0004
20.3444    27.5844    9.0004
20.3604    27.570799    9.0004
20.3676    27.566    9.0004
20.39    27.545198    9.0004
20.390799    27.5444    9.0004
20.3916    27.5444    9.0004
20.438799    27.5084    9.0004
20.458    27.494799    9.0004
20.4676    27.486    9.0004
20.4748    27.481998    9.0004
20.4812    27.4756    9.0004
20.496399    27.465199    9.0004
20.5052    27.4564    9.0004
20.526    27.4412    9.0004
20.537199    27.429998    9.0004
20.5668    27.4068    9.0004
20.6076    27.3732    9.0004
20.6236    27.3604    9.0004
20.6628    27.3316    9.0004
20.682    27.3172    9.0004
20.7284    27.282    9.0004
20.7684    27.2524    9.0004
20.8196    27.2132    9.0004
20.8468    27.1924    9.0004
20.8652    27.177198    9.0004
20.9012    27.1476    9.0004
20.9396    27.1148    9.0004
20.953999    27.102798    9.0004
20.9828    27.0772    9.0004
21.001999    27.0612    9.0004
21.017199    27.0444    9.0004
21.0252    27.038    9.0004
21.035599    27.0212    9.0004
21.046799    27.0108    9.0004
21.048399    26.9996    9.0004
21.0588    26.979599    9.0004
21.0684    26.949999    9.0004
21.0684    26.9468    9.0004
21.0628    26.933199    9.0004
21.0556    26.9052    9.0004
21.038    26.8268    9.0004
21.037199    26.823599    9.0004
21.037199    26.8228    9.0004
21.037199    26.821999    9.0004
21.0308    26.769999    9.0004
21.0292    26.7508    9.0004
21.0292    26.6876    9.0004
21.0284    26.6292    9.0004
21.0276    26.621199    9.0004
21.0204    26.611599    9.0004
21.01    26.604399    9.0004
21.001999    26.6052    9.0004
20.982    26.6012    9.0004
20.9588    26.6036    9.0004
20.931599    26.605999    9.0004
20.910799    26.6076    9.0004
20.9028    26.608398    9.0004
20.864399    26.611599    9.0004
20.8252    26.6132    9.0004
20.7988    26.613998    9.0004
20.7908    26.6132    9.0004
20.7356    26.6092    9.0004
20.726799    26.609999    9.0004
20.6444    26.602798    9.0004
20.5844    26.593199    9.0004
20.576399    26.5924    9.0004
20.5612    26.587599    9.0004
20.5212    26.5756    9.0004
20.507599    26.569199    9.0004
20.4988    26.563599    9.0004
20.4924    26.559599    9.0004
20.442    26.5332    9.0004
20.409199    26.5124    9.0004
20.3972    26.5068    9.0004
20.3804    26.496399    9.0004
20.3428    26.4684    9.0004
20.326    26.4564    9.0004
20.2724    26.4156    9.0004
20.2556    26.4012    9.0004
20.2228    26.3604    9.0004
20.221199    26.358799    9.0004
20.2204    26.357199    9.0004
20.2124    26.3268    9.0004
20.2092    26.297998    9.0004
20.208399    26.2908    9.0004
20.2092    26.2796    9.0004
20.2116    26.2612    9.0004
20.2116    26.254    9.0004
20.222    26.184399    9.0004
20.226799    26.126799    9.0004
20.2292    26.104399    9.0004
20.2292    26.0956    9.0004
20.230799    26.0724    9.0004
20.230799    26.0572    9.0004
20.2276    26.0492    9.0004
20.208399    26.0276    9.0004
20.194    26.0252    9.0004
20.1796    26.0212    9.0004
20.174799    26.0204    9.0004
20.1724    26.0204    9.0004
20.167599    26.0204    9.0004
20.139599    26.018799    9.0004
20.094    26.0164    9.0004
20.09    26.0164    9.0004
20.087599    26.0164    9.0004
20.0772    26.0164    9.0004
20.0436    26.0148    9.0004
20.0292    26.014    9.0004
19.9884    26.0092    9.0004
19.9716    26.0052    9.0004
19.9564    26.0028    9.0004
19.938799    25.998    9.0004
19.9068    25.989199    9.0004
19.8716    25.9772    9.0004
19.847599    25.972399    9.0004
19.8212    25.97    9.0004
19.8076    25.966799    9.0004
19.765999    25.966799    9.0004
19.7556    25.966    9.0004
19.6948    25.9676    9.0004
19.615599    25.9684    9.0004
19.587599    25.966799    9.0004
19.548399    25.9676    9.0004
19.494    25.9636    9.0004
19.483599    25.962    9.0004
19.473999    25.961199    9.0004
19.43    25.9572    9.0004
19.3884    25.9492    9.0004
19.3604    25.9452    9.0004
19.321999    25.933199    9.0004
19.2748    25.9124    9.0004
19.2668    25.9084    9.0004
19.2612    25.9044    9.0004
19.232399    25.8844    9.0004
19.2164    25.864399    9.0004
19.213999    25.8604    9.0004
19.213999    25.858799    9.0004
19.2172    25.838    9.0004
19.218    25.8356    9.0004
19.222    25.8172    9.0004
19.2372    25.7804    9.0004
19.2404    25.7684    9.0004
19.2516    25.749199    9.0004
19.258    25.737999    9.0004
19.2852    25.695599    9.0004
19.293999    25.680399    9.0004
19.298    25.674    9.0004
19.3084    25.660398    9.0004
19.327599    25.639599    9.0004
19.3332    25.6364    9.0004
19.3372    25.632399    9.0004
19.3596    25.6124    9.0004
19.3692    25.6076    9.0004
19.397999    25.594    9.0004
19.4116    25.5868    9.0004
19.461199    25.5716    9.0004
19.4716    25.5676    9.0004
19.498    25.5604    9.0004
19.534    25.55    9.0004
19.569199    25.541199    9.0004
19.598799    25.5324    9.0004
19.6492    25.518799    9.0004
19.666    25.5148    9.0004
19.6772    25.5124    9.0004
19.7204    25.5028    9.0004
19.7348    25.4996    9.0004
19.754    25.496399    9.0004
19.7788    25.4916    9.0004
19.8308    25.4844    9.0004
19.8972    25.4732    9.0004
19.9028    25.4732    9.0004
19.9188    25.470798    9.0004
19.9364    25.466    9.0004
19.9548    25.4628    9.0004
19.9748    25.453999    9.0004
19.998    25.442    9.0004
20.007599    25.438    9.0004
20.0156    25.434    9.0004
20.0196    25.431599    9.0004
20.0852    25.392399    9.0004
20.115599    25.3748    9.0004
20.1332    25.364399    9.0004
20.1628    25.3492    9.0004
20.1796    25.338799    9.0004
20.236399    25.312399    9.0004
20.253199    25.3044    9.0004
20.2612    25.301199    9.0004
20.264399    25.299599    9.0004
20.3836    25.2516    9.0004
20.4228    25.237999    9.0004
20.459599    25.2244    9.0004
20.490799    25.212399    9.0004
20.531599    25.198    9.0004
20.557999    25.189999    9.0004
20.5916    25.180399    9.0004
20.6124    25.174    9.0004
20.621199    25.171598    9.0004
20.645199    25.1652    9.0004
20.695599    25.154    9.0004
20.7244    25.146    9.0004
20.834    25.122799    9.0004
20.8396    25.121199    9.0004
20.840399    25.121199    9.0004
20.8876    25.1132    9.0004
20.894    25.1124    9.0004
20.903599    25.113998    9.0004
20.9124    25.113998    9.0004
20.9268    25.1148    9.0004
20.9412    25.117199    9.0004
20.961199    25.1236    9.0004
20.9932    25.133999    9.0004
21.074799    25.161999    9.0004
21.0788    25.163599    9.0004
21.0884    25.1684    9.0004
21.142    25.195599    9.0004
21.157999    25.2036    9.0004
21.2004    25.225199    9.0004
21.2636    25.2596    9.0004
21.306799    25.286    9.0004
21.338799    25.306799    9.0004
21.39    25.342    9.0004
21.3948    25.345999    9.0004
21.3972    25.347599    9.0004
21.43    25.3748    9.0004
21.4476    25.39    9.0004
21.458    25.4004    9.0004
21.4876    25.4324    9.0004
21.4972    25.4436    9.0004
21.5124    25.4644    9.0004
21.5148    25.4684    9.0004
21.5156    25.47    9.0004
21.5308    25.4956    9.0004
21.529999    25.496399    9.0004
21.5436    25.528399    9.0004
21.546    25.5444    9.0004
21.5492    25.562    9.0004
21.55    25.570799    9.0004
21.5516    25.6068    9.0004
21.5508    25.622799    9.0004
21.5508    25.639599    9.0004
21.5516    25.6612    9.0004
21.5516    25.665998    9.0004
21.5508    25.682    9.0004
21.55    25.7004    9.0004
21.5492    25.708399    9.0004
21.55    25.7188    9.0004
21.553999    25.7356    9.0004
21.553999    25.7516    9.0004
21.5628    25.7636    9.0004
21.5868    25.771599    9.0004
21.5924    25.774    9.0004
21.594799    25.774    9.0004
21.618    25.7732    9.0004
21.6308    25.7764    9.0004
21.6596    25.7764    9.0004
21.713999    25.781199    9.0004
21.7172    25.782    9.0004
21.722    25.784399    9.0004
21.741999    25.788399    9.0004
21.7596    25.7964    9.0004
21.7932    25.8196    9.0004
21.8076    25.829199    9.0004
21.823599    25.8412    9.0004
21.862    25.8724    9.0004
21.879599    25.8892    9.0004
21.9068    25.916399    9.0004
21.9212    25.9324    9.0004
21.9468    25.965199    9.0004
21.958    25.979599    9.0004
21.986    26.018    9.0004
21.994799    26.0324    9.0004
22.0028    26.045198    9.0004
22.0212    26.0756    9.0004
22.046    26.126    9.0004
22.0676    26.169199    9.0004
22.081999    26.2004    9.0004
22.094    26.223598    9.0004
22.098    26.23    9.0004
22.122799    26.2508    9.0004
22.1252    26.2516    9.0004
22.1412    26.2508    9.0004
22.1828    26.2484    9.0004
22.2172    26.2452    9.0004
22.2676    26.241999    9.0004
22.2908    26.241999    9.0004
22.3084    26.2428    9.0004
22.3252    26.2452    9.0004
22.3748    26.258    9.0004
22.375599    26.258    9.0004
22.431599    26.278    9.0004
22.4356    26.2796    9.0004
22.494799    26.3092    9.0004
22.507599    26.3172    9.0004
22.5388    26.340399    9.0004
22.542    26.3436    9.0004
22.5556    26.3636    9.0004
22.5604    26.3708    9.0004
22.5644    26.378    9.0004
22.580399    26.4212    9.0004
22.597198    26.4956    9.0004
22.598799    26.51    9.0004
22.5996    26.5196    9.0004
22.5996    26.5268    9.0004
22.6036    26.5628    9.0004
22.6028    26.5716    9.0004
22.6012    26.605999    9.0004
22.594    26.637999    9.0004
22.591599    26.650799    9.0004
22.5892    26.6612    9.0004
22.587599    26.6668    9.0004
22.585999    26.674799    9.0004
22.5644    26.743599    9.0004
22.5612    26.7516    9.0004
22.559599    26.7572    9.0004
22.5492    26.781199    9.0004
22.526    26.8372    9.0004
22.5156    26.861198    9.0004
22.4956    26.901999    9.0004
22.4772    26.9396    9.0004
22.458    26.976398    9.0004
22.449999    26.99    9.0004
22.425999    27.0276    9.0004
22.4228    27.0308    9.0004
22.3972    27.063599    9.0004
22.3716    27.0892    9.0004
22.305199    27.1556    9.0004
22.260399    27.1988    9.0004
22.225199    27.234    9.0004
22.206    27.251598    9.0004
22.1372    27.314    9.0004
22.1364    27.3148    9.0004
22.1148    27.3356    9.0004
22.070799    27.378    9.0004
22.001999    27.4436    9.0004
21.9284    27.513199    9.0004
21.903599    27.5388    9.0004
21.827599    27.605999    9.0004
21.753199    27.6724    9.0004
21.75    27.6756    9.0004
21.7468    27.678    9.0004
21.6996    27.719599    9.0004
21.6796    27.734798    9.0004
21.6444    27.7636    9.0004
21.6252    27.7788    9.0004
21.585999    27.81    9.0004
21.552399    27.834799    9.0004
21.5036    27.869999    9.0004
21.4732    27.890799    9.0004
21.4476    27.9084    9.0004
21.4004    27.9364    9.0004
21.3828    27.948399    9.0004
21.3428    27.970798    9.0004
21.3188    27.986    9.0004
21.282    28.0068    9.0004
21.254799    28.022    9.0004
21.2356    28.0308    9.0004
21.213999    28.042799    9.0004
21.1924    28.0548    9.0004
21.1428    28.0828    9.0004
21.0852    28.1148    9.0004
21.0492    28.1356    9.0004
21.011599    28.1588    9.0004
20.9692    28.182798    9.0004
20.9364    28.2036    9.0004
20.9116    28.2172    9.0004
20.886    28.234    9.0004
20.834    28.2636    9.0004
20.806    28.281199    9.0004
20.7708    28.302    9.0004
20.737999    28.3204    9.0004
20.7172    28.333199    9.0004
20.712399    28.3364    9.0004
20.65    28.373999    9.0004
20.6428    28.377998    9.0004
20.578    28.4116    9.0004
20.565199    28.418    9.0004
20.477999    28.4636    9.0004
20.449999    28.477999    9.0004
20.4116    28.4972    9.0004
20.3772    28.514    9.0004
20.3388    28.5308    9.0004
20.314    28.541199    9.0004
20.2868    28.5532    9.0004
20.2356    28.576399    9.0004
20.109999    28.63    9.0004
20.09    28.637999    9.0004
20.0564    28.6516    9.0004
19.9644    28.688398    9.0004
19.821999    28.743599    9.0004
19.737999    28.775599    9.0004
19.6668    28.803598    9.0004
19.5772    28.838799    9.0004
19.5556    28.8468    9.0004
19.5092    28.8636    9.0004
19.4436    28.8876    9.0004
19.3972    28.903599    9.0004
19.3604    28.918    9.0004
19.3212    28.9348    9.0004
19.2964    28.948399    9.0004
19.2908    28.9516    9.0004
19.2788    28.97    9.0004
19.2732    28.986    9.0004
19.289999    28.9956    9.0004
19.305199    29.0036    9.0004
19.3132    29.004398    9.0004
19.321999    29.0028    9.0004
19.3308    29.0028    9.0004
19.334799    29.001999    9.0004
19.3492    28.9996    9.0004
19.394    28.994799    9.0004
19.4596    28.9812    9.0004
19.5036    28.970798    9.0004
19.541199    28.965199    9.0004
19.5628    28.961199    9.0004
19.586    28.958    9.0004
19.674    28.946798    9.0004
19.678799    28.946    9.0004
19.6884    28.946    9.0004
19.6924    28.946    9.0004
19.734    28.9452    9.0004
19.7428    28.946    9.0004
19.777199    28.946    9.0004
19.789999    28.946798    9.0004
19.8396    28.9476    9.0004
19.8612    28.9492    9.0004
19.9012    28.9532    9.0004
19.903599    28.953999    9.0004
19.906    28.953999    9.0004
19.9644    28.9644    9.0004
19.9876    28.9684    9.0004
19.994799    28.9692    9.0004
19.9996    28.9716    9.0004
20.0364    28.9812    9.0004
20.042    28.9844    9.0004
20.074799    28.998798    9.0004
20.098    29.0148    9.0004
20.1332    29.045198    9.0004
20.1356    29.046799    9.0004
20.137999    29.048399    9.0004
20.1652    29.069199    9.0004
20.174    29.0836    9.0004
20.1884    29.105999    9.0004
20.2044    29.1356    9.0004
20.2132    29.161999    9.0004
20.23    29.202    9.0004
20.230799    29.2036    9.0004
20.230799    29.208399    9.0004
20.2292    29.2148    9.0004
20.2292    29.240398    9.0004
20.225199    29.2444    9.0004
20.2092    29.2676    9.0004
20.1884    29.2836    9.0004
20.17    29.297998    9.0004
20.137999    29.3212    9.0004
20.0284    29.4052    9.0004
19.9972    29.4284    9.0004
19.918    29.4788    9.0004
19.910799    29.483599    9.0004
19.9044    29.487598    9.0004
19.845999    29.5212    9.0004
19.8212    29.533998    9.0004
19.795599    29.5476    9.0004
19.743599    29.5668    9.0004
19.7332    29.57    9.0004
19.6796    29.585999    9.0004
19.663599    29.59    9.0004
19.605999    29.6068    9.0004
19.546    29.622    9.0004
19.498    29.633999    9.0004
19.4636    29.6428    9.0004
19.3988    29.6572    9.0004
19.3788    29.6628    9.0004
19.354    29.669199    9.0004
19.3092    29.680399    9.0004
19.2804    29.688398    9.0004
19.2188    29.7092    9.0004
19.2156    29.7108    9.0004
19.2148    29.7108    9.0004
19.1852    29.725199    9.0004
19.157999    29.737999    9.0004
19.1548    29.7388    9.0004
19.1372    29.747599    9.0004
19.063599    29.782799    9.0004
19.0284    29.801199    9.0004
18.9412    29.8452    9.0004
18.8036    29.9196    9.0004
18.7908    29.9268    9.0004
18.7748    29.935598    9.0004
18.574    30.039598    9.0004
18.5572    30.048399    9.0004
18.500399    30.0772    9.0004
18.4364    30.109999    9.0004
18.394    30.132399    9.0004
18.274    30.191599    9.0004
18.202799    30.2244    9.0004
18.1476    30.2508    9.0004
18.0588    30.292398    9.0004
18.0108    30.312399    9.0004
17.9684    30.3308    9.0004
17.9516    30.338799    9.0004
17.8908    30.366    9.0004
17.8636    30.379599    9.0004
17.81    30.4028    9.0004
17.7812    30.416399    9.0004
17.7596    30.427599    9.0004
17.734    30.441198    9.0004
17.7124    30.458    9.0004
17.702799    30.4628    9.0004
17.6836    30.479599    9.0004
17.6724    30.486    9.0004
17.6572    30.5036    9.0004
17.6444    30.5148    9.0004
17.6292    30.5324    9.0004
17.6148    30.546    9.0004
17.6012    30.561998    9.0004
17.5884    30.574    9.0004
17.576399    30.587599    9.0004
17.57    30.5956    9.0004
17.4996    30.6892    9.0004
17.489199    30.7036    9.0004
17.4812    30.7148    9.0004
17.462    30.741999    9.0004
17.43    30.784399    9.0004
17.3908    30.838    9.0004
17.39    30.840399    9.0004
17.306799    30.9548    9.0004
17.254799    31.024399    9.0004
17.1716    31.141998    9.0004
17.1244    31.2092    9.0004
17.076399    31.277199    9.0004
17.038    31.331598    9.0004
17.0068    31.3748    9.0004
16.99    31.3972    9.0004
16.97    31.421999    9.0004
16.962    31.4324    9.0004
16.9028    31.5084    9.0004
16.9012    31.509998    9.0004
16.8988    31.5124    9.0004
16.8956    31.5164    9.0004
16.8524    31.565199    9.0004
16.8364    31.5812    9.0004
16.8196    31.597198    9.0004
16.81    31.6076    9.0004
16.789999    31.619598    9.0004
16.782799    31.626    9.0004
16.7628    31.6348    9.0004
16.7596    31.636398    9.0004
16.758    31.6372    9.0004
16.7524    31.6388    9.0004
16.719599    31.6484    9.0004
16.674799    31.660398    9.0004
16.6348    31.6724    9.0004
16.5716    31.689999    9.0004
16.548399    31.6964    9.0004
16.5396    31.698    9.0004
16.5276    31.701199    9.0004
16.485199    31.7132    9.0004
16.4324    31.73    9.0004
16.3804    31.7428    9.0004
16.3492    31.751598    9.0004
16.306799    31.7652    9.0004
16.2484    31.782799    9.0004
16.2372    31.786798    9.0004
16.126    31.8196    9.0004
16.0364    31.8508    9.0004
15.987599    31.8676    9.0004
15.953199    31.879599    9.0004
15.877999    31.9052    9.0004
15.820399    31.925999    9.0004
15.780399    31.938    9.0004
15.717199    31.9572    9.0004
15.6564    31.977999    9.0004
15.630799    31.983599    9.0004
15.5988    31.9916    9.0004
15.597199    31.9916    9.0004
15.5932    31.9924    9.0004
15.566    31.994799    9.0004
15.5532    31.994    9.0004
15.537999    31.9924    9.0004
15.4964    31.9972    9.0004
15.470799    31.9972    9.0004
15.469999    31.9972    9.0004
15.4428    32.0092    9.0004
15.426    32.029198    9.0004
15.4156    32.034    9.0004
15.406799    32.0332    9.0004
15.382799    32.0412    9.0004
15.37    32.040398    9.0004
15.354799    32.0476    9.0004
15.344399    32.0556    9.0004
15.334    32.065998    9.0004
15.3164    32.071598    9.0004
15.303599    32.079597    9.0004
15.291599    32.088398    9.0004
15.2788    32.110798    9.0004
15.2755995    32.1148    9.0004
15.273999    32.118797    9.0004
15.2676    32.149998    9.0004
15.2604    32.1692    9.0004
15.2532    32.2012    9.0004
15.2364    32.2308    9.0004
15.234799    32.2332    9.0004
15.2316    32.2388    9.0004
15.189199    32.313198    9.0004
15.1844    32.3332    9.0004
15.164399    32.3644    9.0004
15.158799    32.371597    9.0004
15.1556    32.406    9.0004
15.1572    32.4076    9.0004
15.159599    32.4076    9.0004
15.1636    32.4068    9.0004
15.1972    32.4092    9.0004
15.2364    32.397198    9.0004
15.269199    32.3844    9.0004
15.286799    32.3828    9.0004
15.2996    32.3764    9.0004
15.3132    32.374798    9.0004
15.378799    32.35    9.0004
15.383599    32.3476    9.0004
15.394    32.346    9.0004
15.434    32.3276    9.0004
15.447599    32.322    9.0004
15.509999    32.294    9.0004
15.5116    32.294    9.0004
15.556399    32.286    9.0004
15.5604    32.286    9.0004
15.5876    32.2924    9.0004
15.601199    32.302    9.0004
15.608399    32.318    9.0004
15.6124    32.3348    9.0004
15.61    32.3444    9.0004
15.6124    32.374798    9.0004
15.61    32.3828    9.0004
15.61    32.3884    9.0004
15.6068    32.3996    9.0004
15.597199    32.438    9.0004
15.595599    32.458    9.0004
15.597199    32.466    9.0004
15.6052    32.4836    9.0004
15.613199    32.4876    9.0004
15.6156    32.486    9.0004
15.6452    32.4884    9.0004
15.647599    32.486    9.0004
15.662    32.4804    9.0004
15.681999    32.469997    9.0004
15.689199    32.466    9.0004
15.7156    32.447598    9.0004
15.73    32.4404    9.0004
15.7411995    32.434    9.0004
15.7604    32.419598    9.0004
15.7892    32.3988    9.0004
15.7956    32.3956    9.0004
15.8228    32.380398    9.0004
15.8364    32.37    9.0004
15.8524    32.3612    9.0004
15.873199    32.35    9.0004
15.8932    32.3396    9.0004
15.911599    32.3364    9.0004
15.9228    32.3292    9.0004
15.936399    32.332397    9.0004
15.9484    32.326    9.0004
15.9604    32.332397    9.0004
15.9724    32.332397    9.0004
15.9796    32.3484    9.0004
15.978    32.3508    9.0004
15.978    32.3788    9.0004
15.9732    32.391598    9.0004
15.9676    32.4156    9.0004
15.9612    32.4404    9.0004
15.9572    32.4556    9.0004
15.951599    32.473198    9.0004
15.945999    32.4932    9.0004
15.934    32.5284    9.0004
15.9196    32.568398    9.0004
15.889199    32.6356    9.0004
15.8796    32.6572    9.0004
15.8508    32.7244    9.0004
15.8452    32.7364    9.0004
15.838799    32.748398    9.0004
15.837199    32.7524    9.0004
15.83    32.7684    9.0004
15.8228    32.7828    9.0004
15.8124    32.8052    9.0004
15.8076    32.813198    9.0004
15.803599    32.8236    9.0004
15.791599    32.846798    9.0004
15.781199    32.87    9.0004
15.7716    32.8852    9.0004
15.757199    32.9124    9.0004
15.733999    32.9524    9.0004
15.7036    32.9996    9.0004
15.6972    33.0076    9.0004
15.6916    33.0164    9.0004
15.6796    33.0324    9.0004
15.6756    33.0396    9.0004
15.6692    33.0468    9.0004
15.664399    33.0556    9.0004
15.662    33.058    9.0004
15.653199    33.0708    9.0004
15.629999    33.101997    9.0004
15.5932    33.1484    9.0004
15.5859995    33.1572    9.0004
15.5812    33.1644    9.0004
15.5756    33.1708    9.0004
15.5708    33.1772    9.0004
15.5571995    33.1932    9.0004
15.521199    33.2324    9.0004
15.4956    33.2588    9.0004
15.4228    33.3332    9.0004
15.395599    33.360397    9.0004
15.3876    33.3684    9.0004
15.3675995    33.385998    9.0004
15.2788    33.461998    9.0004
15.217199    33.5116    9.0004
15.1812    33.5412    9.0004
15.153199    33.562798    9.0004
15.0996    33.6028    9.0004
15.061199    33.6292    9.0004
15.0492    33.6372    9.0004
15.0308    33.6476    9.0004
14.9628    33.6884    9.0004
14.905999    33.720398    9.0004
14.854799    33.748398    9.0004
14.733999    33.8084    9.0004
14.694799    33.8276    9.0004
14.677199    33.8348    9.0004
14.579599    33.878    9.0004
14.545199    33.891598    9.0004
14.5204    33.9012    9.0004
14.401999    33.9436    9.0004
14.389199    33.947598    9.0004
14.3076    33.974    9.0004
14.29    33.9796    9.0004
14.2644    33.986797    9.0004
14.1756    34.0148    9.0004
14.13    34.0276    9.0004
14.0924    34.038    9.0004
14.0756    34.042    9.0004
14.0316    34.0532    9.0004
14.005199    34.0588    9.0004
13.976399    34.0644    9.0004
13.9612    34.0676    9.0004
13.936399    34.0708    9.0004
13.914    34.0708    9.0004
13.8963995    34.0724    9.0004
13.882    34.0732    9.0004
13.8692    34.071598    9.0004
13.846    34.0692    9.0004
13.8331995    34.0652    9.0004
13.8132    34.0612    9.0004
13.7908    34.054    9.0004
13.774799    34.0484    9.0004
13.739599    34.0412    9.0004
13.7372    34.0396    9.0004
13.717199    34.034    9.0004
13.71    34.0324    9.0004
13.6844    34.0308    9.0004
13.6628    34.034798    9.0004
13.65    34.0364    9.0004
13.6452    34.0372    9.0004
13.6388    34.0372    9.0004
13.6212    34.042    9.0004
13.601999    34.05    9.0004
13.589999    34.0556    9.0004
13.5652    34.0676    9.0004
13.5524    34.073997    9.0004
13.5428    34.0788    9.0004
13.516399    34.0892    9.0004
13.5092    34.0924    9.0004
13.504399    34.093998    9.0004
13.481999    34.0948    9.0004
13.4804    34.0956    9.0004
13.476399    34.0956    9.0004
13.452399    34.0932    9.0004
13.434    34.086    9.0004
13.4228    34.082    9.0004
13.3876    34.0612    9.0004
13.3652    34.0476    9.0004
13.3596    34.0444    9.0004
13.3524    34.0412    9.0004
13.3172    34.0244    9.0004
13.2956    34.017998    9.0004
13.263599    34.0076    9.0004
13.245199    33.9988    9.0004
13.2276    33.9876    9.0004
13.2123995    33.9572    9.0004
13.211599    33.956398    9.0004
13.2123995    33.9556    9.0004
13.214    33.93    9.0004
13.2148    33.9292    9.0004
13.217999    33.9004    9.0004
13.2212    33.89    9.0004
13.2244    33.865997    9.0004
13.223599    33.8516    9.0004
13.222799    33.846    9.0004
13.211599    33.824398    9.0004
13.21    33.8204    9.0004
13.2084    33.8196    9.0004
13.2028    33.8172    9.0004
13.183599    33.8092    9.0004
13.1756    33.8076    9.0004
13.1444    33.804398    9.0004
13.1116    33.7972    9.0004
13.1004    33.794    9.0004
13.07    33.7868    9.0004
13.0524    33.778    9.0004
13.0372    33.7676    9.0004
13.015599    33.739597    9.0004
13.0132    33.7348    9.0004
13.0124    33.7332    9.0004
13.004399    33.709198    9.0004
13.004399    33.6988    9.0004
13.0036    33.6804    9.0004
13.006    33.6652    9.0004
13.0068    33.649998    9.0004
13.0084    33.6372    9.0004
13.016399    33.6156    9.0004
13.0252    33.59    9.0004
13.038799    33.5596    9.0004
13.044399    33.545998    9.0004
13.062799    33.522    9.0004
13.0636    33.5204    9.0004
13.0644    33.5196    9.0004
13.0892    33.494    9.0004
13.094    33.489998    9.0004
13.1244    33.4652    9.0004
13.130799    33.4604    9.0004
13.1668    33.4428    9.0004
13.2092    33.430798    9.0004
13.217199    33.4284    9.0004
13.217999    33.4284    9.0004
13.2188    33.4284    9.0004
13.2764    33.4172    9.0004
13.2852    33.413998    9.0004
13.2987995    33.4116    9.0004
13.331599    33.4036    9.0004
13.3564    33.3964    9.0004
13.3708    33.3924    9.0004
13.386    33.3844    9.0004
13.4036    33.374    9.0004
13.412399    33.3652    9.0004
13.424399    33.3556    9.0004
13.4251995    33.346    9.0004
13.434    33.326797    9.0004
13.429999    33.318    9.0004
13.418799    33.293198    9.0004
13.400399    33.266    9.0004
13.3876    33.245197    9.0004
13.384399    33.239597    9.0004
13.382    33.2308    9.0004
13.372399    33.21    9.0004
13.3708    33.200397    9.0004
13.3652    33.1788    9.0004
13.3675995    33.1676    9.0004
13.365999    33.1516    9.0004
13.3675995    33.144398    9.0004
13.3675995    33.1316    9.0004
13.374    33.1116    9.0004
13.3772    33.1004    9.0004
13.378799    33.0948    9.0004
13.3963995    33.054    9.0004
13.398    33.051598    9.0004
13.4092    33.0268    9.0004
13.413199    33.017998    9.0004
13.434799    32.969997    9.0004
13.436399    32.9668    9.0004
13.4404    32.958797    9.0004
13.457999    32.919598    9.0004
13.4595995    32.9172    9.0004
13.4732    32.8836    9.0004
13.476399    32.877197    9.0004
13.476399    32.8764    9.0004
13.509999    32.8012    9.0004
13.5292    32.762    9.0004
13.546    32.73    9.0004
13.5524    32.7164    9.0004
13.5571995    32.71    9.0004
13.573199    32.6796    9.0004
13.5803995    32.666    9.0004
13.6068    32.614    9.0004
13.613199    32.605198    9.0004
13.6348    32.571598    9.0004
13.6452    32.558    9.0004
13.6524    32.5444    9.0004
13.6556    32.5396    9.0004
13.659599    32.5324    9.0004
13.67    32.5204    9.0004
13.6932    32.481197    9.0004
13.7044    32.4636    9.0004
13.7132    32.4524    9.0004
13.717199    32.4444    9.0004
13.729199    32.4292    9.0004
13.745199    32.406    9.0004
13.7548    32.3932    9.0004
13.778    32.362    9.0004
13.7852    32.3508    9.0004
13.806    32.3236    9.0004
13.8284    32.2972    9.0004
13.8588    32.2564    9.0004
13.866799    32.246    9.0004
13.878799    32.23    9.0004
13.8868    32.220398    9.0004
13.9372    32.1636    9.0004
13.9684    32.1292    9.0004
13.987599    32.107597    9.0004
13.993199    32.1012    9.0004
14.0227995    32.077198    9.0004
14.038    32.0644    9.0004
14.0532    32.0508    9.0004
14.079599    32.0284    9.0004
14.0948    32.0084    9.0004
14.11    31.9956    9.0004
14.1147995    31.986    9.0004
14.1324    31.966799    9.0004
14.137199    31.955599    9.0004
14.1388    31.942799    9.0004
14.153199    31.927599    9.0004
14.1524    31.918798    9.0004
14.1612    31.8996    9.0004
14.1572    31.89    9.0004
14.1644    31.879599    9.0004
14.1684    31.866798    9.0004
14.1684    31.861198    9.0004
14.138    31.8284    9.0004
14.1292    31.820398    9.0004
14.1268    31.8172    9.0004
14.0988    31.7796    9.0004
14.0876    31.764399    9.0004
14.055599    31.721199    9.0004
14.049999    31.7116    9.0004
14.026    31.67    9.0004
14.006    31.633999    9.0004
13.9892    31.602    9.0004
13.9604    31.542    9.0004
13.9548    31.5308    9.0004
13.9452    31.5084    9.0004
13.9084    31.425999    9.0004
13.8924    31.3788    9.0004
13.8796    31.342    9.0004
13.8619995    31.2892    9.0004
13.849199    31.2468    9.0004
13.842799    31.226    9.0004
13.834    31.1908    9.0004
13.8196    31.139599    9.0004
13.814799    31.1108    9.0004
13.802799    31.0404    9.0004
13.794    30.9748    9.0004
13.792399    30.9628    9.0004
13.791599    30.9532    9.0004
13.7844    30.8692    9.0004
13.7828    30.8452    9.0004
13.769199    30.6572    9.0004
13.766    30.617199    9.0004
13.766    30.615599    9.0004
13.766    30.609999    9.0004
13.763599    30.518799    9.0004
13.7612    30.476398    9.0004
13.7604    30.4532    9.0004
13.7588    30.431599    9.0004
13.7588    30.394    9.0004
13.7548    30.3748    9.0004
13.750799    30.3596    9.0004
13.7428    30.345999    9.0004
13.7324    30.333199    9.0004
13.723599    30.3244    9.0004
13.6804    30.2932    9.0004
13.6692    30.286798    9.0004
13.6556    30.277199    9.0004
13.625999    30.2556    9.0004
13.622    30.251598    9.0004
13.598    30.2188    9.0004
13.597199    30.217999    9.0004
13.5948    30.213999    9.0004
13.545199    30.136398    9.0004
13.5004    30.059599    9.0004
13.492399    30.0476    9.0004
13.49    30.045198    9.0004
13.481999    30.038    9.0004
13.464399    30.0212    9.0004
13.4508    30.015598    9.0004
13.438    30.0084    9.0004
13.394799    30.0012    9.0004
13.365999    29.9956    9.0004
13.273999    29.9844    9.0004
13.2492    29.9812    9.0004
13.216399    29.9732    9.0004
13.1876    29.965199    9.0004
13.153999    29.9548    9.0004
13.1388    29.9508    9.0004
13.1044    29.937199    9.0004
13.0876    29.9308    9.0004
13.078    29.925999    9.0004
13.0588    29.918    9.0004
13.0236    29.896399    9.0004
12.978    29.868399    9.0004
12.923599    29.8372    9.0004
12.901999    29.8244    9.0004
12.877999    29.814798    9.0004
12.8652    29.8132    9.0004
12.83    29.8076    9.0004
12.802799    29.806799    9.0004
12.705999    29.8044    9.0004
12.6388    29.797998    9.0004
12.6147995    29.795599    9.0004
12.6036    29.793999    9.0004
12.582    29.7876    9.0004
12.568399    29.781199    9.0004
12.546    29.7668    9.0004
12.5292    29.747599    9.0004
12.518    29.730799    9.0004
12.4972    29.6932    9.0004
12.493199    29.682    9.0004
12.4804    29.6428    9.0004
12.474    29.5868    9.0004
12.474    29.5812    9.0004
12.474    29.576399    9.0004
12.4748    29.57    9.0004
12.4748    29.531599    9.0004
12.4772    29.522799    9.0004
12.4836    29.4812    9.0004
12.49    29.462    9.0004
12.4939995    29.449999    9.0004
12.4948    29.446    9.0004
12.4972    29.4396    9.0004
12.5244    29.385199    9.0004
12.544399    29.3484    9.0004
12.567599    29.3076    9.0004
12.5724    29.2988    9.0004
12.5932    29.264399    9.0004
12.6212    29.219599    9.0004
12.638    29.1932    9.0004
12.6636    29.150799    9.0004
12.6732    29.1348    9.0004
12.6788    29.125198    9.0004
12.6932    29.104399    9.0004
12.6956    29.094799    9.0004
12.71    29.0724    9.0004
12.7092    29.069199    9.0004
12.710799    29.061998    9.0004
12.7132    29.0436    9.0004
12.714    29.037199    9.0004
12.6964    29.0124    9.0004
12.6924    29.0068    9.0004
12.646    28.9844    9.0004
12.5803995    28.9532    9.0004
12.5692    28.946798    9.0004
12.5412    28.9284    9.0004
12.538799    28.9252    9.0004
12.5252    28.9084    9.0004
12.5188    28.8892    9.0004
12.514    28.851599    9.0004
12.510799    28.8284    9.0004
12.5092    28.7964    9.0004
12.506    28.764399    9.0004
12.5068    28.7244    9.0004
12.5084    28.7004    9.0004
12.5092    28.6892    9.0004
12.5124    28.630798    9.0004
12.514    28.6076    9.0004
12.5196    28.5436    9.0004
12.5244    28.5092    9.0004
12.5348    28.4396    9.0004
12.5372    28.424398    9.0004
12.5404    28.406    9.0004
12.554    28.342    9.0004
12.5588    28.3212    9.0004
12.5692    28.2836    9.0004
12.5756    28.2676    9.0004
12.5859995    28.2468    9.0004
12.596399    28.223598    9.0004
12.607599    28.202799    9.0004
12.613999    28.189999    9.0004
12.6212    28.1796    9.0004
12.6452    28.1476    9.0004
12.6676    28.1204    9.0004
12.6916    28.094    9.0004
12.728399    28.0572    9.0004
12.7364    28.048399    9.0004
12.7484    28.038    9.0004
12.7852    28.0084    9.0004
12.8004    27.998    9.0004
12.8276    27.9788    9.0004
12.849199    27.965199    9.0004
12.8756    27.949999    9.0004
12.900399    27.9348    9.0004
12.9228    27.9236    9.0004
12.9668    27.9028    9.0004
12.9948    27.89    9.0004
13.033999    27.872398    9.0004
13.0812    27.854    9.0004
13.1956    27.8084    9.0004
13.198    27.8076    9.0004
13.200399    27.806799    9.0004
13.202    27.805199    9.0004
13.257999    27.782799    9.0004
13.262    27.7796    9.0004
13.286799    27.765999    9.0004
13.2996    27.758799    9.0004
13.3116    27.75    9.0004
13.3196    27.7452    9.0004
13.3292    27.7388    9.0004
13.3708    27.7052    9.0004
13.377999    27.7004    9.0004
13.382    27.697199    9.0004
13.414    27.6708    9.0004
13.506    27.5964    9.0004
13.526799    27.5796    9.0004
13.5571995    27.5572    9.0004
13.5859995    27.538    9.0004
13.6156    27.5196    9.0004
13.6268    27.513199    9.0004
13.681999    27.4844    9.0004
13.683599    27.4844    9.0004
13.6852    27.483599    9.0004
13.7996    27.433199    9.0004
13.814799    27.427599    9.0004
13.8364    27.4196    9.0004
13.8884    27.3996    9.0004
13.900399    27.396399    9.0004
13.913199    27.394    9.0004
13.941999    27.385199    9.0004
13.9572    27.3844    9.0004
13.987599    27.378    9.0004
14.0076    27.379599    9.0004
14.0468    27.375599    9.0004
14.058    27.3764    9.0004
14.1164    27.378    9.0004
14.2084    27.3828    9.0004
14.246799    27.386    9.0004
14.322    27.3956    9.0004
14.33    27.396399    9.0004
14.3356    27.3972    9.0004
14.41    27.406    9.0004
14.474    27.4172    9.0004
14.498799    27.4212    9.0004
14.5348    27.4292    9.0004
14.5636    27.438    9.0004
14.582    27.4508    9.0004
14.5924    27.4604    9.0004
14.5924    27.461199    9.0004
14.596399    27.465199    9.0004
14.634    27.5204    9.0004
14.647599    27.5436    9.0004
14.6668    27.5756    9.0004
14.6804    27.597198    9.0004
14.6924    27.618    9.0004
14.698    27.642    9.0004
14.699599    27.6556    9.0004
14.702    27.682    9.0004
14.700399    27.7188    9.0004
14.700399    27.7228    9.0004
14.702    27.7276    9.0004
14.7028    27.73    9.0004
14.7188    27.7556    9.0004
14.7252    27.762    9.0004
14.7388    27.7684    9.0004
14.752399    27.771599    9.0004
14.786799    27.777199    9.0004
14.819599    27.784399    9.0004
14.8684    27.7932    9.0004
14.9092    27.8044    9.0004
14.9332    27.809198    9.0004
14.940399    27.8116    9.0004
14.946    27.8132    9.0004
14.953199    27.8172    9.0004
14.9788    27.8316    9.0004
15.0532    27.866    9.0004
15.0652    27.8716    9.0004
15.096399    27.89    9.0004
15.106    27.8956    9.0004
15.1156    27.9052    9.0004
15.131599    27.9236    9.0004
15.131599    27.934    9.0004
15.136399    27.953999    9.0004
15.1356    27.972399    9.0004
15.1348    27.9772    9.0004
15.1292    27.987598    9.0004
15.119599    28.0092    9.0004
15.113999    28.018    9.0004
15.1044    28.0324    9.0004
15.101199    28.035599    9.0004
15.0803995    28.0604    9.0004
15.0764    28.063599    9.0004
15.049999    28.0884    9.0004
15.046    28.091599    9.0004
15.038799    28.098    9.0004
15.0236    28.111599    9.0004
15.015599    28.119598    9.0004
14.974    28.1556    9.0004
14.9732    28.1556    9.0004
14.9716    28.1572    9.0004
14.969999    28.1588    9.0004
14.8996    28.2164    9.0004
14.8588    28.249199    9.0004
14.8004    28.293999    9.0004
