24.114    27.9116    0.6004
24.156399    28.418798    0.6004
24.1852    28.7564    0.6004
24.314    29.249199    0.6004
24.3996    29.5772    0.6004
24.6092    30.041199    0.6004
24.7484    30.349998    0.6004
25.033998    30.771599    0.6004
25.223598    31.052399    0.6004
25.5756    31.420399    0.6004
25.81    31.6652    0.6004
26.219599    31.9676    0.6004
26.4924    32.1692    0.6004
26.9468    32.398    0.6004
27.249199    32.5508    0.6004
27.736399    32.700397    0.6004
28.0604    32.7996    0.6004
28.565199    32.863598    0.6004
28.9012    32.9068    0.6004
29.41    32.8852    0.6004
29.7484    32.8708    0.6004
30.2468    32.7636    0.6004
30.578    32.692398    0.6004
31.05    32.5028    0.6004
31.364399    32.3764    0.6004
31.797998    32.1092    0.6004
32.0868    31.931599    0.6004
32.4692    31.5956    0.6004
32.7236    31.3716    0.6004
33.0436    30.9756    0.6004
33.2564    30.7116    0.6004
33.5044    30.2668    0.6004
33.67    29.970798    0.6004
33.8396    29.490799    0.6004
33.9524    29.171598    0.6004
34.038    28.67    0.6004
34.0956    28.3356    0.6004
34.1068    28.0812    0.6004
34.114    27.9116    0.6004
34.1028    27.6572    0.6004
34.0956    27.487598    0.6004
34.01    26.986    0.6004
33.9524    26.6516    0.6004
33.7828    26.171598    0.6004
33.67    25.8524    0.6004
33.422    25.407598    0.6004
33.2564    25.111599    0.6004
32.936398    24.7156    0.6004
32.7236    24.4516    0.6004
32.341198    24.115599    0.6004
32.0868    23.8916    0.6004
31.6532    23.6244    0.6004
31.364399    23.4468    0.6004
30.892399    23.2572    0.6004
30.578    23.1308    0.6004
30.0796    23.0236    0.6004
29.7484    22.9524    0.6004
29.2396    22.9308    0.6004
28.9012    22.916399    0.6004
28.396399    22.9804    0.6004
28.0604    23.0236    0.6004
27.5732    23.173199    0.6004
27.249199    23.2724    0.6004
26.7948    23.5012    0.6004
26.4924    23.654    0.6004
26.0828    23.9564    0.6004
25.81    24.157999    0.6004
25.458    24.526    0.6004
25.223598    24.7708    0.6004
24.938    25.1924    0.6004
24.7484    25.4732    0.6004
24.5388    25.937199    0.6004
24.3996    26.246    0.6004
24.2708    26.7388    0.6004
24.1852    27.0668    0.6004
24.1428    27.574    0.6004
24.114    27.9116    0.6004
