25.1036    35.1004    0.6004
24.976398    34.806    0.6004
24.786    34.363598    0.6004
24.678799    34.1964    0.6004
24.518    33.945198    0.6004
24.4116    33.826    0.6004
24.2524    33.646    0.6004
24.146    33.558    0.6004
23.986    33.426    0.6004
23.868399    33.3572    0.6004
23.691599    33.2548    0.6004
23.5644    33.2068    0.6004
23.373999    33.1348    0.6004
23.2372    33.107597    0.6004
23.0308    33.065998    0.6004
22.8748    33.0596    0.6004
22.6404    33.0492    0.6004
22.4548    33.068398    0.6004
22.1756    33.096397    0.6004
21.970798    33.1452    0.6004
21.6628    33.2188    0.6004
21.149199    33.6196    0.6004
20.378    34.2212    0.6004
19.9572    34.5532    0.6004
19.3244    35.0524    0.6004
18.931599    35.3428    0.6004
18.3412    35.7788    0.6004
17.0612    36.568398    0.6004
15.1388    37.7548    0.6004
14.160399    38.418    0.6004
12.69    39.413998    0.6004
12.033999    39.885998    0.6004
11.0476    40.5956    0.6004
10.5724    40.8932    0.6004
9.858    41.3404    0.6004
9.642799    41.4484    0.6004
9.3188    41.610798    0.6004
8.941199    41.745197    0.6004
8.374    41.9468    0.6004
7.9788    42.0164    0.6004
7.3859997    42.1204    0.6004
6.9852    42.1228    0.6004
6.3835998    42.1268    0.6004
5.9884    42.062798    0.6004
5.394    41.966    0.6004
5.0148    41.8372    0.6004
4.4444    41.6428    0.6004
4.0916    41.4524    0.6004
3.5619998    41.166798    0.6004
3.2459998    40.9204    0.6004
2.7716    40.5492    0.6004
2.5012    40.2532    0.6004
2.0948    39.8092    0.6004
1.8772    39.473198    0.6004
1.5508    38.967598    0.6004
1.3923999    38.599598    0.6004
1.1547999    38.045998    0.6004
1.0604    37.6564    0.6004
0.918    37.071598    0.6004
0.8892    36.6716    0.6004
0.84599996    36.071598    0.6004
0.88439995    35.6732    0.6004
0.942    35.073997    0.6004
1.046    34.6868    0.6004
1.2027999    34.105198    0.6004
1.37    33.7412    0.6004
1.6212    33.194    0.6004
1.8468    32.8628    0.6004
2.1852    32.3652    0.6004
2.4628    32.0764    0.6004
2.8795998    31.641998    0.6004
3.0516    31.47    0.6004
3.3091998    31.2116    0.6004
3.4476    31.0668    0.6004
3.6548    30.849998    0.6004
3.6892    30.801199    0.6004
3.7403998    30.7284    0.6004
3.7652    30.680399    0.6004
3.8028    30.6092    0.6004
3.8172    30.5684    0.6004
3.8379998    30.507599    0.6004
3.8444    30.4676    0.6004
3.8548    30.4084    0.6004
3.8548    30.372398    0.6004
3.8555999    30.317999    0.6004
3.8492    30.2788    0.6004
3.8404    30.219599    0.6004
3.8267999    30.178799    0.6004
3.8068    30.117199    0.6004
3.7844    30.0724    0.6004
3.75    30.004398    0.6004
3.7092    29.946798    0.6004
3.6483998    29.861198    0.6004
3.5628    29.7732    0.6004
3.4348    29.6412    0.6004
3.2419999    29.498    0.6004
2.9524    29.282799    0.6004
2.8411999    29.2156    0.6004
2.6748    29.113998    0.6004
2.306    28.7444    0.6004
1.7523999    28.189999    0.6004
1.4532    27.7628    0.6004
1.0044    27.1204    0.6004
0.7836    26.6476    0.6004
0.4524    25.937199    0.6004
0.3172    25.433199    0.6004
0.1148    24.6764    0.6004
0.0692    24.156399    0.6004
0.0004    23.375599    0.6004
0.045199998    22.8556    0.6004
0.113199994    22.074799    0.6004
0.24759999    21.570799    0.6004
0.45    20.814    0.6004
0.66999996    20.3412    0.6004
1.0004    19.63    0.6004
1.2988    19.202    0.6004
1.7476    18.559599    0.6004
2.1155999    18.189999    0.6004
2.6692    17.6356    0.6004
3.0956    17.3356    0.6004
3.7372    16.8844    0.6004
4.21    16.6628    0.6004
4.9196    16.33    0.6004
5.4228    16.194    0.6004
6.1796    15.9892    0.6004
6.6987996    15.9428    0.6004
7.4796    15.872399    0.6004
7.9996    15.9164    0.6004
8.780399    15.981999    0.6004
9.2852    16.115599    0.6004
10.0428    16.3164    0.6004
10.516399    16.5348    0.6004
11.2276    16.8636    0.6004
12.223599    17.4484    0.6004
13.7196    18.3276    0.6004
14.436399    18.7948    0.6004
15.5124    19.496399    0.6004
16.098799    19.9452    0.6004
16.979599    20.6196    0.6004
17.5068    21.121199    0.6004
18.299599    21.875599    0.6004
18.8524    22.518799    0.6004
19.6828    23.4844    0.6004
20.1204    24.045198    0.6004
20.778    24.8876    0.6004
21.063599    24.784399    0.6004
21.4924    24.6292    0.6004
21.6524    24.539598    0.6004
21.8932    24.4052    0.6004
22.007599    24.3156    0.6004
22.1796    24.180399    0.6004
22.2636    24.09    0.6004
22.390799    23.953999    0.6004
22.4532    23.8612    0.6004
22.5476    23.721199    0.6004
22.597198    23.6124    0.6004
22.6724    23.4492    0.6004
22.7044    23.3324    0.6004
22.7524    23.1572    0.6004
22.7668    23.026    0.6004
22.7892    22.8284    0.6004
22.7836    22.673199    0.6004
22.7748    22.4396    0.6004
22.7292    22.2044    0.6004
22.660398    21.8508    0.6004
22.637999    21.775599    0.6004
22.604399    21.6628    0.6004
22.2036    21.149199    0.6004
21.602    20.378    0.6004
21.269999    19.9572    0.6004
20.7708    19.3244    0.6004
20.4812    18.931599    0.6004
20.0452    18.3412    0.6004
19.2556    17.0612    0.6004
18.0684    15.1388    0.6004
17.406    14.160399    0.6004
16.41    12.69    0.6004
15.9372    12.033999    0.6004
15.227599    11.0476    0.6004
14.929999    10.5724    0.6004
14.4836    9.858    0.6004
14.3756    9.642799    0.6004
14.2123995    9.3188    0.6004
14.078    8.941199    0.6004
13.8764    8.374    0.6004
13.8076    7.9788    0.6004
13.7036    7.3859997    0.6004
13.700399    6.9852    0.6004
13.6964    6.3835998    0.6004
13.7604    5.9884    0.6004
13.8572    5.394    0.6004
13.986    5.0148    0.6004
14.1804    4.4444    0.6004
14.3708    4.0916    0.6004
14.6572    3.5619998    0.6004
14.9036    3.2459998    0.6004
15.273999    2.7716    0.6004
15.57    2.5012    0.6004
16.014    2.0948    0.6004
16.35    1.8772    0.6004
16.8556    1.5508    0.6004
17.2236    1.3923999    0.6004
17.777199    1.1547999    0.6004
18.1668    1.0604    0.6004
18.7516    0.918    0.6004
19.150799    0.8892    0.6004
19.7516    0.84599996    0.6004
20.15    0.88439995    0.6004
20.749199    0.942    0.6004
21.1364    1.046    0.6004
21.717999    1.2027999    0.6004
22.081999    1.37    0.6004
22.6292    1.6212    0.6004
22.9604    1.8468    0.6004
23.458    2.1852    0.6004
23.7468    2.4628    0.6004
24.1812    2.8795998    0.6004
24.353199    3.0516    0.6004
24.611599    3.3091998    0.6004
24.7564    3.4476    0.6004
24.9732    3.6548    0.6004
25.022    3.6892    0.6004
25.094799    3.7403998    0.6004
25.1428    3.7652    0.6004
25.213999    3.8028    0.6004
25.254799    3.8172    0.6004
25.3156    3.8379998    0.6004
25.355598    3.8444    0.6004
25.414799    3.8548    0.6004
25.4508    3.8548    0.6004
25.5052    3.8555999    0.6004
25.5444    3.8492    0.6004
25.6036    3.8404    0.6004
25.6444    3.8267999    0.6004
25.706    3.8068    0.6004
25.7508    3.7844    0.6004
25.8188    3.75    0.6004
25.8764    3.7092    0.6004
25.962    3.6483998    0.6004
26.05    3.5628    0.6004
26.182    3.4348    0.6004
26.3252    3.2419999    0.6004
26.5404    2.9524    0.6004
26.608398    2.8411999    0.6004
26.71    2.6748    0.6004
27.0788    2.306    0.6004
27.6332    1.7523999    0.6004
28.0604    1.4532    0.6004
28.702799    1.0044    0.6004
29.1756    0.7836    0.6004
29.886    0.4524    0.6004
30.39    0.3172    0.6004
31.147598    0.1148    0.6004
31.6668    0.0692    0.6004
32.447598    0.0004    0.6004
32.967598    0.045199998    0.6004
33.748398    0.113199994    0.6004
34.2524    0.24759999    0.6004
35.009197    0.45    0.6004
35.482    0.66999996    0.6004
36.1932    1.0004    0.6004
36.6212    1.2988    0.6004
37.2636    1.7476    0.6004
37.633198    2.1155999    0.6004
38.1884    2.6692    0.6004
38.4884    3.0956    0.6004
38.9388    3.7372    0.6004
39.1604    4.21    0.6004
39.4932    4.9196    0.6004
39.6292    5.4228    0.6004
39.834    6.1796    0.6004
39.880398    6.6987996    0.6004
39.950798    7.4796    0.6004
39.9068    7.9996    0.6004
39.841198    8.780399    0.6004
39.7076    9.2852    0.6004
39.506798    10.0428    0.6004
39.2884    10.516399    0.6004
38.9596    11.2276    0.6004
38.374798    12.223599    0.6004
37.495598    13.7196    0.6004
37.0284    14.436399    0.6004
36.326797    15.5124    0.6004
35.878    16.098799    0.6004
35.203598    16.979599    0.6004
34.702    17.5068    0.6004
33.947598    18.299599    0.6004
33.304398    18.8524    0.6004
32.3388    19.6828    0.6004
32.287598    19.7228    0.6004
32.211597    19.7836    0.6004
32.27    20.118    0.6004
32.3572    20.6196    0.6004
32.4188    20.8036    0.6004
32.5116    21.080399    0.6004
32.5756    21.2052    0.6004
32.6708    21.392399    0.6004
32.733997    21.4804    0.6004
32.8292    21.6124    0.6004
32.8932    21.6764    0.6004
32.989998    21.7732    0.6004
33.0588    21.823599    0.6004
33.162    21.8988    0.6004
33.2388    21.937199    0.6004
33.3532    21.994    0.6004
33.4348    22.018799    0.6004
33.558    22.0564    0.6004
33.6492    22.069199    0.6004
33.786    22.0884    0.6004
33.8932    22.087599    0.6004
34.0548    22.085999    0.6004
34.214    22.0588    0.6004
34.454    22.018799    0.6004
34.6868    21.9396    0.6004
35.0364    21.8196    0.6004
35.1548    21.7652    0.6004
35.3332    21.6828    0.6004
35.765198    21.3468    0.6004
36.4148    20.8428    0.6004
36.7828    20.563599    0.6004
37.3348    20.1444    0.6004
38.2796    19.5588    0.6004
39.6988    18.678799    0.6004
40.607597    18.098    0.6004
41.973198    17.2244    0.6004
43.1564    16.3836    0.6004
44.934    15.119599    0.6004
45.402    14.8356    0.6004
46.105198    14.4084    0.6004
46.2644    14.33    0.6004
46.5044    14.2123995    0.6004
46.882    14.078    0.6004
47.449997    13.8764    0.6004
47.8444    13.8076    0.6004
48.4372    13.7036    0.6004
48.837997    13.700399    0.6004
49.439598    13.6964    0.6004
49.835598    13.7604    0.6004
50.43    13.8572    0.6004
50.8092    13.986    0.6004
51.3788    14.1804    0.6004
51.731598    14.3708    0.6004
52.2612    14.6572    0.6004
52.577198    14.9036    0.6004
53.051598    15.273999    0.6004
53.322    15.57    0.6004
53.728397    16.014    0.6004
53.946    16.35    0.6004
54.2724    16.8556    0.6004
54.430798    17.2236    0.6004
54.6684    17.777199    0.6004
54.7628    18.1668    0.6004
54.905197    18.7516    0.6004
54.934    19.150799    0.6004
54.9772    19.7516    0.6004
54.938797    20.15    0.6004
54.8812    20.749199    0.6004
54.7772    21.1364    0.6004
54.6204    21.717999    0.6004
54.453197    22.081999    0.6004
54.202    22.6292    0.6004
53.9764    22.9604    0.6004
53.638    23.458    0.6004
53.360397    23.7468    0.6004
52.9436    24.1812    0.6004
52.7716    24.353199    0.6004
52.514    24.611599    0.6004
52.3756    24.7564    0.6004
52.1684    24.9732    0.6004
52.134    25.022    0.6004
52.082798    25.094799    0.6004
52.058    25.1428    0.6004
52.020397    25.213999    0.6004
52.006    25.254799    0.6004
51.9852    25.3156    0.6004
51.978798    25.355598    0.6004
51.9684    25.414799    0.6004
51.9684    25.4508    0.6004
51.967598    25.5052    0.6004
51.974    25.5444    0.6004
51.9828    25.6036    0.6004
51.9964    25.6444    0.6004
52.0164    25.706    0.6004
52.0388    25.7508    0.6004
52.0732    25.8188    0.6004
52.114    25.8764    0.6004
52.174797    25.962    0.6004
52.2604    26.05    0.6004
52.3892    26.182    0.6004
52.581997    26.3252    0.6004
52.871597    26.5404    0.6004
52.982    26.608398    0.6004
53.1484    26.71    0.6004
53.5172    27.0788    0.6004
54.070797    27.6332    0.6004
54.37    28.0604    0.6004
54.8196    28.702799    0.6004
55.0396    29.1756    0.6004
55.3708    29.886    0.6004
55.505997    30.39    0.6004
55.708397    31.147598    0.6004
55.753998    31.6668    0.6004
55.8228    32.447598    0.6004
55.778    32.967598    0.6004
55.71    33.748398    0.6004
55.5756    34.2524    0.6004
55.3732    35.009197    0.6004
55.1532    35.482    0.6004
54.8228    36.1932    0.6004
54.5244    36.6212    0.6004
54.0756    37.2636    0.6004
53.7076    37.633198    0.6004
53.154    38.1884    0.6004
52.7276    38.4884    0.6004
52.086    38.9388    0.6004
51.613197    39.1604    0.6004
50.9036    39.4932    0.6004
50.4004    39.6292    0.6004
49.6436    39.834    0.6004
49.124397    39.880398    0.6004
48.343597    39.950798    0.6004
47.823597    39.9068    0.6004
47.042797    39.841198    0.6004
46.538    39.7076    0.6004
45.7804    39.506798    0.6004
45.306797    39.2884    0.6004
44.5956    38.9596    0.6004
43.599598    38.374798    0.6004
42.1036    37.495598    0.6004
41.3876    37.0284    0.6004
40.3116    36.326797    0.6004
39.7252    35.878    0.6004
38.843597    35.203598    0.6004
38.3164    34.702    0.6004
37.523598    33.947598    0.6004
37.023598    33.37    0.6004
36.2716    32.502    0.6004
36.014    32.6644    0.6004
35.626    32.9092    0.6004
35.4724    33.045998    0.6004
35.2412    33.250797    0.6004
35.1316    33.3844    0.6004
34.966    33.585197    0.6004
34.8868    33.7196    0.6004
34.7684    33.9212    0.6004
34.7276    34.0188    0.6004
34.666    34.166    0.6004
34.624397    34.321198    0.6004
34.562798    34.554    0.6004
34.545998    34.722    0.6004
34.5212    34.974    0.6004
34.5308    35.1652    0.6004
34.545998    35.4516    0.6004
34.5948    35.6908    0.6004
34.6676    36.0508    0.6004
34.918    36.35    0.6004
35.294    36.798798    0.6004
35.6908    37.3908    0.6004
36.2868    38.2804    0.6004
37.0076    39.45    0.6004
38.09    41.2068    0.6004
38.8284    42.2636    0.6004
39.9388    43.852398    0.6004
40.3012    44.3708    0.6004
40.846    45.1492    0.6004
41.1116    45.6068    0.6004
41.5116    46.2948    0.6004
41.551598    46.3788    0.6004
41.610798    46.5044    0.6004
41.745197    46.882    0.6004
41.9468    47.449997    0.6004
42.0164    47.8444    0.6004
42.1204    48.4372    0.6004
42.1228    48.837997    0.6004
42.1268    49.439598    0.6004
42.062798    49.835598    0.6004
41.966    50.43    0.6004
41.8372    50.8092    0.6004
41.6428    51.3788    0.6004
41.4524    51.731598    0.6004
41.166798    52.2612    0.6004
40.9204    52.577198    0.6004
40.5492    53.051598    0.6004
40.2532    53.322    0.6004
39.8092    53.728397    0.6004
39.473198    53.946    0.6004
38.967598    54.2724    0.6004
38.599598    54.430798    0.6004
38.045998    54.6684    0.6004
37.6564    54.7628    0.6004
37.071598    54.905197    0.6004
36.6716    54.934    0.6004
36.071598    54.9772    0.6004
35.6732    54.938797    0.6004
35.073997    54.8812    0.6004
34.6868    54.7772    0.6004
34.105198    54.6204    0.6004
33.7412    54.453197    0.6004
33.194    54.202    0.6004
32.8628    53.9764    0.6004
32.3652    53.638    0.6004
32.0764    53.360397    0.6004
31.641998    52.9436    0.6004
31.47    52.7716    0.6004
31.2116    52.514    0.6004
31.0668    52.3756    0.6004
30.849998    52.1684    0.6004
30.801199    52.134    0.6004
30.7284    52.082798    0.6004
30.680399    52.058    0.6004
30.6092    52.020397    0.6004
30.5684    52.006    0.6004
30.507599    51.9852    0.6004
30.4676    51.978798    0.6004
30.4084    51.9684    0.6004
30.372398    51.9684    0.6004
30.317999    51.967598    0.6004
30.2788    51.974    0.6004
30.219599    51.9828    0.6004
30.178799    51.9964    0.6004
30.117199    52.0164    0.6004
30.0724    52.0388    0.6004
30.004398    52.0732    0.6004
29.946798    52.114    0.6004
29.861198    52.174797    0.6004
29.7732    52.2604    0.6004
29.6412    52.3892    0.6004
29.498    52.581997    0.6004
29.282799    52.871597    0.6004
29.2156    52.982    0.6004
29.113998    53.1484    0.6004
28.7444    53.5172    0.6004
28.189999    54.070797    0.6004
27.7628    54.37    0.6004
27.1204    54.8196    0.6004
26.6476    55.0396    0.6004
25.937199    55.3708    0.6004
25.433199    55.505997    0.6004
24.6764    55.708397    0.6004
24.156399    55.753998    0.6004
23.375599    55.8228    0.6004
22.8556    55.778    0.6004
22.074799    55.71    0.6004
21.570799    55.5756    0.6004
20.814    55.3732    0.6004
20.3412    55.1532    0.6004
19.63    54.8228    0.6004
19.202    54.5244    0.6004
18.559599    54.0756    0.6004
18.189999    53.7076    0.6004
17.6356    53.154    0.6004
17.3356    52.7276    0.6004
16.8844    52.086    0.6004
16.6628    51.613197    0.6004
16.33    50.9036    0.6004
16.194    50.4004    0.6004
15.9892    49.6436    0.6004
15.9428    49.124397    0.6004
15.872399    48.343597    0.6004
15.9164    47.823597    0.6004
15.981999    47.042797    0.6004
16.115599    46.538    0.6004
16.3164    45.7804    0.6004
16.5348    45.306797    0.6004
16.8636    44.5956    0.6004
17.524399    43.461998    0.6004
18.518    41.758    0.6004
18.9268    41.138798    0.6004
19.542    40.2084    0.6004
19.9524    39.6884    0.6004
20.569199    38.9076    0.6004
21.0396    38.438    0.6004
21.746    37.731598    0.6004
22.3844    37.2124    0.6004
23.3436    36.4316    0.6004
24.046799    35.8996    0.6004
25.1036    35.1004    0.6004
