16.5052    15.2836    10.2004
16.438    15.290799    10.2004
16.434    15.291599    10.2004
16.409199    15.2932    10.2004
16.3828    15.2964    10.2004
16.368399    15.2964    10.2004
16.306    15.2987995    10.2004
16.2916    15.2996    10.2004
16.258    15.297999    10.2004
16.2188    15.297199    10.2004
16.173199    15.2948    10.2004
16.1644    15.294    10.2004
16.1492    15.292399    10.2004
16.114    15.2884    10.2004
16.0604    15.281199    10.2004
16.0436    15.2788    10.2004
16.0364    15.2772    10.2004
16.0164    15.2732    10.2004
15.962    15.2612    10.2004
15.9316    15.2548    10.2004
15.91    15.25    10.2004
15.8764    15.240399    10.2004
15.8396    15.229199    10.2004
15.8076    15.2188    10.2004
15.734799    15.193199    10.2004
15.7324    15.1924    10.2004
15.7308    15.1916    10.2004
15.676399    15.1676    10.2004
15.642799    15.153199    10.2004
15.5836    15.1268    10.2004
15.5692    15.119599    10.2004
15.5596    15.113999    10.2004
15.497999    15.0812    10.2004
15.4964    15.0803995    10.2004
15.441199    15.0484    10.2004
15.4156    15.0316    10.2004
15.383599    15.0116    10.2004
15.3652    15.0004    10.2004
15.322    14.970799    10.2004
15.290799    14.947599    10.2004
15.25    14.9156    10.2004
15.2204    14.894    10.2004
15.200399    14.877199    10.2004
15.1636    14.846    10.2004
15.1452    14.83    10.2004
15.106    14.7932    10.2004
15.090799    14.778    10.2004
15.0716    14.7588    10.2004
15.0468    14.7324    10.2004
15.026799    14.710799    10.2004
14.993199    14.6732    10.2004
14.9716    14.6468    10.2004
14.941999    14.6092    10.2004
14.9276    14.589999    10.2004
14.901999    14.555599    10.2004
14.895599    14.546    10.2004
14.8675995    14.502    10.2004
14.8619995    14.4916    10.2004
14.8308    14.436399    10.2004
14.825999    14.426    10.2004
14.813999    14.4028    10.2004
14.7987995    14.372399    10.2004
14.7892    14.3476    10.2004
14.7772    14.318    10.2004
14.7668    14.2908    10.2004
14.7604    14.273999    10.2004
14.757199    14.262799    10.2004
14.745999    14.2252    10.2004
14.740399    14.205999    10.2004
14.7332    14.176399    10.2004
14.7276    14.1468    10.2004
14.7244    14.131599    10.2004
14.716399    14.089999    10.2004
14.7148    14.0803995    10.2004
14.714    14.0708    10.2004
14.711599    14.0356    10.2004
14.7076    13.9972    10.2004
14.7067995    13.9908    10.2004
14.7067995    13.9852    10.2004
14.7067995    13.9204    10.2004
14.7076    13.901999    10.2004
14.7092    13.854799    10.2004
14.7132    13.806    10.2004
14.714    13.797999    10.2004
14.714    13.7956    10.2004
14.7204    13.7548    10.2004
14.721999    13.7444    10.2004
14.73    13.69    10.2004
14.7372    13.6516    10.2004
14.7436    13.618    10.2004
14.7588    13.5436    10.2004
14.762    13.5292    10.2004
14.785999    13.4372    10.2004
14.785999    13.436399    10.2004
14.785999    13.435599    10.2004
14.8124    13.3508    10.2004
14.8124    13.349999    10.2004
14.8252    13.314799    10.2004
14.8308    13.2987995    10.2004
14.8468    13.2596    10.2004
14.8508    13.25    10.2004
14.861199    13.229199    10.2004
14.8684    13.2156    10.2004
14.871599    13.210799    10.2004
14.8884    13.188399    10.2004
14.895599    13.1796    10.2004
14.9036    13.1723995    10.2004
14.9172    13.1588    10.2004
14.936399    13.1435995    10.2004
14.9372    13.142799    10.2004
14.970799    13.130799    10.2004
15.0012    13.122    10.2004
15.0236    13.1164    10.2004
15.032399    13.1116    10.2004
15.054    13.107599    10.2004
15.0803995    13.0924    10.2004
15.0868    13.0859995    10.2004
15.0884    13.079599    10.2004
15.101199    13.058    10.2004
15.101999    13.042    10.2004
15.1044    13.014    10.2004
15.1044    12.9964    10.2004
15.106    12.9828    10.2004
15.108399    12.970799    10.2004
15.1108    12.9548    10.2004
15.118    12.9348    10.2004
15.124399    12.918799    10.2004
15.137199    12.8916    10.2004
15.1404    12.8868    10.2004
15.158    12.8596    10.2004
15.182799    12.822    10.2004
15.19    12.8108    10.2004
15.1972    12.8012    10.2004
15.2188    12.773999    10.2004
15.2212    12.7708    10.2004
15.2268    12.7652    10.2004
15.268399    12.717999    10.2004
15.2876    12.6988    10.2004
15.3284    12.6588    10.2004
15.3348    12.653999    10.2004
15.383599    12.6108    10.2004
15.386    12.6092    10.2004
15.3996    12.598    10.2004
15.4196    12.5828    10.2004
15.422    12.5803995    10.2004
15.446799    12.5636    10.2004
15.469999    12.5476    10.2004
15.474799    12.544399    10.2004
15.518    12.5196    10.2004
15.5308    12.5132    10.2004
15.57    12.492399    10.2004
15.5932    12.481199    10.2004
15.6116    12.4724    10.2004
15.642799    12.4612    10.2004
15.670799    12.4508    10.2004
15.698    12.441999    10.2004
15.7244    12.434    10.2004
15.7596    12.423599    10.2004
15.7964    12.4148    10.2004
15.8276    12.407599    10.2004
15.8564    12.401999    10.2004
15.9028    12.394    10.2004
15.9396    12.3876    10.2004
15.986    12.3804    10.2004
16.0092    12.377999    10.2004
16.0396    12.3748    10.2004
16.074    12.3716    10.2004
16.0956    12.37    10.2004
16.1324    12.3675995    10.2004
16.1948    12.365999    10.2004
16.2012    12.365999    10.2004
16.2092    12.365999    10.2004
16.262    12.3708    10.2004
16.2876    12.372399    10.2004
16.312399    12.3748    10.2004
16.358    12.3796    10.2004
16.358799    12.3796    10.2004
16.3652    12.3804    10.2004
16.414799    12.389999    10.2004
16.4212    12.3907995    10.2004
16.4476    12.3972    10.2004
16.4956    12.4084    10.2004
16.5364    12.4204    10.2004
16.546799    12.424399    10.2004
16.5572    12.4276    10.2004
16.5748    12.4332    10.2004
16.5828    12.4372    10.2004
16.6084    12.4508    10.2004
16.6196    12.457999    10.2004
16.6356    12.470799    10.2004
16.642    12.475599    10.2004
16.6596    12.4908    10.2004
16.689999    12.514    10.2004
16.7076    12.53    10.2004
16.722    12.533199    10.2004
16.7356    12.5404    10.2004
16.754    12.5372    10.2004
16.760399    12.533999    10.2004
16.7652    12.53    10.2004
16.784399    12.5116    10.2004
16.799599    12.4908    10.2004
16.806    12.4844    10.2004
16.8316    12.4612    10.2004
16.8332    12.4595995    10.2004
16.834    12.4595995    10.2004
16.8372    12.457999    10.2004
16.866    12.446799    10.2004
16.8708    12.4452    10.2004
16.8916    12.4388    10.2004
16.9028    12.435599    10.2004
16.909199    12.435599    10.2004
16.934    12.435599    10.2004
16.9452    12.438    10.2004
16.9684    12.4452    10.2004
16.9804    12.45    10.2004
17.001999    12.4612    10.2004
17.0156    12.4676    10.2004
17.0564    12.4916    10.2004
17.0724    12.5012    10.2004
17.0892    12.5132    10.2004
17.142    12.550799    10.2004
17.166    12.568399    10.2004
17.2116    12.6044    10.2004
17.246    12.631599    10.2004
17.305199    12.682799    10.2004
17.3228    12.6988    10.2004
17.366    12.739599    10.2004
17.3692    12.7436    10.2004
17.414799    12.7892    10.2004
17.4308    12.8052    10.2004
17.482    12.8596    10.2004
17.490799    12.8684    10.2004
17.4972    12.8764    10.2004
17.534    12.918799    10.2004
17.5924    12.9948    10.2004
17.594    12.9972    10.2004
17.6532    13.0772    10.2004
17.6604    13.0876    10.2004
17.694    13.141999    10.2004
17.7116    13.17    10.2004
17.7244    13.1916    10.2004
17.7428    13.2244    10.2004
17.762    13.2612    10.2004
17.7796    13.2956    10.2004
17.7924    13.3228    10.2004
17.802    13.3452    10.2004
17.8196    13.3852    10.2004
17.8268    13.4044    10.2004
17.8444    13.4508    10.2004
17.8556    13.486799    10.2004
17.864399    13.5148    10.2004
17.8708    13.538799    10.2004
17.879599    13.573999    10.2004
17.886799    13.606    10.2004
17.8916    13.6284    10.2004
17.8956    13.6491995    10.2004
17.8996    13.683599    10.2004
17.902    13.7132    10.2004
17.906    13.7484    10.2004
17.9068    13.762    10.2004
17.910799    13.8244    10.2004
17.910799    13.8284    10.2004
17.910799    13.832399    10.2004
17.9084    13.8907995    10.2004
17.9084    13.9028    10.2004
17.9028    13.9628    10.2004
17.8972    13.9972    10.2004
17.894    14.0227995    10.2004
17.8876    14.067599    10.2004
17.8836    14.0859995    10.2004
17.8708    14.136399    10.2004
17.862799    14.1676    10.2004
17.845999    14.217999    10.2004
17.8396    14.238    10.2004
17.817999    14.2948    10.2004
17.81    14.313999    10.2004
17.8028    14.3308    10.2004
17.7788    14.386    10.2004
17.7652    14.411599    10.2004
17.7404    14.4572    10.2004
17.7108    14.509999    10.2004
17.706    14.518    10.2004
17.661999    14.5828    10.2004
17.657999    14.5892    10.2004
17.6204    14.6396    10.2004
17.6148    14.646    10.2004
17.604399    14.658799    10.2004
17.5724    14.698    10.2004
17.559599    14.7123995    10.2004
17.5292    14.745999    10.2004
17.5164    14.7596    10.2004
17.4828    14.7932    10.2004
17.466    14.8108    10.2004
17.43    14.846    10.2004
17.406    14.8675995    10.2004
17.3884    14.883599    10.2004
17.366    14.9028    10.2004
17.334799    14.9276    10.2004
17.282    14.969999    10.2004
17.274    14.975599    10.2004
17.2644    14.9828    10.2004
17.213999    15.016399    10.2004
17.1876    15.0348    10.2004
17.163599    15.050799    10.2004
17.1124    15.0812    10.2004
17.098799    15.0884    10.2004
17.0572    15.11    10.2004
17.046    15.1156    10.2004
17.0324    15.122    10.2004
16.9748    15.1491995    10.2004
16.9364    15.165199    10.2004
16.886799    15.1844    10.2004
16.858    15.193199    10.2004
16.8284    15.2036    10.2004
16.7628    15.2252    10.2004
16.758    15.2268    10.2004
16.753199    15.228399    10.2004
16.7012    15.2428    10.2004
16.650799    15.2548    10.2004
16.6324    15.2588    10.2004
16.5868    15.269199    10.2004
16.5772    15.2708    10.2004
16.5252    15.280399    10.2004
16.51    15.2828    10.2004
16.5052    15.2836    10.2004
