10.689199    13.0316    9.9004
10.689199    13.0324    9.9004
10.69    13.0364    9.9004
10.702    13.136399    9.9004
10.7108    13.1988    9.9004
10.7252    13.302799    9.9004
10.7276    13.3196    9.9004
10.7324    13.3476    9.9004
10.752399    13.466    9.9004
10.7699995    13.5644    9.9004
10.7764    13.5988    9.9004
10.794    13.6956    9.9004
10.7972    13.7123995    9.9004
10.8028    13.7372    9.9004
10.8228    13.83    9.9004
10.8476    13.9396    9.9004
10.8484    13.9404    9.9004
10.873199    14.0476    9.9004
10.8748    14.055599    9.9004
10.8764    14.061199    9.9004
10.91    14.1932    9.9004
10.9156    14.2148    9.9004
10.941999    14.321199    9.9004
10.9604    14.3924    9.9004
10.9844    14.476399    9.9004
10.9964    14.5196    9.9004
11.018    14.5996    9.9004
11.0468    14.705199    9.9004
11.0844    14.838799    9.9004
11.094    14.87    9.9004
11.0988    14.8884    9.9004
11.1532    15.082    9.9004
11.1676    15.130799    9.9004
11.211599    15.2788    9.9004
11.2324    15.349199    9.9004
11.266    15.462    9.9004
11.2964    15.5588    9.9004
11.342    15.705199    9.9004
11.3619995    15.766    9.9004
11.3748    15.8068    9.9004
11.4108    15.917199    9.9004
11.466    16.078    9.9004
11.4772    16.1124    9.9004
11.5612    16.3428    9.9004
11.5668    16.358    9.9004
11.5708    16.3692    9.9004
11.6012    16.4476    9.9004
11.653999    16.5868    9.9004
11.6628    16.6084    9.9004
11.722799    16.762    9.9004
11.742    16.81    9.9004
11.7987995    16.9484    9.9004
11.8172    16.994    9.9004
11.8412    17.0508    9.9004
11.8636    17.1052    9.9004
12.004399    17.4268    9.9004
12.058    17.5492    9.9004
12.102799    17.6492    9.9004
12.1212    17.6924    9.9004
12.1292    17.7092    9.9004
12.1844    17.8276    9.9004
12.2076    17.8772    9.9004
12.2596    17.9828    9.9004
12.3043995    18.065199    9.9004
12.3364    18.126    9.9004
12.389199    18.2292    9.9004
12.3972    18.241999    9.9004
12.4604    18.354    9.9004
12.4612    18.3556    9.9004
12.528399    18.4684    9.9004
12.584399    18.5588    9.9004
12.613999    18.6052    9.9004
12.6452    18.656399    9.9004
12.6668    18.6908    9.9004
12.676399    18.706    9.9004
12.778    18.8596    9.9004
12.791599    18.881199    9.9004
12.8868    19.022    9.9004
12.9436    19.109999    9.9004
13.015599    19.2156    9.9004
13.122    19.3708    9.9004
13.1284    19.379599    9.9004
13.130799    19.3836    9.9004
13.134    19.3876    9.9004
13.234799    19.538    9.9004
13.349199    19.7036    9.9004
13.389199    19.7612    9.9004
13.476399    19.886    9.9004
13.6284    20.1076    9.9004
13.6588    20.1516    9.9004
13.7123995    20.2284    9.9004
13.722    20.241999    9.9004
13.7708    20.3092    9.9004
13.7844    20.3268    9.9004
13.831599    20.390799    9.9004
13.8692    20.4436    9.9004
13.874    20.4492    9.9004
13.9251995    20.5196    9.9004
13.9908    20.6076    9.9004
13.9948    20.614    9.9004
14.118799    20.7708    9.9004
14.2212    20.9004    9.9004
14.2276    20.9084    9.9004
14.3076    21.0092    9.9004
14.3276    21.034    9.9004
14.4036    21.122799    9.9004
14.492399    21.2284    9.9004
14.5124    21.2516    9.9004
14.5932    21.3428    9.9004
14.6068    21.357199    9.9004
14.620399    21.3724    9.9004
14.705199    21.466    9.9004
14.7252    21.4868    9.9004
14.797999    21.566    9.9004
14.818    21.5844    9.9004
14.831599    21.598    9.9004
14.886    21.6516    9.9004
14.9028    21.669199    9.9004
14.934    21.6948    9.9004
14.9556    21.7132    9.9004
14.9804    21.734    9.9004
14.997999    21.75    9.9004
15.027599    21.7724    9.9004
15.0476    21.7876    9.9004
15.0996    21.8172    9.9004
15.138    21.8396    9.9004
15.148399    21.844398    9.9004
15.158799    21.8508    9.9004
15.165999    21.8548    9.9004
15.2156    21.882    9.9004
15.2676    21.909199    9.9004
15.2732    21.9116    9.9004
15.2755995    21.9132    9.9004
15.348399    21.946    9.9004
15.3564    21.949999    9.9004
15.360399    21.9508    9.9004
15.4156    21.972399    9.9004
15.4276    21.9756    9.9004
15.475599    21.9884    9.9004
15.4852    21.990799    9.9004
15.493199    21.9924    9.9004
15.5404    22.0012    9.9004
15.555599    22.0028    9.9004
15.635599    22.0124    9.9004
15.6508    22.014    9.9004
15.7355995    22.022799    9.9004
15.751599    22.0236    9.9004
15.8228    22.0292    9.9004
15.8468    22.0308    9.9004
15.8516    22.0308    9.9004
15.9964    22.041199    9.9004
16.0844    22.048399    9.9004
16.105999    22.05    9.9004
16.1404    22.052399    9.9004
16.208399    22.0588    9.9004
16.3212    22.0732    9.9004
16.3268    22.074    9.9004
16.35    22.0788    9.9004
16.414799    22.0908    9.9004
16.425999    22.093199    9.9004
16.4988    22.1132    9.9004
16.5716    22.1364    9.9004
16.650799    22.1612    9.9004
16.6764    22.17    9.9004
16.7804    22.2092    9.9004
16.788399    22.212399    9.9004
16.7908    22.2132    9.9004
16.8772    22.254    9.9004
16.9156    22.2732    9.9004
16.93    22.281199    9.9004
16.9524    22.293999    9.9004
16.9772    22.31    9.9004
17.006    22.33    9.9004
17.031599    22.347599    9.9004
17.053999    22.364399    9.9004
17.070799    22.3772    9.9004
17.0996    22.4012    9.9004
17.1124    22.414    9.9004
17.1308    22.4284    9.9004
17.145199    22.437199    9.9004
17.1708    22.449999    9.9004
17.174    22.4508    9.9004
17.1996    22.4532    9.9004
17.2244    22.4548    9.9004
17.2412    22.458    9.9004
17.258    22.461199    9.9004
17.2708    22.4628    9.9004
17.2836    22.466    9.9004
17.3372    22.4764    9.9004
17.3788    22.4876    9.9004
17.4508    22.5068    9.9004
17.458    22.5084    9.9004
17.462    22.5092    9.9004
17.4692    22.5108    9.9004
17.4924    22.518    9.9004
17.5804    22.541199    9.9004
17.6356    22.557999    9.9004
17.6932    22.5756    9.9004
17.718    22.5828    9.9004
17.736399    22.59    9.9004
17.7484    22.5964    9.9004
17.782    22.6188    9.9004
17.814    22.6428    9.9004
17.817999    22.646    9.9004
17.83    22.656399    9.9004
17.85    22.674799    9.9004
17.8988    22.7228    9.9004
17.9132    22.7372    9.9004
17.9508    22.7732    9.9004
17.994799    22.816399    9.9004
18.0084    22.83    9.9004
18.026    22.8508    9.9004
18.0492    22.8764    9.9004
18.0836    22.9172    9.9004
18.1036    22.9412    9.9004
18.1204    22.9628    9.9004
18.1644    23.0204    9.9004
18.1964    23.070799    9.9004
18.197199    23.0724    9.9004
18.2188    23.118    9.9004
18.225199    23.1356    9.9004
18.2356    23.160398    9.9004
18.2484    23.208399    9.9004
18.249199    23.21    9.9004
18.2612    23.2668    9.9004
18.2636    23.2876    9.9004
18.2692    23.3364    9.9004
18.271599    23.3564    9.9004
18.2724    23.3748    9.9004
18.274    23.4476    9.9004
18.2732    23.4644    9.9004
18.2732    23.4804    9.9004
18.271599    23.5156    9.9004
18.2708    23.522    9.9004
18.2636    23.5492    9.9004
18.2556    23.5716    9.9004
18.254799    23.574799    9.9004
18.2388    23.598799    9.9004
18.236399    23.602798    9.9004
18.191599    23.657999    9.9004
18.1892    23.660398    9.9004
18.1756    23.6756    9.9004
18.126    23.7284    9.9004
18.1084    23.7452    9.9004
18.0548    23.7972    9.9004
18.0308    23.8172    9.9004
18.0092    23.834799    9.9004
17.9756    23.8612    9.9004
17.9628    23.8716    9.9004
17.938799    23.8884    9.9004
17.927599    23.894    9.9004
17.921999    23.8956    9.9004
17.9028    23.9028    9.9004
17.8852    23.907598    9.9004
17.875599    23.91    9.9004
17.8492    23.910799    9.9004
17.8484    23.910799    9.9004
17.817999    23.906    9.9004
17.805199    23.903599    9.9004
17.8004    23.901999    9.9004
17.746    23.890799    9.9004
17.7356    23.8884    9.9004
17.730799    23.8876    9.9004
17.689999    23.8764    9.9004
17.6868    23.8748    9.9004
17.6468    23.8612    9.9004
17.632399    23.855598    9.9004
17.6236    23.851599    9.9004
17.5836    23.834    9.9004
17.5772    23.83    9.9004
17.5588    23.8188    9.9004
17.5452    23.812399    9.9004
17.5252    23.7988    9.9004
17.5148    23.789999    9.9004
17.4924    23.7724    9.9004
17.477999    23.7572    9.9004
17.4644    23.741999    9.9004
17.4636    23.7412    9.9004
17.4628    23.7396    9.9004
17.4348    23.6988    9.9004
17.4244    23.685999    9.9004
17.410799    23.6716    9.9004
17.3972    23.67    9.9004
17.375599    23.654799    9.9004
17.3612    23.6588    9.9004
17.342    23.656399    9.9004
17.3396    23.657999    9.9004
17.3092    23.674    9.9004
17.265999    23.6932    9.9004
17.260399    23.6964    9.9004
17.2348    23.702799    9.9004
17.2228    23.7076    9.9004
17.167599    23.7244    9.9004
17.1668    23.725199    9.9004
17.166    23.725199    9.9004
17.07    23.7404    9.9004
17.0284    23.7452    9.9004
16.9924    23.75    9.9004
16.955599    23.7516    9.9004
16.8892    23.753199    9.9004
16.8524    23.7516    9.9004
16.799599    23.7508    9.9004
16.7452    23.7468    9.9004
16.702    23.743599    9.9004
16.6476    23.7356    9.9004
16.6028    23.7316    9.9004
16.5716    23.726799    9.9004
16.5308    23.719599    9.9004
16.4916    23.712399    9.9004
16.458    23.7052    9.9004
16.394    23.6932    9.9004
16.358799    23.6852    9.9004
16.2932    23.669199    9.9004
16.2628    23.660398    9.9004
16.1908    23.6412    9.9004
16.1268    23.622    9.9004
16.1108    23.6164    9.9004
16.0788    23.6068    9.9004
16.0508    23.597198    9.9004
16.0396    23.594    9.9004
16.031599    23.5908    9.9004
16.0156    23.5852    9.9004
15.9388    23.553999    9.9004
15.9156    23.5436    9.9004
15.8636    23.5212    9.9004
15.8468    23.514    9.9004
15.785999    23.486    9.9004
15.7668    23.476398    9.9004
15.6908    23.438    9.9004
15.648399    23.416399    9.9004
15.537999    23.358799    9.9004
15.5244    23.3524    9.9004
15.521999    23.3508    9.9004
15.5196    23.349998    9.9004
15.509999    23.344398    9.9004
15.3476    23.2612    9.9004
15.3164    23.2468    9.9004
15.262799    23.2188    9.9004
15.2308    23.2044    9.9004
15.2084    23.1948    9.9004
15.1956    23.1892    9.9004
15.181999    23.1868    9.9004
15.1636    23.1796    9.9004
15.154799    23.1796    9.9004
15.137199    23.1756    9.9004
15.1276    23.1772    9.9004
15.1052    23.174799    9.9004
15.061999    23.1812    9.9004
15.039599    23.184399    9.9004
15.0188    23.1884    9.9004
14.9508    23.2004    9.9004
14.9052    23.21    9.9004
14.8404    23.2228    9.9004
14.808399    23.2292    9.9004
14.734799    23.241999    9.9004
14.6788    23.2516    9.9004
14.618799    23.260399    9.9004
14.5468    23.269999    9.9004
14.533999    23.2708    9.9004
14.4972    23.269999    9.9004
14.453199    23.2684    9.9004
14.4372    23.2676    9.9004
14.373199    23.2628    9.9004
14.3124    23.253199    9.9004
14.2844    23.249199    9.9004
14.238    23.2404    9.9004
14.198    23.234    9.9004
14.1516    23.222    9.9004
14.1044    23.2108    9.9004
14.046    23.1924    9.9004
14.0116    23.180399    9.9004
13.9748    23.167599    9.9004
13.9284    23.149199    9.9004
13.894799    23.1332    9.9004
13.838799    23.1108    9.9004
13.7844    23.0844    9.9004
13.7532    23.0684    9.9004
13.7276    23.0556    9.9004
13.6612    23.0212    9.9004
13.624399    23.001999    9.9004
13.556399    22.9636    9.9004
13.4964    22.9292    9.9004
13.463599    22.909199    9.9004
13.3764    22.853199    9.9004
13.3619995    22.8436    9.9004
13.343599    22.8316    9.9004
13.2604    22.7764    9.9004
13.188399    22.7244    9.9004
13.134    22.6868    9.9004
13.0932    22.654799    9.9004
13.073199    22.6404    9.9004
13.0515995    22.6244    9.9004
12.970799    22.5644    9.9004
12.9564    22.5532    9.9004
12.9404    22.5404    9.9004
12.855599    22.4716    9.9004
12.7444    22.3804    9.9004
12.728399    22.3668    9.9004
12.7252    22.3652    9.9004
12.7012    22.345999    9.9004
12.646    22.301199    9.9004
12.6412    22.2972    9.9004
12.601999    22.264399    9.9004
12.57    22.2404    9.9004
12.5132    22.1948    9.9004
12.446    22.1404    9.9004
12.4156    22.115599    9.9004
12.3988    22.100399    9.9004
12.2452    21.965199    9.9004
12.2324    21.9524    9.9004
12.160399    21.882    9.9004
12.1116    21.8356    9.9004
12.0836    21.8084    9.9004
12.0412    21.760399    9.9004
12.03    21.7484    9.9004
11.9972    21.71    9.9004
11.946799    21.6532    9.9004
11.918799    21.6196    9.9004
11.860399    21.5492    9.9004
11.818    21.490799    9.9004
11.79    21.449999    9.9004
11.7484    21.3916    9.9004
11.7196    21.3508    9.9004
11.6644    21.265999    9.9004
11.6564    21.253199    9.9004
11.642799    21.232399    9.9004
11.5803995    21.137999    9.9004
11.5571995    21.0996    9.9004
11.5084    21.022    9.9004
11.481199    20.9732    9.9004
11.4556    20.9324    9.9004
11.4484    20.920399    9.9004
11.4404    20.9084    9.9004
11.3963995    20.827599    9.9004
11.3948    20.8244    9.9004
11.3932    20.8228    9.9004
11.383599    20.8084    9.9004
11.3508    20.7572    9.9004
11.3452    20.747599    9.9004
11.3412    20.7396    9.9004
11.2987995    20.667599    9.9004
11.292399    20.6572    9.9004
11.2364    20.5628    9.9004
11.2252    20.5444    9.9004
11.2148    20.5268    9.9004
11.1644    20.4396    9.9004
11.1092    20.3396    9.9004
11.091599    20.310799    9.9004
11.079599    20.2908    9.9004
11.042    20.226    9.9004
10.9788    20.1164    9.9004
10.9772    20.1132    9.9004
10.965199    20.0908    9.9004
10.9084    19.9916    9.9004
10.8996    19.9748    9.9004
10.8924    19.9604    9.9004
10.8308    19.8452    9.9004
10.8076    19.802    9.9004
10.781199    19.7524    9.9004
10.728399    19.654    9.9004
10.7092    19.618    9.9004
10.658    19.5164    9.9004
10.5932    19.390799    9.9004
10.5828    19.369999    9.9004
10.566    19.3364    9.9004
10.53    19.262    9.9004
10.4868    19.1724    9.9004
10.4548    19.105999    9.9004
10.4092    19.0084    9.9004
10.3963995    18.9804    9.9004
10.37    18.920399    9.9004
10.3236    18.8116    9.9004
10.2828    18.7148    9.9004
10.257199    18.6532    9.9004
10.2076    18.5292    9.9004
10.158    18.4052    9.9004
10.1476    18.3764    9.9004
10.1276    18.3268    9.9004
10.0772    18.197199    9.9004
10.038    18.09    9.9004
10.0316    18.0756    9.9004
9.9948    17.973999    9.9004
9.9812    17.937199    9.9004
9.9788    17.9292    9.9004
9.936399    17.806    9.9004
9.924399    17.7684    9.9004
9.894    17.680399    9.9004
9.8684    17.6036    9.9004
9.849199    17.5452    9.9004
9.8404    17.518    9.9004
9.8132    17.433199    9.9004
9.792399    17.3652    9.9004
9.7676    17.2852    9.9004
9.7484    17.221199    9.9004
9.7355995    17.1828    9.9004
9.693999    17.0404    9.9004
9.688399    17.018799    9.9004
9.630799    16.817999    9.9004
9.625999    16.802    9.9004
9.579599    16.626    9.9004
9.578    16.6204    9.9004
9.5716    16.594799    9.9004
9.5308    16.4396    9.9004
9.5148    16.3772    9.9004
9.474    16.2076    9.9004
9.4612    16.1532    9.9004
9.418799    15.9716    9.9004
9.413199    15.945999    9.9004
9.3932    15.8588    9.9004
9.3852    15.820399    9.9004
9.3764    15.780399    9.9004
9.3684    15.7411995    9.9004
9.366    15.726    9.9004
9.3619995    15.710799    9.9004
9.3548    15.6916    9.9004
9.3516    15.674    9.9004
9.3452    15.6564    9.9004
9.334    15.6388    9.9004
9.3276    15.6124    9.9004
9.3188    15.598    9.9004
9.3084    15.578    9.9004
9.2884    15.549999    9.9004
9.2764    15.53    9.9004
9.262    15.509199    9.9004
9.2548    15.498799    9.9004
9.2476    15.49    9.9004
9.2268    15.4595995    9.9004
9.162    15.3619995    9.9004
9.1508    15.3452    9.9004
9.1412    15.3308    9.9004
9.1236    15.3012    9.9004
9.11    15.278    9.9004
9.1052    15.2716    9.9004
9.096399    15.251599    9.9004
9.079599    15.2204    9.9004
9.0644    15.188399    9.9004
9.0492    15.158    9.9004
9.046    15.15    9.9004
9.0404    15.1388    9.9004
8.99    15.010799    9.9004
8.965199    14.9492    9.9004
8.9164    14.8244    9.9004
8.8988    14.7772    9.9004
8.8596    14.677199    9.9004
8.8316    14.6068    9.9004
8.8164    14.566    9.9004
8.766    14.4316    9.9004
8.7572    14.407599    9.9004
8.7268    14.3252    9.9004
8.7164    14.294    9.9004
8.6924    14.229199    9.9004
8.6852    14.2092    9.9004
8.6612    14.141999    9.9004
8.646    14.1004    9.9004
8.637199    14.0756    9.9004
8.613999    14.0076    9.9004
8.602    13.9748    9.9004
8.59    13.9372    9.9004
8.5708    13.8804    9.9004
8.561999    13.8532    9.9004
8.5404    13.782    9.9004
8.5316    13.752399    9.9004
8.5252    13.7308    9.9004
8.5116    13.682799    9.9004
8.4956    13.63    9.9004
8.4828    13.585199    9.9004
8.4604    13.506    9.9004
8.4268    13.389199    9.9004
8.4212    13.3684    9.9004
8.418799    13.3572    9.9004
8.4164    13.3484    9.9004
8.4108    13.326799    9.9004
8.3868    13.238    9.9004
8.3772    13.202    9.9004
8.3748    13.1932    9.9004
8.354    13.1164    9.9004
8.3492    13.098    9.9004
8.3428    13.0708    9.9004
8.344399    13.0428    9.9004
8.343599    13.0316    9.9004
8.344399    13.002    9.9004
8.3492    12.9796    9.9004
8.3508    12.975599    9.9004
8.3524    12.9748    9.9004
8.3644    12.966    9.9004
8.4052    12.941999    9.9004
8.4284    12.9251995    9.9004
8.4404    12.917999    9.9004
8.4539995    12.913199    9.9004
8.498    12.8972    9.9004
8.5236    12.894799    9.9004
8.5324    12.8932    9.9004
8.591599    12.889199    9.9004
8.622    12.8907995    9.9004
8.6404    12.883599    9.9004
8.6588    12.8772    9.9004
8.6676    12.860399    9.9004
8.6732    12.8516    9.9004
8.6756    12.8348    9.9004
8.6804    12.8228    9.9004
8.6804    12.7796    9.9004
8.6812    12.773999    9.9004
8.6804    12.769199    9.9004
8.6804    12.766    9.9004
8.6804    12.763599    9.9004
8.6812    12.7644    9.9004
8.682    12.677199    9.9004
8.682799    12.6348    9.9004
8.6844    12.539599    9.9004
8.6844    12.5188    9.9004
8.6876    12.4276    9.9004
8.6908    12.3636    9.9004
8.6916    12.3516    9.9004
8.6996    12.281199    9.9004
8.7067995    12.200399    9.9004
8.7084    12.19    9.9004
8.7108    12.170799    9.9004
8.722    12.084399    9.9004
8.734799    11.9916    9.9004
8.7388    11.9595995    9.9004
8.7444    11.929999    9.9004
8.7604    11.844399    9.9004
8.7732    11.780399    9.9004
8.782    11.734799    9.9004
8.8028    11.65    9.9004
8.8188    11.5868    9.9004
8.8252    11.561999    9.9004
8.826799    11.5548    9.9004
8.8276    11.549999    9.9004
8.8276    11.5308    9.9004
8.8252    11.518    9.9004
8.809999    11.481999    9.9004
8.806    11.4716    9.9004
8.803599    11.466    9.9004
8.8012    11.4595995    9.9004
8.782    11.4092    9.9004
8.7716    11.3764    9.9004
8.7532    11.326799    9.9004
8.7476    11.3116    9.9004
8.7428    11.294    9.9004
8.7212    11.217199    9.9004
8.7108    11.182799    9.9004
8.698    11.1412    9.9004
8.6932    11.120399    9.9004
8.688399    11.1004    9.9004
8.677199    11.0524    9.9004
8.6644    10.9908    9.9004
8.662    10.9772    9.9004
8.6516    10.918799    9.9004
8.65    10.9092    9.9004
8.648399    10.895599    9.9004
8.642    10.849199    9.9004
8.638    10.7964    9.9004
8.6324    10.7492    9.9004
8.631599    10.7244    9.9004
8.631599    10.686    9.9004
8.6332    10.6692    9.9004
8.6364    10.6516    9.9004
8.637199    10.6444    9.9004
8.6396    10.638    9.9004
8.6491995    10.6236    9.9004
8.6516    10.6188    9.9004
8.653999    10.6164    9.9004
8.6652    10.6012    9.9004
8.6852    10.5844    9.9004
8.6908    10.5772    9.9004
8.7028    10.568399    9.9004
8.786799    10.5084    9.9004
8.7916    10.504399    9.9004
8.7964    10.502    9.9004
8.802    10.498799    9.9004
8.8508    10.469999    9.9004
8.8692    10.4612    9.9004
8.8828    10.4556    9.9004
8.8924    10.4524    9.9004
8.9228    10.4404    9.9004
8.9284    10.4388    9.9004
8.9716    10.4251995    9.9004
8.976399    10.4236    9.9004
8.9956    10.417999    9.9004
9.0292    10.4084    9.9004
9.0388    10.407599    9.9004
9.045199    10.406799    9.9004
9.0604    10.4052    9.9004
9.079599    10.4028    9.9004
9.1012    10.401999    9.9004
9.1124    10.401999    9.9004
9.13    10.4028    9.9004
9.1652    10.4028    9.9004
9.1748    10.4028    9.9004
9.1996    10.4052    9.9004
9.2204    10.4052    9.9004
9.2388    10.407599    9.9004
9.2428    10.407599    9.9004
9.2508    10.4036    9.9004
9.2716    10.4036    9.9004
9.2876    10.3924    9.9004
9.2908    10.373199    9.9004
9.2916    10.3596    9.9004
9.2852    10.3412    9.9004
9.2764    10.3292    9.9004
9.2396    10.2588    9.9004
9.2364    10.2532    9.9004
9.2355995    10.25    9.9004
9.2196    10.2108    9.9004
9.1988    10.1572    9.9004
9.1748    10.098    9.9004
9.1692    10.0788    9.9004
9.1628    10.0588    9.9004
9.162    10.058    9.9004
9.162    10.0548    9.9004
9.1532    10.010799    9.9004
9.1532    10.0084    9.9004
9.154799    9.9972    9.9004
9.1564    9.9844    9.9004
9.162    9.9732    9.9004
9.1676    9.9636    9.9004
9.198    9.9372    9.9004
9.202    9.9324    9.9004
9.2092    9.9284    9.9004
9.2564    9.9036    9.9004
9.269199    9.898    9.9004
9.3196    9.877999    9.9004
9.3428    9.8716    9.9004
9.3756    9.861199    9.9004
9.382    9.8596    9.9004
9.389999    9.858    9.9004
9.4316    9.849199    9.9004
9.453199    9.8452    9.9004
9.475599    9.842    9.9004
9.493199    9.8412    9.9004
9.516399    9.837999    9.9004
9.556399    9.8348    9.9004
9.566    9.8331995    9.9004
9.579599    9.8331995    9.9004
9.6036    9.8331995    9.9004
9.6212    9.8276    9.9004
9.637199    9.8252    9.9004
9.654799    9.815599    9.9004
9.6612    9.8043995    9.9004
9.6676    9.7836    9.9004
9.6684    9.7588    9.9004
9.6684    9.740399    9.9004
9.671599    9.6364    9.9004
9.674    9.5812    9.9004
9.6756    9.5556    9.9004
9.6812    9.4788    9.9004
9.6868    9.4196    9.9004
9.6908    9.384399    9.9004
9.6988    9.3316    9.9004
9.7044    9.2948    9.9004
9.7123995    9.2476    9.9004
9.722    9.205999    9.9004
9.7332    9.1628    9.9004
9.7444    9.119599    9.9004
9.7564    9.0844    9.9004
9.7652    9.0588    9.9004
9.7772    9.0292    9.9004
9.7828    9.0156    9.9004
9.8108    8.953199    9.9004
9.814    8.946    9.9004
9.814    8.9444    9.9004
9.814799    8.9436    9.9004
9.8619995    8.8588    9.9004
9.882    8.8228    9.9004
9.9236    8.7644    9.9004
9.9316    8.752399    9.9004
9.9388    8.7276    9.9004
9.941199    8.722    9.9004
9.938    8.711599    9.9004
9.929999    8.6932    9.9004
9.922    8.682    9.9004
9.9108    8.6652    9.9004
9.9028    8.6452    9.9004
9.9004    8.6388    9.9004
9.895599    8.6147995    9.9004
9.8948    8.6124    9.9004
9.8948    8.6108    9.9004
9.8932    8.5828    9.9004
9.8972    8.558    9.9004
9.898    8.5532    9.9004
9.9092    8.4892    9.9004
9.918    8.4516    9.9004
9.9276    8.4084    9.9004
9.9292    8.401199    9.9004
9.953199    8.314    9.9004
9.9595995    8.2956    9.9004
9.9804    8.234    9.9004
9.9868    8.2148    9.9004
10.0068    8.1636    9.9004
10.0252    8.1236    9.9004
10.039599    8.09    9.9004
10.050799    8.066    9.9004
10.058    8.0515995    9.9004
10.0708    8.0268    9.9004
10.0892    8.005199    9.9004
10.091599    8.0028    9.9004
10.096399    7.9988    9.9004
10.1068    7.99    9.9004
10.1244    7.9732    9.9004
10.1412    7.9603996    9.9004
10.1524    7.9515996    9.9004
10.1756    7.9379997    9.9004
10.205999    7.9196    9.9004
10.240399    7.9003997    9.9004
10.2684    7.8852    9.9004
10.3372    7.8492    9.9004
10.3396    7.8483996    9.9004
10.344399    7.8459997    9.9004
10.3852    7.8283997    9.9004
10.4004    7.8227997    9.9004
10.4164    7.8163996    9.9004
10.446    7.8068    9.9004
10.4724    7.7995996    9.9004
10.476399    7.798    9.9004
10.509999    7.7883997    9.9004
10.527599    7.786    9.9004
10.5652    7.7819996    9.9004
10.585199    7.7827997    9.9004
10.6044    7.7812    9.9004
10.6147995    7.7819996    9.9004
10.63    7.786    9.9004
10.6556    7.7915998    9.9004
10.6788    7.7956    9.9004
10.6852    7.7971997    9.9004
10.7123995    7.8044    9.9004
10.7252    7.8083997    9.9004
10.728399    7.81    9.9004
10.7852    7.8315997    9.9004
10.8404    7.858    9.9004
10.8428    7.8588    9.9004
10.846    7.8603997    9.9004
10.8484    7.862    9.9004
10.8907995    7.8835998    9.9004
10.9316    7.9059997    9.9004
10.9716    7.9315996    9.9004
10.9828    7.9388    9.9004
10.998    7.9508    9.9004
11.014    7.9659996    9.9004
11.021999    7.9764    9.9004
11.039599    8.0012    9.9004
11.0404    8.0028    9.9004
11.0571995    8.0348    9.9004
11.061999    8.0428    9.9004
11.098    8.1188    9.9004
11.1044    8.134    9.9004
11.1292    8.1924    9.9004
11.153999    8.2516    9.9004
11.1748    8.303599    9.9004
11.1812    8.3188    9.9004
11.1876    8.3348    9.9004
11.2148    8.4092    9.9004
11.2196    8.4236    9.9004
11.2396    8.487599    9.9004
11.2436    8.5012    9.9004
11.245999    8.5076    9.9004
11.2508    8.528399    9.9004
11.251599    8.5308    9.9004
11.2532    8.5532    9.9004
11.2532    8.5548    9.9004
11.254    8.579599    9.9004
11.254    8.5844    9.9004
11.2532    8.5884    9.9004
11.246799    8.608399    9.9004
11.2324    8.6516    9.9004
11.2324    8.6524    9.9004
11.2324    8.6532    9.9004
11.2308    8.6556    9.9004
11.200399    8.729199    9.9004
11.194799    8.7436    9.9004
11.1812    8.7708    9.9004
11.170799    8.7884    9.9004
11.1524    8.8188    9.9004
11.1435995    8.834    9.9004
11.1356    8.8452    9.9004
11.125199    8.8596    9.9004
11.108399    8.8764    9.9004
11.1004    8.8852    9.9004
11.0708    8.9148    9.9004
11.0692    8.9164    9.9004
11.0692    8.9204    9.9004
11.0668    8.9468    9.9004
11.0724    8.9668    9.9004
11.073999    8.9716    9.9004
11.078    8.9892    9.9004
11.079599    9.0012    9.9004
11.0828    9.0388    9.9004
11.0859995    9.09    9.9004
11.0868    9.1132    9.9004
11.0859995    9.1644    9.9004
11.0859995    9.1924    9.9004
11.0828    9.2484    9.9004
11.0803995    9.2876    9.9004
11.0748    9.3516    9.9004
11.07    9.394    9.9004
11.062799    9.4612    9.9004
11.054    9.5244    9.9004
11.044399    9.5859995    9.9004
11.0324    9.662    9.9004
11.0236    9.714    9.9004
11.0227995    9.7188    9.9004
10.999599    9.8516    9.9004
10.9924    9.8868    9.9004
10.9844    9.9307995    9.9004
10.976399    9.969999    9.9004
10.9676    10.0076    9.9004
10.946    10.1092    9.9004
10.9444    10.1156    9.9004
10.9436    10.1212    9.9004
10.9268    10.189199    9.9004
10.917999    10.223599    9.9004
10.9172    10.226    9.9004
10.866799    10.4388    9.9004
10.861199    10.464399    9.9004
10.8572    10.4788    9.9004
10.854    10.4972    9.9004
10.8172    10.6508    9.9004
10.8012    10.7308    9.9004
10.7772    10.8452    9.9004
10.7755995    10.8524    9.9004
10.738    11.0515995    9.9004
10.734799    11.0708    9.9004
10.7076    11.205999    9.9004
10.705999    11.217199    9.9004
10.7036    11.233999    9.9004
10.69    11.315599    9.9004
10.682    11.37    9.9004
10.6779995    11.3963995    9.9004
10.6684    11.466    9.9004
10.6668    11.4804    9.9004
10.659599    11.549999    9.9004
10.6564    11.579599    9.9004
10.65    11.638    9.9004
10.6444    11.6988    9.9004
10.6412    11.728399    9.9004
10.6388    11.7724    9.9004
10.636399    11.8043995    9.9004
10.6356    11.820399    9.9004
10.631599    11.8868    9.9004
10.6292    11.965199    9.9004
10.6284    11.9772    9.9004
10.6284    11.999599    9.9004
10.6268    12.0644    9.9004
10.6268    12.097199    9.9004
10.625199    12.1564    9.9004
10.6268    12.222799    9.9004
10.6268    12.2364    9.9004
10.6284    12.3012    9.9004
10.6284    12.331599    9.9004
10.630799    12.3684    9.9004
10.6324    12.418799    9.9004
10.6356    12.475599    9.9004
10.637199    12.5076    9.9004
10.6388    12.53    9.9004
10.642799    12.59    9.9004
10.6452    12.642799    9.9004
10.648399    12.677199    9.9004
10.654799    12.73    9.9004
10.658    12.7612    9.9004
10.659599    12.7772    9.9004
10.665199    12.837999    9.9004
10.6756    12.936399    9.9004
10.6764    12.941999    9.9004
10.689199    13.0316    9.9004
