5.4579997    9.2628    18.9004
5.4835997    9.068399    18.9004
5.5116    8.866799    18.9004
5.5123997    8.8628    18.9004
5.514    8.8508    18.9004
5.5587997    8.5436    18.9004
5.5804    8.3996    18.9004
5.586    8.3628    18.9004
5.6028    8.2516    18.9004
5.6164    8.1636    18.9004
5.654    7.9323997    18.9004
5.6596    7.8956    18.9004
5.666    7.8603997    18.9004
5.6972    7.6724    18.9004
5.718    7.5564    18.9004
5.7292    7.4916    18.9004
5.7444    7.4012    18.9004
5.7604    7.3148    18.9004
5.8012    7.0987997    18.9004
5.8524    6.8371997    18.9004
5.8659997    6.7668    18.9004
5.87    6.7483997    18.9004
5.9235997    6.4844    18.9004
5.9379997    6.4203997    18.9004
5.9684    6.2795997    18.9004
5.99    6.1836    18.9004
6.0132    6.0764    18.9004
6.0572    5.8964    18.9004
6.0636    5.8652    18.9004
6.0755997    5.8195996    18.9004
6.0892    5.7668    18.9004
6.1043997    5.7075996    18.9004
6.1219997    5.6363997    18.9004
6.1284    5.6148    18.9004
6.1651998    5.4747996    18.9004
6.1884    5.3908    18.9004
6.2075996    5.3195996    18.9004
6.2683997    5.1204    18.9004
6.2739997    5.1036    18.9004
6.2836    5.074    18.9004
6.3148    4.982    18.9004
6.3292    4.9347997    18.9004
6.338    4.9076    18.9004
6.3452    4.8891997    18.9004
6.3876    4.7739997    18.9004
6.4203997    4.6956    18.9004
6.422    4.6924    18.9004
6.4244    4.6868    18.9004
6.474    4.5843997    18.9004
6.5123997    4.502    18.9004
6.5204    4.486    18.9004
6.5404    4.4564    18.9004
6.5772    4.4076    18.9004
6.6124    4.3708    18.9004
6.6316    4.3492    18.9004
6.6596    4.334    18.9004
6.6748    4.3283997    18.9004
6.7019997    4.3252    18.9004
6.7131996    4.3292    18.9004
6.7331996    4.3371997    18.9004
6.7556    4.358    18.9004
6.766    4.3668    18.9004
6.7995996    4.4196    18.9004
6.8012    4.422    18.9004
6.8092    4.4452    18.9004
6.83    4.5036    18.9004
6.8339996    4.5188    18.9004
6.8508    4.5764    18.9004
6.8668    4.65    18.9004
6.8771996    4.6956    18.9004
6.8891997    4.798    18.9004
6.894    4.8324    18.9004
6.9003997    4.8835998    18.9004
6.9091997    4.9491997    18.9004
6.9115996    4.9835997    18.9004
6.9203997    5.1172    18.9004
6.9235997    5.2068    18.9004
6.9276    5.2812    18.9004
6.9291997    5.4091997    18.9004
6.93    5.4323997    18.9004
6.93    5.4532    18.9004
6.9323997    5.5604    18.9004
6.9323997    5.6787996    18.9004
6.9323997    5.7827997    18.9004
6.9315996    5.8315997    18.9004
6.93    5.8891997    18.9004
6.93    5.9972    18.9004
6.9291997    6.0404    18.9004
6.9227996    6.2068    18.9004
6.9179997    6.3571997    18.9004
6.914    6.4852    18.9004
6.9115996    6.5532    18.9004
6.91    6.578    18.9004
6.898    6.7788    18.9004
6.8924    6.8724    18.9004
6.8859997    6.9811997    18.9004
6.882    7.0243998    18.9004
6.8771996    7.1028    18.9004
6.858    7.37    18.9004
6.8564    7.3964    18.9004
6.8532    7.4315996    18.9004
6.8356    7.6484    18.9004
6.8276    7.7363997    18.9004
6.8171997    7.8547997    18.9004
6.7963996    8.0844    18.9004
6.7939997    8.106    18.9004
6.7924    8.1228    18.9004
6.7732    8.309999    18.9004
6.7668    8.3804    18.9004
6.7563996    8.4684    18.9004
6.7324    8.6916    18.9004
6.7092    8.8812    18.9004
6.6995997    8.965199    18.9004
6.6851997    9.0859995    18.9004
6.6724    9.198    18.9004
6.658    9.3068    18.9004
6.6428    9.4251995    18.9004
6.6108    9.6684    18.9004
6.6067996    9.6972    18.9004
6.6052    9.7084    18.9004
6.5579996    10.0492    18.9004
6.5555997    10.0652    18.9004
6.5196    10.3004    18.9004
6.486    10.516399    18.9004
6.4811997    10.5412    18.9004
6.4779997    10.5644    18.9004
6.4459996    10.769199    18.9004
6.4291997    10.866799    18.9004
6.402    11.027599    18.9004
6.3835998    11.1388    18.9004
6.3564    11.2932    18.9004
6.3388    11.3876    18.9004
6.3092    11.554    18.9004
6.2956    11.6228    18.9004
6.2844    11.6796    18.9004
6.2556    11.8292    18.9004
6.2148    12.0308    18.9004
6.2004    12.107599    18.9004
6.1868    12.1723995    18.9004
6.1628    12.2852    18.9004
6.1148    12.504399    18.9004
6.0972    12.579599    18.9004
6.066    12.717199    18.9004
6.0252    12.883599    18.9004
6.0196    12.91    18.9004
5.9867997    13.0356    18.9004
5.9779997    13.0716    18.9004
5.9403996    13.2148    18.9004
5.9379997    13.222799    18.9004
5.9347997    13.2364    18.9004
5.8908    13.3868    18.9004
5.8603997    13.493199    18.9004
5.8532    13.5188    18.9004
5.8076    13.6668    18.9004
5.8068    13.6684    18.9004
5.8059998    13.670799    18.9004
5.7563996    13.815599    18.9004
5.7116    13.929999    18.9004
5.7012    13.9612    18.9004
5.674    14.0204    18.9004
5.6556    14.062799    18.9004
5.6299996    14.1276    18.9004
5.6131997    14.165199    18.9004
5.6116    14.1684    18.9004
5.5748    14.2308    18.9004
5.5667996    14.2411995    18.9004
5.5316    14.2932    18.9004
5.5028    14.33    18.9004
5.4916    14.343599    18.9004
5.4596    14.371599    18.9004
5.4523997    14.378799    18.9004
5.4196    14.389199    18.9004
5.4147997    14.389999    18.9004
5.4076    14.3924    18.9004
5.3852    14.389999    18.9004
5.3668    14.3852    18.9004
5.3468    14.365999    18.9004
5.3339996    14.3476    18.9004
5.3115997    14.325999    18.9004
5.2939997    14.291599    18.9004
5.2812    14.2564    18.9004
5.2572    14.174    18.9004
5.2507997    14.158799    18.9004
5.2332    14.0828    18.9004
5.2228    14.021199    18.9004
5.2116    13.9307995    18.9004
5.198    13.8364    18.9004
5.1875997    13.742    18.9004
5.1851997    13.7148    18.9004
5.1844    13.683599    18.9004
5.1812    13.6268    18.9004
5.1748    13.5012    18.9004
5.17    13.4228    18.9004
5.1692    13.374    18.9004
5.1651998    13.1924    18.9004
5.1636    13.118    18.9004
5.1628    12.9852    18.9004
5.1644    12.935599    18.9004
5.1675997    12.780399    18.9004
5.17    12.618    18.9004
5.17    12.5988    18.9004
5.1707997    12.5756    18.9004
5.1772    12.414    18.9004
5.1804    12.331599    18.9004
5.1828    12.242    18.9004
5.186    12.1868    18.9004
5.1907997    12.07    18.9004
5.1988    11.9332    18.9004
5.2051997    11.8372    18.9004
5.2156    11.671599    18.9004
5.2236    11.5571995    18.9004
5.2316    11.446799    18.9004
5.2468    11.257199    18.9004
5.2507997    11.2028    18.9004
5.2707996    10.9628    18.9004
5.2732    10.9404    18.9004
5.2748    10.9212    18.9004
5.2771997    10.8932    18.9004
5.286    10.8043995    18.9004
5.3004    10.6524    18.9004
5.3076    10.5812    18.9004
5.3324    10.3404    18.9004
5.3412    10.254    18.9004
5.3547997    10.1156    18.9004
5.3603997    10.066    18.9004
5.3924    9.7908    18.9004
5.4115996    9.631599    18.9004
5.4228    9.5444    18.9004
5.446    9.3564    18.9004
5.4579997    9.2628    18.9004
