13.9948    1.106    17.1004
13.993199    1.1068    17.1004
13.9572    1.122    17.1004
13.9172    1.1331999    17.1004
13.8924    1.1388    17.1004
13.8524    1.1412    17.1004
13.8404    1.142    17.1004
13.7948    1.1388    17.1004
13.7556    1.1276    17.1004
13.742    1.1236    17.1004
13.7355995    1.1212    17.1004
13.681999    1.0956    17.1004
13.6796    1.094    17.1004
13.6748    1.0907999    17.1004
13.637199    1.0604    17.1004
13.6284    1.054    17.1004
13.618    1.0428    17.1004
13.5868    1.0052    17.1004
13.5803995    0.9956    17.1004
13.578799    0.986    17.1004
13.566    0.9316    17.1004
13.561199    0.914    17.1004
13.5588    0.88119996    17.1004
13.5571995    0.8476    17.1004
13.5596    0.79639995    17.1004
13.5644    0.7436    17.1004
13.5724    0.7028    17.1004
13.590799    0.61719996    17.1004
13.591599    0.6132    17.1004
13.5924    0.61079997    17.1004
13.6108    0.5628    17.1004
13.625999    0.54359996    17.1004
13.6348    0.5372    17.1004
13.6588    0.53319997    17.1004
13.67    0.5284    17.1004
13.6956    0.5252    17.1004
13.71    0.52279997    17.1004
13.7428    0.522    17.1004
13.7484    0.5212    17.1004
13.769199    0.5212    17.1004
13.8396    0.5244    17.1004
13.997999    0.5284    17.1004
13.998799    0.5284    17.1004
13.999599    0.5284    17.1004
14.0524    0.53    17.1004
14.061999    0.53319997    17.1004
14.0812    0.538    17.1004
14.0868    0.55    17.1004
14.0988    0.5604    17.1004
14.108399    0.5916    17.1004
14.1156    0.6148    17.1004
14.1292    0.6756    17.1004
14.1348    0.69879997    17.1004
14.138    0.7284    17.1004
14.1444    0.7876    17.1004
14.1452    0.8084    17.1004
14.1468    0.838    17.1004
14.1412    0.8756    17.1004
14.138    0.918    17.1004
14.1332    0.94519997    17.1004
14.1276    0.96199995    17.1004
14.1156    0.99079996    17.1004
14.1068    1.0108    17.1004
14.0988    1.022    17.1004
14.0636    1.058    17.1004
14.054    1.0676    17.1004
14.050799    1.0699999    17.1004
14.0492    1.0716    17.1004
14.0036    1.1004    17.1004
13.9948    1.106    17.1004
