0.7996    42.798    21.3004
0.82519996    42.7444    21.3004
0.89479995    42.6044    21.3004
0.94759995    42.4964    21.3004
0.96519995    42.4596    21.3004
0.97639996    42.4388    21.3004
1.0244    42.3444    21.3004
1.0732    42.2492    21.3004
1.0812    42.2332    21.3004
1.1084    42.183598    21.3004
1.1484    42.1084    21.3004
1.1636    42.0804    21.3004
1.2132    41.9892    21.3004
1.2379999    41.9436    21.3004
1.2692    41.8868    21.3004
1.3468    41.7492    21.3004
1.362    41.722    21.3004
1.4252    41.6084    21.3004
1.4435999    41.5764    21.3004
1.5228    41.4372    21.3004
1.5236    41.434    21.3004
1.5372    41.41    21.3004
1.5636    41.3676    21.3004
1.566    41.3628    21.3004
1.5691999    41.3572    21.3004
1.6035999    41.3004    21.3004
1.638    41.2436    21.3004
1.6467999    41.2276    21.3004
1.666    41.203598    21.3004
1.6716    41.194    21.3004
1.706    41.1532    21.3004
1.7068    41.152397    21.3004
1.7068    41.1516    21.3004
1.7084    41.1508    21.3004
1.7603999    41.1012    21.3004
1.8027999    41.0636    21.3004
1.842    41.029198    21.3004
1.8596    41.014797    21.3004
1.8812    40.9948    21.3004
1.898    40.981197    21.3004
1.918    40.9652    21.3004
1.9203999    40.9628    21.3004
1.9211999    40.9612    21.3004
1.9228    40.9604    21.3004
1.9252    40.958797    21.3004
1.9516    40.9372    21.3004
1.9676    40.926    21.3004
1.9715999    40.9212    21.3004
1.9771999    40.9188    21.3004
1.9899999    40.9076    21.3004
1.9995999    40.902    21.3004
2.0012    40.899597    21.3004
2.0036    40.8988    21.3004
2.01    40.8948    21.3004
2.0268    40.882    21.3004
2.042    40.87    21.3004
2.0492    40.863598    21.3004
2.0572    40.8588    21.3004
2.0651999    40.854797    21.3004
2.0795999    40.842    21.3004
2.1076    40.824398    21.3004
2.134    40.8076    21.3004
2.1411998    40.8028    21.3004
2.1732    40.7836    21.3004
2.1915998    40.7716    21.3004
2.234    40.7476    21.3004
2.25    40.737198    21.3004
2.2676    40.728397    21.3004
2.2868    40.717197    21.3004
2.2956    40.7124    21.3004
2.31    40.703598    21.3004
2.322    40.6988    21.3004
2.3796    40.6716    21.3004
2.3955998    40.663597    21.3004
2.4204    40.6508    21.3004
2.4204    40.649998    21.3004
2.4508    40.638    21.3004
2.4515998    40.638    21.3004
2.4684    40.6476    21.3004
2.4692    40.6484    21.3004
2.4747999    40.6764    21.3004
2.4891999    40.722797    21.3004
2.5132    40.815598    21.3004
2.5332    40.880398    21.3004
2.5396    40.9012    21.3004
2.5635998    40.9876    21.3004
2.5723999    41.023598    21.3004
2.5732    41.0268    21.3004
2.574    41.0332    21.3004
2.5788    41.085197    21.3004
2.5804    41.101997    21.3004
2.5804    41.1572    21.3004
2.5804    41.1788    21.3004
2.5795999    41.2252    21.3004
2.5788    41.2572    21.3004
2.5732    41.3508    21.3004
2.5732    41.354    21.3004
2.5723999    41.3572    21.3004
2.5716    41.3628    21.3004
2.5676    41.3948    21.3004
2.562    41.4092    21.3004
2.5572    41.4372    21.3004
2.5507998    41.4524    21.3004
2.546    41.4684    21.3004
2.5396    41.4836    21.3004
2.534    41.494    21.3004
2.5252    41.512398    21.3004
2.514    41.5332    21.3004
2.4764    41.6044    21.3004
2.4684    41.6212    21.3004
2.4572    41.6404    21.3004
2.4155998    41.7156    21.3004
2.398    41.7476    21.3004
2.3644    41.8036    21.3004
2.3444    41.835598    21.3004
2.3107998    41.8908    21.3004
2.2956    41.913998    21.3004
2.2747998    41.946    21.3004
2.2331998    42.009197    21.3004
2.1948    42.0676    21.3004
2.074    42.2492    21.3004
2.0444    42.2948    21.3004
1.9699999    42.41    21.3004
1.9668    42.413998    21.3004
1.9571999    42.43    21.3004
1.9036    42.5156    21.3004
1.8651999    42.5764    21.3004
1.8468    42.605198    21.3004
1.8019999    42.6772    21.3004
1.7964    42.686    21.3004
1.782    42.709198    21.3004
1.7412    42.776398    21.3004
1.7227999    42.8084    21.3004
1.6876    42.8676    21.3004
1.6603999    42.913998    21.3004
1.6395999    42.950798    21.3004
1.5835999    43.045998    21.3004
1.5604    43.085197    21.3004
1.4843999    43.220398    21.3004
1.4404    43.2972    21.3004
1.4156    43.341198    21.3004
1.4044    43.3628    21.3004
1.3651999    43.438    21.3004
1.3268    43.5132    21.3004
1.3044    43.557198    21.3004
1.2908    43.585197    21.3004
1.286    43.596397    21.3004
1.2756    43.6196    21.3004
1.2708    43.634    21.3004
1.2659999    43.646    21.3004
1.2612    43.6588    21.3004
1.2556    43.677998    21.3004
1.2396    43.739597    21.3004
1.2292    43.7804    21.3004
1.2132    43.842    21.3004
1.1788    43.994    21.3004
1.1764    44.0028    21.3004
1.1764    44.003597    21.3004
1.1764    44.0044    21.3004
1.1764    44.0052    21.3004
1.174    44.0132    21.3004
1.158    44.0812    21.3004
1.1572    44.085197    21.3004
1.1539999    44.0948    21.3004
1.1475999    44.118797    21.3004
1.0796    44.362    21.3004
1.0516    44.4612    21.3004
1.0308    44.5364    21.3004
1.0172    44.5868    21.3004
1.0059999    44.621998    21.3004
0.9884    44.6828    21.3004
0.98279995    44.7012    21.3004
0.95239997    44.798    21.3004
0.9332    44.857998    21.3004
0.9284    44.8724    21.3004
0.91319996    44.905197    21.3004
0.90279996    44.9316    21.3004
0.88519996    44.944397    21.3004
0.8788    44.9524    21.3004
0.8756    44.9548    21.3004
0.87479997    44.9548    21.3004
0.7988    45.006    21.3004
0.7628    45.029198    21.3004
0.722    45.053997    21.3004
0.6932    45.070797    21.3004
0.654    45.0916    21.3004
0.63    45.1044    21.3004
0.6044    45.116398    21.3004
0.534    45.1516    21.3004
0.5172    45.1588    21.3004
0.4292    45.197998    21.3004
0.41079998    45.203598    21.3004
0.4084    45.2052    21.3004
0.4044    45.203598    21.3004
0.3924    45.1964    21.3004
0.3836    45.177998    21.3004
0.37719998    45.17    21.3004
0.34039998    45.098    21.3004
0.31399998    45.045998    21.3004
0.28919998    44.9964    21.3004
0.27719998    44.973198    21.3004
0.2572    44.9356    21.3004
0.2532    44.926    21.3004
0.2444    44.9004    21.3004
0.242    44.8836    21.3004
0.23959999    44.8764    21.3004
0.23799999    44.869198    21.3004
0.234    44.812397    21.3004
0.2316    44.7884    21.3004
0.2276    44.7412    21.3004
0.2244    44.717197    21.3004
0.218    44.6516    21.3004
0.2164    44.6316    21.3004
0.2164    44.621998    21.3004
0.2164    44.61    21.3004
0.2228    44.5676    21.3004
0.2228    44.5668    21.3004
0.2236    44.5644    21.3004
0.2452    44.458    21.3004
0.24759999    44.445198    21.3004
0.2748    44.318798    21.3004
0.2828    44.2852    21.3004
0.35079998    43.9948    21.3004
0.3548    43.978    21.3004
0.36839998    43.925198    21.3004
0.37559998    43.899597    21.3004
0.39159998    43.843597    21.3004
0.4148    43.7604    21.3004
0.4156    43.758    21.3004
0.44039997    43.672398    21.3004
0.4556    43.626    21.3004
0.45639998    43.6228    21.3004
0.4572    43.6212    21.3004
0.47399998    43.562798    21.3004
0.47959998    43.5452    21.3004
0.49719998    43.489998    21.3004
0.5068    43.4604    21.3004
0.5172    43.430798    21.3004
0.5244    43.4116    21.3004
0.5356    43.382797    21.3004
0.5484    43.3484    21.3004
0.5604    43.318    21.3004
0.5764    43.2796    21.3004
0.60679996    43.2052    21.3004
0.6124    43.192398    21.3004
0.66359997    43.0804    21.3004
0.6684    43.07    21.3004
0.686    43.0324    21.3004
0.7236    42.9556    21.3004
0.7996    42.798    21.3004
