19.621199    31.483599    13.2004
19.6372    31.461199    13.2004
19.6444    31.449999    13.2004
19.656399    31.4324    13.2004
19.657999    31.4292    13.2004
19.6612    31.425999    13.2004
19.6876    31.3932    13.2004
19.6988    31.382    13.2004
19.7076    31.3716    13.2004
19.726799    31.351599    13.2004
19.734    31.3436    13.2004
19.762    31.317999    13.2004
19.765999    31.314798    13.2004
19.7756    31.306799    13.2004
19.799599    31.286798    13.2004
19.8028    31.284399    13.2004
19.8372    31.2612    13.2004
19.8428    31.257198    13.2004
19.8436    31.2564    13.2004
19.8452    31.2556    13.2004
19.896399    31.229198    13.2004
19.9116    31.222    13.2004
19.938799    31.210798    13.2004
19.966799    31.2004    13.2004
20.001999    31.188398    13.2004
20.038    31.178799    13.2004
20.0516    31.1756    13.2004
20.0844    31.1708    13.2004
20.1028    31.169199    13.2004
20.1196    31.167599    13.2004
20.1364    31.165998    13.2004
20.161999    31.167599    13.2004
20.1764    31.17    13.2004
20.194    31.174799    13.2004
20.208399    31.1796    13.2004
20.2356    31.1924    13.2004
20.2756    31.213999    13.2004
20.282    31.217999    13.2004
20.306799    31.2332    13.2004
20.3244    31.247599    13.2004
20.3268    31.249199    13.2004
20.3284    31.2508    13.2004
20.35    31.2724    13.2004
20.3676    31.288399    13.2004
20.378    31.306    13.2004
20.3844    31.3132    13.2004
20.396399    31.333199    13.2004
20.3996    31.338799    13.2004
20.4012    31.3428    13.2004
20.41    31.3604    13.2004
20.414    31.368399    13.2004
20.4156    31.3748    13.2004
20.418    31.392399    13.2004
20.416399    31.3956    13.2004
20.410799    31.4172    13.2004
20.3972    31.4492    13.2004
20.3916    31.461199    13.2004
20.385199    31.473999    13.2004
20.373999    31.5012    13.2004
20.3668    31.514    13.2004
20.3452    31.5532    13.2004
20.3436    31.556398    13.2004
20.342    31.5588    13.2004
20.326    31.585999    13.2004
20.3172    31.594    13.2004
20.3036    31.6076    13.2004
20.2972    31.6132    13.2004
20.2908    31.617199    13.2004
20.2684    31.63    13.2004
20.2372    31.6468    13.2004
20.1996    31.6668    13.2004
20.1428    31.695599    13.2004
20.1356    31.6988    13.2004
20.132399    31.7004    13.2004
20.128399    31.702    13.2004
20.0588    31.734798    13.2004
20.0236    31.749199    13.2004
20.0164    31.7524    13.2004
19.9652    31.775599    13.2004
19.962    31.777199    13.2004
19.9252    31.7916    13.2004
19.9012    31.799599    13.2004
19.8884    31.802    13.2004
19.8676    31.805199    13.2004
19.8212    31.8044    13.2004
19.8204    31.8044    13.2004
19.741999    31.792398    13.2004
19.7228    31.788399    13.2004
19.697199    31.784399    13.2004
19.674799    31.7788    13.2004
19.657999    31.7764    13.2004
19.6484    31.7724    13.2004
19.6244    31.762    13.2004
19.6052    31.7508    13.2004
19.5964    31.743599    13.2004
19.5924    31.737999    13.2004
19.586    31.729198    13.2004
19.5812    31.721199    13.2004
19.5724    31.693998    13.2004
19.5684    31.682    13.2004
19.566    31.6524    13.2004
19.566    31.646    13.2004
19.566    31.6404    13.2004
19.5668    31.613998    13.2004
19.569199    31.594799    13.2004
19.569199    31.5924    13.2004
19.570799    31.5884    13.2004
19.5788    31.565199    13.2004
19.5892    31.538    13.2004
19.59    31.5364    13.2004
19.5916    31.533998    13.2004
19.605999    31.507599    13.2004
19.6132    31.496399    13.2004
19.621199    31.483599    13.2004
