1.578    40.3948    24.3004
1.6331999    40.346798    24.3004
1.7508    40.25    24.3004
1.7988    40.211597    24.3004
1.8548    40.166    24.3004
1.9219999    40.113197    24.3004
2.0044    40.0468    24.3004
2.026    40.03    24.3004
2.1252    39.956398    24.3004
2.1348    39.9492    24.3004
2.1404    39.945198    24.3004
2.1499999    39.939598    24.3004
2.1708    39.9228    24.3004
2.1859999    39.9316    24.3004
2.1924    39.934    24.3004
2.1948    39.936398    24.3004
2.2059999    39.95    24.3004
2.2396    39.9884    24.3004
2.2652    40.0196    24.3004
2.3084    40.0756    24.3004
2.342    40.118    24.3004
2.4012    40.1916    24.3004
2.4668    40.2772    24.3004
2.5147998    40.3388    24.3004
2.6148    40.4708    24.3004
2.6316    40.4932    24.3004
2.6339998    40.4972    24.3004
2.6604    40.5324    24.3004
2.6636    40.537197    24.3004
2.6668    40.545998    24.3004
2.6755998    40.5596    24.3004
2.6771998    40.562    24.3004
2.6771998    40.5644    24.3004
2.6755998    40.585197    24.3004
2.6724    40.59    24.3004
2.6204    40.6548    24.3004
2.5556    40.739597    24.3004
2.4644    40.854797    24.3004
2.3868    40.954    24.3004
2.3508    40.997997    24.3004
2.2563999    41.118    24.3004
2.2524    41.1228    24.3004
2.2475998    41.127598    24.3004
2.2028    41.1804    24.3004
2.1499999    41.242    24.3004
2.0916    41.304398    24.3004
2.0876    41.3084    24.3004
2.0244    41.3708    24.3004
2.0244    41.371597    24.3004
2.0212    41.3732    24.3004
2.0012    41.3892    24.3004
1.9956    41.3932    24.3004
1.9876    41.3948    24.3004
1.9779999    41.3948    24.3004
1.9548    41.3556    24.3004
1.9188    41.289997    24.3004
1.9156    41.2828    24.3004
1.8587999    41.1708    24.3004
1.8579999    41.17    24.3004
1.8571999    41.1676    24.3004
1.7788    40.986797    24.3004
1.7292    40.8668    24.3004
1.7035999    40.804398    24.3004
1.6603999    40.6996    24.3004
1.6107999    40.579597    24.3004
1.5891999    40.5252    24.3004
1.5596    40.4572    24.3004
1.554    40.4412    24.3004
1.554    40.4316    24.3004
1.5564    40.419598    24.3004
1.566    40.408398    24.3004
1.578    40.3948    24.3004
