17.626799    13.5468    8.7004
17.6292    13.561999    8.7004
17.632399    13.607599    8.7004
17.633999    13.653199    8.7004
17.6348    13.67    8.7004
17.6348    13.681999    8.7004
17.6332    13.7428    8.7004
17.632399    13.752399    8.7004
17.63    13.785999    8.7004
17.626    13.8404    8.7004
17.626    13.842    8.7004
17.6252    13.842    8.7004
17.6252    13.842799    8.7004
17.6244    13.8468    8.7004
17.6164    13.8932    8.7004
17.614    13.906799    8.7004
17.6068    13.9516    8.7004
17.5956    14.0012    8.7004
17.593199    14.009999    8.7004
17.5916    14.016399    8.7004
17.5748    14.0724    8.7004
17.5724    14.082    8.7004
17.5564    14.1268    8.7004
17.552399    14.137199    8.7004
17.5388    14.170799    8.7004
17.526    14.202    8.7004
17.5172    14.221999    8.7004
17.51    14.238    8.7004
17.496399    14.263599    8.7004
17.4876    14.281199    8.7004
17.4756    14.3068    8.7004
17.4636    14.3292    8.7004
17.4468    14.3572    8.7004
17.438    14.372399    8.7004
17.4156    14.4052    8.7004
17.3772    14.4612    8.7004
17.3732    14.4668    8.7004
17.3724    14.4676    8.7004
17.3436    14.502    8.7004
17.326    14.5236    8.7004
17.3076    14.5436    8.7004
17.289999    14.561999    8.7004
17.2748    14.578    8.7004
17.258    14.5948    8.7004
17.226    14.6292    8.7004
17.221199    14.634    8.7004
17.2116    14.642799    8.7004
17.1812    14.6692    8.7004
17.1684    14.6812    8.7004
17.1292    14.714    8.7004
17.1188    14.7212    8.7004
17.062    14.7652    8.7004
17.0516    14.7724    8.7004
16.9924    14.8108    8.7004
16.9884    14.8132    8.7004
16.9604    14.8292    8.7004
16.9412    14.8404    8.7004
16.9348    14.844399    8.7004
16.8692    14.8804    8.7004
16.858    14.8852    8.7004
16.8172    14.9036    8.7004
16.784399    14.918799    8.7004
16.7484    14.9332    8.7004
16.7124    14.9452    8.7004
16.685999    14.9548    8.7004
16.6308    14.969999    8.7004
16.611599    14.975599    8.7004
16.5804    14.9828    8.7004
16.553999    14.9892    8.7004
16.529999    14.992399    8.7004
16.498    14.9972    8.7004
16.4788    14.999599    8.7004
16.437199    15.004399    8.7004
16.431599    15.005199    8.7004
16.4052    15.0076    8.7004
16.3796    15.0092    8.7004
16.373999    15.0092    8.7004
16.3276    15.009999    8.7004
16.2708    15.010799    8.7004
16.2132    15.0076    8.7004
16.174799    15.003599    8.7004
16.1468    15.0004    8.7004
16.121199    14.9972    8.7004
16.0908    14.993199    8.7004
16.034    14.981999    8.7004
16.0268    14.981199    8.7004
15.9492    14.962    8.7004
15.947599    14.962    8.7004
15.945999    14.9612    8.7004
15.861199    14.938    8.7004
15.853999    14.935599    8.7004
15.842    14.9307995    8.7004
15.75    14.895599    8.7004
15.738    14.8907995    8.7004
15.7036    14.8764    8.7004
15.670799    14.8619995    8.7004
15.653999    14.854    8.7004
15.6036    14.8292    8.7004
15.585199    14.818    8.7004
15.5476    14.797999    8.7004
15.510799    14.7772    8.7004
15.4908    14.7652    8.7004
15.4556    14.7428    8.7004
15.4372    14.7308    8.7004
15.4084    14.71    8.7004
15.377199    14.687599    8.7004
15.366799    14.6796    8.7004
15.319599    14.641999    8.7004
15.308399    14.6332    8.7004
15.2932    14.619599    8.7004
15.25    14.5828    8.7004
15.217999    14.555599    8.7004
15.202    14.539599    8.7004
15.174    14.5124    8.7004
15.1636    14.5028    8.7004
15.1491995    14.486799    8.7004
15.1147995    14.4484    8.7004
15.0884    14.4196    8.7004
15.0748    14.401999    8.7004
15.046    14.365999    8.7004
15.026    14.337999    8.7004
15.0092    14.3132    8.7004
14.9844    14.2755995    8.7004
14.9684    14.2492    8.7004
14.9564    14.2276    8.7004
14.9492    14.214    8.7004
14.934    14.1868    8.7004
14.918799    14.153199    8.7004
14.9092    14.1324    8.7004
14.901999    14.1156    8.7004
14.8876    14.0868    8.7004
14.872399    14.0404    8.7004
14.8684    14.027599    8.7004
14.8619995    14.0092    8.7004
14.8524    13.9772    8.7004
14.843599    13.9436    8.7004
14.8412    13.9307995    8.7004
14.8348    13.9036    8.7004
14.831599    13.8876    8.7004
14.8228    13.8364    8.7004
14.822    13.831599    8.7004
14.822    13.8292    8.7004
14.820399    13.8052    8.7004
14.8188    13.7699995    8.7004
14.818    13.7668    8.7004
14.814799    13.710799    8.7004
14.814799    13.705199    8.7004
14.814799    13.6908    8.7004
14.815599    13.6636    8.7004
14.8164    13.637199    8.7004
14.818    13.618    8.7004
14.820399    13.5876    8.7004
14.822    13.5692    8.7004
14.8228    13.5644    8.7004
14.8284    13.510799    8.7004
14.8292    13.505199    8.7004
14.8356    13.4732    8.7004
14.8396    13.4516    8.7004
14.8412    13.4444    8.7004
14.843599    13.4324    8.7004
14.8564    13.3748    8.7004
14.858    13.3652    8.7004
14.871599    13.3188    8.7004
14.873199    13.3124    8.7004
14.8764    13.3012    8.7004
14.889999    13.2652    8.7004
14.895599    13.25    8.7004
14.91    13.214    8.7004
14.9204    13.186    8.7004
14.9396    13.1444    8.7004
14.95    13.122    8.7004
14.966    13.0892    8.7004
14.9804    13.0604    8.7004
14.987599    13.0468    8.7004
15.0124    13.006    8.7004
15.015599    12.998799    8.7004
15.044399    12.952399    8.7004
15.0484    12.9452    8.7004
15.0772    12.9028    8.7004
15.078799    12.8996    8.7004
15.0803995    12.898    8.7004
15.102799    12.8684    8.7004
15.1292    12.834    8.7004
15.131599    12.831599    8.7004
15.1788    12.7764    8.7004
15.186    12.7676    8.7004
15.217999    12.7316    8.7004
15.229199    12.7188    8.7004
15.2316    12.7164    8.7004
15.2324    12.7156    8.7004
15.2884    12.6588    8.7004
15.297999    12.6491995    8.7004
15.3452    12.607599    8.7004
15.354799    12.598    8.7004
15.389199    12.5692    8.7004
15.395599    12.562799    8.7004
15.414    12.5484    8.7004
15.4196    12.544399    8.7004
15.4396    12.528399    8.7004
15.463599    12.5124    8.7004
15.4732    12.5068    8.7004
15.4844    12.5076    8.7004
15.5028    12.504399    8.7004
15.5204    12.510799    8.7004
15.526799    12.5132    8.7004
15.537999    12.5196    8.7004
15.5532    12.53    8.7004
15.573999    12.539599    8.7004
15.5836    12.545199    8.7004
15.589999    12.545199    8.7004
15.619599    12.533999    8.7004
15.622    12.5324    8.7004
15.624399    12.5308    8.7004
15.641999    12.498    8.7004
15.642799    12.4948    8.7004
15.6435995    12.4939995    8.7004
15.6508    12.4716    8.7004
15.660399    12.452399    8.7004
15.6668    12.4404    8.7004
15.67    12.435599    8.7004
15.683599    12.417999    8.7004
15.6868    12.4148    8.7004
15.7067995    12.3988    8.7004
15.714    12.394    8.7004
15.739599    12.3772    8.7004
15.781199    12.3532    8.7004
15.7964    12.3452    8.7004
15.8331995    12.325999    8.7004
15.842799    12.322    8.7004
15.8764    12.3076    8.7004
15.8876    12.302    8.7004
15.9228    12.286799    8.7004
15.936399    12.282    8.7004
15.9548    12.2755995    8.7004
15.975599    12.268399    8.7004
16.0092    12.2588    8.7004
16.0124    12.257999    8.7004
16.0388    12.2508    8.7004
16.041199    12.25    8.7004
16.0884    12.2428    8.7004
16.0892    12.2428    8.7004
16.1092    12.2411995    8.7004
16.1148    12.242    8.7004
16.1196    12.2436    8.7004
16.1388    12.2476    8.7004
16.161999    12.2596    8.7004
16.167599    12.262799    8.7004
16.173199    12.266    8.7004
16.1932    12.2836    8.7004
16.2068    12.2884    8.7004
16.2316    12.3004    8.7004
16.2348    12.297999    8.7004
16.2596    12.2788    8.7004
16.2692    12.2532    8.7004
16.278    12.229199    8.7004
16.2788    12.2268    8.7004
16.2988    12.1908    8.7004
16.314    12.1723995    8.7004
16.3196    12.165199    8.7004
16.338    12.15    8.7004
16.3436    12.1468    8.7004
16.3468    12.1452    8.7004
16.362    12.1396    8.7004
16.3764    12.138    8.7004
16.402    12.136399    8.7004
16.4132    12.136399    8.7004
16.4324    12.136399    8.7004
16.4468    12.137199    8.7004
16.454    12.137199    8.7004
16.49    12.1404    8.7004
16.4988    12.1412    8.7004
16.5388    12.1468    8.7004
16.546    12.148399    8.7004
16.5924    12.158    8.7004
16.604399    12.1612    8.7004
16.609999    12.1628    8.7004
16.6524    12.1732    8.7004
16.6684    12.1788    8.7004
16.7164    12.194799    8.7004
16.782799    12.222799    8.7004
16.7916    12.226    8.7004
16.793999    12.2276    8.7004
16.798    12.229199    8.7004
16.8468    12.251599    8.7004
16.8772    12.268399    8.7004
16.8972    12.2796    8.7004
16.927599    12.2964    8.7004
16.9468    12.3084    8.7004
17.006    12.3468    8.7004
17.0116    12.3508    8.7004
17.0172    12.354799    8.7004
17.062    12.389999    8.7004
17.078    12.4036    8.7004
17.0964    12.418799    8.7004
17.1132    12.4348    8.7004
17.1348    12.452399    8.7004
17.1596    12.4748    8.7004
17.174    12.49    8.7004
17.1868    12.504399    8.7004
17.221199    12.5428    8.7004
17.237999    12.561999    8.7004
17.271599    12.6044    8.7004
17.2948    12.634    8.7004
17.301199    12.641999    8.7004
17.3276    12.6796    8.7004
17.3316    12.6844    8.7004
17.3612    12.7324    8.7004
17.364399    12.7372    8.7004
17.3676    12.7428    8.7004
17.4004    12.803599    8.7004
17.403599    12.809199    8.7004
17.4212    12.844399    8.7004
17.4356    12.872399    8.7004
17.437199    12.8748    8.7004
17.455599    12.9156    8.7004
17.4764    12.9628    8.7004
17.477999    12.9684    8.7004
17.4804    12.974    8.7004
17.498    13.0196    8.7004
17.500399    13.0252    8.7004
17.5196    13.0764    8.7004
17.538    13.1348    8.7004
17.542799    13.1524    8.7004
17.55    13.171599    8.7004
17.5668    13.2316    8.7004
17.57    13.2428    8.7004
17.5716    13.25    8.7004
17.581999    13.2852    8.7004
17.5884    13.308399    8.7004
17.594    13.3364    8.7004
17.602    13.3812    8.7004
17.604399    13.394    8.7004
17.6132    13.4404    8.7004
17.618    13.4692    8.7004
17.6188    13.4748    8.7004
17.621199    13.4916    8.7004
17.626    13.538    8.7004
17.626799    13.5468    8.7004
