46.141197    3.0108    0.3004
46.1572    3.0124    0.3004
46.294    3.0451999    0.3004
46.3092    3.0491998    0.3004
46.439598    3.1028    0.3004
46.454    3.1092    0.3004
46.5748    3.1836    0.3004
46.588398    3.1915998    0.3004
46.6956    3.2828    0.3004
46.7076    3.2932    0.3004
46.798798    3.4004    0.3004
46.8092    3.4124    0.3004
46.8836    3.5332    0.3004
46.891598    3.5468    0.3004
46.945198    3.6771998    0.3004
46.9516    3.6915998    0.3004
46.984398    3.8284    0.3004
46.9884    3.8435998    0.3004
46.9988    3.9843998    0.3004
47.0004    4.0004    0.3004
47.0004    8.499599    0.3004
47.0004    9.0004    0.3004
47.0004    24.298    0.3004
47.0004    26.000399    0.3004
46.989998    26.1412    0.3004
46.9884    26.1572    0.3004
46.955597    26.293999    0.3004
46.9516    26.3092    0.3004
46.898    26.4396    0.3004
46.891598    26.453999    0.3004
46.8172    26.574799    0.3004
46.8092    26.5884    0.3004
46.718    26.695599    0.3004
46.7076    26.7076    0.3004
46.6004    26.7988    0.3004
46.588398    26.809198    0.3004
46.467598    26.8836    0.3004
46.454    26.8916    0.3004
46.323597    26.9452    0.3004
46.3092    26.9516    0.3004
46.172398    26.9844    0.3004
46.1572    26.9884    0.3004
46.0164    26.998798    0.3004
46.0004    27.000399    0.3004
45.8852    27.000399    0.3004
44.8476    27.000399    0.3004
44.7076    26.989199    0.3004
44.691597    26.9884    0.3004
44.5556    26.9564    0.3004
44.540398    26.9524    0.3004
44.41    26.8988    0.3004
44.3956    26.892399    0.3004
44.276398    26.8196    0.3004
44.2628    26.8116    0.3004
44.155598    26.721199    0.3004
44.1436    26.7108    0.3004
44.0524    26.604399    0.3004
44.042    26.5924    0.3004
43.967598    26.4732    0.3004
43.9596    26.459599    0.3004
43.905197    26.3308    0.3004
43.8988    26.316399    0.3004
43.8652    26.1796    0.3004
43.8612    26.1644    0.3004
43.494    23.961199    0.3004
40.194798    4.1644    0.3004
40.1828    4.0092    0.3004
40.1812    3.9915998    0.3004
40.1956    3.8372    0.3004
40.1972    3.8195999    0.3004
40.2388    3.6692    0.3004
40.2436    3.6524    0.3004
40.3108    3.5116    0.3004
40.318    3.4956    0.3004
40.4076    3.3683999    0.3004
40.418    3.3539999    0.3004
40.529198    3.2436    0.3004
40.5412    3.2315998    0.3004
40.669197    3.1427999    0.3004
40.683598    3.1332    0.3004
40.824398    3.0676    0.3004
40.8404    3.0604    0.3004
40.9916    3.0203998    0.3004
41.0084    3.0156    0.3004
41.163597    3.0019999    0.3004
41.1812    3.0003998    0.3004
41.663597    3.0003998    0.3004
46.0004    3.0003998    0.3004
46.141197    3.0108    0.3004
