29.6764    26.6524    1.8004
29.7396    26.6668    1.8004
29.8364    26.6724    1.8004
29.9012    26.6764    1.8004
29.998    26.6668    1.8004
30.061998    26.660398    1.8004
30.156399    26.6348    1.8004
30.2188    26.618    1.8004
30.306799    26.578    1.8004
30.366    26.550798    1.8004
30.446798    26.4972    1.8004
30.500399    26.461199    1.8004
30.5716    26.3948    1.8004
30.6188    26.3508    1.8004
30.678    26.274    1.8004
30.717999    26.2228    1.8004
30.764399    26.137999    1.8004
30.7948    26.0812    1.8004
30.8268    25.989199    1.8004
30.8484    25.9284    1.8004
30.8652    25.8324    1.8004
30.8764    25.7684    1.8004
31.063599    23.732399    1.8004
31.3452    20.6764    1.8004
31.345999    20.5732    1.8004
31.345999    20.5044    1.8004
31.3284    20.4028    1.8004
31.3172    20.334799    1.8004
31.282799    20.237999    1.8004
31.260399    20.173199    1.8004
31.21    20.0828    1.8004
31.1764    20.0228    1.8004
31.1108    19.942799    1.8004
31.067598    19.89    1.8004
30.99    19.821999    1.8004
30.938    19.777199    1.8004
30.849998    19.7236    1.8004
30.7908    19.6876    1.8004
30.6964    19.6812    1.8004
30.633999    19.6772    1.8004
30.539598    19.6852    1.8004
30.4772    19.6908    1.8004
30.386    19.713999    1.8004
30.3252    19.7292    1.8004
30.237999    19.765999    1.8004
30.180399    19.7908    1.8004
30.100399    19.840399    1.8004
30.0476    19.873999    1.8004
29.976398    19.9356    1.8004
29.9292    19.9772    1.8004
29.868399    20.05    1.8004
29.8284    20.098    1.8004
29.7796    20.178799    1.8004
29.747599    20.2332    1.8004
29.712399    20.3204    1.8004
29.6892    20.3788    1.8004
29.0924    22.2868    1.8004
28.197199    25.150799    1.8004
28.1764    25.2428    1.8004
28.1628    25.3044    1.8004
28.156399    25.397999    1.8004
28.1524    25.4604    1.8004
28.160398    25.5548    1.8004
28.165998    25.617199    1.8004
28.1892    25.708399    1.8004
28.2044    25.7692    1.8004
28.2412    25.855598    1.8004
28.265999    25.913198    1.8004
28.316399    25.993198    1.8004
28.349998    26.046    1.8004
28.4116    26.117199    1.8004
28.4532    26.1644    1.8004
28.5252    26.225199    1.8004
28.5732    26.2652    1.8004
28.654    26.3132    1.8004
28.708399    26.3452    1.8004
28.795599    26.3804    1.8004
28.854    26.403599    1.8004
29.145199    26.494799    1.8004
29.581999    26.6316    1.8004
29.6764    26.6524    1.8004
