13.0948    26.993198    1.8004
13.1572    26.9884    1.8004
13.2484    26.966    1.8004
13.309199    26.9516    1.8004
13.3963995    26.9156    1.8004
13.4539995    26.8916    1.8004
13.5348    26.842    1.8004
13.5884    26.809198    1.8004
13.659599    26.7484    1.8004
13.7076    26.7076    1.8004
13.768399    26.6364    1.8004
13.809199    26.5884    1.8004
13.8588    26.507599    1.8004
13.8916    26.453999    1.8004
13.9276    26.366798    1.8004
13.9516    26.3092    1.8004
13.974    26.217999    1.8004
13.9883995    26.1572    1.8004
13.9956    26.0628    1.8004
14.0004    26.000399    1.8004
14.0004    22.001999    1.8004
14.0004    16.0004    1.8004
13.993199    15.905999    1.8004
13.9883995    15.843599    1.8004
13.966    15.752399    1.8004
13.9516    15.6916    1.8004
13.9156    15.6044    1.8004
13.8916    15.5468    1.8004
13.842    15.466    1.8004
13.809199    15.412399    1.8004
13.7484    15.3412    1.8004
13.7076    15.2932    1.8004
13.636399    15.2324    1.8004
13.5884    15.1916    1.8004
13.5076    15.141999    1.8004
13.4539995    15.1092    1.8004
13.366799    15.073199    1.8004
13.309199    15.0492    1.8004
13.217999    15.026799    1.8004
13.1572    15.0124    1.8004
13.062799    15.005199    1.8004
13.0004    15.0004    1.8004
12.6004    15.0004    1.8004
12.0004    15.0004    1.8004
11.906    15.0076    1.8004
11.843599    15.0124    1.8004
11.752399    15.0348    1.8004
11.6916    15.0492    1.8004
11.6044    15.085199    1.8004
11.5468    15.1092    1.8004
11.466    15.158799    1.8004
11.412399    15.1916    1.8004
11.3412    15.252399    1.8004
11.2932    15.2932    1.8004
11.2324    15.3644    1.8004
11.1916    15.412399    1.8004
11.141999    15.493199    1.8004
11.1092    15.5468    1.8004
11.073199    15.634    1.8004
11.0492    15.6916    1.8004
11.0268    15.7828    1.8004
11.0124    15.843599    1.8004
11.005199    15.938    1.8004
11.0004    16.0004    1.8004
11.0004    19.9988    1.8004
11.0004    26.000399    1.8004
11.0076    26.094799    1.8004
11.0124    26.1572    1.8004
11.0348    26.2484    1.8004
11.0492    26.3092    1.8004
11.085199    26.396399    1.8004
11.1092    26.453999    1.8004
11.1588    26.5348    1.8004
11.1916    26.5884    1.8004
11.252399    26.6596    1.8004
11.2932    26.7076    1.8004
11.3644    26.7684    1.8004
11.412399    26.809198    1.8004
11.493199    26.858799    1.8004
11.5468    26.8916    1.8004
11.634    26.927599    1.8004
11.6916    26.9516    1.8004
11.7828    26.973999    1.8004
11.843599    26.9884    1.8004
11.938    26.9956    1.8004
12.0004    27.000399    1.8004
12.4004    27.000399    1.8004
13.0004    27.000399    1.8004
13.0948    26.993198    1.8004
