5.2468    26.993198    1.8004
5.3092    26.9884    1.8004
5.3996    26.966799    1.8004
5.4603996    26.9524    1.8004
5.5476    26.916399    1.8004
5.6052    26.892399    1.8004
5.6851997    26.8436    1.8004
5.738    26.8116    1.8004
5.8092    26.7508    1.8004
5.8571997    26.7108    1.8004
5.9179997    26.639599    1.8004
5.9588    26.5924    1.8004
6.0084    26.5124    1.8004
6.0411997    26.459599    1.8004
6.078    26.373999    1.8004
6.1019998    26.316399    1.8004
6.1243997    26.225199    1.8004
6.1396    26.1644    1.8004
7.606    17.3676    1.8004
9.806    4.1644    1.8004
9.814    4.0604    1.8004
9.8196    3.9915998    1.8004
9.809999    3.8883998    1.8004
9.803599    3.8195999    1.8004
9.7755995    3.7196    1.8004
9.757199    3.6524    1.8004
9.7123995    3.5579998    1.8004
9.682799    3.4956    1.8004
9.6228    3.4108    1.8004
9.5828    3.3539999    1.8004
9.5092    3.2803998    1.8004
9.4595995    3.2315998    1.8004
9.374    3.1724    1.8004
9.3172    3.1332    1.8004
9.222799    3.0892    1.8004
9.160399    3.0604    1.8004
9.0596    3.0332    1.8004
8.9924    3.0156    1.8004
8.8884    3.0068    1.8004
8.8196    3.0003998    1.8004
6.8924    3.0003998    1.8004
4.0004    3.0003998    1.8004
3.906    3.0075998    1.8004
3.8435998    3.0124    1.8004
3.7524    3.0347998    1.8004
3.6915998    3.0491998    1.8004
3.6044    3.0851998    1.8004
3.5468    3.1092    1.8004
3.4659998    3.1588    1.8004
3.4124    3.1915998    1.8004
3.3411999    3.2524    1.8004
3.2932    3.2932    1.8004
3.2324    3.3644    1.8004
3.1915998    3.4124    1.8004
3.142    3.4931998    1.8004
3.1092    3.5468    1.8004
3.0732    3.6339998    1.8004
3.0491998    3.6915998    1.8004
3.0268    3.7828    1.8004
3.0124    3.8435998    1.8004
3.0052    3.938    1.8004
3.0003998    4.0004    1.8004
3.0003998    7.0011997    1.8004
3.0003998    9.0004    1.8004
3.0003998    19.202799    1.8004
3.0003998    26.000399    1.8004
3.0075998    26.094799    1.8004
3.0124    26.1572    1.8004
3.0347998    26.2484    1.8004
3.0491998    26.3092    1.8004
3.0851998    26.396399    1.8004
3.1092    26.453999    1.8004
3.1588    26.5348    1.8004
3.1915998    26.5884    1.8004
3.2524    26.6596    1.8004
3.2932    26.7076    1.8004
3.3644    26.7684    1.8004
3.4124    26.809198    1.8004
3.4931998    26.858799    1.8004
3.5468    26.8916    1.8004
3.6339998    26.927599    1.8004
3.6915998    26.9516    1.8004
3.7828    26.973999    1.8004
3.8435998    26.9884    1.8004
3.938    26.9956    1.8004
4.0004    27.000399    1.8004
4.4611998    27.000399    1.8004
5.1531997    27.000399    1.8004
5.2468    26.993198    1.8004
