19.1412    25.864399    1.8004
19.1524    25.9284    1.8004
19.184399    26.0204    1.8004
19.206    26.0812    1.8004
19.2524    26.165998    1.8004
19.282799    26.2228    1.8004
19.342    26.299599    1.8004
19.382    26.3508    1.8004
19.4532    26.4172    1.8004
19.500399    26.461199    1.8004
19.5812    26.5148    1.8004
19.6348    26.550798    1.8004
19.7228    26.5908    1.8004
19.782    26.618    1.8004
19.8764    26.643599    1.8004
19.938799    26.660398    1.8004
20.035599    26.67    1.8004
20.0996    26.6764    1.8004
20.1964    26.6708    1.8004
20.2612    26.6668    1.8004
20.3556    26.646    1.8004
20.4188    26.6316    1.8004
20.71    26.5404    1.8004
21.1468    26.403599    1.8004
21.234    26.368399    1.8004
21.2924    26.3452    1.8004
21.3732    26.2972    1.8004
21.427599    26.2652    1.8004
21.4996    26.2044    1.8004
21.5476    26.1644    1.8004
21.6092    26.093199    1.8004
21.650799    26.046    1.8004
21.701199    25.966    1.8004
21.7348    25.913198    1.8004
21.771599    25.8268    1.8004
21.7964    25.7692    1.8004
21.8196    25.678    1.8004
21.834799    25.617199    1.8004
21.8428    25.522799    1.8004
21.8484    25.4604    1.8004
21.842    25.3668    1.8004
21.838    25.3044    1.8004
21.8172    25.212399    1.8004
21.8036    25.150799    1.8004
21.206799    23.2428    1.8004
20.3116    20.3788    1.8004
20.2764    20.2916    1.8004
20.253199    20.2332    1.8004
20.2044    20.1524    1.8004
20.1724    20.098    1.8004
20.111599    20.0252    1.8004
20.0716    19.9772    1.8004
20.000399    19.9156    1.8004
19.9532    19.873999    1.8004
19.8732    19.8244    1.8004
19.8204    19.7908    1.8004
19.7332    19.754    1.8004
19.6756    19.7292    1.8004
19.5844    19.706    1.8004
19.5236    19.6908    1.8004
19.4292    19.6828    1.8004
19.3668    19.6772    1.8004
19.2724    19.6836    1.8004
19.21    19.6876    1.8004
19.122    19.7412    1.8004
19.0628    19.777199    1.8004
18.985199    19.8452    1.8004
18.933199    19.89    1.8004
18.8676    19.97    1.8004
18.8244    20.0228    1.8004
18.774    20.1132    1.8004
18.7404    20.173199    1.8004
18.706    20.269999    1.8004
18.6836    20.334799    1.8004
18.666    20.4364    1.8004
18.6548    20.5044    1.8004
18.6556    20.6076    1.8004
18.6556    20.6764    1.8004
18.8428    22.712399    1.8004
19.1244    25.7684    1.8004
19.1412    25.864399    1.8004
