32.1172    4.1988    1.8004
32.1316    4.1324    1.8004
32.1364    4.0308    1.8004
32.1396    3.9627998    1.8004
32.1268    3.8611999    1.8004
32.118797    3.794    1.8004
32.0892    3.6964    1.8004
32.0692    3.6308    1.8004
32.023598    3.5396    1.8004
31.993198    3.4787998    1.8004
31.9324    3.3964    1.8004
31.892399    3.342    1.8004
31.8188    3.2707999    1.8004
31.769999    3.2236    1.8004
31.6852    3.1668    1.8004
31.6292    3.1283998    1.8004
31.5364    3.086    1.8004
31.473999    3.0579998    1.8004
31.375599    3.0324    1.8004
31.31    3.0147998    1.8004
31.208399    3.006    1.8004
31.1404    3.0003998    1.8004
27.455599    3.0003998    1.8004
25.000399    3.0003998    1.8004
21.3156    3.0003998    1.8004
18.8604    3.0003998    1.8004
18.758799    3.0091999    1.8004
18.6908    3.0147998    1.8004
18.5924    3.0404    1.8004
18.5268    3.0579998    1.8004
18.434    3.1004    1.8004
18.3716    3.1283998    1.8004
18.2868    3.1852    1.8004
18.230799    3.2236    1.8004
18.1572    3.2947998    1.8004
18.1084    3.342    1.8004
18.0476    3.4243999    1.8004
18.007599    3.4787998    1.8004
17.962    3.57    1.8004
17.931599    3.6308    1.8004
17.902    3.7284    1.8004
17.882    3.794    1.8004
17.8692    3.8955998    1.8004
17.8612    3.9627998    1.8004
17.866    4.0643997    1.8004
17.8692    4.1324    1.8004
17.8916    4.2324    1.8004
17.906    4.2988    1.8004
18.7876    7.1204    1.8004
19.375599    9.0004    1.8004
22.178799    17.97    1.8004
24.046    23.946    1.8004
24.0844    24.0404    1.8004
24.109999    24.102798    1.8004
24.163599    24.1884    1.8004
24.1988    24.246    1.8004
24.265999    24.321999    1.8004
24.310799    24.3724    1.8004
24.39    24.4356    1.8004
24.442799    24.477999    1.8004
24.5308    24.5268    1.8004
24.59    24.559599    1.8004
24.6852    24.593199    1.8004
24.749199    24.615599    1.8004
24.8492    24.6332    1.8004
24.9156    24.6444    1.8004
24.966799    24.646    1.8004
25.000399    24.6476    1.8004
25.0516    24.646    1.8004
25.0852    24.6444    1.8004
25.1852    24.626799    1.8004
25.2516    24.615599    1.8004
25.3468    24.581999    1.8004
25.410799    24.559599    1.8004
25.4988    24.5108    1.8004
25.557999    24.477999    1.8004
25.6372    24.414799    1.8004
25.689999    24.3724    1.8004
25.7572    24.2964    1.8004
25.802    24.246    1.8004
25.855598    24.160398    1.8004
25.890799    24.102798    1.8004
25.9292    24.0084    1.8004
25.9548    23.946    1.8004
28.41    16.09    1.8004
32.0948    4.2988    1.8004
32.1172    4.1988    1.8004
