0.9004    0.0004    1.8004
1.5004    0.0004    1.8004
6.8476    0.0004    1.8004
10.41    0.0004    1.8004
15.118799    0.0004    1.8004
18.2564    0.0004    1.8004
22.3036    0.0004    1.8004
25.000399    0.0004    1.8004
30.4436    0.0004    1.8004
34.07    0.0004    1.8004
37.3836    0.0004    1.8004
39.590797    0.0004    1.8004
45.837997    0.0004    1.8004
50.0004    0.0004    1.8004
50.0004    5.402    1.8004
50.0004    9.0004    1.8004
50.0004    21.6036    1.8004
50.0004    30.000399    1.8004
43.7532    30.000399    1.8004
39.590797    30.000399    1.8004
36.2772    30.000399    1.8004
34.07    30.000399    1.8004
28.626799    30.000399    1.8004
25.000399    30.000399    1.8004
20.9532    30.000399    1.8004
18.2564    30.000399    1.8004
13.5476    30.000399    1.8004
10.41    30.000399    1.8004
5.0628    30.000399    1.8004
1.5004    30.000399    1.8004
0.6004    30.000399    1.8004
0.0004    30.000399    1.8004
0.0004    17.3972    1.8004
0.0004    9.0004    1.8004
0.0004    3.5988    1.8004
0.0004    0.0004    1.8004
0.9004    0.0004    1.8004
