4.3908    29.487598    21.6004
4.3956    29.4844    21.6004
4.3996    29.4844    21.6004
4.4052    29.485199    21.6004
4.4291997    29.4812    21.6004
4.4476    29.4916    21.6004
4.4547997    29.494    21.6004
4.4644    29.500399    21.6004
4.4644    29.513199    21.6004
4.4852    29.522799    21.6004
4.4852    29.5444    21.6004
4.4588    29.538    21.6004
4.4356    29.528399    21.6004
4.4244    29.522799    21.6004
4.4164    29.518799    21.6004
4.3956    29.496399    21.6004
4.3908    29.487598    21.6004
