18.490799    18.7148    14.4004
18.4604    18.6556    14.4004
18.4516    18.6388    14.4004
18.425999    18.5836    14.4004
18.414799    18.557999    14.4004
18.4084    18.542799    14.4004
18.403599    18.51    14.4004
18.3948    18.4644    14.4004
18.3948    18.4532    14.4004
18.4004    18.4364    14.4004
18.4084    18.4268    14.4004
18.4236    18.41    14.4004
18.4308    18.4084    14.4004
18.4636    18.4028    14.4004
18.4748    18.402    14.4004
18.4932    18.3988    14.4004
18.5084    18.3988    14.4004
18.5516    18.4012    14.4004
18.559599    18.4012    14.4004
18.5716    18.402    14.4004
18.611599    18.4076    14.4004
18.637999    18.4124    14.4004
18.6628    18.4156    14.4004
18.6932    18.420399    14.4004
18.736399    18.425999    14.4004
18.7836    18.43    14.4004
18.81    18.4324    14.4004
18.823599    18.433199    14.4004
18.8316    18.4324    14.4004
18.8892    18.4324    14.4004
18.8988    18.4308    14.4004
18.954    18.427599    14.4004
18.9844    18.4252    14.4004
19.007599    18.4212    14.4004
19.035599    18.4188    14.4004
19.074799    18.4132    14.4004
19.1188    18.41    14.4004
19.1556    18.4052    14.4004
19.1868    18.4012    14.4004
19.208399    18.4004    14.4004
19.2396    18.3988    14.4004
19.246    18.3996    14.4004
19.253199    18.4012    14.4004
19.27    18.4044    14.4004
19.284399    18.409199    14.4004
19.3204    18.4284    14.4004
19.3212    18.4284    14.4004
19.3212    18.4292    14.4004
19.3412    18.455599    14.4004
19.340399    18.466799    14.4004
19.3412    18.479599    14.4004
19.3356    18.5092    14.4004
19.3308    18.538    14.4004
19.323599    18.5604    14.4004
19.306799    18.5964    14.4004
19.2964    18.6196    14.4004
19.2748    18.6668    14.4004
19.254    18.702799    14.4004
19.2444    18.718    14.4004
19.2228    18.754    14.4004
19.2188    18.760399    14.4004
19.2172    18.762    14.4004
19.1724    18.821999    14.4004
19.154    18.8436    14.4004
19.1308    18.868399    14.4004
19.1148    18.8836    14.4004
19.0996    18.8964    14.4004
19.0772    18.9172    14.4004
19.0564    18.9356    14.4004
19.0492    18.9412    14.4004
19.0236    18.9588    14.4004
19.013199    18.9636    14.4004
18.9828    18.977999    14.4004
18.977999    18.9804    14.4004
18.938799    18.9956    14.4004
18.9356    18.996399    14.4004
18.897999    19.0044    14.4004
18.8884    19.0052    14.4004
18.857199    19.007599    14.4004
18.83    19.001999    14.4004
18.826    19.001999    14.4004
18.821999    19.0012    14.4004
18.789999    18.9932    14.4004
18.7796    18.99    14.4004
18.749199    18.9772    14.4004
18.7348    18.9684    14.4004
18.7068    18.9532    14.4004
18.702799    18.949999    14.4004
18.698    18.9468    14.4004
18.663599    18.9228    14.4004
18.642    18.9076    14.4004
18.6356    18.9012    14.4004
18.622799    18.8892    14.4004
18.6012    18.8668    14.4004
18.581999    18.8428    14.4004
18.5804    18.840399    14.4004
18.5788    18.8396    14.4004
18.5772    18.8372    14.4004
18.5364    18.786    14.4004
18.4988    18.7284    14.4004
18.496399    18.7244    14.4004
18.4956    18.7228    14.4004
18.490799    18.7148    14.4004
