3.3651998    37.6764    21.0004
3.3372    37.624397    21.0004
3.3292    37.6092    21.0004
3.3084    37.5732    21.0004
3.2956    37.5524    21.0004
3.2772    37.5212    21.0004
3.2684    37.5044    21.0004
3.2563999    37.4852    21.0004
3.23    37.4428    21.0004
3.2068    37.408398    21.0004
3.1564    37.326    21.0004
3.1452    37.3068    21.0004
3.1324    37.286    21.0004
3.1244    37.27    21.0004
3.1204    37.261997    21.0004
3.118    37.2548    21.0004
3.11    37.23    21.0004
3.1083999    37.214798    21.0004
3.1051998    37.1972    21.0004
3.102    37.1484    21.0004
3.0948    37.0924    21.0004
3.09    37.071598    21.0004
3.0884    37.062798    21.0004
3.0779998    37.05    21.0004
3.0667999    37.0356    21.0004
3.0612    37.034    21.0004
3.0347998    37.022    21.0004
2.9963999    37.0156    21.0004
2.994    37.014797    21.0004
2.99    37.014    21.0004
2.9212    37.002    21.0004
2.9076    36.9988    21.0004
2.9027998    36.9964    21.0004
2.8708    36.986    21.0004
2.8683999    36.9852    21.0004
2.8667998    36.984398    21.0004
2.8356    36.964397    21.0004
2.8332    36.961998    21.0004
2.8244    36.9524    21.0004
2.7963998    36.9212    21.0004
2.7756    36.893997    21.0004
2.7444    36.8628    21.0004
2.7164    36.8308    21.0004
2.6876    36.8036    21.0004
2.646    36.761997    21.0004
2.6148    36.7292    21.0004
2.586    36.7044    21.0004
2.4947999    36.6204    21.0004
2.4708    36.598    21.0004
2.4004    36.534    21.0004
2.3764    36.5108    21.0004
2.3372    36.474    21.0004
2.314    36.4516    21.0004
2.2979999    36.4348    21.0004
2.2772    36.4116    21.0004
2.2124    36.3404    21.0004
2.2059999    36.3332    21.0004
2.2003999    36.326797    21.0004
2.1931999    36.318798    21.0004
2.1564    36.2788    21.0004
2.1483998    36.267597    21.0004
2.1348    36.250797    21.0004
2.1268    36.239597    21.0004
2.1236    36.228397    21.0004
2.1252    36.217197    21.0004
2.1324    36.2028    21.0004
2.1499999    36.1684    21.0004
2.1588    36.1484    21.0004
2.1636    36.134    21.0004
2.1676    36.1124    21.0004
2.1612    36.096397    21.0004
2.154    36.0836    21.0004
2.1427999    36.065998    21.0004
2.1292    36.0444    21.0004
2.1148    36.022    21.0004
2.1028    36.006    21.0004
2.0876    35.9708    21.0004
2.0804    35.958    21.0004
2.0636    35.9228    21.0004
2.0476    35.9012    21.0004
2.0363998    35.888397    21.0004
2.0091999    35.8628    21.0004
2.0028    35.8588    21.0004
1.9612    35.8364    21.0004
1.9092    35.8148    21.0004
1.9067999    35.813198    21.0004
1.9044    35.8124    21.0004
1.8972    35.809998    21.0004
1.8628    35.7964    21.0004
1.8492    35.7892    21.0004
1.8371999    35.786    21.0004
1.814    35.7724    21.0004
1.8124    35.7716    21.0004
1.79    35.7556    21.0004
1.7875999    35.753998    21.0004
1.786    35.750797    21.0004
1.7788    35.739597    21.0004
1.7572    35.7068    21.0004
1.7484    35.6908    21.0004
1.742    35.6772    21.0004
1.7251999    35.6468    21.0004
1.6932    35.5868    21.0004
1.6796    35.5604    21.0004
1.658    35.517998    21.0004
1.6436    35.4916    21.0004
1.5724    35.354    21.0004
1.5676    35.3444    21.0004
1.5411999    35.2836    21.0004
1.5372    35.276398    21.0004
1.5164    35.217197    21.0004
1.5156    35.214    21.0004
1.51    35.1916    21.0004
1.51    35.182    21.0004
1.5139999    35.166    21.0004
1.5172    35.1516    21.0004
1.5228    35.138798    21.0004
1.5228    35.1204    21.0004
1.5228    35.1084    21.0004
1.5092    35.086    21.0004
1.5051999    35.0788    21.0004
1.5004    35.0732    21.0004
1.4787999    35.051598    21.0004
1.4555999    35.026    21.0004
1.446    35.0164    21.0004
1.4324    35.001198    21.0004
1.4244    34.9916    21.0004
1.4204    34.986    21.0004
1.4092    34.9692    21.0004
1.3988    34.95    21.0004
1.3939999    34.941998    21.0004
1.3916    34.9372    21.0004
1.3859999    34.9244    21.0004
1.3692    34.8852    21.0004
1.3371999    34.8068    21.0004
1.3356    34.802    21.0004
1.3332    34.794    21.0004
1.3044    34.7124    21.0004
1.278    34.6292    21.0004
1.2724    34.6124    21.0004
1.2716    34.610798    21.0004
1.2356    34.4836    21.0004
1.2292    34.458    21.0004
1.2251999    34.4404    21.0004
1.2171999    34.394    21.0004
1.2156    34.3852    21.0004
1.2116    34.3444    21.0004
1.2076    34.3092    21.0004
1.2076    34.302    21.0004
1.2076    34.2956    21.0004
1.2052    34.2716    21.0004
1.2044    34.2636    21.0004
1.2035999    34.259598    21.0004
1.2044    34.2332    21.0004
1.206    34.222    21.0004
1.2076    34.2156    21.0004
1.2196    34.200397    21.0004
1.2212    34.197998    21.0004
1.2268    34.194798    21.0004
1.2468    34.1852    21.0004
1.2531999    34.1852    21.0004
1.2748    34.1828    21.0004
1.3356    34.1916    21.0004
1.3363999    34.192398    21.0004
1.3371999    34.192398    21.0004
1.4011999    34.2076    21.0004
1.4571999    34.220398    21.0004
1.5139999    34.2388    21.0004
1.5419999    34.2476    21.0004
1.5611999    34.253998    21.0004
1.5812    34.259598    21.0004
1.5971999    34.2732    21.0004
1.6068    34.278    21.0004
1.6156    34.2908    21.0004
1.6251999    34.2996    21.0004
1.6308    34.3092    21.0004
1.6412    34.3252    21.0004
1.6484    34.3404    21.0004
1.6603999    34.3652    21.0004
1.6652    34.374798    21.0004
1.6811999    34.41    21.0004
1.7268    34.5132    21.0004
1.7515999    34.565998    21.0004
1.8068    34.6804    21.0004
1.8748    34.8276    21.0004
1.8859999    34.8516    21.0004
1.8892    34.8588    21.0004
1.9083999    34.897198    21.0004
1.9108    34.902    21.0004
1.9732    35.0164    21.0004
1.9828    35.0364    21.0004
2.0091999    35.085197    21.0004
2.0276    35.1212    21.0004
2.0324    35.1284    21.0004
2.034    35.133198    21.0004
2.0507998    35.1692    21.0004
2.0556    35.1884    21.0004
2.0564    35.192398    21.0004
2.0572    35.1996    21.0004
2.0604    35.2276    21.0004
2.0604    35.228397    21.0004
2.0667999    35.27    21.0004
2.0732    35.306    21.0004
2.0772    35.318798    21.0004
2.0851998    35.3348    21.0004
2.0916    35.341198    21.0004
2.1108    35.3596    21.0004
2.1332    35.3764    21.0004
2.1411998    35.3836    21.0004
2.1796    35.4132    21.0004
2.202    35.4284    21.0004
2.2252    35.450798    21.0004
2.2364    35.464397    21.0004
2.2419999    35.4724    21.0004
2.258    35.5004    21.0004
2.2676    35.5172    21.0004
2.2851999    35.55    21.0004
2.2956    35.5732    21.0004
2.3076    35.605198    21.0004
2.3084    35.6068    21.0004
2.3116    35.618797    21.0004
2.3164    35.6396    21.0004
2.3164    35.6436    21.0004
2.3179998    35.6524    21.0004
2.3276    35.705997    21.0004
2.3364    35.7436    21.0004
2.3404    35.759598    21.0004
2.3444    35.7732    21.0004
2.3588    35.8228    21.0004
2.3644    35.8396    21.0004
2.3692    35.8476    21.0004
2.3772    35.8684    21.0004
2.3883998    35.891598    21.0004
2.3899999    35.8956    21.0004
2.398    35.9068    21.0004
2.4099998    35.9244    21.0004
2.4148    35.93    21.0004
2.4308    35.947598    21.0004
2.458    35.973198    21.0004
2.4636    35.978    21.0004
2.4803998    35.9916    21.0004
2.494    36.0028    21.0004
2.5196    36.020397    21.0004
2.5396    36.0324    21.0004
2.5507998    36.038    21.0004
2.59    36.0588    21.0004
2.6011999    36.0644    21.0004
2.6276    36.073997    21.0004
2.6444    36.0804    21.0004
2.6652    36.0924    21.0004
2.6771998    36.098    21.0004
2.714    36.127598    21.0004
2.7164    36.129997    21.0004
2.7508    36.1652    21.0004
2.7772    36.192398    21.0004
2.7796    36.1956    21.0004
2.7819998    36.197998    21.0004
2.7979999    36.2276    21.0004
2.802    36.239597    21.0004
2.8076    36.2532    21.0004
2.8179998    36.2868    21.0004
2.8332    36.3364    21.0004
2.8404    36.352398    21.0004
2.8444    36.3628    21.0004
2.8467999    36.3668    21.0004
2.862    36.3836    21.0004
2.866    36.388397    21.0004
2.8724    36.3924    21.0004
2.8924    36.402    21.0004
2.9052    36.4068    21.0004
2.9636    36.4292    21.0004
3.0028    36.4444    21.0004
3.0156    36.4524    21.0004
3.0291998    36.4596    21.0004
3.0523999    36.478    21.0004
3.0604    36.4852    21.0004
3.0692    36.495598    21.0004
3.086    36.5172    21.0004
3.0964    36.5324    21.0004
3.1092    36.5508    21.0004
3.1148    36.5596    21.0004
3.1164    36.5668    21.0004
3.1252    36.5916    21.0004
3.1252    36.5956    21.0004
3.1299999    36.624397    21.0004
3.1299999    36.6404    21.0004
3.1267998    36.654    21.0004
3.1204    36.6716    21.0004
3.1083999    36.6996    21.0004
3.0964    36.7244    21.0004
3.0844    36.7492    21.0004
3.0716    36.7692    21.0004
3.0548    36.794    21.0004
3.0388    36.8164    21.0004
3.0307999    36.834    21.0004
3.0275998    36.8428    21.0004
3.0372    36.852398    21.0004
3.0444    36.8564    21.0004
3.0428    36.8788    21.0004
3.0604    36.8892    21.0004
3.0723999    36.89    21.0004
3.0835998    36.891598    21.0004
3.1244    36.893997    21.0004
3.1283998    36.893997    21.0004
3.1292    36.893997    21.0004
3.1348    36.893997    21.0004
3.2099998    36.899597    21.0004
3.218    36.899597    21.0004
3.2484    36.9036    21.0004
3.2963998    36.908398    21.0004
3.3084    36.9092    21.0004
3.3267999    36.9108    21.0004
3.3516    36.9132    21.0004
3.4124    36.913998    21.0004
3.4236    36.9148    21.0004
3.4315999    36.919598    21.0004
3.4531999    36.9292    21.0004
3.474    36.9492    21.0004
3.4812    36.956398    21.0004
3.5068    36.9852    21.0004
3.534    37.0156    21.0004
3.5491998    37.0332    21.0004
3.5628    37.051598    21.0004
3.5804    37.073997    21.0004
3.586    37.0812    21.0004
3.606    37.1068    21.0004
3.6132    37.118    21.0004
3.6355999    37.1508    21.0004
3.6836    37.222    21.0004
3.6931999    37.2364    21.0004
3.7068    37.258    21.0004
3.7324    37.3004    21.0004
3.7812    37.3844    21.0004
3.7891998    37.3988    21.0004
3.7972    37.413998    21.0004
3.8235998    37.4636    21.0004
3.8548    37.525997    21.0004
3.8588    37.5332    21.0004
3.8588    37.534798    21.0004
3.8604    37.5388    21.0004
3.8628    37.5444    21.0004
3.8916    37.6116    21.0004
3.8955998    37.6212    21.0004
3.8971999    37.626    21.0004
3.8988    37.633198    21.0004
3.906    37.652397    21.0004
3.9043999    37.6596    21.0004
3.9092    37.677998    21.0004
3.9043999    37.686    21.0004
3.9011998    37.6996    21.0004
3.8964    37.7068    21.0004
3.8899999    37.7164    21.0004
3.8788    37.73    21.0004
3.8467999    37.7668    21.0004
3.8284    37.787598    21.0004
3.7844    37.835598    21.0004
3.7668    37.852398    21.0004
3.722    37.8948    21.0004
3.7036    37.9116    21.0004
3.6915998    37.9228    21.0004
3.6395998    37.9652    21.0004
3.6204    37.9796    21.0004
3.6011999    37.989998    21.0004
3.5756    38.0052    21.0004
3.5595999    38.0164    21.0004
3.5507998    38.0196    21.0004
3.5468    38.0212    21.0004
3.5435998    38.0164    21.0004
3.5379999    38.006798    21.0004
3.5347998    38.0004    21.0004
3.51    37.9596    21.0004
3.5084    37.956398    21.0004
3.5003998    37.941998    21.0004
3.4828    37.9076    21.0004
3.4747999    37.8932    21.0004
3.4548    37.8556    21.0004
3.4499998    37.8444    21.0004
3.4315999    37.806    21.0004
3.4052    37.7548    21.0004
3.4004    37.7468    21.0004
3.3964    37.739597    21.0004
3.3772    37.7012    21.0004
3.3651998    37.6764    21.0004
