2.29    38.2236    21.3004
2.306    38.222797    21.3004
2.3116    38.2308    21.3004
2.322    38.246    21.3004
2.3404    38.286    21.3004
2.3444    38.293198    21.3004
2.3451998    38.2964    21.3004
2.3372    38.324398    21.3004
2.3372    38.3252    21.3004
2.3364    38.326797    21.3004
2.3228    38.3428    21.3004
2.3004    38.3788    21.3004
2.2819998    38.3812    21.3004
2.2684    38.3788    21.3004
2.258    38.365997    21.3004
2.2331998    38.315598    21.3004
2.2284    38.3012    21.3004
2.2275999    38.2964    21.3004
2.2284    38.2956    21.3004
2.2356    38.2748    21.3004
2.2524    38.256397    21.3004
2.2604    38.2492    21.3004
2.2851999    38.225998    21.3004
2.2884    38.2236    21.3004
2.29    38.2236    21.3004
