12.7764    13.590799    13.8004
12.814799    13.6276    13.8004
12.8412    13.6444    13.8004
12.8652    13.660399    13.8004
12.900399    13.6796    13.8004
12.936399    13.699599    13.8004
12.964399    13.7148    13.8004
12.9892    13.726    13.8004
13.03    13.7476    13.8004
13.0716    13.768399    13.8004
13.1044    13.785999    13.8004
13.120399    13.8012    13.8004
13.13    13.809199    13.8004
13.136399    13.821199    13.8004
13.147599    13.842799    13.8004
13.1491995    13.8484    13.8004
13.1508    13.849199    13.8004
13.1636    13.877199    13.8004
13.165199    13.877999    13.8004
13.170799    13.895599    13.8004
13.1756    13.907599    13.8004
13.1788    13.9228    13.8004
13.182799    13.9452    13.8004
13.1924    13.9844    13.8004
13.1972    14.014    13.8004
13.2012    14.038    13.8004
13.2067995    14.0668    13.8004
13.210799    14.089999    13.8004
13.2188    14.141999    13.8004
13.2252    14.1779995    13.8004
13.229199    14.2036    13.8004
13.2308    14.2092    13.8004
13.245199    14.254    13.8004
13.246799    14.2596    13.8004
13.251599    14.285199    13.8004
13.254    14.3052    13.8004
13.2564    14.3116    13.8004
13.257999    14.3308    13.8004
13.2604    14.3404    13.8004
13.2604    14.342799    13.8004
13.279599    14.3963995    13.8004
13.2828    14.407599    13.8004
13.2932    14.4284    13.8004
13.2956    14.434799    13.8004
13.3068    14.4556    13.8004
13.309999    14.464399    13.8004
13.320399    14.4828    13.8004
13.322    14.4883995    13.8004
13.3292    14.5028    13.8004
13.3452    14.5436    13.8004
13.3572    14.568399    13.8004
13.3708    14.5996    13.8004
13.382    14.625999    13.8004
13.394    14.653199    13.8004
13.406    14.681999    13.8004
13.414    14.7028    13.8004
13.422    14.7244    13.8004
13.4372    14.762    13.8004
13.457999    14.797999    13.8004
13.4612    14.803599    13.8004
13.486    14.8476    13.8004
13.486799    14.848399    13.8004
13.486799    14.849199    13.8004
13.526799    14.924399    13.8004
13.5324    14.934    13.8004
13.5548    14.981999    13.8004
13.5636    14.997999    13.8004
13.597199    15.054    13.8004
13.607599    15.07    13.8004
13.619599    15.0948    13.8004
13.625999    15.106    13.8004
13.631599    15.118    13.8004
13.6452    15.15    13.8004
13.676399    15.2084    13.8004
13.6796    15.214    13.8004
13.6852    15.226    13.8004
13.7044    15.273999    13.8004
13.705999    15.278    13.8004
13.7084    15.2828    13.8004
13.739599    15.342    13.8004
13.742    15.3468    13.8004
13.7436    15.349199    13.8004
13.7444    15.3508    13.8004
13.7556    15.373199    13.8004
13.768399    15.4028    13.8004
13.7716    15.4092    13.8004
13.79    15.45    13.8004
13.7987995    15.469199    13.8004
13.8236    15.5292    13.8004
13.8452    15.5716    13.8004
13.8572    15.596399    13.8004
13.8684    15.6212    13.8004
13.886    15.6564    13.8004
13.8988    15.6868    13.8004
13.9052    15.702    13.8004
13.91    15.710799    13.8004
13.938    15.762799    13.8004
13.9428    15.774799    13.8004
13.965199    15.834    13.8004
13.969999    15.8468    13.8004
13.9716    15.8516    13.8004
14.006    15.9156    13.8004
14.0068    15.9156    13.8004
14.0068    15.9164    13.8004
14.0227995    15.964399    13.8004
14.0236    15.9668    13.8004
14.0244    15.969199    13.8004
14.0404    16.0116    13.8004
14.0468    16.022    13.8004
14.0468    16.024399    13.8004
14.0748    16.0492    13.8004
14.0764    16.0508    13.8004
14.078799    16.0508    13.8004
14.096399    16.0388    13.8004
14.1147995    16.0292    13.8004
14.1164    16.0268    13.8004
14.118    16.0228    13.8004
14.1412    15.9724    13.8004
14.1572    15.941199    13.8004
14.186    15.8812    13.8004
14.188399    15.8756    13.8004
14.1916    15.8692    13.8004
14.1964    15.860399    13.8004
14.2148    15.8284    13.8004
14.217199    15.8244    13.8004
14.23    15.802799    13.8004
14.2324    15.7996    13.8004
14.239599    15.785999    13.8004
14.2476    15.7699995    13.8004
14.2484    15.768399    13.8004
14.262799    15.7436    13.8004
14.274799    15.7212    13.8004
14.2764    15.7204    13.8004
14.2996    15.7123995    13.8004
14.3043995    15.710799    13.8004
14.309199    15.7084    13.8004
14.3308    15.700399    13.8004
14.3524    15.6964    13.8004
14.354    15.6964    13.8004
14.3756    15.693199    13.8004
14.3812    15.693199    13.8004
14.412399    15.6852    13.8004
14.4148    15.686    13.8004
14.436399    15.6844    13.8004
14.4276    15.67    13.8004
14.4332    15.6556    13.8004
14.414    15.6468    13.8004
14.412399    15.6435995    13.8004
14.394    15.6172    13.8004
14.3852    15.6068    13.8004
14.3828    15.601199    13.8004
14.37    15.594    13.8004
14.3644    15.5868    13.8004
14.355599    15.5812    13.8004
14.349999    15.5692    13.8004
14.3564    15.5484    13.8004
14.3572    15.5468    13.8004
14.360399    15.5348    13.8004
14.37    15.492399    13.8004
14.37    15.4916    13.8004
14.383599    15.440399    13.8004
14.383599    15.4396    13.8004
14.3996    15.3644    13.8004
14.3996    15.3636    13.8004
14.401199    15.354799    13.8004
14.407599    15.3116    13.8004
14.407599    15.3068    13.8004
14.407599    15.263599    13.8004
14.407599    15.2548    13.8004
14.407599    15.254    13.8004
14.407599    15.251599    13.8004
14.406799    15.193999    13.8004
14.4052    15.1844    13.8004
14.4036    15.137199    13.8004
14.401999    15.1324    13.8004
14.3916    15.0716    13.8004
14.3852    15.0468    13.8004
14.3812    15.0292    13.8004
14.377999    15.016399    13.8004
14.3652    14.978    13.8004
14.344399    14.9228    13.8004
14.343599    14.9228    13.8004
14.2908    14.7892    13.8004
14.2644    14.7188    13.8004
14.2532    14.69    13.8004
14.2388    14.6491995    13.8004
14.2244    14.608399    13.8004
14.1956    14.53    13.8004
14.1723995    14.458799    13.8004
14.165199    14.435599    13.8004
14.159599    14.417999    13.8004
14.1452    14.3764    13.8004
14.1276    14.321199    13.8004
14.119599    14.2948    13.8004
14.107599    14.2564    13.8004
14.084399    14.187599    13.8004
14.073999    14.1564    13.8004
14.0515995    14.085199    13.8004
14.0468    14.0724    13.8004
14.0171995    13.9828    13.8004
13.9956    13.9164    13.8004
13.981999    13.8756    13.8004
13.965199    13.8308    13.8004
13.9396    13.7588    13.8004
13.9212    13.7084    13.8004
13.8644    13.5571995    13.8004
13.8644    13.556399    13.8004
13.8348    13.4804    13.8004
13.8331995    13.476399    13.8004
13.806    13.4108    13.8004
13.7676    13.3188    13.8004
13.763599    13.3108    13.8004
13.7604    13.302799    13.8004
13.7212    13.214    13.8004
13.6788    13.1268    13.8004
13.677199    13.1236    13.8004
13.674    13.118    13.8004
13.6612    13.089999    13.8004
13.630799    13.0252    13.8004
13.5772    12.9212    13.8004
13.5571995    12.883599    13.8004
13.5548    12.8796    13.8004
13.505199    12.7892    13.8004
13.5012    12.781199    13.8004
13.4956    12.7716    13.8004
13.4516    12.693999    13.8004
13.4428    12.6796    13.8004
13.4108    12.6228    13.8004
13.389999    12.5868    13.8004
13.371599    12.5571995    13.8004
13.3124    12.458799    13.8004
13.308399    12.4508    13.8004
13.302799    12.441999    13.8004
13.2244    12.315599    13.8004
13.1908    12.263599    13.8004
13.1284    12.165199    13.8004
13.1236    12.1572    13.8004
13.122    12.1556    13.8004
13.120399    12.1516    13.8004
13.0748    12.0756    13.8004
13.0412    12.0196    13.8004
13.038    12.014    13.8004
13.0364    12.010799    13.8004
13.006    11.958799    13.8004
12.981999    11.9172    13.8004
12.962    11.883599    13.8004
12.918799    11.8068    13.8004
12.9108    11.791599    13.8004
12.8963995    11.763599    13.8004
12.8812    11.7452    13.8004
12.878799    11.7428    13.8004
12.858    11.7372    13.8004
12.8508    11.7364    13.8004
12.849199    11.7332    13.8004
12.821199    11.733999    13.8004
12.8172    11.7332    13.8004
12.803599    11.738    13.8004
12.7948    11.746799    13.8004
12.7796    11.766    13.8004
12.7796    11.780399    13.8004
12.7788    11.7876    13.8004
12.7596    11.820399    13.8004
12.7588    11.8396    13.8004
12.7588    11.8412    13.8004
12.8108    11.8524    13.8004
12.8124    11.854    13.8004
12.8132    11.854    13.8004
12.814    11.855599    13.8004
12.8356    11.8692    13.8004
12.8412    11.87    13.8004
12.8412    11.8764    13.8004
12.8412    11.8907995    13.8004
12.8404    11.9004    13.8004
12.8396    11.9156    13.8004
12.8348    11.952399    13.8004
12.834    11.9564    13.8004
12.834    11.958799    13.8004
12.834    11.9788    13.8004
12.8356    12.014    13.8004
12.837199    12.0268    13.8004
12.837999    12.0532    13.8004
12.837999    12.0764    13.8004
12.837999    12.090799    13.8004
12.8396    12.1068    13.8004
12.8396    12.108399    13.8004
12.842    12.136399    13.8004
12.842    12.1388    13.8004
12.843599    12.162    13.8004
12.843599    12.1628    13.8004
12.843599    12.1684    13.8004
12.842    12.1804    13.8004
12.838799    12.182    13.8004
12.8052    12.2044    13.8004
12.794    12.211599    13.8004
12.729199    12.2476    13.8004
12.7076    12.2588    13.8004
12.6732    12.274799    13.8004
12.6628    12.2788    13.8004
12.6468    12.2836    13.8004
12.6435995    12.2844    13.8004
12.6236    12.291599    13.8004
12.6124    12.2964    13.8004
12.6092    12.3004    13.8004
12.5876    12.309199    13.8004
12.5859995    12.3132    13.8004
12.5724    12.33    13.8004
12.573199    12.3331995    13.8004
12.5716    12.3348    13.8004
12.554    12.349999    13.8004
12.545199    12.360399    13.8004
12.5436    12.361199    13.8004
12.5412    12.3684    13.8004
12.538799    12.383599    13.8004
12.5404    12.3916    13.8004
12.5484    12.4164    13.8004
12.5484    12.4284    13.8004
12.554    12.4595995    13.8004
12.5548    12.466    13.8004
12.5571995    12.474    13.8004
12.5588    12.5012    13.8004
12.5644    12.521999    13.8004
12.566    12.5372    13.8004
12.5756    12.5524    13.8004
12.5772    12.5612    13.8004
12.5828    12.584399    13.8004
12.584399    12.5859995    13.8004
12.5859995    12.5868    13.8004
12.597199    12.607599    13.8004
12.613999    12.6332    13.8004
12.622    12.6396    13.8004
12.6244    12.662    13.8004
12.6276    12.6756    13.8004
12.6292    12.6924    13.8004
12.6348    12.7428    13.8004
12.634    12.754    13.8004
12.636399    12.7755995    13.8004
12.6348    12.7844    13.8004
12.636399    12.803599    13.8004
12.634    12.8108    13.8004
12.636399    12.83    13.8004
12.634    12.8412    13.8004
12.6332    12.8628    13.8004
12.6276    12.883599    13.8004
12.6276    12.8884    13.8004
12.6348    12.906799    13.8004
12.6212    12.918799    13.8004
12.622    12.9228    13.8004
12.620399    12.9388    13.8004
12.619599    12.9428    13.8004
12.619599    12.9436    13.8004
12.6228    12.9595995    13.8004
12.622    12.9716    13.8004
12.625999    13.0028    13.8004
12.6284    13.018    13.8004
12.6284    13.0227995    13.8004
12.63    13.0412    13.8004
12.631599    13.084399    13.8004
12.6356    13.1676    13.8004
12.6356    13.1756    13.8004
12.636399    13.177199    13.8004
12.6388    13.239599    13.8004
12.6388    13.240399    13.8004
12.6412    13.291599    13.8004
12.642799    13.2996    13.8004
12.6435995    13.3068    13.8004
12.6452    13.346    13.8004
12.6491995    13.3652    13.8004
12.6572    13.3924    13.8004
12.662    13.4116    13.8004
12.6779995    13.452399    13.8004
12.683599    13.465199    13.8004
12.702    13.498799    13.8004
12.7316    13.5372    13.8004
12.7364    13.545199    13.8004
12.7476    13.5571995    13.8004
12.768399    13.5836    13.8004
12.7764    13.590799    13.8004
