13.618    0.5164    13.8004
13.6284    0.5164    13.8004
13.6404    0.5164    13.8004
13.641999    0.5172    13.8004
13.6676    0.51879996    13.8004
13.67    0.51879996    13.8004
13.67    0.5196    13.8004
13.6779995    0.5348    13.8004
13.681999    0.5572    13.8004
13.6852    0.5772    13.8004
13.6924    0.65    13.8004
13.693999    0.6716    13.8004
13.6956    0.694    13.8004
13.699599    0.7388    13.8004
13.700399    0.75479996    13.8004
13.702    0.8612    13.8004
13.702    0.8772    13.8004
13.7044    0.9508    13.8004
13.7044    0.9572    13.8004
13.7084    1.038    13.8004
13.710799    1.0627999    13.8004
13.716399    1.1323999    13.8004
13.7204    1.1692    13.8004
13.7252    1.2148    13.8004
13.7308    1.3027999    13.8004
13.7316    1.3083999    13.8004
13.7332    1.43    13.8004
13.733999    1.4396    13.8004
13.733999    1.4491999    13.8004
13.7388    1.554    13.8004
13.740399    1.5755999    13.8004
13.75    1.754    13.8004
13.7532    1.7964    13.8004
13.7556    1.8172    13.8004
13.763599    1.8956    13.8004
13.7652    1.9164    13.8004
13.7764    2.0219998    13.8004
13.778    2.0412    13.8004
13.780399    2.0564    13.8004
13.792399    2.1499999    13.8004
13.794    2.1668    13.8004
13.802799    2.2556    13.8004
13.802799    2.2563999    13.8004
13.802799    2.2588    13.8004
13.808399    2.2916    13.8004
13.809999    2.3035998    13.8004
13.8172    2.3284    13.8004
13.8172    2.3292    13.8004
13.8188    2.3339999    13.8004
13.8276    2.358    13.8004
13.831599    2.3667998    13.8004
13.837199    2.382    13.8004
13.842799    2.3908    13.8004
13.854    2.4092    13.8004
13.8675995    2.4252    13.8004
13.878799    2.4412    13.8004
13.8988    2.4603999    13.8004
13.9044    2.4652    13.8004
13.953199    2.5044    13.8004
13.970799    2.518    13.8004
13.9732    2.5204    13.8004
13.976399    2.5235999    13.8004
14.016399    2.5628    13.8004
14.0236    2.5667999    13.8004
14.0484    2.5948    13.8004
14.0604    2.6108    13.8004
14.0708    2.622    13.8004
14.082    2.6364    13.8004
14.095599    2.654    13.8004
14.1124    2.678    13.8004
14.1228    2.6956    13.8004
14.1348    2.7148    13.8004
14.148399    2.738    13.8004
14.1572    2.7556    13.8004
14.17    2.7772    13.8004
14.1908    2.8179998    13.8004
14.205199    2.8451998    13.8004
14.2148    2.8644    13.8004
14.239599    2.9196    13.8004
14.245199    2.9332    13.8004
14.2484    2.9427998    13.8004
14.268399    2.9916    13.8004
14.2699995    2.9956    13.8004
14.2708    2.9972    13.8004
14.294    3.0667999    13.8004
14.2964    3.0732    13.8004
14.3108    3.1283998    13.8004
14.325999    3.1884    13.8004
14.3276    3.1956    13.8004
14.3284    3.2003999    13.8004
14.3308    3.214    13.8004
14.3412    3.2707999    13.8004
14.344399    3.3028    13.8004
14.346    3.3163998    13.8004
14.3476    3.3267999    13.8004
14.3532    3.366    13.8004
14.3564    3.442    13.8004
14.3564    3.4427998    13.8004
14.3564    3.4468    13.8004
14.3572    3.5108    13.8004
14.3572    3.5156    13.8004
14.3572    3.5203998    13.8004
14.3564    3.5756    13.8004
14.355599    3.59    13.8004
14.3508    3.658    13.8004
14.348399    3.6852    13.8004
14.3412    3.7403998    13.8004
14.337999    3.7716    13.8004
14.334    3.8035998    13.8004
14.325999    3.8636    13.8004
14.3244    3.8748    13.8004
14.3236    3.8827999    13.8004
14.309199    3.9668    13.8004
14.297199    4.0316    13.8004
14.29    4.0692    13.8004
14.281199    4.1124    13.8004
14.2755995    4.1524    13.8004
14.2668    4.21    13.8004
14.263599    4.2276    13.8004
14.257999    4.2612    13.8004
14.257199    4.2708    13.8004
14.254    4.3108    13.8004
14.2484    4.3691998    13.8004
14.245199    4.4164    13.8004
14.242    4.4508    13.8004
14.242    4.4523997    13.8004
14.2411995    4.4556    13.8004
14.2355995    4.4916    13.8004
14.2332    4.5044    13.8004
14.226    4.5308    13.8004
14.2244    4.5364    13.8004
14.222799    4.542    13.8004
14.2036    4.5931997    13.8004
14.1972    4.6099997    13.8004
14.1844    4.6419997    13.8004
14.177199    4.6587996    13.8004
14.1692    4.6756    13.8004
14.1572    4.698    13.8004
14.1524    4.7051997    13.8004
14.134    4.7332    13.8004
14.1124    4.766    13.8004
14.106    4.7739997    13.8004
14.079599    4.8076    13.8004
14.0532    4.8403997    13.8004
14.0364    4.8636    13.8004
14.0236    4.878    13.8004
13.9939995    4.9244    13.8004
13.992399    4.9259996    13.8004
13.992399    4.9268    13.8004
13.9916    4.9284    13.8004
13.9548    4.9891996    13.8004
13.941999    5.0108    13.8004
13.9316    5.0299997    13.8004
13.929199    5.0348    13.8004
13.9156    5.0611997    13.8004
13.912399    5.0716    13.8004
13.9036    5.0892    13.8004
13.8963995    5.1068    13.8004
13.894    5.1131997    13.8004
13.8924    5.1172    13.8004
13.884399    5.1443996    13.8004
13.883599    5.1587996    13.8004
13.8828    5.1772    13.8004
13.883599    5.1907997    13.8004
13.884399    5.2084    13.8004
13.8868    5.2251997    13.8004
13.8868    5.2307997    13.8004
13.889199    5.2395997    13.8004
13.894    5.2588    13.8004
13.898    5.2716    13.8004
13.905999    5.2939997    13.8004
13.9228    5.3339996    13.8004
13.946    5.3891997    13.8004
13.9548    5.4132    13.8004
13.963599    5.4444    13.8004
13.966    5.4564    13.8004
13.9684    5.4772    13.8004
13.9676    5.4923997    13.8004
13.9668    5.5052    13.8004
13.964399    5.5211997    13.8004
13.9604    5.5388    13.8004
13.952399    5.5667996    13.8004
13.9484    5.5787997    13.8004
13.9396    5.594    13.8004
13.9251995    5.6172    13.8004
13.922    5.6228    13.8004
13.9172    5.6292    13.8004
13.9052    5.6443996    13.8004
13.872399    5.6804    13.8004
13.8412    5.7132    13.8004
13.8012    5.7524    13.8004
13.7828    5.7739997    13.8004
13.7716    5.7876    13.8004
13.7652    5.7964    13.8004
13.7532    5.8124    13.8004
13.7436    5.8276    13.8004
13.734799    5.842    13.8004
13.728399    5.858    13.8004
13.722799    5.87    13.8004
13.7123995    5.9012    13.8004
13.700399    5.9332    13.8004
13.6956    5.9516    13.8004
13.682799    5.9996    13.8004
13.6779995    6.0284    13.8004
13.6668    6.082    13.8004
13.6628    6.1036    13.8004
13.654799    6.1596    13.8004
13.6491995    6.2028    13.8004
13.641999    6.2524    13.8004
13.6348    6.3139997    13.8004
13.6236    6.4132    13.8004
13.6172    6.4852    13.8004
13.613999    6.5243998    13.8004
13.6068    6.6067996    13.8004
13.5988    6.6948    13.8004
13.594    6.7572    13.8004
13.5859995    6.8588    13.8004
13.582    6.95    13.8004
13.5803995    6.9964    13.8004
13.5764    7.1011996    13.8004
13.5748    7.1436    13.8004
13.573199    7.2339997    13.8004
13.573199    7.2683997    13.8004
13.573199    7.29    13.8004
13.5708    7.3891997    13.8004
13.5716    7.4276    13.8004
13.5748    7.5435996    13.8004
13.579599    7.6796    13.8004
13.579599    7.686    13.8004
13.5803995    7.6987996    13.8004
13.5859995    7.8027997    13.8004
13.5892    7.8403997    13.8004
13.5956    7.9076    13.8004
13.602799    7.9715996    13.8004
13.6044    7.9867997    13.8004
13.6068    8.0076    13.8004
13.6156    8.0859995    13.8004
13.624399    8.1596    13.8004
13.6284    8.1876    13.8004
13.6468    8.3116    13.8004
13.648399    8.3228    13.8004
13.69    8.5764    13.8004
13.698    8.625999    13.8004
13.7084    8.6964    13.8004
13.717199    8.7652    13.8004
13.722    8.806    13.8004
13.7332    8.8996    13.8004
13.739599    8.966    13.8004
13.742    9.0084    13.8004
13.7444    9.0492    13.8004
13.746799    9.1124    13.8004
13.746799    9.214    13.8004
13.746799    9.2364    13.8004
13.746799    9.2532    13.8004
13.7411995    9.3812    13.8004
13.738    9.4172    13.8004
13.729199    9.538799    13.8004
13.7268    9.5604    13.8004
13.7148    9.660399    13.8004
13.7036    9.734    13.8004
13.6972    9.774799    13.8004
13.694799    9.7916    13.8004
13.6723995    9.922    13.8004
13.6676    9.947599    13.8004
13.6491995    10.0308    13.8004
13.6404    10.07    13.8004
13.6388    10.078    13.8004
13.6324    10.101999    13.8004
13.61    10.1908    13.8004
13.591599    10.2644    13.8004
13.582    10.2948    13.8004
13.5596    10.3684    13.8004
13.5476    10.4044    13.8004
13.5364    10.4372    13.8004
13.5084    10.5124    13.8004
13.4796    10.5876    13.8004
13.4684    10.6164    13.8004
13.458799    10.638    13.8004
13.429199    10.7084    13.8004
13.406799    10.757199    13.8004
13.3764    10.8196    13.8004
13.3484    10.878799    13.8004
13.321199    10.9332    13.8004
13.2892    10.9924    13.8004
13.268399    11.0292    13.8004
13.246799    11.0652    13.8004
13.2188    11.1108    13.8004
13.211599    11.1228    13.8004
13.194799    11.15    13.8004
13.1852    11.1636    13.8004
13.1756    11.177199    13.8004
13.160399    11.205199    13.8004
13.1564    11.2123995    13.8004
13.1564    11.2388    13.8004
13.1748    11.2699995    13.8004
13.1756    11.274799    13.8004
13.19    11.292399    13.8004
13.2036    11.3108    13.8004
13.2188    11.3284    13.8004
13.2332    11.343599    13.8004
13.2492    11.361199    13.8004
13.278    11.3924    13.8004
13.332399    11.4595995    13.8004
13.337199    11.465199    13.8004
13.360399    11.4948    13.8004
13.389999    11.533199    13.8004
13.41    11.5588    13.8004
13.429999    11.5884    13.8004
13.446    11.6116    13.8004
13.481999    11.6612    13.8004
13.5004    11.6868    13.8004
13.5132    11.705199    13.8004
13.5571995    11.768399    13.8004
13.606    11.843599    13.8004
13.634    11.8852    13.8004
13.69    11.969999    13.8004
13.7123995    12.0036    13.8004
13.7324    12.0348    13.8004
13.774799    12.1068    13.8004
13.7987995    12.146    13.8004
13.8364    12.21    13.8004
13.8564    12.2428    13.8004
13.8636    12.2548    13.8004
13.905999    12.325999    13.8004
13.924399    12.355599    13.8004
13.947599    12.394    13.8004
13.974    12.434    13.8004
13.986    12.4516    13.8004
14.0292    12.5196    13.8004
14.050799    12.5515995    13.8004
14.0876    12.6068    13.8004
14.0924    12.6147995    13.8004
14.1156    12.6491995    13.8004
14.1564    12.7084    13.8004
14.181999    12.7436    13.8004
14.2092    12.7796    13.8004
14.233999    12.814    13.8004
14.263599    12.8564    13.8004
14.309199    12.9196    13.8004
14.337199    12.958799    13.8004
14.349199    12.9772    13.8004
14.389999    13.042    13.8004
14.4196    13.0932    13.8004
14.4324    13.1147995    13.8004
14.45    13.147599    13.8004
14.457999    13.1628    13.8004
14.465199    13.177199    13.8004
14.4796    13.2076    13.8004
14.510799    13.2755995    13.8004
14.5492    13.3636    13.8004
14.5524    13.372399    13.8004
14.5571995    13.383599    13.8004
14.5836    13.447599    13.8004
14.5948    13.4772    13.8004
14.606    13.510799    13.8004
14.6268    13.568399    13.8004
14.6396    13.6044    13.8004
14.659599    13.6644    13.8004
14.6804    13.734799    13.8004
14.69    13.768399    13.8004
14.6964    13.7948    13.8004
14.71    13.846    13.8004
14.7276    13.923599    13.8004
14.7324    13.9436    13.8004
14.738    13.970799    13.8004
14.754    14.046    13.8004
14.768399    14.1228    13.8004
14.7764    14.1723995    13.8004
14.7948    14.286799    13.8004
14.7948    14.2884    13.8004
14.7948    14.2892    13.8004
14.7956    14.292399    13.8004
14.806    14.3884    13.8004
14.8068    14.3972    13.8004
14.8132    14.469199    13.8004
14.814799    14.5132    13.8004
14.815599    14.5236    13.8004
14.815599    14.545199    13.8004
14.818    14.6156    13.8004
14.8188    14.641999    13.8004
14.8188    14.6844    13.8004
14.818    14.6908    13.8004
14.818    14.7076    13.8004
14.8172    14.723599    13.8004
14.8164    14.750799    13.8004
14.815599    14.7548    13.8004
14.8236    14.7836    13.8004
14.8244    14.7884    13.8004
14.8508    14.8108    13.8004
14.8564    14.818    13.8004
14.8628    14.821199    13.8004
14.8868    14.834    13.8004
14.894799    14.8364    13.8004
14.9172    14.8308    13.8004
14.929999    14.8244    13.8004
14.95    14.7996    13.8004
14.969199    14.7699995    13.8004
14.9828    14.7492    13.8004
14.9883995    14.740399    13.8004
14.992399    14.734799    13.8004
15.0124    14.7076    13.8004
15.0492    14.6572    13.8004
15.0588    14.6468    13.8004
15.0803995    14.625999    13.8004
15.091599    14.613999    13.8004
15.1004    14.596399    13.8004
15.1124    14.5772    13.8004
15.113199    14.5716    13.8004
15.130799    14.5492    13.8004
15.134    14.544399    13.8004
15.142799    14.526    13.8004
15.1435995    14.5196    13.8004
15.146    14.5124    13.8004
15.1628    14.4908    13.8004
15.1636    14.4892    13.8004
15.171599    14.4772    13.8004
15.1788    14.464399    13.8004
15.1796    14.4628    13.8004
15.2028    14.4307995    13.8004
15.2036    14.429199    13.8004
15.2123995    14.423599    13.8004
15.228399    14.405999    13.8004
15.2316    14.4044    13.8004
15.234799    14.4044    13.8004
15.252399    14.3924    13.8004
15.2548    14.3924    13.8004
15.2772    14.377199    13.8004
15.285999    14.374    13.8004
15.3004    14.361199    13.8004
15.3068    14.354799    13.8004
15.318    14.3412    13.8004
15.3244    14.332399    13.8004
15.3508    14.302799    13.8004
15.3596    14.2932    13.8004
15.373199    14.2764    13.8004
15.4092    14.2364    13.8004
15.429199    14.214    13.8004
15.436399    14.205999    13.8004
15.445999    14.1972    13.8004
15.4732    14.1684    13.8004
15.4948    14.1468    13.8004
15.5204    14.1236    13.8004
15.549999    14.094    13.8004
15.5764    14.0716    13.8004
15.5892    14.061999    13.8004
15.607599    14.049999    13.8004
15.630799    14.033199    13.8004
15.6556    14.018    13.8004
15.69    13.9964    13.8004
15.698    13.993199    13.8004
15.7411995    13.9716    13.8004
15.786799    13.9539995    13.8004
15.7884    13.953199    13.8004
15.802799    13.9484    13.8004
15.8244    13.941199    13.8004
15.8276    13.9396    13.8004
15.865999    13.929999    13.8004
15.872399    13.9284    13.8004
15.9108    13.9228    13.8004
15.9284    13.9196    13.8004
15.9316    13.918799    13.8004
15.938    13.918799    13.8004
15.981999    13.9164    13.8004
16.0012    13.917999    13.8004
16.034    13.9196    13.8004
16.0364    13.917999    13.8004
16.0532    13.9196    13.8004
16.098799    13.9276    13.8004
16.146    13.934799    13.8004
16.1924    13.946    13.8004
16.206    13.95    13.8004
16.2244    13.9556    13.8004
16.260399    13.9668    13.8004
16.295599    13.9796    13.8004
16.3164    13.986    13.8004
16.3228    13.99    13.8004
16.3548    14.0028    13.8004
16.3796    14.015599    13.8004
16.397999    14.0244    13.8004
16.433199    14.0428    13.8004
16.4732    14.067599    13.8004
16.485199    14.073999    13.8004
16.496399    14.0803995    13.8004
16.522    14.098    13.8004
16.5324    14.1052    13.8004
16.5588    14.122    13.8004
16.593199    14.147599    13.8004
16.602    14.153999    13.8004
16.6076    14.158799    13.8004
16.6556    14.1988    13.8004
16.6572    14.2012    13.8004
16.6668    14.2092    13.8004
16.6948    14.2316    13.8004
16.721199    14.2588    13.8004
16.725199    14.262799    13.8004
16.7276    14.2644    13.8004
16.7316    14.268399    13.8004
16.754799    14.2884    13.8004
16.798    14.33    13.8004
16.8212    14.354    13.8004
16.8492    14.3828    13.8004
16.8908    14.4268    13.8004
16.9188    14.4548    13.8004
16.954    14.4908    13.8004
16.99    14.5292    13.8004
17.0156    14.554    13.8004
17.0692    14.6108    13.8004
17.0908    14.634    13.8004
17.104399    14.6491995    13.8004
17.1148    14.660399    13.8004
17.1436    14.693199    13.8004
17.1796    14.734799    13.8004
17.189999    14.746799    13.8004
17.2228    14.7836    13.8004
17.230799    14.794    13.8004
17.2556    14.8252    13.8004
17.2684    14.8412    13.8004
17.2732    14.8476    13.8004
17.2804    14.858    13.8004
17.2972    14.8796    13.8004
17.3076    14.8932    13.8004
17.3156    14.9044    13.8004
17.35    14.9516    13.8004
17.378    14.9956    13.8004
17.381199    14.999599    13.8004
17.3932    15.0188    13.8004
17.4172    15.0571995    13.8004
17.431599    15.0803995    13.8004
17.4516    15.113999    13.8004
17.4652    15.137199    13.8004
17.4804    15.1636    13.8004
17.507599    15.211599    13.8004
17.5084    15.214    13.8004
17.513199    15.221999    13.8004
17.57    15.3236    13.8004
17.5828    15.3468    13.8004
17.6068    15.3932    13.8004
17.618    15.4148    13.8004
17.628399    15.434799    13.8004
17.678    15.532399    13.8004
17.697199    15.567599    13.8004
17.718    15.6092    13.8004
17.747599    15.6692    13.8004
17.7788    15.7364    13.8004
17.788399    15.756399    13.8004
17.799599    15.781199    13.8004
17.812399    15.802    13.8004
17.812399    15.802799    13.8004
17.817999    15.8068    13.8004
17.8444    15.825199    13.8004
17.8604    15.825999    13.8004
17.8764    15.8276    13.8004
17.8788    15.826799    13.8004
17.9124    15.825999    13.8004
17.9268    15.8244    13.8004
17.954    15.8228    13.8004
17.962    15.8228    13.8004
17.9708    15.825999    13.8004
17.986    15.8292    13.8004
17.9884    15.8292    13.8004
17.99    15.83    13.8004
18.01    15.8516    13.8004
18.0236    15.873199    13.8004
18.0284    15.882799    13.8004
18.0364    15.894799    13.8004
18.042799    15.907599    13.8004
18.057999    15.936399    13.8004
18.0716    15.963599    13.8004
18.0812    15.981999    13.8004
18.093199    16.0108    13.8004
18.1092    16.0492    13.8004
18.1164    16.0684    13.8004
18.133999    16.111599    13.8004
18.167599    16.2036    13.8004
18.169199    16.208399    13.8004
18.17    16.2116    13.8004
18.1924    16.284399    13.8004
18.1964    16.3028    13.8004
18.206    16.3436    13.8004
18.2068    16.345999    13.8004
18.2068    16.3484    13.8004
18.206    16.3556    13.8004
18.2052    16.373999    13.8004
18.2044    16.3788    13.8004
18.2004    16.3804    13.8004
18.1852    16.3892    13.8004
18.1684    16.3916    13.8004
18.128399    16.397999    13.8004
18.1196    16.4004    13.8004
18.1028    16.4028    13.8004
18.0684    16.4124    13.8004
18.065199    16.4132    13.8004
18.0452    16.425999    13.8004
18.037199    16.43    13.8004
18.0348    16.434    13.8004
18.024399    16.4692    13.8004
18.024399    16.4708    13.8004
18.024399    16.4716    13.8004
18.024399    16.472399    13.8004
18.0364    16.5332    13.8004
18.037199    16.538    13.8004
18.048399    16.609999    13.8004
18.0492    16.615599    13.8004
18.0516    16.6372    13.8004
18.0572    16.7012    13.8004
18.057999    16.719599    13.8004
18.059599    16.737999    13.8004
18.0604    16.7836    13.8004
18.0588    16.817999    13.8004
18.0588    16.8196    13.8004
18.057999    16.8212    13.8004
18.05    16.85    13.8004
18.0444    16.862    13.8004
18.0396    16.8716    13.8004
18.035599    16.878    13.8004
18.0148    16.8988    13.8004
18.000399    16.9116    13.8004
17.9828    16.9268    13.8004
17.954    16.9524    13.8004
17.9364    16.9628    13.8004
17.9292    16.9684    13.8004
17.914    16.977999    13.8004
17.9044    16.9844    13.8004
17.886799    16.990799    13.8004
17.8764    16.994    13.8004
17.8652    16.998    13.8004
17.8492    17.0036    13.8004
17.834    17.0068    13.8004
17.816399    17.01    13.8004
17.7948    17.0148    13.8004
17.7812    17.018    13.8004
17.7692    17.0204    13.8004
17.7404    17.0204    13.8004
17.7396    17.0204    13.8004
17.7132    17.0196    13.8004
17.7068    17.018    13.8004
17.6828    17.0116    13.8004
17.678    17.01    13.8004
17.657999    17.001999    13.8004
17.632399    16.9884    13.8004
17.63    16.9876    13.8004
17.622799    16.982    13.8004
17.6012    16.9684    13.8004
17.5732    16.961199    13.8004
17.5676    16.9596    13.8004
17.563599    16.9628    13.8004
17.5388    16.994    13.8004
17.538    16.9972    13.8004
17.5348    17.0252    13.8004
17.535599    17.0276    13.8004
17.5388    17.0508    13.8004
17.5492    17.1388    13.8004
17.5628    17.258    13.8004
17.5732    17.3436    13.8004
17.5812    17.4076    13.8004
17.5964    17.5044    13.8004
17.600399    17.529999    13.8004
17.6028    17.5444    13.8004
17.6204    17.6588    13.8004
17.6276    17.7036    13.8004
17.6532    17.8452    13.8004
17.67    17.931599    13.8004
17.689999    18.029999    13.8004
17.7236    18.2036    13.8004
17.7428    18.293999    13.8004
17.7644    18.3972    13.8004
17.7892    18.5148    13.8004
17.8148    18.6436    13.8004
17.83    18.722    13.8004
17.8388    18.7612    13.8004
17.8636    18.8916    13.8004
17.8764    18.9628    13.8004
17.886799    19.022    13.8004
17.9004    19.1036    13.8004
17.9196    19.2228    13.8004
17.9308    19.289999    13.8004
17.937199    19.327599    13.8004
17.9412    19.3604    13.8004
17.97    19.5628    13.8004
17.9876    19.702799    13.8004
17.99    19.721199    13.8004
18.0084    19.8668    13.8004
18.0196    19.973999    13.8004
18.0268    20.0452    13.8004
18.038    20.169199    13.8004
18.041199    20.219599    13.8004
18.046799    20.353199    13.8004
18.046799    20.3564    13.8004
18.046799    20.358799    13.8004
18.046799    20.446    13.8004
18.046799    20.4708    13.8004
18.0444    20.5284    13.8004
18.042799    20.581999    13.8004
18.038    20.6524    13.8004
18.0348    20.7004    13.8004
18.0276    20.7572    13.8004
18.0252    20.774    13.8004
18.022    20.795599    13.8004
18.0116    20.8556    13.8004
17.9996    20.918    13.8004
17.998    20.9284    13.8004
17.994    20.944399    13.8004
17.972399    21.0404    13.8004
17.9644    21.0788    13.8004
17.954    21.121199    13.8004
17.9268    21.2188    13.8004
17.91    21.2788    13.8004
17.9012    21.3092    13.8004
17.8972    21.327599    13.8004
17.8764    21.4068    13.8004
17.8748    21.414    13.8004
17.8612    21.494    13.8004
17.8596    21.5052    13.8004
17.8556    21.5476    13.8004
17.854    21.5628    13.8004
17.8508    21.609999    13.8004
17.851599    21.6356    13.8004
17.851599    21.694    13.8004
17.8524    21.7108    13.8004
17.858    21.7748    13.8004
17.8668    21.8508    13.8004
17.8708    21.878    13.8004
17.8724    21.8932    13.8004
17.8732    21.8988    13.8004
17.875599    21.9132    13.8004
17.8772    21.948399    13.8004
17.8804    21.973999    13.8004
17.8804    21.9756    13.8004
17.8916    21.9988    13.8004
17.8972    22.005999    13.8004
17.925999    22.014    13.8004
17.937199    22.014    13.8004
17.942    22.0124    13.8004
17.9516    22.0092    13.8004
17.9716    22.0036    13.8004
17.985199    21.9996    13.8004
18.0284    21.99    13.8004
18.094    21.973999    13.8004
18.1708    21.955599    13.8004
18.1756    21.9548    13.8004
18.2108    21.948399    13.8004
18.2276    21.9476    13.8004
18.2428    21.9492    13.8004
18.265999    21.9564    13.8004
18.274    21.959599    13.8004
18.282799    21.9644    13.8004
18.2988    21.982    13.8004
18.3028    21.985199    13.8004
18.305199    21.9884    13.8004
18.316399    22.0164    13.8004
18.3308    22.091599    13.8004
18.3332    22.1068    13.8004
18.334    22.114    13.8004
18.334799    22.121199    13.8004
18.3388    22.154799    13.8004
18.3428    22.194    13.8004
18.3444    22.226    13.8004
18.3444    22.2516    13.8004
18.3444    22.2596    13.8004
18.3428    22.2988    13.8004
18.3428    22.299599    13.8004
18.3332    22.329199    13.8004
18.3324    22.334799    13.8004
18.321999    22.375599    13.8004
18.3212    22.379599    13.8004
18.3204    22.381199    13.8004
18.2876    22.4804    13.8004
18.2652    22.5516    13.8004
18.2452    22.6124    13.8004
18.237999    22.633999    13.8004
18.23    22.657999    13.8004
18.1996    22.75    13.8004
18.1892    22.7796    13.8004
18.184399    22.7948    13.8004
18.1516    22.885199    13.8004
18.1276    22.9492    13.8004
18.118    22.9756    13.8004
18.114    22.9844    13.8004
18.098    23.0252    13.8004
18.0716    23.094    13.8004
18.0612    23.1164    13.8004
18.041199    23.1596    13.8004
18.0212    23.2044    13.8004
18.0044    23.2412    13.8004
17.985199    23.281199    13.8004
17.9588    23.329199    13.8004
17.9524    23.3436    13.8004
17.9228    23.394    13.8004
17.9172    23.403599    13.8004
17.91    23.416399    13.8004
17.873999    23.4692    13.8004
17.8676    23.4788    13.8004
17.834    23.5276    13.8004
17.83    23.5324    13.8004
17.771599    23.6068    13.8004
17.77    23.6092    13.8004
17.7564    23.6236    13.8004
17.7188    23.6644    13.8004
17.7148    23.669199    13.8004
17.656399    23.732399    13.8004
17.6388    23.75    13.8004
17.5732    23.812399    13.8004
17.5516    23.8324    13.8004
17.5324    23.849998    13.8004
17.4684    23.9052    13.8004
17.4548    23.9172    13.8004
17.431599    23.937199    13.8004
17.3708    23.989199    13.8004
17.3508    24.005999    13.8004
17.2588    24.0852    13.8004
17.2348    24.1052    13.8004
17.167599    24.1588    13.8004
17.154    24.169199    13.8004
17.0972    24.2132    13.8004
17.0836    24.223598    13.8004
17.042    24.253199    13.8004
17.0276    24.2636    13.8004
16.9716    24.3028    13.8004
16.9708    24.3028    13.8004
16.91    24.3412    13.8004
16.8836    24.358    13.8004
16.857199    24.3732    13.8004
16.8228    24.3932    13.8004
16.7908    24.41    13.8004
16.7756    24.418    13.8004
16.7188    24.4468    13.8004
16.7124    24.449999    13.8004
16.6908    24.4604    13.8004
16.680399    24.4636    13.8004
16.6764    24.4644    13.8004
16.6716    24.4644    13.8004
16.6468    24.4692    13.8004
16.6252    24.466    13.8004
16.605999    24.462    13.8004
16.5548    24.446    13.8004
16.5172    24.4348    13.8004
16.4932    24.425999    13.8004
16.49    24.4252    13.8004
16.4884    24.4236    13.8004
16.47    24.4044    13.8004
16.4652    24.3804    13.8004
16.4636    24.3764    13.8004
16.4604    24.3484    13.8004
16.4596    24.3468    13.8004
16.4564    24.3372    13.8004
16.433199    24.314    13.8004
16.425999    24.31    13.8004
16.4244    24.310799    13.8004
16.414799    24.31    13.8004
16.3956    24.3076    13.8004
16.386    24.3092    13.8004
16.3796    24.312399    13.8004
16.3748    24.3132    13.8004
16.3452    24.3228    13.8004
16.3164    24.3308    13.8004
16.2876    24.3372    13.8004
16.2444    24.347599    13.8004
16.1684    24.3676    13.8004
16.1468    24.3724    13.8004
16.1036    24.382    13.8004
16.046    24.3956    13.8004
15.945999    24.418    13.8004
15.9316    24.4212    13.8004
15.7156    24.466    13.8004
15.6228    24.4868    13.8004
15.589999    24.4932    13.8004
15.5652    24.498    13.8004
15.538799    24.501999    13.8004
15.5012    24.5068    13.8004
15.5004    24.5068    13.8004
15.499599    24.507599    13.8004
15.4684    24.5148    13.8004
15.4548    24.522799    13.8004
15.4372    24.531599    13.8004
15.429199    24.5404    13.8004
15.4436    24.5668    13.8004
15.4484    24.5732    13.8004
15.4548    24.578    13.8004
15.4772    24.5964    13.8004
15.4804    24.598    13.8004
15.4804    24.598799    13.8004
15.481199    24.598799    13.8004
15.5004    24.609999    13.8004
15.5068    24.6148    13.8004
15.5571995    24.646    13.8004
15.6092    24.678799    13.8004
15.660399    24.7148    13.8004
15.698799    24.7412    13.8004
15.7036    24.7452    13.8004
15.711599    24.753199    13.8004
15.7308    24.7732    13.8004
15.734799    24.782    13.8004
15.740399    24.7972    13.8004
15.733999    24.8132    13.8004
15.733999    24.817999    13.8004
15.714    24.8308    13.8004
15.7012    24.838799    13.8004
15.6924    24.8436    13.8004
15.658799    24.853199    13.8004
15.6276    24.861198    13.8004
15.618    24.862799    13.8004
15.561999    24.875599    13.8004
15.4908    24.8884    13.8004
15.418799    24.9004    13.8004
15.353999    24.910799    13.8004
15.2892    24.9212    13.8004
15.254    24.9268    13.8004
15.2324    24.93    13.8004
15.174    24.938799    13.8004
15.118799    24.9468    13.8004
15.061199    24.9548    13.8004
14.9676    24.966    13.8004
14.953199    24.9676    13.8004
14.9452    24.9684    13.8004
14.838799    24.9804    13.8004
14.7676    24.9868    13.8004
14.7204    24.990799    13.8004
14.624399    24.998    13.8004
14.5876    24.9996    13.8004
14.4796    25.0044    13.8004
14.4251995    25.005999    13.8004
14.3628    25.007599    13.8004
14.2788    25.0108    13.8004
14.1779995    25.011599    13.8004
14.17    25.011599    13.8004
14.1491995    25.011599    13.8004
14.079599    25.0108    13.8004
14.0588    25.01    13.8004
13.978    25.007599    13.8004
13.9628    25.007599    13.8004
13.9196    25.01    13.8004
13.8452    25.0164    13.8004
13.809199    25.018799    13.8004
13.687599    25.026    13.8004
13.596399    25.031599    13.8004
13.5196    25.035599    13.8004
13.4332    25.039598    13.8004
13.3412    25.042799    13.8004
13.252399    25.046    13.8004
13.1779995    25.048399    13.8004
13.0612    25.052399    13.8004
13.0204    25.052399    13.8004
12.8868    25.0556    13.8004
12.8572    25.0564    13.8004
12.7252    25.0588    13.8004
12.71    25.0588    13.8004
12.598    25.0628    13.8004
12.585199    25.0628    13.8004
12.4748    25.066    13.8004
12.470799    25.066    13.8004
12.4276    25.0676    13.8004
12.3988    25.069199    13.8004
12.382    25.069199    13.8004
12.3412    25.069199    13.8004
12.2892    25.0676    13.8004
12.2884    25.0676    13.8004
12.2876    25.0676    13.8004
12.2164    25.0612    13.8004
12.1723995    25.0572    13.8004
12.113199    25.0516    13.8004
12.0803995    25.046799    13.8004
11.9883995    25.0332    13.8004
11.9204    25.0212    13.8004
11.8476    25.007599    13.8004
11.740399    24.983599    13.8004
11.7036    24.9748    13.8004
11.6332    24.9524    13.8004
11.5652    24.9308    13.8004
11.514    24.9116    13.8004
11.4276    24.8788    13.8004
11.314    24.8252    13.8004
11.2948    24.816399    13.8004
11.2492    24.792398    13.8004
11.1612    24.7444    13.8004
11.11    24.713999    13.8004
11.0292    24.6644    13.8004
10.924399    24.594799    13.8004
10.9172    24.59    13.8004
10.9108    24.585999    13.8004
10.9004    24.5788    13.8004
10.8428    24.5388    13.8004
10.838799    24.5364    13.8004
10.8076    24.513199    13.8004
10.8068    24.5124    13.8004
10.8052    24.5108    13.8004
10.785999    24.4884    13.8004
10.7836    24.479599    13.8004
10.7788    24.465199    13.8004
10.780399    24.459599    13.8004
10.7884    24.449999    13.8004
10.797999    24.437199    13.8004
10.8043995    24.4324    13.8004
10.8236    24.4172    13.8004
10.8372    24.407598    13.8004
10.8428    24.3988    13.8004
10.8516    24.3892    13.8004
10.8532    24.3772    13.8004
10.8468    24.369999    13.8004
10.8396    24.345999    13.8004
10.8356    24.3436    13.8004
10.8244    24.333199    13.8004
10.8076    24.3212    13.8004
10.8043995    24.316399    13.8004
10.7844    24.3044    13.8004
10.7676    24.2948    13.8004
10.738    24.275599    13.8004
10.6924    24.2444    13.8004
10.613999    24.1876    13.8004
10.602799    24.1796    13.8004
10.5652    24.15    13.8004
10.514    24.1108    13.8004
10.505199    24.1036    13.8004
10.4852    24.085999    13.8004
10.412399    24.022799    13.8004
10.3828    23.994799    13.8004
10.3308    23.9452    13.8004
10.322    23.937199    13.8004
10.2716    23.8836    13.8004
10.2668    23.8788    13.8004
10.25    23.858    13.8004
10.2052    23.8036    13.8004
10.153999    23.7372    13.8004
10.1356    23.712399    13.8004
10.125199    23.697199    13.8004
10.0868    23.637999    13.8004
10.0716    23.614    13.8004
10.0524    23.581999    13.8004
10.0404    23.5604    13.8004
10.0292    23.5364    13.8004
10.0292    23.535599    13.8004
10.028399    23.5348    13.8004
10.021999    23.51    13.8004
10.021999    23.4956    13.8004
10.0204    23.473999    13.8004
10.0204    23.4636    13.8004
10.0244    23.4212    13.8004
10.0252    23.4116    13.8004
10.027599    23.4012    13.8004
10.0308    23.3804    13.8004
10.0324    23.3716    13.8004
10.039599    23.354    13.8004
10.042    23.3492    13.8004
10.0428    23.3484    13.8004
10.0428    23.347599    13.8004
10.0604    23.3212    13.8004
10.0724    23.3116    13.8004
10.0868    23.2988    13.8004
10.108399    23.286    13.8004
10.1156    23.282    13.8004
10.158    23.264399    13.8004
10.1636    23.262    13.8004
10.2092    23.241999    13.8004
10.2428    23.23    13.8004
10.25    23.2276    13.8004
10.274    23.2204    13.8004
10.2764    23.219599    13.8004
10.3348    23.2044    13.8004
10.3356    23.2044    13.8004
10.3708    23.180399    13.8004
10.3716    23.174    13.8004
10.3756    23.145199    13.8004
10.3756    23.1428    13.8004
10.3748    23.1412    13.8004
10.37    23.1316    13.8004
10.3276    23.0436    13.8004
10.315599    23.018    13.8004
10.3116    23.01    13.8004
10.309199    23.0052    13.8004
10.2908    22.965199    13.8004
10.262    22.9028    13.8004
10.2484    22.8716    13.8004
10.2196    22.806799    13.8004
10.1612    22.67    13.8004
10.1491995    22.6428    13.8004
10.1228    22.5788    13.8004
10.0836    22.485199    13.8004
10.073199    22.459599    13.8004
10.038    22.364399    13.8004
10.026    22.334    13.8004
9.9916    22.2412    13.8004
9.9852    22.2236    13.8004
9.9539995    22.132399    13.8004
9.947599    22.114    13.8004
9.926    22.0436    13.8004
9.9172    22.0156    13.8004
9.91    21.990799    13.8004
9.8892    21.9188    13.8004
9.882    21.89    13.8004
9.8652    21.8244    13.8004
9.8596    21.8004    13.8004
9.8404    21.713999    13.8004
9.837999    21.7036    13.8004
9.8364    21.695599    13.8004
9.822    21.6084    13.8004
9.8116    21.5404    13.8004
9.8076    21.514    13.8004
9.8052    21.490799    13.8004
9.7972    21.4156    13.8004
9.7884    21.3196    13.8004
9.7876    21.316399    13.8004
9.786799    21.298    13.8004
9.7836    21.232399    13.8004
9.7828    21.2164    13.8004
9.778    21.080399    13.8004
9.7755995    20.8988    13.8004
9.7755995    20.8932    13.8004
9.7755995    20.89    13.8004
9.7764    20.737999    13.8004
9.7764    20.706    13.8004
9.7764    20.7004    13.8004
9.7796    20.542    13.8004
9.7836    20.4348    13.8004
9.7844    20.4068    13.8004
9.785999    20.373999    13.8004
9.7892    20.2756    13.8004
9.7964    20.1868    13.8004
9.7987995    20.1604    13.8004
9.8012    20.133999    13.8004
9.806    20.076399    13.8004
9.809999    20.0436    13.8004
9.8188    19.966    13.8004
9.8284    19.902    13.8004
9.837999    19.8436    13.8004
9.849199    19.786    13.8004
9.8636    19.7116    13.8004
9.87    19.6764    13.8004
9.884399    19.6092    13.8004
9.8876    19.594799    13.8004
9.913199    19.4876    13.8004
9.918    19.4692    13.8004
9.9268    19.4356    13.8004
9.9492    19.358799    13.8004
9.9628    19.31    13.8004
9.986    19.23    13.8004
10.0124    19.1492    13.8004
10.0212    19.122799    13.8004
10.038799    19.0724    13.8004
10.0556    19.0252    13.8004
10.0652    18.9996    13.8004
10.1012    18.9076    13.8004
10.1156    18.868399    13.8004
10.1628    18.7516    13.8004
10.2212    18.6124    13.8004
10.274    18.489199    13.8004
10.314799    18.3916    13.8004
10.358    18.284399    13.8004
10.4307995    18.104399    13.8004
10.5324    17.8548    13.8004
10.5836    17.730799    13.8004
10.6412    17.5956    13.8004
10.671599    17.524399    13.8004
10.6956    17.4716    13.8004
10.7436    17.362    13.8004
10.7932    17.249199    13.8004
10.8228    17.182    13.8004
10.8636    17.094    13.8004
10.878799    17.0612    13.8004
10.9084    16.998    13.8004
10.941199    16.9284    13.8004
10.966    16.875599    13.8004
10.9916    16.8212    13.8004
11.004399    16.7932    13.8004
11.015599    16.7708    13.8004
11.0196    16.760399    13.8004
11.044399    16.7068    13.8004
11.0468    16.7036    13.8004
11.0484    16.7004    13.8004
11.05    16.6964    13.8004
11.0524    16.691599    13.8004
11.0956    16.6036    13.8004
11.0956    16.6012    13.8004
11.1068    16.5788    13.8004
11.1164    16.5572    13.8004
11.122    16.546    13.8004
11.1276    16.529999    13.8004
11.1284    16.526    13.8004
11.1444    16.494    13.8004
11.146    16.4932    13.8004
11.1532    16.477999    13.8004
11.1612    16.461199    13.8004
11.1612    16.434    13.8004
11.1628    16.431599    13.8004
11.1668    16.421999    13.8004
11.1684    16.4116    13.8004
11.1684    16.41    13.8004
11.17    16.386799    13.8004
11.1684    16.382    13.8004
11.17    16.354    13.8004
11.17    16.3524    13.8004
11.17    16.351599    13.8004
11.1524    16.329199    13.8004
11.1628    16.31    13.8004
11.1572    16.298    13.8004
11.1396    16.282    13.8004
11.1212    16.3004    13.8004
11.122    16.3132    13.8004
11.107599    16.314    13.8004
11.0884    16.3308    13.8004
11.073199    16.3444    13.8004
11.0556    16.3564    13.8004
10.9868    16.406    13.8004
10.9676    16.420399    13.8004
10.9084    16.4644    13.8004
10.8675995    16.490799    13.8004
10.825999    16.514    13.8004
10.7708    16.541199    13.8004
10.7204    16.5572    13.8004
10.6924    16.5668    13.8004
10.6284    16.5796    13.8004
10.618    16.581999    13.8004
10.6156    16.581999    13.8004
10.5556    16.5828    13.8004
10.5492    16.5828    13.8004
10.5252    16.581999    13.8004
10.5012    16.5676    13.8004
10.498799    16.5692    13.8004
10.487599    16.553999    13.8004
10.4788    16.546799    13.8004
10.464399    16.5092    13.8004
10.4628    16.5044    13.8004
10.462    16.5012    13.8004
10.446    16.442    13.8004
10.4372    16.403599    13.8004
10.3972    16.2068    13.8004
10.3772    16.1036    13.8004
10.3644    16.0444    13.8004
10.3524    15.99    13.8004
10.33    15.8756    13.8004
10.3188    15.821199    13.8004
10.3132    15.786799    13.8004
10.3004    15.728399    13.8004
10.2964    15.698799    13.8004
10.2852    15.641999    13.8004
10.281199    15.6156    13.8004
10.2772    15.5996    13.8004
10.274    15.5716    13.8004
10.2708    15.5468    13.8004
10.2708    15.544399    13.8004
10.269199    15.533199    13.8004
10.2668    15.5188    13.8004
10.263599    15.4724    13.8004
10.2628    15.4676    13.8004
10.262    15.4556    13.8004
10.263599    15.4196    13.8004
10.266    15.3804    13.8004
10.269199    15.358    13.8004
10.2732    15.334    13.8004
10.2755995    15.315599    13.8004
10.278    15.3004    13.8004
10.2964    15.2132    13.8004
10.2972    15.2092    13.8004
10.2987995    15.2012    13.8004
10.3012    15.19    13.8004
10.3308    15.0756    13.8004
10.3476    15.0188    13.8004
10.358    14.9788    13.8004
10.3604    14.969999    13.8004
10.3852    14.8924    13.8004
10.413199    14.7987995    13.8004
10.4204    14.7764    13.8004
10.438    14.7212    13.8004
10.4539995    14.6676    13.8004
10.4595995    14.6508    13.8004
10.4964    14.5372    13.8004
10.502    14.5204    13.8004
10.538    14.4172    13.8004
10.5636    14.348399    13.8004
10.5828    14.302799    13.8004
10.6228    14.2036    13.8004
10.6276    14.1908    13.8004
10.6404    14.1628    13.8004
10.6668    14.102799    13.8004
10.6804    14.0764    13.8004
10.717199    14.0028    13.8004
10.766    13.91    13.8004
10.8004    13.8484    13.8004
10.8404    13.7708    13.8004
10.858    13.7364    13.8004
10.901199    13.6491995    13.8004
10.917999    13.61    13.8004
10.941999    13.558    13.8004
10.9732    13.4852    13.8004
10.987599    13.4516    13.8004
10.9956    13.429999    13.8004
11.0132    13.378799    13.8004
11.0268    13.343599    13.8004
11.03    13.3308    13.8004
11.0412    13.282    13.8004
11.046    13.2652    13.8004
11.0556    13.223599    13.8004
11.0612    13.188399    13.8004
11.0644    13.1572    13.8004
11.0716    13.1036    13.8004
11.0724    13.098    13.8004
11.073999    13.0892    13.8004
11.0748    13.0772    13.8004
11.082    12.986    13.8004
11.0844    12.901999    13.8004
11.0844    12.901199    13.8004
11.0868    12.792399    13.8004
11.0868    12.7476    13.8004
11.0859995    12.710799    13.8004
11.085199    12.682799    13.8004
11.0836    12.613999    13.8004
11.0812    12.57    13.8004
11.0764    12.4883995    13.8004
11.0748    12.470799    13.8004
11.073999    12.4604    13.8004
11.073199    12.452399    13.8004
11.0668    12.383599    13.8004
11.0644    12.3508    13.8004
11.0596    12.3012    13.8004
11.0571995    12.274799    13.8004
11.046    12.1972    13.8004
11.0404    12.141999    13.8004
11.033999    12.0956    13.8004
11.0196    12.0188    13.8004
11.0171995    12.0084    13.8004
11.015599    11.9964    13.8004
11.005199    11.9251995    13.8004
10.998799    11.8932    13.8004
10.9924    11.8596    13.8004
10.9868    11.8276    13.8004
10.9796    11.792399    13.8004
10.9684    11.7452    13.8004
10.9572    11.6916    13.8004
10.9444    11.637199    13.8004
10.9276    11.5668    13.8004
10.9092    11.499599    13.8004
10.8924    11.4404    13.8004
10.8828    11.406799    13.8004
10.8636    11.3404    13.8004
10.854    11.3068    13.8004
10.8331995    11.245999    13.8004
10.820399    11.2092    13.8004
10.7996    11.1476    13.8004
10.781199    11.0948    13.8004
10.757999    11.0308    13.8004
10.740399    10.9844    13.8004
10.7188    10.9284    13.8004
10.7052    10.8963995    13.8004
10.6796    10.8331995    13.8004
10.665999    10.803599    13.8004
10.6332    10.7324    13.8004
10.6124    10.688399    13.8004
10.5844    10.631599    13.8004
10.57    10.6012    13.8004
10.544399    10.5515995    13.8004
10.5212    10.5116    13.8004
10.5076    10.4868    13.8004
10.470799    10.4251995    13.8004
10.465199    10.4156    13.8004
10.462    10.41    13.8004
10.4307995    10.3588    13.8004
10.424399    10.349999    13.8004
10.3948    10.3084    13.8004
10.3636    10.2628    13.8004
10.3404    10.2332    13.8004
10.2676    10.136399    13.8004
10.262    10.1276    13.8004
10.257999    10.1228    13.8004
10.202    10.042    13.8004
10.1692    9.9924    13.8004
10.1556    9.970799    13.8004
10.146    9.9524    13.8004
10.1396    9.9307995    13.8004
10.1388    9.9284    13.8004
10.1388    9.9276    13.8004
10.142    9.901999    13.8004
10.142    9.895599    13.8004
10.1444    9.886    13.8004
10.158    9.8508    13.8004
10.1588    9.8468    13.8004
10.165199    9.8276    13.8004
10.189199    9.7604    13.8004
10.217199    9.6876    13.8004
10.2268    9.6612    13.8004
10.2532    9.594    13.8004
10.2668    9.5588    13.8004
10.2852    9.510799    13.8004
10.2908    9.4964    13.8004
10.2964    9.4852    13.8004
10.315599    9.4396    13.8004
10.321199    9.424399    13.8004
10.326799    9.4148    13.8004
10.344399    9.382    13.8004
10.3468    9.378799    13.8004
10.355599    9.366    13.8004
10.3636    9.3564    13.8004
10.3675995    9.3532    13.8004
10.398    9.33    13.8004
10.4004    9.3284    13.8004
10.4228    9.314    13.8004
10.4484    9.2987995    13.8004
10.474    9.2852    13.8004
10.4852    9.2788    13.8004
10.5028    9.2716    13.8004
10.514    9.269199    13.8004
10.5268    9.263599    13.8004
10.533999    9.2644    13.8004
10.554    9.2628    13.8004
10.5556    9.2628    13.8004
10.5756    9.2644    13.8004
10.608399    9.2716    13.8004
10.6228    9.274    13.8004
10.63    9.2755995    13.8004
10.6396    9.2796    13.8004
10.682    9.2956    13.8004
10.7052    9.3076    13.8004
10.7444    9.326    13.8004
10.7764    9.3404    13.8004
10.791599    9.349199    13.8004
10.8428    9.3804    13.8004
10.8619995    9.3907995    13.8004
10.87    9.3963995    13.8004
10.889199    9.4092    13.8004
10.9148    9.4268    13.8004
10.9436    9.4508    13.8004
10.9444    9.4516    13.8004
10.946799    9.453199    13.8004
10.9724    9.470799    13.8004
11.0004    9.478    13.8004
11.0068    9.478    13.8004
11.0252    9.4684    13.8004
11.0348    9.4595995    13.8004
11.0588    9.4372    13.8004
11.0612    9.4316    13.8004
11.0652    9.414    13.8004
11.0724    9.3884    13.8004
11.0748    9.3804    13.8004
11.0772    9.3652    13.8004
11.0932    9.314    13.8004
11.108399    9.262    13.8004
11.13    9.198    13.8004
11.146    9.153999    13.8004
11.165999    9.1004    13.8004
11.199599    9.014    13.8004
11.2212    8.962    13.8004
11.2411995    8.914    13.8004
11.2844    8.809999    13.8004
11.358    8.6435995    13.8004
11.3804    8.5956    13.8004
11.4052    8.5428    13.8004
11.4748    8.389999    13.8004
11.4924    8.3492    13.8004
11.5372    8.2532    13.8004
11.5644    8.1884    13.8004
11.59    8.1292    13.8004
11.6156    8.0676    13.8004
11.6396    8.01    13.8004
11.6636    7.9484    13.8004
11.698    7.8556    13.8004
11.7156    7.8076    13.8004
11.7436    7.726    13.8004
11.7604    7.6763997    13.8004
11.774799    7.6308    13.8004
11.8068    7.5347996    13.8004
11.8348    7.4379997    13.8004
11.8476    7.3947997    13.8004
11.883599    7.2683997    13.8004
11.914    7.158    13.8004
11.9484    7.0316    13.8004
11.970799    6.9556    13.8004
11.9948    6.8683996    13.8004
12.0188    6.79    13.8004
12.073999    6.6131997    13.8004
12.101999    6.5228    13.8004
12.134    6.4171996    13.8004
12.1779995    6.2748    13.8004
12.2092    6.178    13.8004
12.25    6.0548    13.8004
12.280399    5.9532    13.8004
12.2828    5.9452    13.8004
12.2932    5.9091997    13.8004
12.3124    5.8444    13.8004
12.3196    5.8188    13.8004
12.332399    5.762    13.8004
12.344399    5.7124    13.8004
12.3476    5.6963997    13.8004
12.3484    5.6884    13.8004
12.3484    5.678    13.8004
12.349999    5.6507998    13.8004
12.346    5.6204    13.8004
12.3452    5.6108    13.8004
12.344399    5.6043997    13.8004
12.3412    5.5884    13.8004
12.3364    5.5555997    13.8004
12.3252    5.5004    13.8004
12.322    5.4804    13.8004
12.320399    5.4516    13.8004
12.3188    5.4316    13.8004
12.3188    5.4212    13.8004
12.3196    5.402    13.8004
12.3236    5.3859997    13.8004
12.3252    5.3724    13.8004
12.3308    5.3612    13.8004
12.338799    5.3468    13.8004
12.3619995    5.3059998    13.8004
12.3636    5.3036    13.8004
12.3652    5.3012    13.8004
12.4268    5.218    13.8004
12.4372    5.2044    13.8004
12.45    5.1868    13.8004
12.4676    5.1531997    13.8004
12.4692    5.1507998    13.8004
12.469999    5.1492    13.8004
12.481199    5.1236    13.8004
12.4836    5.1108    13.8004
12.486799    5.0908    13.8004
12.4883995    5.0708    13.8004
12.4908    5.0428    13.8004
12.49    5.0316    13.8004
12.49    5.0267997    13.8004
12.49    4.99    13.8004
12.49    4.9732    13.8004
12.49    4.9691997    13.8004
12.49    4.9652    13.8004
12.4883995    4.9252    13.8004
12.4883995    4.9203997    13.8004
12.486799    4.9132    13.8004
12.4844    4.8947997    13.8004
12.481199    4.8788    13.8004
12.4796    4.8652    13.8004
12.4724    4.8356    13.8004
12.4716    4.834    13.8004
12.4716    4.8324    13.8004
12.4716    4.83    13.8004
12.4548    4.7804    13.8004
12.4548    4.7788    13.8004
12.4548    4.778    13.8004
12.4539995    4.7764    13.8004
12.426    4.7028    13.8004
12.4052    4.6475997    13.8004
12.4004    4.63    13.8004
12.389199    4.5875998    13.8004
12.3868    4.5772    13.8004
12.383599    4.5524    13.8004
12.3812    4.5411997    13.8004
12.3804    4.5148    13.8004
12.3796    4.5099998    13.8004
12.3796    4.5044    13.8004
12.382    4.4892    13.8004
12.3852    4.4691997    13.8004
12.3916    4.4467998    13.8004
12.394799    4.434    13.8004
12.3996    4.4179997    13.8004
12.406799    4.3964    13.8004
12.424399    4.35    13.8004
12.446    4.2971997    13.8004
12.4539995    4.2756    13.8004
12.458799    4.2604    13.8004
12.465199    4.2348    13.8004
12.4692    4.2244    13.8004
12.4716    4.206    13.8004
12.474    4.1907997    13.8004
12.476399    4.1716    13.8004
12.475599    4.1531997    13.8004
12.4772    4.1419997    13.8004
12.475599    4.1284    13.8004
12.4732    4.1075997    13.8004
12.4724    4.0996    13.8004
12.470799    4.074    13.8004
12.4676    4.0548    13.8004
12.466    4.042    13.8004
12.4628    4.0132    13.8004
12.4564    3.9747999    13.8004
12.4548    3.9643998    13.8004
12.4539995    3.958    13.8004
12.4436    3.8723998    13.8004
12.436399    3.8276    13.8004
12.426    3.7403998    13.8004
12.423599    3.7131999    13.8004
12.414    3.6172    13.8004
12.4116    3.5851998    13.8004
12.406799    3.5219998    13.8004
12.4052    3.4859998    13.8004
12.4036    3.4452    13.8004
12.4044    3.3948    13.8004
12.4036    3.3692    13.8004
12.4044    3.3332    13.8004
12.4052    3.2779999    13.8004
12.4084    3.2403998    13.8004
12.4108    3.2028    13.8004
12.414    3.1708    13.8004
12.4172    3.1355999    13.8004
12.424399    3.09    13.8004
12.4284    3.0676    13.8004
12.4316    3.0476    13.8004
12.441199    3.0012    13.8004
12.4516    2.9587998    13.8004
12.4604    2.9268    13.8004
12.4716    2.8836    13.8004
12.476399    2.8676    13.8004
12.4844    2.8492    13.8004
12.4916    2.8307998    13.8004
12.499599    2.8132    13.8004
12.5068    2.7988    13.8004
12.514    2.7828    13.8004
12.521199    2.7675998    13.8004
12.5324    2.7475998    13.8004
12.5492    2.7203999    13.8004
12.5532    2.7124    13.8004
12.568399    2.6876    13.8004
12.578    2.674    13.8004
12.594    2.6508    13.8004
12.625999    2.6076    13.8004
12.6268    2.6067998    13.8004
12.6684    2.5507998    13.8004
12.671599    2.5468    13.8004
12.7132    2.4947999    13.8004
12.7164    2.4908    13.8004
12.7316    2.474    13.8004
12.7388    2.4636    13.8004
12.757999    2.4396    13.8004
12.763599    2.4315999    13.8004
12.778    2.4124    13.8004
12.7836    2.4036    13.8004
12.8004    2.3764    13.8004
12.8068    2.366    13.8004
12.8196    2.3451998    13.8004
12.832399    2.3195999    13.8004
12.8452    2.2924    13.8004
12.8476    2.286    13.8004
12.866799    2.234    13.8004
12.8692    2.2244    13.8004
12.8876    2.1636    13.8004
12.8932    2.1427999    13.8004
12.901199    2.1036    13.8004
12.9092    2.0628    13.8004
12.9196    2.0116    13.8004
12.936399    1.91    13.8004
12.9404    1.8787999    13.8004
12.9692    1.6652    13.8004
12.976399    1.6107999    13.8004
12.981999    1.558    13.8004
12.9908    1.4555999    13.8004
12.9948    1.4075999    13.8004
12.9964    1.3931999    13.8004
13.015599    1.2044    13.8004
13.0171995    1.1916    13.8004
13.0188    1.178    13.8004
13.0492    0.92759997    13.8004
13.0524    0.90199995    13.8004
13.0636    0.8092    13.8004
13.066    0.79399997    13.8004
13.067599    0.782    13.8004
13.079599    0.69799995    13.8004
13.0859995    0.666    13.8004
13.0996    0.59639996    13.8004
13.1092    0.5556    13.8004
13.113999    0.53639996    13.8004
13.1156    0.5308    13.8004
13.1236    0.5172    13.8004
13.1276    0.5092    13.8004
13.13    0.50839996    13.8004
13.1444    0.506    13.8004
13.153199    0.5044    13.8004
13.153999    0.5044    13.8004
13.1556    0.5044    13.8004
13.193999    0.506    13.8004
13.545199    0.514    13.8004
13.608399    0.51559997    13.8004
13.618    0.5164    13.8004
