15.349999    12.091599    4.8004
15.3244    11.9852    4.8004
15.3132    11.9348    4.8004
15.3052    11.9004    4.8004
15.3052    11.8868    4.8004
15.306    11.884399    4.8004
15.3068    11.8828    4.8004
15.3164    11.8644    4.8004
15.3292    11.8484    4.8004
15.3308    11.8476    4.8004
15.4036    11.7796    4.8004
15.4212    11.762799    4.8004
15.4332    11.751599    4.8004
15.440399    11.7452    4.8004
15.4572    11.7276    4.8004
15.4948    11.69    4.8004
15.5316    11.6508    4.8004
15.5372    11.642799    4.8004
15.5476    11.630799    4.8004
15.5764    11.594    4.8004
15.6092    11.554    4.8004
15.634    11.521999    4.8004
15.6572    11.4908    4.8004
15.6723995    11.469999    4.8004
15.694799    11.4404    4.8004
15.7308    11.398    4.8004
15.7316    11.3972    4.8004
15.756399    11.3756    4.8004
15.766    11.3692    4.8004
15.7764    11.3644    4.8004
15.7844    11.360399    4.8004
15.7964    11.360399    4.8004
15.809199    11.361199    4.8004
15.8236    11.3675995    4.8004
15.834    11.37    4.8004
15.846    11.3764    4.8004
15.9084    11.406799    4.8004
15.941199    11.423599    4.8004
16.018799    11.4612    4.8004
16.046    11.475599    4.8004
16.1092    11.5092    4.8004
16.118    11.514    4.8004
16.2708    11.6012    4.8004
16.2812    11.6068    4.8004
16.3076    11.6212    4.8004
16.3372    11.637199    4.8004
16.353199    11.6468    4.8004
16.41    11.676399    4.8004
16.4452    11.6988    4.8004
16.4572    11.705199    4.8004
16.4636    11.7084    4.8004
16.4716    11.7148    4.8004
16.486    11.722    4.8004
16.494799    11.7316    4.8004
16.5036    11.746799    4.8004
16.5092    11.7699995    4.8004
16.51    11.7724    4.8004
16.51    11.774    4.8004
16.5108    11.825999    4.8004
16.5108    11.8748    4.8004
16.5092    11.8972    4.8004
16.506    11.9595995    4.8004
16.506    11.9612    4.8004
16.5052    11.966    4.8004
16.4996    12.002    4.8004
16.4972    12.009999    4.8004
16.496399    12.0148    4.8004
16.486    12.0356    4.8004
16.482    12.0468    4.8004
16.4788    12.050799    4.8004
16.47    12.068399    4.8004
16.4604    12.0859995    4.8004
16.434    12.1268    4.8004
16.4252    12.1404    4.8004
16.3972    12.183599    4.8004
16.3948    12.1868    4.8004
16.3948    12.2156    4.8004
16.394    12.2196    4.8004
16.416399    12.2436    4.8004
16.4228    12.2532    4.8004
16.4476    12.2755995    4.8004
16.466    12.291599    4.8004
16.4692    12.2948    4.8004
16.4732    12.2987995    4.8004
16.4828    12.309199    4.8004
16.513199    12.3396    4.8004
16.5324    12.3596    4.8004
16.5588    12.3907995    4.8004
16.5684    12.4028    4.8004
16.5748    12.4116    4.8004
16.602    12.446799    4.8004
16.6148    12.465199    4.8004
16.6436    12.5068    4.8004
16.654    12.5227995    4.8004
16.6812    12.568399    4.8004
16.6852    12.5756    4.8004
16.6868    12.5803995    4.8004
16.7092    12.6228    4.8004
16.7108    12.6276    4.8004
16.7332    12.6748    4.8004
16.737999    12.6868    4.8004
16.754799    12.729199    4.8004
16.7588    12.740399    4.8004
16.7652    12.7644    4.8004
16.7748    12.792399    4.8004
16.7812    12.815599    4.8004
16.789999    12.849999    4.8004
16.793999    12.873199    4.8004
16.8036    12.926    4.8004
16.806799    12.9452    4.8004
16.8092    12.9732    4.8004
16.8116    12.998    4.8004
16.8132    13.026    4.8004
16.8148    13.0548    4.8004
16.8156    13.0692    4.8004
16.8156    13.1012    4.8004
16.8156    13.134    4.8004
16.814    13.17    4.8004
16.81    13.1988    4.8004
16.8076    13.2188    4.8004
16.8028    13.254    4.8004
16.799599    13.278    4.8004
16.793999    13.3116    4.8004
16.784399    13.354    4.8004
16.777199    13.3852    4.8004
16.753199    13.466    4.8004
16.7468    13.4892    4.8004
16.743599    13.4964    4.8004
16.737999    13.5116    4.8004
16.7244    13.549999    4.8004
16.718    13.568399    4.8004
16.706    13.597199    4.8004
16.673199    13.658    4.8004
16.6724    13.6588    4.8004
16.6252    13.742    4.8004
16.6188    13.7532    4.8004
16.593199    13.7884    4.8004
16.5732    13.8188    4.8004
16.5644    13.8292    4.8004
16.5332    13.8619995    4.8004
16.5308    13.8644    4.8004
16.5268    13.8692    4.8004
16.4884    13.905999    4.8004
16.485199    13.91    4.8004
16.462    13.9268    4.8004
16.4476    13.9372    4.8004
16.4452    13.938    4.8004
16.4324    13.9444    4.8004
16.3908    13.9676    4.8004
16.386799    13.969999    4.8004
16.3716    13.9748    4.8004
16.3524    13.981999    4.8004
16.3452    13.9844    4.8004
16.2868    14.0012    4.8004
16.284399    14.002    4.8004
16.2596    14.0068    4.8004
16.2188    14.015599    4.8004
16.2108    14.018    4.8004
16.1716    14.021199    4.8004
16.1652    14.021199    4.8004
16.13    14.021999    4.8004
16.1268    14.021999    4.8004
16.081999    14.0188    4.8004
16.0172    14.006    4.8004
16.01    14.004399    4.8004
15.946799    13.986799    4.8004
15.941999    13.9852    4.8004
15.877999    13.9595995    4.8004
15.8692    13.9556    4.8004
15.861199    13.9508    4.8004
15.8052    13.923599    4.8004
15.7716    13.901199    4.8004
15.7596    13.894    4.8004
15.7268    13.8708    4.8004
15.7188    13.8652    4.8004
15.705999    13.854799    4.8004
15.642799    13.802799    4.8004
15.630799    13.7932    4.8004
15.578799    13.745199    4.8004
15.572399    13.739599    4.8004
15.5404    13.7067995    4.8004
15.5316    13.6972    4.8004
15.504399    13.665999    4.8004
15.492399    13.65    4.8004
15.4668    13.6172    4.8004
15.438    13.5724    4.8004
15.4276    13.5571995    4.8004
15.414    13.533199    4.8004
15.389199    13.493199    4.8004
15.361199    13.441999    4.8004
15.3516    13.4204    4.8004
15.3452    13.406799    4.8004
15.3276    13.3572    4.8004
15.326799    13.354799    4.8004
15.325999    13.354    4.8004
15.322    13.342799    4.8004
15.309199    13.308399    4.8004
15.308399    13.3043995    4.8004
15.292399    13.245199    4.8004
15.286799    13.2252    4.8004
15.286799    13.223599    4.8004
15.274799    13.1684    4.8004
15.274799    13.1676    4.8004
15.262799    13.097199    4.8004
15.262799    13.0956    4.8004
15.2556    13.046    4.8004
15.2548    13.0308    4.8004
15.250799    12.9556    4.8004
15.250799    12.9539995    4.8004
15.2484    12.874    4.8004
15.251599    12.802799    4.8004
15.252399    12.7852    4.8004
15.252399    12.7828    4.8004
15.252399    12.7772    4.8004
15.257199    12.711599    4.8004
15.262    12.671599    4.8004
15.269199    12.634    4.8004
15.2699995    12.625199    4.8004
15.2708    12.622    4.8004
15.2708    12.620399    4.8004
15.2788    12.578    4.8004
15.279599    12.573999    4.8004
15.290799    12.5324    4.8004
15.2932    12.5236    4.8004
15.306    12.481999    4.8004
15.3116    12.4676    4.8004
15.321199    12.441999    4.8004
15.332399    12.414    4.8004
15.3412    12.394799    4.8004
15.3532    12.372399    4.8004
15.3596    12.3596    4.8004
15.374    12.3372    4.8004
15.3756    12.3348    4.8004
15.377999    12.3308    4.8004
15.3876    12.3108    4.8004
15.3916    12.302799    4.8004
15.3996    12.2724    4.8004
15.3996    12.2708    4.8004
15.3884    12.2364    4.8004
15.3876    12.2324    4.8004
15.386    12.228399    4.8004
15.3708    12.171599    4.8004
15.349999    12.091599    4.8004
