18.1612    23.0812    10.2004
18.1876    23.1068    10.2004
18.2004    23.121199    10.2004
18.218    23.1412    10.2004
18.2468    23.174799    10.2004
18.2796    23.2172    10.2004
18.2908    23.2316    10.2004
18.3196    23.2708    10.2004
18.334    23.2892    10.2004
18.35    23.312399    10.2004
18.364399    23.3364    10.2004
18.3692    23.344398    10.2004
18.385199    23.3716    10.2004
18.3884    23.3772    10.2004
18.3908    23.382    10.2004
18.402    23.410799    10.2004
18.4076    23.4324    10.2004
18.4172    23.465199    10.2004
18.427599    23.5124    10.2004
18.4308    23.5236    10.2004
18.431599    23.5292    10.2004
18.433199    23.5444    10.2004
18.437199    23.5892    10.2004
18.4412    23.6252    10.2004
18.442799    23.656399    10.2004
18.4436    23.729198    10.2004
18.4436    23.7404    10.2004
18.4412    23.789999    10.2004
18.4396    23.8092    10.2004
18.4396    23.8132    10.2004
18.438799    23.8156    10.2004
18.4308    23.8412    10.2004
18.4308    23.842    10.2004
18.4116    23.882    10.2004
18.3892    23.9116    10.2004
18.385199    23.9172    10.2004
18.382    23.920399    10.2004
18.334799    23.9716    10.2004
18.2972    24.0108    10.2004
18.2852    24.0236    10.2004
18.277199    24.0308    10.2004
18.2276    24.0772    10.2004
18.1948    24.104399    10.2004
18.178799    24.117199    10.2004
18.126799    24.1588    10.2004
18.126799    24.1596    10.2004
18.126    24.1596    10.2004
18.087599    24.184399    10.2004
18.0684    24.194    10.2004
18.065199    24.195599    10.2004
18.042    24.201199    10.2004
18.031599    24.2004    10.2004
18.0124    24.202799    10.2004
18.000399    24.202    10.2004
17.990799    24.2004    10.2004
17.9524    24.194    10.2004
17.9068    24.184399    10.2004
17.9044    24.1836    10.2004
17.9028    24.1836    10.2004
17.897999    24.182    10.2004
17.845999    24.1652    10.2004
17.8252    24.1572    10.2004
17.789999    24.1428    10.2004
17.786    24.1404    10.2004
17.7756    24.1364    10.2004
17.7644    24.1316    10.2004
17.7628    24.1308    10.2004
17.7612    24.13    10.2004
17.725199    24.111599    10.2004
17.722    24.109999    10.2004
17.706    24.0996    10.2004
17.6628    24.069199    10.2004
17.6428    24.0476    10.2004
17.639599    24.042    10.2004
17.6348    24.0364    10.2004
17.6308    24.029999    10.2004
17.609999    24.0044    10.2004
17.6036    23.994799    10.2004
17.5796    23.9572    10.2004
17.5756    23.9532    10.2004
17.5668    23.9508    10.2004
17.5396    23.9364    10.2004
17.524399    23.9404    10.2004
17.5108    23.942799    10.2004
17.4748    23.961199    10.2004
17.4716    23.9628    10.2004
17.47    23.9636    10.2004
17.442    23.9756    10.2004
17.409199    23.9884    10.2004
17.3836    23.9972    10.2004
17.3556    24.005999    10.2004
17.342    24.0092    10.2004
17.3308    24.011599    10.2004
17.260399    24.028399    10.2004
17.21    24.035599    10.2004
17.1612    24.0404    10.2004
17.0796    24.048399    10.2004
17.076399    24.0492    10.2004
17.0532    24.046799    10.2004
17.018799    24.046799    10.2004
16.9708    24.045198    10.2004
16.961199    24.0444    10.2004
16.9476    24.0436    10.2004
16.9012    24.039598    10.2004
16.8764    24.037199    10.2004
16.8036    24.028399    10.2004
16.7724    24.0236    10.2004
16.702799    24.0108    10.2004
16.617199    23.994    10.2004
16.594    23.99    10.2004
16.537199    23.973999    10.2004
16.5268    23.972399    10.2004
16.5156    23.97    10.2004
16.479599    23.961199    10.2004
16.4188    23.9436    10.2004
16.392399    23.9364    10.2004
16.3428    23.921999    10.2004
16.3212    23.916399    10.2004
16.2908    23.9052    10.2004
16.2556    23.8932    10.2004
16.2148    23.8788    10.2004
16.178    23.8652    10.2004
16.1196    23.8412    10.2004
16.066    23.8188    10.2004
16.0324    23.8044    10.2004
15.9828    23.781199    10.2004
15.9444    23.764399    10.2004
15.9268    23.7556    10.2004
15.8244    23.706    10.2004
15.7772    23.682    10.2004
15.7188    23.6532    10.2004
15.6844    23.637999    10.2004
15.578    23.5828    10.2004
15.5484    23.5684    10.2004
15.5204    23.5556    10.2004
15.506    23.5492    10.2004
15.487599    23.541199    10.2004
15.4724    23.5348    10.2004
15.463599    23.5324    10.2004
15.45    23.5276    10.2004
15.4436    23.5252    10.2004
15.4092    23.518799    10.2004
15.407599    23.518799    10.2004
15.405999    23.518    10.2004
15.4036    23.518    10.2004
15.372399    23.522    10.2004
15.3348    23.5292    10.2004
15.3276    23.529999    10.2004
15.2987995    23.537199    10.2004
15.245199    23.552399    10.2004
15.216399    23.562    10.2004
15.1276    23.5892    10.2004
15.033999    23.618    10.2004
15.0028    23.6276    10.2004
14.9732    23.6356    10.2004
14.9044    23.6572    10.2004
14.848399    23.6708    10.2004
14.831599    23.674799    10.2004
14.8068    23.678799    10.2004
14.7604    23.6868    10.2004
14.7428    23.6884    10.2004
14.6684    23.6932    10.2004
14.662    23.6932    10.2004
14.6508    23.6932    10.2004
14.625199    23.6924    10.2004
14.57    23.6924    10.2004
14.527599    23.6876    10.2004
14.4852    23.6852    10.2004
14.424399    23.674799    10.2004
14.407599    23.6716    10.2004
14.343599    23.6596    10.2004
14.3004    23.649199    10.2004
14.221999    23.6308    10.2004
14.2123995    23.628399    10.2004
14.2084    23.626799    10.2004
14.1172    23.598    10.2004
14.0532    23.5756    10.2004
14.0171995    23.562    10.2004
13.9148    23.5212    10.2004
13.9116    23.5196    10.2004
13.8988    23.514    10.2004
13.842    23.490799    10.2004
13.7788    23.4636    10.2004
13.7188    23.4364    10.2004
13.6756    23.414799    10.2004
13.57    23.366    10.2004
13.5252    23.3428    10.2004
13.481999    23.3196    10.2004
13.4436    23.299599    10.2004
13.414    23.2876    10.2004
13.361199    23.258    10.2004
13.3348    23.241999    10.2004
13.320399    23.2348    10.2004
13.29    23.222    10.2004
13.2852    23.219599    10.2004
13.2092    23.1836    10.2004
13.200399    23.1796    10.2004
13.1228    23.1516    10.2004
13.102799    23.145199    10.2004
13.054    23.126799    10.2004
12.9828    23.1124    10.2004
12.981199    23.1124    10.2004
12.9796    23.111599    10.2004
12.978    23.1124    10.2004
12.906    23.1036    10.2004
12.901199    23.104399    10.2004
12.8907995    23.1068    10.2004
12.860399    23.109999    10.2004
12.849999    23.109999    10.2004
12.846    23.1124    10.2004
12.837199    23.1196    10.2004
12.8164    23.126799    10.2004
12.7987995    23.1532    10.2004
12.7948    23.1652    10.2004
12.7828    23.2036    10.2004
12.780399    23.2276    10.2004
12.780399    23.2628    10.2004
12.780399    23.312399    10.2004
12.7908    23.4156    10.2004
12.7948    23.446    10.2004
12.7956    23.4572    10.2004
12.7996    23.4956    10.2004
12.806    23.559599    10.2004
12.8068    23.5756    10.2004
12.8172    23.669199    10.2004
12.822    23.7164    10.2004
12.831599    23.7908    10.2004
12.837199    23.8524    10.2004
12.842    23.916399    10.2004
12.8468    23.994799    10.2004
12.8508    24.0732    10.2004
12.8524    24.1556    10.2004
12.8508    24.226    10.2004
12.8508    24.2316    10.2004
12.8508    24.237999    10.2004
12.8452    24.3412    10.2004
12.8452    24.342    10.2004
12.844399    24.345999    10.2004
12.8284    24.4404    10.2004
12.821199    24.466    10.2004
12.8043995    24.524399    10.2004
12.7844    24.591599    10.2004
12.7764    24.6076    10.2004
12.7652    24.626799    10.2004
12.742    24.661999    10.2004
12.723599    24.6852    10.2004
12.6804    24.7356    10.2004
12.6292    24.771599    10.2004
12.5884    24.793999    10.2004
12.5571995    24.7988    10.2004
12.4964    24.8076    10.2004
12.4612    24.801199    10.2004
12.4044    24.801199    10.2004
12.3884    24.7972    10.2004
12.314799    24.778    10.2004
12.3108    24.777199    10.2004
12.3068    24.7748    10.2004
12.2796    24.7652    10.2004
12.223599    24.7428    10.2004
12.176399    24.713999    10.2004
12.130799    24.6892    10.2004
12.1244    24.6852    10.2004
12.1147995    24.678    10.2004
12.0308    24.622    10.2004
12.0268    24.6188    10.2004
11.941999    24.553999    10.2004
11.9212    24.535599    10.2004
11.846    24.4684    10.2004
11.8068    24.427599    10.2004
11.757999    24.3804    10.2004
11.7268    24.344398    10.2004
11.6692    24.275599    10.2004
11.6268    24.226    10.2004
11.5803995    24.1684    10.2004
11.5724    24.1572    10.2004
11.554    24.132399    10.2004
11.509999    24.0716    10.2004
11.4924    24.048399    10.2004
11.446    23.9804    10.2004
11.4036    23.913198    10.2004
11.3692    23.857199    10.2004
11.309999    23.7612    10.2004
11.2884    23.723598    10.2004
11.2164    23.600399    10.2004
11.2156    23.598799    10.2004
11.2148    23.597198    10.2004
11.125199    23.4252    10.2004
11.106    23.386799    10.2004
11.0324    23.2452    10.2004
11.0316    23.2444    10.2004
11.0268    23.234    10.2004
10.9612    23.094    10.2004
10.9428    23.053999    10.2004
10.9204    22.9996    10.2004
10.8932    22.942799    10.2004
10.878799    22.91    10.2004
10.8532    22.845999    10.2004
10.826799    22.778    10.2004
10.797999    22.7044    10.2004
10.7724    22.639599    10.2004
10.75    22.580399    10.2004
10.728399    22.518    10.2004
10.705999    22.4476    10.2004
10.69    22.3956    10.2004
10.686    22.381199    10.2004
10.65    22.271599    10.2004
10.648399    22.2668    10.2004
10.6476    22.264399    10.2004
10.6476    22.2628    10.2004
10.6452    22.254799    10.2004
10.618    22.132399    10.2004
10.6124    22.1068    10.2004
10.5932    22.0276    10.2004
10.59    22.01    10.2004
10.5756    21.9228    10.2004
10.5748    21.9188    10.2004
10.5652    21.821999    10.2004
10.5636    21.8028    10.2004
10.5636    21.801199    10.2004
10.5556    21.71    10.2004
10.5548    21.6964    10.2004
10.5556    21.6196    10.2004
10.5636    21.511599    10.2004
10.5636    21.51    10.2004
10.5636    21.5084    10.2004
10.5636    21.507599    10.2004
10.582    21.4028    10.2004
10.597199    21.358799    10.2004
10.608399    21.327599    10.2004
10.6236    21.2836    10.2004
10.6292    21.2708    10.2004
10.6636    21.2076    10.2004
10.7076    21.1252    10.2004
10.745999    21.0476    10.2004
10.7668    21.005999    10.2004
10.79    20.9468    10.2004
10.8052    20.8972    10.2004
10.8124    20.8676    10.2004
10.8292    20.806799    10.2004
10.8316    20.719599    10.2004
10.83    20.701199    10.2004
10.8284    20.6756    10.2004
10.825999    20.618    10.2004
10.8244    20.605999    10.2004
10.8084    20.5396    10.2004
10.802    20.5092    10.2004
10.7996    20.5012    10.2004
10.7836    20.434    10.2004
10.778    20.416399    10.2004
10.7684    20.3844    10.2004
10.752399    20.327599    10.2004
10.745999    20.3084    10.2004
10.7212    20.236399    10.2004
10.705999    20.1932    10.2004
10.6964    20.1684    10.2004
10.6764    20.115599    10.2004
10.6756    20.1124    10.2004
10.6404    20.026    10.2004
10.631599    20.0036    10.2004
10.6036    19.9348    10.2004
10.5748    19.8708    10.2004
10.556399    19.8268    10.2004
10.5364    19.782    10.2004
10.5036    19.7116    10.2004
10.474    19.6492    10.2004
10.4484    19.594799    10.2004
10.4316    19.5572    10.2004
10.3868    19.466799    10.2004
10.361199    19.414799    10.2004
10.3188    19.3268    10.2004
10.2396    19.1588    10.2004
10.2308    19.139599    10.2004
10.2036    19.0812    10.2004
10.1684    19.0068    10.2004
10.1628    18.994    10.2004
10.1132    18.8836    10.2004
10.079599    18.806799    10.2004
10.0412    18.7188    10.2004
10.021999    18.6764    10.2004
9.9788    18.5724    10.2004
9.958799    18.5236    10.2004
9.924399    18.4364    10.2004
9.8868    18.338    10.2004
9.877999    18.3148    10.2004
9.873199    18.301199    10.2004
9.834    18.194    10.2004
9.821199    18.157999    10.2004
9.780399    18.0444    10.2004
9.7364    17.914    10.2004
9.7332    17.906    10.2004
9.7324    17.9028    10.2004
9.702    17.805199    10.2004
9.6628    17.680399    10.2004
9.654799    17.6556    10.2004
9.620399    17.537199    10.2004
9.6188    17.531599    10.2004
9.6147995    17.5164    10.2004
9.5764    17.39    10.2004
9.554    17.3148    10.2004
9.538799    17.2636    10.2004
9.5132    17.1716    10.2004
9.505199    17.139599    10.2004
9.5028    17.1324    10.2004
9.4716    17.0196    10.2004
9.470799    17.0156    10.2004
9.469999    17.013199    10.2004
9.4307995    16.864399    10.2004
9.414    16.7988    10.2004
9.389999    16.702    10.2004
9.378799    16.657999    10.2004
9.3708    16.626799    10.2004
9.3516    16.5532    10.2004
9.343599    16.5212    10.2004
9.3028    16.358799    10.2004
9.2836    16.2732    10.2004
9.2628    16.1852    10.2004
9.2388    16.0828    10.2004
9.226    16.0284    10.2004
9.2028    15.926    10.2004
9.182799    15.834    10.2004
9.1556    15.7123995    10.2004
9.119599    15.538799    10.2004
9.1092    15.49    10.2004
9.1012    15.4516    10.2004
9.033999    15.134    10.2004
9.0316    15.1212    10.2004
9.0244    15.0803995    10.2004
9.0212    15.0644    10.2004
9.0084    15.004399    10.2004
9.005199    14.9844    10.2004
8.9956    14.963599    10.2004
8.9939995    14.9564    10.2004
8.9828    14.9332    10.2004
8.9812    14.926    10.2004
8.9684    14.905999    10.2004
8.966    14.8963995    10.2004
8.9612    14.886    10.2004
8.9539995    14.871599    10.2004
8.9236    14.825999    10.2004
8.914    14.8116    10.2004
8.9028    14.797199    10.2004
8.8812    14.7652    10.2004
8.7844    14.6164    10.2004
8.7556    14.573999    10.2004
8.7388    14.5476    10.2004
8.7212    14.5124    10.2004
8.7076    14.4892    10.2004
8.6876    14.4508    10.2004
8.6812    14.4396    10.2004
8.665999    14.401999    10.2004
8.6572    14.3852    10.2004
8.6412    14.348399    10.2004
8.6172    14.29    10.2004
8.5596    14.1524    10.2004
8.556399    14.1452    10.2004
8.5548    14.1396    10.2004
8.5515995    14.131599    10.2004
8.53    14.0764    10.2004
8.505199    14.015599    10.2004
8.4804    13.952399    10.2004
8.4484    13.866799    10.2004
8.4324    13.826799    10.2004
8.3932    13.722799    10.2004
8.389999    13.7148    10.2004
8.386    13.7044    10.2004
8.3532    13.613999    10.2004
8.3292    13.546    10.2004
8.3172    13.514    10.2004
8.3148    13.5068    10.2004
8.274    13.3932    10.2004
8.263599    13.3628    10.2004
8.262    13.3572    10.2004
8.2308    13.2708    10.2004
8.2036    13.1908    10.2004
8.183599    13.1324    10.2004
8.174    13.1044    10.2004
8.1684    13.0876    10.2004
8.148399    13.0252    10.2004
8.125199    12.9492    10.2004
8.1244    12.946799    10.2004
8.1244    12.9444    10.2004
8.0964    12.8532    10.2004
8.0932    12.843599    10.2004
8.090799    12.834    10.2004
8.079599    12.7956    10.2004
8.0548    12.7084    10.2004
8.045199    12.6676    10.2004
8.042    12.6516    10.2004
8.0356    12.6124    10.2004
8.0332    12.602799    10.2004
8.0171995    12.555599    10.2004
8.016399    12.550799    10.2004
8.0132    12.5244    10.2004
8.0132    12.5132    10.2004
8.0148    12.498    10.2004
8.0196    12.469999    10.2004
8.0227995    12.458799    10.2004
8.03    12.447599    10.2004
8.0356    12.4444    10.2004
8.0556    12.429999    10.2004
8.0964    12.4172    10.2004
8.1435995    12.406    10.2004
8.19    12.3996    10.2004
8.2036    12.398    10.2004
8.254    12.3907995    10.2004
8.2684    12.389999    10.2004
8.297999    12.3924    10.2004
8.3244    12.394799    10.2004
8.344399    12.3963995    10.2004
8.4004    12.4028    10.2004
8.4372    12.41    10.2004
8.4595995    12.414    10.2004
8.4916    12.4204    10.2004
8.5604    12.4388    10.2004
8.568399    12.4436    10.2004
8.602799    12.4404    10.2004
8.6292    12.422    10.2004
8.6332    12.422    10.2004
8.637199    12.4204    10.2004
8.653999    12.395599    10.2004
8.6628    12.389999    10.2004
8.6692    12.3652    10.2004
8.671599    12.3588    10.2004
8.671599    12.3524    10.2004
8.671599    12.332399    10.2004
8.6764    12.302799    10.2004
8.689199    12.2244    10.2004
8.6916    12.2012    10.2004
8.700399    12.141999    10.2004
8.7084    12.078799    10.2004
8.7196    12.0268    10.2004
8.723599    11.9956    10.2004
8.7436    11.907599    10.2004
8.754    11.8619995    10.2004
8.762    11.8364    10.2004
8.782    11.7732    10.2004
8.7892    11.7484    10.2004
8.7948    11.7324    10.2004
8.797999    11.7188    10.2004
8.8012    11.698    10.2004
8.7996    11.6812    10.2004
8.7852    11.6588    10.2004
8.774799    11.6476    10.2004
8.7548    11.625999    10.2004
8.75    11.622    10.2004
8.7411995    11.6124    10.2004
8.73    11.5988    10.2004
8.7196    11.579599    10.2004
8.7036    11.550799    10.2004
8.6932    11.528399    10.2004
8.6748    11.486    10.2004
8.6676    11.4668    10.2004
8.6636    11.4572    10.2004
8.6516    11.4292    10.2004
8.6284    11.3692    10.2004
8.6044    11.3012    10.2004
8.5988    11.285999    10.2004
8.5924    11.2676    10.2004
8.5716    11.2036    10.2004
8.561999    11.1692    10.2004
8.5532    11.138    10.2004
8.5444    11.1036    10.2004
8.528399    11.0476    10.2004
8.5236    11.027599    10.2004
8.514    10.9868    10.2004
8.502    10.9307995    10.2004
8.4924    10.874    10.2004
8.4836    10.826799    10.2004
8.4692    10.751599    10.2004
8.466    10.7316    10.2004
8.4628    10.7092    10.2004
8.4556    10.65    10.2004
8.45    10.6044    10.2004
8.4468    10.562799    10.2004
8.438    10.498    10.2004
8.4284    10.4028    10.2004
8.424399    10.3572    10.2004
8.4236    10.349999    10.2004
8.4204    10.2972    10.2004
8.4204    10.292399    10.2004
8.422    10.254    10.2004
8.422    10.2476    10.2004
8.4228    10.2444    10.2004
8.4236    10.240399    10.2004
8.4276    10.222    10.2004
8.4316    10.198    10.2004
8.4324    10.1964    10.2004
8.434    10.1924    10.2004
8.441999    10.182799    10.2004
8.4628    10.1516    10.2004
8.4716    10.1396    10.2004
8.481999    10.1292    10.2004
8.498799    10.1132    10.2004
8.5444    10.066    10.2004
8.561999    10.0492    10.2004
8.5772    10.038    10.2004
8.613999    10.0084    10.2004
8.625199    10.0028    10.2004
8.6508    9.9883995    10.2004
8.67    9.9788    10.2004
8.7108    9.9612    10.2004
8.723599    9.958    10.2004
8.7532    9.9484    10.2004
8.7876    9.938    10.2004
8.7908    9.936399    10.2004
8.7932    9.936399    10.2004
8.8028    9.936399    10.2004
8.815599    9.936399    10.2004
8.8196    9.935599    10.2004
8.826799    9.9372    10.2004
8.8476    9.9372    10.2004
8.8628    9.929999    10.2004
8.8748    9.9212    10.2004
8.878799    9.8948    10.2004
8.878799    9.8916    10.2004
8.8604    9.8428    10.2004
8.8596    9.842    10.2004
8.8596    9.8412    10.2004
8.8508    9.814    10.2004
8.8468    9.79    10.2004
8.8412    9.7755995    10.2004
8.8428    9.7548    10.2004
8.843599    9.7476    10.2004
8.8452    9.7436    10.2004
8.849999    9.722799    10.2004
8.8572    9.7108    10.2004
8.8716    9.6916    10.2004
8.889999    9.6779995    10.2004
8.901199    9.6708    10.2004
8.9452    9.65    10.2004
8.9548    9.6444    10.2004
8.9772    9.6356    10.2004
8.9908    9.630799    10.2004
9.0324    9.619599    10.2004
9.0404    9.6172    10.2004
9.0436    9.6172    10.2004
9.082    9.6132    10.2004
9.1156    9.6124    10.2004
9.119599    9.6124    10.2004
9.131599    9.6124    10.2004
9.158    9.6147995    10.2004
9.177199    9.6164    10.2004
9.205999    9.619599    10.2004
9.223599    9.6212    10.2004
9.2492    9.625999    10.2004
9.263599    9.6276    10.2004
9.2964    9.6348    10.2004
9.297999    9.634    10.2004
9.3252    9.631599    10.2004
9.3524    9.6244    10.2004
9.3572    9.6268    10.2004
9.3619995    9.620399    10.2004
9.366    9.6108    10.2004
9.3708    9.5996    10.2004
9.3708    9.566    10.2004
9.37    9.533199    10.2004
9.373199    9.4612    10.2004
9.3748    9.435599    10.2004
9.384399    9.3604    10.2004
9.386    9.3468    10.2004
9.3963995    9.2612    10.2004
9.4116    9.1876    10.2004
9.412399    9.1844    10.2004
9.413199    9.182    10.2004
9.4316    9.106    10.2004
9.4372    9.0884    10.2004
9.4572    9.028399    10.2004
9.4595995    9.0204    10.2004
9.4828    8.965199    10.2004
9.499599    8.9268    10.2004
9.514    8.8988    10.2004
9.5532    8.826799    10.2004
9.556399    8.8228    10.2004
9.558    8.8196    10.2004
9.5828    8.781199    10.2004
9.5924    8.754    10.2004
9.5924    8.751599    10.2004
9.590799    8.7308    10.2004
9.590799    8.7204    10.2004
9.59    8.7188    10.2004
9.5515995    8.6668    10.2004
9.5428    8.6404    10.2004
9.542    8.6388    10.2004
9.542    8.638    10.2004
9.5348    8.613999    10.2004
9.5348    8.59    10.2004
9.5348    8.5828    10.2004
9.5356    8.5708    10.2004
9.5428    8.4924    10.2004
9.5436    8.4812    10.2004
9.5468    8.4604    10.2004
9.5556    8.4092    10.2004
9.566    8.3604    10.2004
9.5668    8.3588    10.2004
9.5859995    8.266    10.2004
9.5884    8.254    10.2004
9.591599    8.246799    10.2004
9.602799    8.217999    10.2004
9.6044    8.2132    10.2004
9.6228    8.1564    10.2004
9.6244    8.1524    10.2004
9.625999    8.146    10.2004
9.648399    8.09    10.2004
9.6612    8.0612    10.2004
9.665999    8.0532    10.2004
9.682    8.027599    10.2004
9.702    8.0068    10.2004
9.7052    8.0036    10.2004
9.7052    8.0028    10.2004
9.705999    8.002    10.2004
9.7476    7.9715996    10.2004
9.7755995    7.9556    10.2004
9.8124    7.9356    10.2004
9.842    7.9196    10.2004
9.8852    7.8988    10.2004
9.8988    7.8915997    10.2004
9.938    7.8732    10.2004
9.9452    7.8691998    10.2004
9.962    7.8612    10.2004
9.986    7.8524    10.2004
10.0188    7.8395996    10.2004
10.0764    7.8195996    10.2004
10.101999    7.8124    10.2004
10.1284    7.8051996    10.2004
10.1444    7.8027997    10.2004
10.1812    7.7939997    10.2004
10.186    7.7932    10.2004
10.223599    7.7883997    10.2004
10.238    7.79    10.2004
10.281199    7.7907996    10.2004
10.3331995    7.7995996    10.2004
10.346    7.8019996    10.2004
10.355599    7.8044    10.2004
10.4052    7.8171997    10.2004
10.446    7.83    10.2004
10.4612    7.8364    10.2004
10.4908    7.8476    10.2004
10.502    7.8524    10.2004
10.538    7.8659997    10.2004
10.598    7.8939996    10.2004
10.6236    7.9059997    10.2004
10.637199    7.9132    10.2004
10.6972    7.9467998    10.2004
10.6988    7.9476    10.2004
10.7156    7.962    10.2004
10.73    7.974    10.2004
10.7324    7.9764    10.2004
10.7476    7.9964    10.2004
10.7556    8.005199    10.2004
10.757199    8.0084    10.2004
10.762    8.0156    10.2004
10.83    8.142    10.2004
10.8604    8.1988    10.2004
10.8948    8.269199    10.2004
10.9092    8.2987995    10.2004
10.918799    8.318    10.2004
10.9348    8.355599    10.2004
10.975599    8.4516    10.2004
10.9788    8.4612    10.2004
10.981999    8.4684    10.2004
10.9916    8.4924    10.2004
10.9939995    8.5012    10.2004
10.9964    8.510799    10.2004
11.0012    8.5308    10.2004
11.002    8.5492    10.2004
11.0028    8.556399    10.2004
11.002    8.5652    10.2004
11.0012    8.582    10.2004
10.998799    8.591599    10.2004
10.9924    8.618    10.2004
10.9868    8.6356    10.2004
10.9724    8.682799    10.2004
10.9684    8.6932    10.2004
10.953199    8.7324    10.2004
10.9516    8.7372    10.2004
10.9316    8.774799    10.2004
10.9307995    8.7764    10.2004
10.9052    8.822    10.2004
10.8876    8.8468    10.2004
10.8804    8.858    10.2004
10.874    8.866    10.2004
10.8675995    8.873199    10.2004
10.8468    8.8988    10.2004
10.8292    8.914    10.2004
10.826799    8.9164    10.2004
10.826799    8.918    10.2004
10.8228    8.9492    10.2004
10.8236    8.9556    10.2004
10.825999    8.9836    10.2004
10.8292    9.006    10.2004
10.832399    9.0772    10.2004
10.834    9.0988    10.2004
10.834    9.1284    10.2004
10.832399    9.198    10.2004
10.83    9.240399    10.2004
10.8276    9.2956    10.2004
10.822    9.3476    10.2004
10.818    9.3907995    10.2004
10.8068    9.498799    10.2004
10.8012    9.5468    10.2004
10.794    9.6116    10.2004
10.7892    9.6572    10.2004
10.7788    9.7364    10.2004
10.7699995    9.8116    10.2004
10.757199    9.901999    10.2004
10.75    9.9628    10.2004
10.745999    9.9916    10.2004
10.733999    10.0708    10.2004
10.7308    10.0924    10.2004
10.7244    10.138    10.2004
10.714    10.2052    10.2004
10.711599    10.222799    10.2004
10.702    10.274799    10.2004
10.69    10.3364    10.2004
10.670799    10.422    10.2004
10.6676    10.435599    10.2004
10.648399    10.528399    10.2004
10.634    10.6004    10.2004
10.6172    10.674    10.2004
10.601999    10.7476    10.2004
10.5716    10.8932    10.2004
10.538    11.0596    10.2004
10.5236    11.134    10.2004
10.506    11.2244    10.2004
10.502    11.246799    10.2004
10.4916    11.3108    10.2004
10.487599    11.3364    10.2004
10.4868    11.344399    10.2004
10.4828    11.37    10.2004
10.4724    11.435599    10.2004
10.470799    11.4484    10.2004
10.4604    11.5252    10.2004
10.4572    11.554    10.2004
10.4524    11.618    10.2004
10.4484    11.65    10.2004
10.4444    11.705999    10.2004
10.441199    11.7428    10.2004
10.4372    11.7987995    10.2004
10.4348    11.8252    10.2004
10.4316    11.884399    10.2004
10.4316    11.9044    10.2004
10.4307995    11.946    10.2004
10.429999    11.987599    10.2004
10.429999    12.0196    10.2004
10.4292    12.078799    10.2004
10.4307995    12.125199    10.2004
10.4307995    12.1636    10.2004
10.4316    12.2364    10.2004
10.4324    12.2604    10.2004
10.434    12.302    10.2004
10.435599    12.331599    10.2004
10.4396    12.3876    10.2004
10.441999    12.4324    10.2004
10.446799    12.4908    10.2004
10.447599    12.515599    10.2004
10.4548    12.5996    10.2004
10.4556    12.6108    10.2004
10.4572    12.625999    10.2004
10.4604    12.6572    10.2004
10.470799    12.7372    10.2004
10.476399    12.7932    10.2004
10.481199    12.832399    10.2004
10.493199    12.9092    10.2004
10.4939995    12.9156    10.2004
10.5076    13.0092    10.2004
10.514    13.0476    10.2004
10.5212    13.089999    10.2004
10.527599    13.1244    10.2004
10.5348    13.1723995    10.2004
10.5484    13.245999    10.2004
10.5571995    13.294    10.2004
10.562799    13.322    10.2004
10.5764    13.401999    10.2004
10.5876    13.4556    10.2004
10.5956    13.4964    10.2004
10.618    13.602799    10.2004
10.6228    13.6236    10.2004
10.630799    13.660399    10.2004
10.6588    13.785999    10.2004
10.665999    13.8188    10.2004
10.694799    13.946799    10.2004
10.7148    14.026    10.2004
10.7308    14.090799    10.2004
10.763599    14.2156    10.2004
10.786799    14.309999    10.2004
10.814    14.4164    10.2004
10.820399    14.441199    10.2004
10.8804    14.6684    10.2004
10.8924    14.7123995    10.2004
10.901199    14.745199    10.2004
10.941199    14.8996    10.2004
10.9516    14.940399    10.2004
10.9956    15.1156    10.2004
11.009999    15.170799    10.2004
11.0556    15.346    10.2004
11.0932    15.4828    10.2004
11.1172    15.566    10.2004
11.136399    15.638    10.2004
11.1572    15.7084    10.2004
11.200399    15.8636    10.2004
11.2372    15.980399    10.2004
11.2876    16.1388    10.2004
11.3292    16.2668    10.2004
11.366799    16.381199    10.2004
11.3907995    16.4484    10.2004
11.4372    16.5756    10.2004
11.4628    16.6484    10.2004
11.5292    16.822    10.2004
11.5476    16.8708    10.2004
11.5571995    16.8948    10.2004
11.562799    16.9116    10.2004
11.6012    17.014    10.2004
11.625999    17.0812    10.2004
11.6284    17.0852    10.2004
11.6508    17.133999    10.2004
11.653999    17.142    10.2004
11.6723995    17.184399    10.2004
11.6988    17.2484    10.2004
11.7164    17.2932    10.2004
11.7308    17.3252    10.2004
11.7708    17.414799    10.2004
11.7716    17.4172    10.2004
11.815599    17.5172    10.2004
11.8364    17.563599    10.2004
11.854799    17.6036    10.2004
11.8708    17.6332    10.2004
11.8852    17.6612    10.2004
11.895599    17.682    10.2004
11.9108    17.7164    10.2004
11.9595995    17.812399    10.2004
11.9692    17.8308    10.2004
11.976399    17.8436    10.2004
11.9964    17.882    10.2004
12.018    17.9244    10.2004
12.0204    17.93    10.2004
12.0252    17.938    10.2004
12.0644    18.0092    10.2004
12.091599    18.0572    10.2004
12.1044    18.0804    10.2004
12.146    18.1524    10.2004
12.1628    18.1772    10.2004
12.1972    18.2332    10.2004
12.210799    18.254    10.2004
12.2612    18.321999    10.2004
12.2652    18.3276    10.2004
12.268399    18.3324    10.2004
12.2732    18.3396    10.2004
12.3076    18.3996    10.2004
12.3188    18.4172    10.2004
12.354799    18.4764    10.2004
12.3692    18.4988    10.2004
12.4092    18.553999    10.2004
12.4307995    18.5868    10.2004
12.4444    18.604399    10.2004
12.5148    18.7068    10.2004
12.5236    18.719599    10.2004
12.5748    18.793999    10.2004
12.5892    18.8156    10.2004
12.622    18.858799    10.2004
12.6612    18.916399    10.2004
12.702    18.9756    10.2004
12.7084    18.9844    10.2004
12.7123995    18.989199    10.2004
12.7244    19.0068    10.2004
12.7644    19.0628    10.2004
12.889199    19.237999    10.2004
12.917999    19.278    10.2004
13.0148    19.41    10.2004
13.058    19.4716    10.2004
13.0932    19.5196    10.2004
13.160399    19.614    10.2004
13.189199    19.6556    10.2004
13.245999    19.7372    10.2004
13.286799    19.7948    10.2004
13.3236    19.8468    10.2004
13.4396    20.0092    10.2004
13.5196    20.1204    10.2004
13.6396    20.2876    10.2004
13.6556    20.31    10.2004
13.6756    20.3372    10.2004
13.717199    20.392399    10.2004
13.8756    20.602    10.2004
13.8828    20.6108    10.2004
13.883599    20.611599    10.2004
13.981999    20.7356    10.2004
14.0356    20.806    10.2004
14.073199    20.8548    10.2004
14.113199    20.906    10.2004
14.1444    20.9452    10.2004
14.1972    21.01    10.2004
14.240399    21.0628    10.2004
14.266    21.094    10.2004
14.3619995    21.21    10.2004
14.401999    21.258799    10.2004
14.4108    21.2692    10.2004
14.481199    21.354    10.2004
14.5092    21.386799    10.2004
14.5148    21.394    10.2004
14.608399    21.498    10.2004
14.660399    21.5572    10.2004
14.6972    21.598    10.2004
14.7092    21.611599    10.2004
14.792399    21.702799    10.2004
14.8004    21.7108    10.2004
14.815599    21.726    10.2004
14.8364    21.747599    10.2004
14.884399    21.7964    10.2004
14.9396    21.851599    10.2004
14.978    21.890799    10.2004
15.049999    21.959599    10.2004
15.0828    21.990799    10.2004
15.1356    22.0404    10.2004
15.1516    22.053999    10.2004
15.1812    22.078    10.2004
15.1956    22.09    10.2004
15.216399    22.105999    10.2004
15.2532    22.13    10.2004
15.2724    22.1412    10.2004
15.309999    22.1604    10.2004
15.378799    22.1996    10.2004
15.394799    22.208399    10.2004
15.4028    22.212399    10.2004
15.4595995    22.232399    10.2004
15.474    22.2396    10.2004
15.5171995    22.2556    10.2004
15.5227995    22.258    10.2004
15.5236    22.258799    10.2004
15.567599    22.2708    10.2004
15.591599    22.2764    10.2004
15.622    22.284399    10.2004
15.647599    22.2908    10.2004
15.664399    22.2948    10.2004
15.693199    22.299599    10.2004
15.727599    22.3004    10.2004
15.7716    22.301199    10.2004
15.7876    22.3028    10.2004
15.8116    22.306    10.2004
15.849999    22.31    10.2004
15.877199    22.3116    10.2004
15.9948    22.3196    10.2004
16.0228    22.3204    10.2004
16.1716    22.327599    10.2004
16.2964    22.3324    10.2004
16.3956    22.3412    10.2004
16.409199    22.342    10.2004
16.4124    22.342    10.2004
16.5036    22.3548    10.2004
16.5172    22.3564    10.2004
16.5324    22.3604    10.2004
16.5556    22.3652    10.2004
16.6092    22.3788    10.2004
16.6164    22.3804    10.2004
16.6276    22.3836    10.2004
16.6724    22.396399    10.2004
16.726799    22.4132    10.2004
16.762    22.4236    10.2004
16.795599    22.4348    10.2004
16.858    22.455599    10.2004
16.8724    22.461199    10.2004
16.9476    22.4916    10.2004
16.998    22.5148    10.2004
17.01    22.5204    10.2004
17.0508    22.5436    10.2004
17.0644    22.5516    10.2004
17.1196    22.585999    10.2004
17.142    22.5996    10.2004
17.1716    22.6196    10.2004
17.2332    22.663599    10.2004
17.282    22.701199    10.2004
17.326    22.7316    10.2004
17.3428    22.741999    10.2004
17.3604    22.7508    10.2004
17.3732    22.758799    10.2004
17.386799    22.765999    10.2004
17.3988    22.7684    10.2004
17.4188    22.7676    10.2004
17.4228    22.7676    10.2004
17.442    22.7692    10.2004
17.462    22.7724    10.2004
17.552399    22.7876    10.2004
17.562    22.7892    10.2004
17.5732    22.7916    10.2004
17.667599    22.8132    10.2004
17.702    22.8212    10.2004
17.7188    22.826    10.2004
17.8132    22.8492    10.2004
17.8508    22.8596    10.2004
17.8844    22.8692    10.2004
17.918    22.879599    10.2004
17.9564    22.894    10.2004
17.9604    22.8956    10.2004
17.9876    22.914    10.2004
17.998    22.9228    10.2004
18.0268    22.9468    10.2004
18.038    22.9564    10.2004
18.0812    22.9996    10.2004
18.1316    23.0476    10.2004
18.1612    23.0812    10.2004
