6.9403996    2.9027998    18.9004
7.0587997    3.0291998    18.9004
7.0875998    3.0468    18.9004
7.1148    3.074    18.9004
7.1187997    3.0795999    18.9004
7.1204    3.0779998    18.9004
7.1204    3.0763998    18.9004
7.1187997    3.0748    18.9004
7.0916    3.0468    18.9004
7.0908    3.0468    18.9004
7.0908    3.0451999    18.9004
7.0996    3.0219998    18.9004
7.0964    3.0108    18.9004
7.0948    2.9916    18.9004
7.0699997    2.9708    18.9004
7.0635996    2.962    18.9004
7.0499997    2.9356    18.9004
7.0452    2.922    18.9004
7.0452    2.9068    18.9004
7.034    2.886    18.9004
7.0291996    2.8804    18.9004
7.0116    2.8572    18.9004
7.0067997    2.8508    18.9004
6.9923997    2.8356    18.9004
6.9916    2.8276    18.9004
6.9803996    2.802    18.9004
6.9772    2.7988    18.9004
6.9556    2.77    18.9004
6.9532    2.7668    18.9004
6.9396    2.7444    18.9004
6.9388    2.7396    18.9004
6.9212    2.7236    18.9004
6.898    2.7172    18.9004
6.89    2.7156    18.9004
6.8691998    2.7212    18.9004
6.862    2.722    18.9004
6.8436    2.7428    18.9004
6.838    2.7516    18.9004
6.81    2.7796    18.9004
6.8044    2.7851999    18.9004
6.7971997    2.7916    18.9004
6.7556    2.8267999    18.9004
6.7524    2.83    18.9004
6.7219996    2.8611999    18.9004
6.7156    2.8676    18.9004
6.7068    2.8748    18.9004
6.6651998    2.914    18.9004
6.6555996    2.9268    18.9004
6.6436    2.9404    18.9004
6.6043997    2.978    18.9004
6.5955997    2.9908    18.9004
6.5828    3.0003998    18.9004
6.5692    3.014    18.9004
6.5532    3.0116    18.9004
6.546    3.0188    18.9004
6.5252    3.0396    18.9004
6.522    3.0435998    18.9004
6.5179996    3.0507998    18.9004
6.5204    3.0756    18.9004
6.5276    3.0835998    18.9004
6.5572    3.0779998    18.9004
6.5692    3.0723999    18.9004
6.5843997    3.062    18.9004
6.6292    3.0307999    18.9004
6.6324    3.026    18.9004
6.634    3.0172    18.9004
6.6428    3.0188    18.9004
6.6468    3.0147998    18.9004
6.6724    2.9988    18.9004
6.6916    2.9875998    18.9004
6.6987996    2.9836    18.9004
6.7068    2.9787998    18.9004
6.7124    2.9731998    18.9004
6.7604    2.9371998    18.9004
6.7915998    2.9132    18.9004
6.8348    2.8827999    18.9004
6.8364    2.882    18.9004
6.8395996    2.8804    18.9004
6.8508    2.8739998    18.9004
6.8676    2.866    18.9004
6.8876    2.8572    18.9004
6.894    2.8548    18.9004
6.9091997    2.87    18.9004
6.9403996    2.9027998    18.9004
