6.178    3.5388    18.9004
6.1836    3.5284    18.9004
6.1995997    3.498    18.9004
6.2316    3.4315999    18.9004
6.3092    3.2747998    18.9004
6.3356    3.2252    18.9004
6.3459997    3.2059999    18.9004
6.3532    3.1924    18.9004
6.3547997    3.1724    18.9004
6.3556    3.1604    18.9004
6.3371997    3.1427999    18.9004
6.3268    3.1364    18.9004
6.3076    3.1292    18.9004
6.29    3.126    18.9004
6.2788    3.122    18.9004
6.2683997    3.1204    18.9004
6.2572    3.1195998    18.9004
6.2539997    3.1195998    18.9004
6.25    3.1188    18.9004
6.2412    3.1188    18.9004
6.134    3.1036    18.9004
6.1011996    3.0988    18.9004
6.0476    3.0923998    18.9004
6.0364    3.0907998    18.9004
6.0276    3.0892    18.9004
6.0243998    3.0892    18.9004
6.0179996    3.0884    18.9004
6.0099998    3.0867999    18.9004
6.0052    3.086    18.9004
5.99    3.0844    18.9004
5.9747996    3.082    18.9004
5.9628    3.0779998    18.9004
5.9564    3.0748    18.9004
5.9588    3.0707998    18.9004
5.9684    3.0572    18.9004
5.9772    3.0491998    18.9004
5.9804    3.0444    18.9004
6.098    2.9043999    18.9004
6.1331997    2.8628    18.9004
6.2707996    2.6924    18.9004
6.3539996    2.5876    18.9004
6.3827996    2.5516    18.9004
6.3932    2.5379999    18.9004
6.3996    2.5324    18.9004
6.4068    2.5235999    18.9004
6.4179997    2.51    18.9004
6.4347997    2.494    18.9004
6.4467998    2.4764    18.9004
6.4508    2.4692    18.9004
6.4556    2.4684    18.9004
6.4723997    2.4684    18.9004
6.4796    2.4675999    18.9004
6.5564    2.478    18.9004
6.5667996    2.4803998    18.9004
6.5787997    2.4812    18.9004
6.5828    2.4812    18.9004
6.594    2.478    18.9004
6.6284    2.4659998    18.9004
6.658    2.4548    18.9004
6.8515997    2.3732    18.9004
6.9035997    2.3539999    18.9004
6.9291997    2.3444    18.9004
6.95    2.3395998    18.9004
6.9508    2.3395998    18.9004
6.9747996    2.3476    18.9004
6.986    2.3572    18.9004
7.1924    2.4956    18.9004
7.2068    2.5052    18.9004
7.2268    2.5196    18.9004
7.2572    2.5324    18.9004
7.2692    2.5324    18.9004
7.2827997    2.5372    18.9004
7.286    2.5363998    18.9004
7.298    2.5379999    18.9004
7.3668    2.5468    18.9004
7.3683996    2.5468    18.9004
7.4003997    2.55    18.9004
7.41    2.5707998    18.9004
7.4188    2.59    18.9004
7.4196    2.5932    18.9004
7.4203997    2.5972    18.9004
7.434    2.6308    18.9004
7.434    2.6316    18.9004
7.47    2.7092    18.9004
7.5964    2.9796    18.9004
7.6219997    3.0347998    18.9004
7.6284    3.0476    18.9004
7.6916    3.1764    18.9004
7.7051997    3.2043998    18.9004
7.7348    3.2644    18.9004
7.7483997    3.2907999    18.9004
7.7531996    3.3012    18.9004
7.7492    3.3084    18.9004
7.7444    3.3107998    18.9004
7.71    3.3076    18.9004
7.6995997    3.3076    18.9004
7.6924    3.3068    18.9004
7.6819997    3.3068    18.9004
7.4932    3.2812    18.9004
7.4708    3.2779999    18.9004
7.4515996    3.2756    18.9004
7.4244    3.2724    18.9004
7.4052    3.2691998    18.9004
7.3964    3.2675998    18.9004
7.3788    3.2684    18.9004
7.3668    3.2716    18.9004
7.3603997    3.2803998    18.9004
7.3356    3.3012    18.9004
7.3348    3.3339999    18.9004
7.3348    3.3364    18.9004
7.342    3.3692    18.9004
7.342    3.37    18.9004
7.3436    3.3748    18.9004
7.3444    3.3788    18.9004
7.3571997    3.4332    18.9004
7.3939996    3.6123998    18.9004
7.4212    3.7236    18.9004
7.4235997    3.7315998    18.9004
7.4276    3.7475998    18.9004
7.4284    3.7596    18.9004
7.4291997    3.7731998    18.9004
7.4188    3.7747998    18.9004
7.4052    3.774    18.9004
7.3915997    3.7716    18.9004
7.3724    3.7691998    18.9004
7.278    3.7563999    18.9004
7.1899996    3.7444    18.9004
7.1492    3.7403998    18.9004
7.1284    3.7356    18.9004
7.1267996    3.7356    18.9004
7.1252    3.734    18.9004
7.1164    3.7196    18.9004
7.1116    3.7108    18.9004
7.098    3.6859999    18.9004
7.0923996    3.6764    18.9004
7.0587997    3.6164    18.9004
6.9891996    3.4924    18.9004
6.9811997    3.4772    18.9004
6.9764    3.4692    18.9004
6.8883996    3.314    18.9004
6.8883996    3.3116    18.9004
6.8724    3.2844    18.9004
6.8652    3.27    18.9004
6.8388    3.2459998    18.9004
6.8364    3.2436    18.9004
6.802    3.2596    18.9004
6.8004    3.2603998    18.9004
6.7668    3.2956    18.9004
6.7395997    3.3244    18.9004
6.5508    3.5196    18.9004
6.4611998    3.6123998    18.9004
6.4428    3.6308    18.9004
6.4332    3.6355999    18.9004
6.4196    3.6436    18.9004
6.3964    3.642    18.9004
6.3924    3.642    18.9004
6.3844    3.6404    18.9004
6.3636    3.638    18.9004
6.2075996    3.6172    18.9004
6.1787996    3.6132    18.9004
6.1668    3.6132    18.9004
6.1572    3.6076    18.9004
6.1484    3.606    18.9004
6.146    3.602    18.9004
6.146    3.5995998    18.9004
6.146    3.5964    18.9004
6.1516    3.5835998    18.9004
6.1612    3.5667999    18.9004
6.1692    3.5556    18.9004
6.1707997    3.5523999    18.9004
6.178    3.5388    18.9004
