13.934799    16.5108    6.0004
13.9148    16.454    6.0004
13.9052    16.4268    6.0004
13.8988    16.4068    6.0004
13.889999    16.3796    6.0004
13.8764    16.3284    6.0004
13.866799    16.3044    6.0004
13.8564    16.2756    6.0004
13.855599    16.274    6.0004
13.855599    16.2732    6.0004
13.854799    16.2692    6.0004
13.849199    16.2428    6.0004
13.837199    16.2132    6.0004
13.832399    16.1852    6.0004
13.831599    16.184399    6.0004
13.8244    16.1556    6.0004
13.8236    16.1524    6.0004
13.809999    16.128399    6.0004
13.802799    16.104399    6.0004
13.8004    16.0956    6.0004
13.797999    16.0788    6.0004
13.794    16.0756    6.0004
13.7876    16.0636    6.0004
13.773999    16.048399    6.0004
13.7716    16.0228    6.0004
13.7708    16.0204    6.0004
13.7699995    15.9956    6.0004
13.7652    15.9883995    6.0004
13.7492    15.969999    6.0004
13.7388    15.9612    6.0004
13.714    15.9595995    6.0004
13.7123995    15.9556    6.0004
13.710799    15.9548    6.0004
13.6988    15.946799    6.0004
13.6692    15.9196    6.0004
13.6012    15.849999    6.0004
13.579599    15.8188    6.0004
13.526799    15.728399    6.0004
13.505199    15.689199    6.0004
13.5036    15.6812    6.0004
13.4916    15.6612    6.0004
13.4492    15.556399    6.0004
13.4276    15.492399    6.0004
13.4044    15.424399    6.0004
13.3675995    15.2724    6.0004
13.3628    15.2484    6.0004
13.3508    15.1156    6.0004
13.3484    15.095599    6.0004
13.349999    15.078799    6.0004
13.3524    15.0076    6.0004
13.3564    14.9612    6.0004
13.3812    14.8748    6.0004
13.3907995    14.8572    6.0004
13.438    14.7956    6.0004
13.4484    14.7836    6.0004
13.45    14.781199    6.0004
13.4796    14.766    6.0004
13.486799    14.7699995    6.0004
13.502    14.757999    6.0004
13.5188    14.752399    6.0004
13.5204    14.733999    6.0004
13.5196    14.73    6.0004
13.5227995    14.6908    6.0004
13.521999    14.681999    6.0004
13.5252    14.659599    6.0004
13.5244    14.653199    6.0004
13.5252    14.6156    6.0004
13.521999    14.5836    6.0004
13.5196    14.568399    6.0004
13.5196    14.566    6.0004
13.518    14.5364    6.0004
13.5188    14.5356    6.0004
13.5188    14.5316    6.0004
13.5171995    14.4948    6.0004
13.516399    14.486799    6.0004
13.5084    14.4548    6.0004
13.506    14.4284    6.0004
13.5028    14.3932    6.0004
13.498799    14.3572    6.0004
13.498799    14.3564    6.0004
13.4939995    14.309999    6.0004
13.493199    14.3068    6.0004
13.493199    14.3052    6.0004
13.493199    14.303599    6.0004
13.4892    14.2564    6.0004
13.4892    14.254    6.0004
13.487599    14.2436    6.0004
13.4844    14.216399    6.0004
13.4836    14.183599    6.0004
13.4772    14.097199    6.0004
13.476399    14.058    6.0004
13.4788    13.992399    6.0004
13.4796    13.9404    6.0004
13.486799    13.907599    6.0004
13.49    13.8828    6.0004
13.510799    13.745199    6.0004
13.5148    13.717199    6.0004
13.5188    13.7044    6.0004
13.538    13.642799    6.0004
13.562799    13.584399    6.0004
13.5803995    13.5515995    6.0004
13.608399    13.5092    6.0004
13.636399    13.4732    6.0004
13.6588    13.447599    6.0004
13.677199    13.4316    6.0004
13.71    13.413199    6.0004
13.714    13.4108    6.0004
13.7196    13.4092    6.0004
13.7388    13.4084    6.0004
13.745199    13.4116    6.0004
13.7652    13.4228    6.0004
13.802    13.4548    6.0004
13.8188    13.4692    6.0004
13.8708    13.5188    6.0004
13.8963995    13.546    6.0004
13.9228    13.579599    6.0004
13.962    13.6332    6.0004
14.002    13.6852    6.0004
14.054    13.7604    6.0004
14.091599    13.820399    6.0004
14.120399    13.872399    6.0004
14.1572    13.938    6.0004
14.186    13.9948    6.0004
14.217199    14.0644    6.0004
14.2411995    14.122    6.0004
14.321199    14.303599    6.0004
14.3228    14.308399    6.0004
14.3244    14.314799    6.0004
14.326799    14.320399    6.0004
14.3516    14.3972    6.0004
14.360399    14.4284    6.0004
14.37    14.458799    6.0004
14.377999    14.4883995    6.0004
14.401999    14.5836    6.0004
14.406799    14.601999    6.0004
14.4212    14.6644    6.0004
14.434    14.7123995    6.0004
14.446799    14.762    6.0004
14.4604    14.837199    6.0004
14.4684    14.872399    6.0004
14.5012    15.0124    6.0004
14.5028    15.0188    6.0004
14.5244    15.1276    6.0004
14.527599    15.1435995    6.0004
14.5316    15.164399    6.0004
14.5524    15.2724    6.0004
14.578799    15.4212    6.0004
14.5803995    15.4307995    6.0004
14.5828    15.4388    6.0004
14.602799    15.5468    6.0004
14.6068    15.568399    6.0004
14.608399    15.5772    6.0004
14.6324    15.6972    6.0004
14.6348    15.7084    6.0004
14.6564    15.849999    6.0004
14.6612    15.8868    6.0004
14.6756    15.998799    6.0004
14.6779995    16.0276    6.0004
14.686    16.0788    6.0004
14.6924    16.1268    6.0004
14.6972    16.1444    6.0004
14.700399    16.1708    6.0004
14.7076    16.2452    6.0004
14.7084    16.262    6.0004
14.714    16.3228    6.0004
14.717199    16.373999    6.0004
14.722799    16.4692    6.0004
14.723599    16.557999    6.0004
14.7268    16.682    6.0004
14.7268    16.685999    6.0004
14.7268    16.689999    6.0004
14.7276    16.7068    6.0004
14.728399    16.822    6.0004
14.7276    17.0476    6.0004
14.7276    17.0668    6.0004
14.7268    17.0924    6.0004
14.7244    17.1164    6.0004
14.716399    17.2052    6.0004
14.7092    17.2596    6.0004
14.7028    17.3028    6.0004
14.6924    17.351599    6.0004
14.686    17.373999    6.0004
14.6564    17.4572    6.0004
14.6452    17.473999    6.0004
14.646    17.4788    6.0004
14.6396    17.4844    6.0004
14.6348    17.486    6.0004
14.6268    17.486    6.0004
14.6068    17.4884    6.0004
14.5812    17.4764    6.0004
14.5716    17.4748    6.0004
14.5652    17.4732    6.0004
14.538    17.4524    6.0004
14.5227995    17.4412    6.0004
14.470799    17.3948    6.0004
14.446    17.3724    6.0004
14.4276    17.3548    6.0004
14.389999    17.317999    6.0004
14.3692    17.2932    6.0004
14.3228    17.2388    6.0004
14.313999    17.2284    6.0004
14.2828    17.1852    6.0004
14.2276    17.104399    6.0004
14.1916    17.0508    6.0004
14.1564    16.994799    6.0004
14.1268    16.9412    6.0004
14.1052    16.9052    6.0004
14.0748    16.851599    6.0004
14.0692    16.842    6.0004
14.032399    16.7564    6.0004
14.0252    16.7412    6.0004
14.0076    16.6948    6.0004
13.9964    16.6716    6.0004
13.981199    16.6356    6.0004
13.970799    16.609999    6.0004
13.966    16.598799    6.0004
13.964399    16.594799    6.0004
13.963599    16.5916    6.0004
13.9556    16.5692    6.0004
13.95    16.548399    6.0004
13.947599    16.5444    6.0004
13.9436    16.534    6.0004
13.9396    16.5252    6.0004
13.934799    16.5108    6.0004
