16.146    14.591599    7.5004
16.114    14.584399    7.5004
16.1036    14.5828    7.5004
16.086    14.5803995    7.5004
16.0636    14.573999    7.5004
16.0388    14.566799    7.5004
16.022    14.561999    7.5004
16.007599    14.558    7.5004
15.9716    14.5476    7.5004
15.958799    14.5428    7.5004
15.9372    14.533999    7.5004
15.9084    14.521999    7.5004
15.8852    14.5116    7.5004
15.8628    14.502    7.5004
15.838799    14.4908    7.5004
15.8164    14.4796    7.5004
15.808399    14.475599    7.5004
15.7788    14.457999    7.5004
15.7492    14.4396    7.5004
15.742    14.434799    7.5004
15.6812    14.394799    7.5004
15.6779995    14.3916    7.5004
15.6723995    14.3876    7.5004
15.646    14.366799    7.5004
15.5996    14.3308    7.5004
15.5988    14.33    7.5004
15.595599    14.326799    7.5004
15.550799    14.285999    7.5004
15.542    14.2788    7.5004
15.510799    14.2492    7.5004
15.4939995    14.2324    7.5004
15.4804    14.217999    7.5004
15.4516    14.186    7.5004
15.441199    14.1732    7.5004
15.4044    14.1284    7.5004
15.3868    14.1044    7.5004
15.371599    14.085199    7.5004
15.355599    14.062799    7.5004
15.3228    14.014    7.5004
15.3172    14.005199    7.5004
15.2964    13.969199    7.5004
15.280399    13.9428    7.5004
15.2772    13.9372    7.5004
15.2755995    13.934    7.5004
15.252399    13.8924    7.5004
15.228399    13.842799    7.5004
15.226    13.837199    7.5004
15.221999    13.8284    7.5004
15.1924    13.763599    7.5004
15.1779995    13.726    7.5004
15.165199    13.6908    7.5004
15.162    13.6796    7.5004
15.1508    13.6468    7.5004
15.141999    13.618    7.5004
15.136399    13.5988    7.5004
15.1284    13.567599    7.5004
15.122    13.5404    7.5004
15.1172    13.5124    7.5004
15.1108    13.481199    7.5004
15.106    13.436399    7.5004
15.1044    13.418799    7.5004
15.1036    13.4116    7.5004
15.102799    13.4028    7.5004
15.0996    13.3636    7.5004
15.0996    13.3484    7.5004
15.0988    13.320399    7.5004
15.1004    13.273999    7.5004
15.1004    13.2724    7.5004
15.1004    13.2708    7.5004
15.101199    13.2644    7.5004
15.106    13.2156    7.5004
15.107599    13.2084    7.5004
15.1124    13.171599    7.5004
15.113999    13.1636    7.5004
15.1164    13.1516    7.5004
15.124399    13.1147995    7.5004
15.1324    13.0803995    7.5004
15.137199    13.062799    7.5004
15.141999    13.0492    7.5004
15.1572    13.002    7.5004
15.176399    12.9548    7.5004
15.176399    12.953199    7.5004
15.177199    12.9516    7.5004
15.1804    12.9428    7.5004
15.194799    12.9092    7.5004
15.198    12.8988    7.5004
15.2092    12.8756    7.5004
15.2188    12.854799    7.5004
15.227599    12.838799    7.5004
15.2444    12.8076    7.5004
15.269199    12.7668    7.5004
15.280399    12.7476    7.5004
15.2876    12.7388    7.5004
15.3116    12.702    7.5004
15.331599    12.676399    7.5004
15.337999    12.6676    7.5004
15.3684    12.6292    7.5004
15.3708    12.625999    7.5004
15.384399    12.61    7.5004
15.398    12.594    7.5004
15.400399    12.590799    7.5004
15.4036    12.5868    7.5004
15.4228    12.5644    7.5004
15.4452    12.5412    7.5004
15.4539995    12.5324    7.5004
15.481999    12.5036    7.5004
15.4883995    12.4972    7.5004
15.492399    12.493199    7.5004
15.5316    12.4564    7.5004
15.5524    12.4388    7.5004
15.561999    12.429999    7.5004
15.573999    12.4204    7.5004
15.5859995    12.4116    7.5004
15.601199    12.4004    7.5004
15.6124    12.3924    7.5004
15.6228    12.3868    7.5004
15.6412    12.3772    7.5004
15.653199    12.3764    7.5004
15.6684    12.3748    7.5004
15.6796    12.3796    7.5004
15.6956    12.386    7.5004
15.717999    12.4044    7.5004
15.723599    12.4084    7.5004
15.7388    12.417999    7.5004
15.751599    12.4268    7.5004
15.7612    12.4251995    7.5004
15.7828    12.4268    7.5004
15.7932    12.4172    7.5004
15.803599    12.406    7.5004
15.8068    12.398    7.5004
15.8132    12.3828    7.5004
15.8164    12.37    7.5004
15.819599    12.361199    7.5004
15.834    12.3428    7.5004
15.8396    12.3348    7.5004
15.8452    12.331599    7.5004
15.8692    12.318    7.5004
15.8916    12.3116    7.5004
15.895599    12.3108    7.5004
15.917199    12.3084    7.5004
15.918799    12.3084    7.5004
15.9436    12.3124    7.5004
15.9444    12.3124    7.5004
15.945999    12.3132    7.5004
15.9724    12.3244    7.5004
15.998799    12.3356    7.5004
16.0028    12.3372    7.5004
16.0236    12.334    7.5004
16.031599    12.331599    7.5004
16.0364    12.3252    7.5004
16.0572    12.302799    7.5004
16.062    12.29    7.5004
16.0644    12.280399    7.5004
16.0716    12.2532    7.5004
16.074    12.246799    7.5004
16.0748    12.2452    7.5004
16.0844    12.222799    7.5004
16.0852    12.2212    7.5004
16.0996    12.194799    7.5004
16.109999    12.1876    7.5004
16.1188    12.1812    7.5004
16.1364    12.176399    7.5004
16.145199    12.1748    7.5004
16.1612    12.1732    7.5004
16.1868    12.170799    7.5004
16.2124    12.17    7.5004
16.237999    12.1692    7.5004
16.265999    12.170799    7.5004
16.2852    12.171599    7.5004
16.3084    12.1732    7.5004
16.345999    12.1779995    7.5004
16.357199    12.1796    7.5004
16.3788    12.1844    7.5004
16.406    12.19    7.5004
16.43    12.1956    7.5004
16.455599    12.202    7.5004
16.4732    12.2076    7.5004
16.5044    12.217999    7.5004
16.5148    12.2212    7.5004
16.5252    12.226    7.5004
16.5476    12.2332    7.5004
16.5556    12.2364    7.5004
16.5956    12.252399    7.5004
16.6388    12.274799    7.5004
16.6956    12.3052    7.5004
16.6996    12.3068    7.5004
16.736399    12.3292    7.5004
16.746    12.3348    7.5004
16.7676    12.349999    7.5004
16.7908    12.3652    7.5004
16.7988    12.3716    7.5004
16.8284    12.3924    7.5004
16.834    12.398    7.5004
16.8636    12.4204    7.5004
16.8788    12.434    7.5004
16.8932    12.4484    7.5004
16.8956    12.4508    7.5004
16.8972    12.452399    7.5004
16.9236    12.476399    7.5004
16.9268    12.4804    7.5004
16.949999    12.5028    7.5004
16.966    12.5204    7.5004
16.9764    12.5308    7.5004
16.979599    12.5348    7.5004
17.0012    12.5588    7.5004
17.007599    12.5668    7.5004
17.0252    12.5884    7.5004
17.0332    12.5996    7.5004
17.0436    12.6124    7.5004
17.0572    12.630799    7.5004
17.076399    12.660399    7.5004
17.0804    12.6676    7.5004
17.1052    12.7067995    7.5004
17.1164    12.726    7.5004
17.1316    12.7548    7.5004
17.1436    12.7796    7.5004
17.1556    12.803599    7.5004
17.1644    12.8244    7.5004
17.174    12.8468    7.5004
17.1828    12.866799    7.5004
17.1948    12.895599    7.5004
17.2068    12.929199    7.5004
17.2092    12.936399    7.5004
17.2108    12.9404    7.5004
17.2236    12.9828    7.5004
17.230799    13.0124    7.5004
17.2396    13.044399    7.5004
17.2452    13.0668    7.5004
17.254    13.108399    7.5004
17.2596    13.134    7.5004
17.2628    13.1588    7.5004
17.2692    13.1988    7.5004
17.271599    13.223599    7.5004
17.2748    13.251599    7.5004
17.2764    13.2708    7.5004
17.277199    13.29    7.5004
17.2796    13.320399    7.5004
17.2804    13.342799    7.5004
17.2804    13.3692    7.5004
17.2812    13.4028    7.5004
17.2804    13.4204    7.5004
17.2796    13.4539995    7.5004
17.2756    13.502    7.5004
17.2756    13.5132    7.5004
17.2692    13.5708    7.5004
17.2684    13.573999    7.5004
17.2684    13.5764    7.5004
17.2676    13.579599    7.5004
17.2596    13.6324    7.5004
17.254799    13.659599    7.5004
17.25    13.686    7.5004
17.2396    13.7308    7.5004
17.2356    13.7444    7.5004
17.2332    13.7548    7.5004
17.226    13.7828    7.5004
17.221199    13.8012    7.5004
17.218    13.8108    7.5004
17.2148    13.822    7.5004
17.202799    13.8596    7.5004
17.189999    13.8907995    7.5004
17.185999    13.901999    7.5004
17.174    13.9316    7.5004
17.167599    13.947599    7.5004
17.1556    13.9748    7.5004
17.1492    13.9883995    7.5004
17.1476    13.9916    7.5004
17.126    14.038    7.5004
17.1236    14.0436    7.5004
17.094799    14.094    7.5004
17.0892    14.1044    7.5004
17.0884    14.106    7.5004
17.0556    14.1612    7.5004
17.046    14.1756    7.5004
17.0348    14.1932    7.5004
17.01    14.226    7.5004
17.0068    14.2316    7.5004
17.006    14.2332    7.5004
17.0036    14.2355995    7.5004
16.9748    14.2716    7.5004
16.9572    14.292399    7.5004
16.9492    14.302    7.5004
16.9428    14.309199    7.5004
16.9364    14.315599    7.5004
16.916399    14.337999    7.5004
16.8788    14.372399    7.5004
16.878    14.373199    7.5004
16.8772    14.3748    7.5004
16.873999    14.377199    7.5004
16.8508    14.3988    7.5004
16.842    14.405999    7.5004
16.8188    14.423599    7.5004
16.801199    14.438    7.5004
16.7932    14.4436    7.5004
16.747599    14.4732    7.5004
16.746    14.474    7.5004
16.7452    14.474    7.5004
16.6964    14.5028    7.5004
16.6772    14.5132    7.5004
16.6604    14.521199    7.5004
16.6516    14.526    7.5004
16.6324    14.533999    7.5004
16.6164    14.5412    7.5004
16.5828    14.5548    7.5004
16.5804    14.555599    7.5004
16.5348    14.57    7.5004
16.5268    14.5724    7.5004
16.494799    14.5812    7.5004
16.483599    14.584399    7.5004
16.4412    14.5932    7.5004
16.4404    14.5932    7.5004
16.4396    14.5932    7.5004
16.392399    14.598    7.5004
16.381199    14.6004    7.5004
16.3652    14.601999    7.5004
16.3436    14.6036    7.5004
16.3276    14.6036    7.5004
16.31    14.6044    7.5004
16.3004    14.6044    7.5004
16.2836    14.6036    7.5004
16.2692    14.602799    7.5004
16.247599    14.6036    7.5004
16.2228    14.6012    7.5004
16.1892    14.596399    7.5004
16.1772    14.595599    7.5004
16.156399    14.5932    7.5004
16.146    14.591599    7.5004
