14.934799    13.406    10.5004
14.9436    13.401999    10.5004
14.9548    13.3916    10.5004
14.974799    13.373199    10.5004
14.9939995    13.3404    10.5004
14.9948    13.338799    10.5004
15.0068    13.3116    10.5004
15.0076    13.2828    10.5004
15.0084    13.280399    10.5004
15.0076    13.2444    10.5004
15.0092    13.238    10.5004
15.0092    13.2324    10.5004
15.0124    13.202    10.5004
15.0132    13.199599    10.5004
15.0132    13.1988    10.5004
15.0148    13.1932    10.5004
15.0171995    13.1812    10.5004
15.018    13.1796    10.5004
15.018    13.1779995    10.5004
15.0188    13.1756    10.5004
15.033999    13.130799    10.5004
15.0484    13.0996    10.5004
15.0644    13.0644    10.5004
15.0859995    13.0236    10.5004
15.1052    12.9892    10.5004
15.1147995    12.974    10.5004
15.1435995    12.9268    10.5004
15.1468    12.922    10.5004
15.15    12.9164    10.5004
15.1723995    12.883599    10.5004
15.198    12.8508    10.5004
15.2028    12.846    10.5004
15.205199    12.842    10.5004
15.2364    12.806    10.5004
15.2492    12.792399    10.5004
15.2876    12.7532    10.5004
15.302799    12.7388    10.5004
15.3452    12.699599    10.5004
15.3564    12.69    10.5004
15.398    12.658    10.5004
15.418799    12.641999    10.5004
15.4452    12.622    10.5004
15.4628    12.6108    10.5004
15.487599    12.5956    10.5004
15.4964    12.590799    10.5004
15.5076    12.585199    10.5004
15.5468    12.5652    10.5004
15.5716    12.5532    10.5004
15.591599    12.544399    10.5004
15.6116    12.5364    10.5004
15.6452    12.5227995    10.5004
15.6692    12.5148    10.5004
15.6972    12.5068    10.5004
15.716399    12.5012    10.5004
15.745999    12.493199    10.5004
15.768399    12.487599    10.5004
15.8012    12.481199    10.5004
15.825999    12.475599    10.5004
15.8532    12.470799    10.5004
15.9028    12.462    10.5004
15.9276    12.457999    10.5004
15.9564    12.4548    10.5004
15.99    12.4508    10.5004
16.0156    12.4492    10.5004
16.059599    12.446    10.5004
16.0788    12.4444    10.5004
16.0964    12.4444    10.5004
16.1484    12.4428    10.5004
16.1684    12.4428    10.5004
16.1852    12.441999    10.5004
16.2372    12.4452    10.5004
16.2468    12.446    10.5004
16.2516    12.446    10.5004
16.2908    12.4484    10.5004
16.334799    12.4548    10.5004
16.3396    12.4556    10.5004
16.342    12.4556    10.5004
16.381199    12.4604    10.5004
16.406    12.466    10.5004
16.4324    12.4716    10.5004
16.494    12.486799    10.5004
16.494799    12.487599    10.5004
16.5084    12.4908    10.5004
16.5324    12.498    10.5004
16.5852    12.514    10.5004
16.594799    12.5171995    10.5004
16.6596    12.5436    10.5004
16.6628    12.545199    10.5004
16.6668    12.5468    10.5004
16.7076    12.5668    10.5004
16.722    12.573199    10.5004
16.737999    12.5812    10.5004
16.754799    12.5932    10.5004
16.7812    12.6116    10.5004
16.782799    12.6124    10.5004
16.806799    12.6356    10.5004
16.8084    12.636399    10.5004
16.822    12.6524    10.5004
16.8356    12.67    10.5004
16.8396    12.6779995    10.5004
16.8492    12.694799    10.5004
16.851599    12.699599    10.5004
16.866    12.7164    10.5004
16.8892    12.726    10.5004
16.8916    12.7276    10.5004
16.892399    12.73    10.5004
16.8956    12.7308    10.5004
16.9252    12.7364    10.5004
16.9356    12.7332    10.5004
16.955599    12.7188    10.5004
16.962    12.7132    10.5004
16.990799    12.688399    10.5004
17.013199    12.6732    10.5004
17.0148    12.6723995    10.5004
17.048399    12.659599    10.5004
17.0668    12.6556    10.5004
17.076399    12.653999    10.5004
17.0908    12.6556    10.5004
17.1252    12.6612    10.5004
17.1276    12.662    10.5004
17.1292    12.662    10.5004
17.13    12.6628    10.5004
17.1372    12.6676    10.5004
17.1764    12.6916    10.5004
17.1868    12.6988    10.5004
17.218    12.7212    10.5004
17.234    12.733999    10.5004
17.254    12.7492    10.5004
17.31    12.797199    10.5004
17.3204    12.806    10.5004
17.3252    12.8108    10.5004
17.3772    12.8588    10.5004
17.3876    12.8684    10.5004
17.3892    12.87    10.5004
17.3916    12.872399    10.5004
17.442799    12.926    10.5004
17.454    12.9372    10.5004
17.489199    12.9748    10.5004
17.518    13.0076    10.5004
17.541199    13.0356    10.5004
17.570799    13.0724    10.5004
17.5916    13.0988    10.5004
17.609999    13.122    10.5004
17.6412    13.1636    10.5004
17.6724    13.2092    10.5004
17.6756    13.214    10.5004
17.678    13.217999    10.5004
17.7044    13.2596    10.5004
17.7236    13.292399    10.5004
17.737999    13.3172    10.5004
17.7572    13.3532    10.5004
17.7612    13.3619995    10.5004
17.7636    13.365999    10.5004
17.782799    13.407599    10.5004
17.7948    13.436399    10.5004
17.806799    13.466    10.5004
17.817999    13.4948    10.5004
17.823599    13.5092    10.5004
17.8268    13.5188    10.5004
17.8412    13.567599    10.5004
17.8444    13.579599    10.5004
17.8556    13.624399    10.5004
17.858    13.6356    10.5004
17.8668    13.682799    10.5004
17.8708    13.7044    10.5004
17.8764    13.75    10.5004
17.878    13.7652    10.5004
17.879599    13.794    10.5004
17.881199    13.8188    10.5004
17.882    13.8828    10.5004
17.882    13.884399    10.5004
17.881199    13.9388    10.5004
17.879599    13.9572    10.5004
17.875599    13.9972    10.5004
17.8724    14.0252    10.5004
17.862799    14.0716    10.5004
17.858    14.1012    10.5004
17.854    14.1212    10.5004
17.8396    14.177199    10.5004
17.8364    14.187599    10.5004
17.8356    14.1908    10.5004
17.834    14.1956    10.5004
17.8156    14.254    10.5004
17.810799    14.2668    10.5004
17.793999    14.309999    10.5004
17.774    14.3619995    10.5004
17.7676    14.3764    10.5004
17.736399    14.4388    10.5004
17.7348    14.441999    10.5004
17.7052    14.4956    10.5004
17.7036    14.497999    10.5004
17.702    14.5004    10.5004
17.694    14.514    10.5004
17.663599    14.561199    10.5004
17.6604    14.566799    10.5004
17.6084    14.6388    10.5004
17.602    14.647599    10.5004
17.5564    14.705199    10.5004
17.552399    14.7092    10.5004
17.5476    14.7148    10.5004
17.4932    14.7755995    10.5004
17.4868    14.7828    10.5004
17.4652    14.803599    10.5004
17.420399    14.846    10.5004
17.4044    14.8619995    10.5004
17.353199    14.907599    10.5004
17.3524    14.9084    10.5004
17.3004    14.9508    10.5004
17.2484    14.99    10.5004
17.226799    15.005199    10.5004
17.2204    15.009999    10.5004
17.202799    15.021999    10.5004
17.150799    15.055599    10.5004
17.133999    15.0652    10.5004
17.074    15.0996    10.5004
17.0628    15.1052    10.5004
17.0564    15.108399    10.5004
17.0044    15.1332    10.5004
16.9844    15.142799    10.5004
16.9356    15.1636    10.5004
16.8972    15.1779995    10.5004
16.8508    15.1956    10.5004
16.8212    15.2067995    10.5004
16.7892    15.217199    10.5004
16.726799    15.2372    10.5004
16.719599    15.239599    10.5004
16.680399    15.2492    10.5004
16.65    15.257199    10.5004
16.6444    15.257999    10.5004
16.5676    15.274799    10.5004
16.5492    15.2788    10.5004
16.548399    15.2788    10.5004
16.542    15.279599    10.5004
16.47    15.2892    10.5004
16.4468    15.292399    10.5004
16.4116    15.2964    10.5004
16.3492    15.3012    10.5004
16.3316    15.302    10.5004
16.3212    15.302    10.5004
16.254    15.3004    10.5004
16.2244    15.2996    10.5004
16.1652    15.2956    10.5004
16.154    15.2948    10.5004
16.15    15.294    10.5004
16.0724    15.285199    10.5004
16.062    15.2836    10.5004
16.037199    15.2788    10.5004
15.9964    15.2708    10.5004
15.9556    15.262    10.5004
15.9492    15.2604    10.5004
15.941199    15.257999    10.5004
15.884399    15.2436    10.5004
15.838799    15.229199    10.5004
15.8172    15.222799    10.5004
15.785199    15.2123995    10.5004
15.754    15.202    10.5004
15.7084    15.183599    10.5004
15.6852    15.1748    10.5004
15.659599    15.1628    10.5004
15.6324    15.1491995    10.5004
15.618799    15.142799    10.5004
15.5803995    15.1228    10.5004
15.539599    15.102799    10.5004
15.521999    15.094    10.5004
15.503599    15.0836    10.5004
15.4668    15.061199    10.5004
15.4307995    15.037999    10.5004
15.4052    15.0227995    10.5004
15.344399    14.981999    10.5004
15.342799    14.9804    10.5004
15.3292    14.970799    10.5004
15.3004    14.9492    10.5004
15.291599    14.9428    10.5004
15.2492    14.9092    10.5004
15.221999    14.8868    10.5004
15.189199    14.8588    10.5004
15.130799    14.8052    10.5004
15.1236    14.7987995    10.5004
15.107599    14.7828    10.5004
15.0724    14.746799    10.5004
15.0652    14.7388    10.5004
15.055599    14.728399    10.5004
15.0148    14.681999    10.5004
15.010799    14.676399    10.5004
14.9939995    14.654799    10.5004
14.964399    14.618    10.5004
14.9572    14.6092    10.5004
14.9396    14.5828    10.5004
14.9164    14.5484    10.5004
14.91    14.538799    10.5004
14.8812    14.4916    10.5004
14.8708    14.4732    10.5004
14.8636    14.4564    10.5004
14.842    14.4148    10.5004
14.8252    14.378799    10.5004
14.8164    14.3588    10.5004
14.8076    14.3364    10.5004
14.792399    14.2964    10.5004
14.7828    14.2668    10.5004
14.7716    14.228399    10.5004
14.762    14.1924    10.5004
14.754    14.158    10.5004
14.75    14.137199    10.5004
14.7484    14.13    10.5004
14.7436    14.091599    10.5004
14.7411995    14.0764    10.5004
14.740399    14.068399    10.5004
14.7364    14.0316    10.5004
14.7364    14.0171995    10.5004
14.734799    13.9804    10.5004
14.734799    13.9716    10.5004
14.734799    13.9668    10.5004
14.734799    13.913199    10.5004
14.7355995    13.8988    10.5004
14.7364    13.8588    10.5004
14.739599    13.8172    10.5004
14.740399    13.797999    10.5004
14.745199    13.757199    10.5004
14.7484    13.733999    10.5004
14.7556    13.69    10.5004
14.763599    13.65    10.5004
14.7732    13.607599    10.5004
14.778    13.5868    10.5004
14.781199    13.5756    10.5004
14.7844    13.5652    10.5004
14.7932    13.5412    10.5004
14.806    13.516399    10.5004
14.809999    13.5084    10.5004
14.826799    13.486    10.5004
14.831599    13.4788    10.5004
14.8412    13.470799    10.5004
14.8588    13.453199    10.5004
14.866799    13.447599    10.5004
14.9172    13.4172    10.5004
14.934799    13.406    10.5004
