5.6468    25.983599    17.7004
5.6396    25.9644    17.7004
5.6516    25.9692    17.7004
5.6531997    25.9692    17.7004
5.6548    25.9692    17.7004
5.6628    25.9716    17.7004
5.6916    25.977999    17.7004
5.7107997    25.977999    17.7004
5.7195997    25.979599    17.7004
5.7404    25.972399    17.7004
5.75    25.973999    17.7004
5.7627997    25.9692    17.7004
5.7716    25.961199    17.7004
5.7915998    25.948399    17.7004
5.7964    25.938799    17.7004
5.8059998    25.913198    17.7004
5.8092    25.9068    17.7004
5.8132    25.8916    17.7004
5.8212    25.8764    17.7004
5.83    25.857199    17.7004
5.842    25.8372    17.7004
5.8515997    25.816399    17.7004
5.8571997    25.806799    17.7004
5.8556    25.793999    17.7004
5.862    25.771599    17.7004
5.8356    25.746    17.7004
5.8252    25.740398    17.7004
5.7971997    25.734798    17.7004
5.778    25.732399    17.7004
5.77    25.73    17.7004
5.7588    25.73    17.7004
5.7436    25.7172    17.7004
5.7476    25.697199    17.7004
5.7468    25.6908    17.7004
5.7483997    25.6852    17.7004
5.758    25.6572    17.7004
5.7644    25.6444    17.7004
5.7764    25.622799    17.7004
5.7892    25.6012    17.7004
5.7948    25.594    17.7004
5.81    25.574799    17.7004
5.8203998    25.5604    17.7004
5.8268    25.552399    17.7004
5.8547997    25.5212    17.7004
5.8724    25.5036    17.7004
5.89    25.4844    17.7004
5.9172    25.459599    17.7004
5.9484    25.4268    17.7004
5.9484    25.425999    17.7004
5.9603996    25.403599    17.7004
5.9691997    25.3844    17.7004
5.9756    25.3772    17.7004
5.9891996    25.364399    17.7004
6.0011997    25.3564    17.7004
6.0132    25.3492    17.7004
6.034    25.338799    17.7004
6.0572    25.3284    17.7004
6.1404    25.292398    17.7004
6.1651998    25.2804    17.7004
6.2107997    25.258799    17.7004
6.278    25.2244    17.7004
6.2795997    25.223598    17.7004
6.2804    25.223598    17.7004
6.282    25.223598    17.7004
6.3083997    25.2156    17.7004
6.3148    25.217999    17.7004
6.33    25.217999    17.7004
6.3388    25.223598    17.7004
6.3539996    25.2316    17.7004
6.3683996    25.2428    17.7004
6.3812    25.254    17.7004
6.3924    25.2668    17.7004
6.4084    25.282    17.7004
6.4364    25.3044    17.7004
6.4388    25.306799    17.7004
6.442    25.306799    17.7004
6.4747996    25.3092    17.7004
6.486    25.3044    17.7004
6.5091996    25.2972    17.7004
6.5364    25.284399    17.7004
6.5652    25.2732    17.7004
6.5931997    25.2628    17.7004
6.6499996    25.246    17.7004
6.654    25.2452    17.7004
6.6563997    25.2444    17.7004
6.658    25.2444    17.7004
6.6987996    25.2332    17.7004
6.7148    25.225199    17.7004
6.7283998    25.219599    17.7004
6.7324    25.2076    17.7004
6.7348    25.1884    17.7004
6.7283998    25.1684    17.7004
6.7268    25.161999    17.7004
6.7084    25.0892    17.7004
6.706    25.078    17.7004
6.7019997    25.057999    17.7004
6.6972    25.028399    17.7004
6.6948    24.998    17.7004
6.694    24.989199    17.7004
6.6948    24.9628    17.7004
6.6948    24.962    17.7004
6.7028    24.9348    17.7004
6.7084    24.921999    17.7004
6.7163997    24.913198    17.7004
6.7204    24.910799    17.7004
6.7444    24.9044    17.7004
6.7516    24.9028    17.7004
6.7524    24.9028    17.7004
6.7548    24.9028    17.7004
6.7563996    24.9028    17.7004
6.7676    24.9028    17.7004
6.7956    24.9012    17.7004
6.8044    24.9004    17.7004
6.8051996    24.9004    17.7004
6.8627996    24.901999    17.7004
6.9323997    24.9028    17.7004
6.9611998    24.9044    17.7004
7.0076    24.909199    17.7004
7.0428    24.9124    17.7004
7.0755997    24.9172    17.7004
7.0964    24.920399    17.7004
7.126    24.9268    17.7004
7.1428    24.93    17.7004
7.1707997    24.937199    17.7004
7.1828    24.9436    17.7004
7.1948    24.949999    17.7004
7.21    24.9676    17.7004
7.2156    24.973999    17.7004
7.2275996    24.9924    17.7004
7.23    24.9972    17.7004
7.2363997    25.018799    17.7004
7.2419996    25.0404    17.7004
7.2475996    25.0668    17.7004
7.25    25.078    17.7004
7.2788    25.2092    17.7004
7.2812    25.219599    17.7004
7.2851996    25.237999    17.7004
7.2915998    25.2748    17.7004
7.2956    25.286    17.7004
7.2995996    25.306    17.7004
7.3115997    25.327599    17.7004
7.322    25.3356    17.7004
7.3283997    25.338799    17.7004
7.3348    25.3436    17.7004
7.3627996    25.351599    17.7004
7.3876    25.3596    17.7004
7.398    25.362    17.7004
7.41    25.366    17.7004
7.4412    25.3772    17.7004
7.474    25.390799    17.7004
7.494    25.3996    17.7004
7.5364    25.418798    17.7004
7.5476    25.424398    17.7004
7.5955997    25.453999    17.7004
7.6004    25.4572    17.7004
7.6492    25.4916    17.7004
7.6531997    25.494    17.7004
7.6636    25.5036    17.7004
7.6899996    25.5292    17.7004
7.718    25.559599    17.7004
7.7283998    25.57    17.7004
7.7339997    25.5772    17.7004
7.7419996    25.5868    17.7004
7.7675996    25.622799    17.7004
7.7948    25.6644    17.7004
7.7963996    25.667599    17.7004
7.798    25.67    17.7004
7.8107996    25.6988    17.7004
7.8188    25.717999    17.7004
7.8276    25.7396    17.7004
7.8412    25.7876    17.7004
7.842    25.7916    17.7004
7.842    25.7932    17.7004
7.8483996    25.8364    17.7004
7.85    25.8484    17.7004
7.8515997    25.8948    17.7004
7.8515997    25.897999    17.7004
7.8515997    25.909199    17.7004
7.8492    25.9588    17.7004
7.8427997    26.0084    17.7004
7.842    26.0084    17.7004
7.8307996    26.0588    17.7004
7.83    26.0588    17.7004
7.83    26.059599    17.7004
7.8051996    26.1348    17.7004
7.7963996    26.156399    17.7004
7.7819996    26.1892    17.7004
7.7748    26.2044    17.7004
7.7556    26.2444    17.7004
7.7483997    26.2596    17.7004
7.7427998    26.2684    17.7004
7.7163997    26.312399    17.7004
7.698    26.3428    17.7004
7.6963997    26.3452    17.7004
7.6931996    26.349998    17.7004
7.6531997    26.4028    17.7004
7.6411996    26.418798    17.7004
7.6387997    26.4212    17.7004
7.6316    26.429998    17.7004
7.5923996    26.4756    17.7004
7.5484    26.528399    17.7004
7.5379996    26.539598    17.7004
7.5044    26.570799    17.7004
7.4803996    26.5924    17.7004
7.4659996    26.6036    17.7004
7.454    26.6124    17.7004
7.4259996    26.6364    17.7004
7.4203997    26.6412    17.7004
7.4196    26.6412    17.7004
7.3988    26.661999    17.7004
7.3908    26.6668    17.7004
7.3835998    26.673199    17.7004
7.3683996    26.6948    17.7004
7.3636    26.7044    17.7004
7.3603997    26.7132    17.7004
7.3571997    26.7372    17.7004
7.3515997    26.7692    17.7004
7.3508    26.7748    17.7004
7.3276    26.918    17.7004
7.3195996    26.9636    17.7004
7.3132    26.985199    17.7004
7.3036    27.005999    17.7004
7.3012    27.01    17.7004
7.2795997    27.0364    17.7004
7.2732    27.042    17.7004
7.2563996    27.0548    17.7004
7.2348    27.0612    17.7004
7.2324    27.0628    17.7004
7.2172    27.065199    17.7004
7.1756    27.070799    17.7004
7.1204    27.074799    17.7004
7.1148    27.074799    17.7004
7.1124    27.0756    17.7004
7.0523996    27.078    17.7004
7.0404    27.0788    17.7004
7.0396    27.0788    17.7004
7.0372    27.0788    17.7004
6.9667997    27.0772    17.7004
6.9508    27.076399    17.7004
6.8876    27.0732    17.7004
6.862    27.0716    17.7004
6.7988    27.0668    17.7004
6.7524    27.061998    17.7004
6.7363997    27.0612    17.7004
6.6956    27.0556    17.7004
6.6763997    27.0516    17.7004
6.6707997    27.048399    17.7004
6.658    27.0292    17.7004
6.6572    27.028399    17.7004
6.6555996    27.024399    17.7004
6.6484    27.001999    17.7004
6.646    26.9788    17.7004
6.6452    26.9756    17.7004
6.6452    26.9436    17.7004
6.646    26.9324    17.7004
6.6475997    26.9172    17.7004
6.654    26.8788    17.7004
6.6572    26.855598    17.7004
6.6596    26.8364    17.7004
6.6524    26.814    17.7004
6.6507998    26.805199    17.7004
6.6412    26.795599    17.7004
6.6187997    26.771599    17.7004
6.6084    26.7676    17.7004
6.5836    26.7564    17.7004
6.562    26.758799    17.7004
6.5596    26.758    17.7004
6.5508    26.7572    17.7004
6.5228    26.7564    17.7004
6.4947996    26.7508    17.7004
6.4379997    26.7372    17.7004
6.4108    26.7316    17.7004
6.3796    26.7244    17.7004
6.3644    26.721199    17.7004
6.3596    26.719599    17.7004
6.3268    26.7092    17.7004
6.3236    26.708399    17.7004
6.286    26.6988    17.7004
6.2339997    26.6812    17.7004
6.2292    26.6796    17.7004
6.2195997    26.6756    17.7004
6.1763997    26.6588    17.7004
6.1572    26.6516    17.7004
6.1372    26.642    17.7004
6.1196    26.633999    17.7004
6.0987997    26.6236    17.7004
6.0804    26.611599    17.7004
6.074    26.608398    17.7004
6.0555997    26.6012    17.7004
6.0484    26.5996    17.7004
6.0228    26.598799    17.7004
6.0123997    26.598799    17.7004
5.9947996    26.602798    17.7004
5.8276    26.6428    17.7004
5.8083997    26.6476    17.7004
5.8068    26.6476    17.7004
5.7988    26.6484    17.7004
5.7651997    26.654    17.7004
5.7556    26.6556    17.7004
5.7476    26.654    17.7004
5.7404    26.650799    17.7004
5.7332    26.6428    17.7004
5.7244    26.632399    17.7004
5.706    26.604399    17.7004
5.658    26.529999    17.7004
5.6443996    26.5084    17.7004
5.6348    26.494799    17.7004
5.6299996    26.481998    17.7004
5.6268    26.473999    17.7004
5.65    26.449999    17.7004
5.6531997    26.4468    17.7004
5.6548    26.444399    17.7004
5.6619997    26.4396    17.7004
5.6875997    26.4196    17.7004
5.7124    26.409199    17.7004
5.7172    26.406    17.7004
5.7212    26.4052    17.7004
5.7492    26.3988    17.7004
5.766    26.390799    17.7004
5.7771997    26.3884    17.7004
5.7915998    26.378    17.7004
5.8036    26.3652    17.7004
5.8068    26.3484    17.7004
5.8044    26.3308    17.7004
5.8012    26.317999    17.7004
5.7971997    26.3076    17.7004
5.7956    26.3028    17.7004
5.7939997    26.3004    17.7004
5.7876    26.2852    17.7004
5.7844    26.278    17.7004
5.7827997    26.2652    17.7004
5.7788    26.2508    17.7004
5.7764    26.2388    17.7004
5.7724    26.2228    17.7004
5.7707996    26.2044    17.7004
5.7683997    26.184399    17.7004
5.7676    26.1796    17.7004
5.7668    26.156399    17.7004
5.766    26.133999    17.7004
5.7668    26.126    17.7004
5.7644    26.108398    17.7004
5.7539997    26.0908    17.7004
5.7516    26.074    17.7004
5.7372    26.0628    17.7004
5.726    26.045198    17.7004
5.7124    26.038    17.7004
5.69    26.024399    17.7004
5.6707997    26.0156    17.7004
5.658    26.001999    17.7004
5.6516    25.9924    17.7004
5.6468    25.983599    17.7004
