13.7564    20.656399    8.1004
13.699599    20.6012    8.1004
13.67    20.57    8.1004
13.602799    20.4996    8.1004
13.579599    20.4756    8.1004
13.558    20.4508    8.1004
13.5028    20.3892    8.1004
13.4612    20.342    8.1004
13.418799    20.2932    8.1004
13.377999    20.243599    8.1004
13.3348    20.1892    8.1004
13.2844    20.126    8.1004
13.2612    20.098    8.1004
13.2252    20.0516    8.1004
13.2067995    20.0292    8.1004
13.146    19.9492    8.1004
13.1396    19.9404    8.1004
13.0692    19.8468    8.1004
13.0612    19.8356    8.1004
12.9972    19.7444    8.1004
12.986799    19.7292    8.1004
12.9204    19.6332    8.1004
12.844399    19.518    8.1004
12.8356    19.5044    8.1004
12.7788    19.4188    8.1004
12.751599    19.378    8.1004
12.75    19.3748    8.1004
12.6964    19.2868    8.1004
12.693999    19.2836    8.1004
12.625199    19.169199    8.1004
12.6212    19.161999    8.1004
12.550799    19.0348    8.1004
12.545199    19.0252    8.1004
12.539599    19.0156    8.1004
12.4676    18.8836    8.1004
12.4612    18.8708    8.1004
12.407599    18.7676    8.1004
12.4004    18.753199    8.1004
12.365999    18.685999    8.1004
12.3596    18.673199    8.1004
12.314799    18.578    8.1004
12.3068    18.5604    8.1004
12.268399    18.4788    8.1004
12.262    18.4644    8.1004
12.199599    18.3244    8.1004
12.199599    18.3228    8.1004
12.176399    18.27    8.1004
12.125199    18.1524    8.1004
12.1228    18.1468    8.1004
12.054    17.9788    8.1004
12.0524    17.9748    8.1004
11.9836    17.806    8.1004
11.9804    17.798    8.1004
11.9332    17.678    8.1004
11.9292    17.667599    8.1004
11.8756    17.529999    8.1004
11.8636    17.498    8.1004
11.820399    17.3852    8.1004
11.7956    17.3188    8.1004
11.763599    17.236399    8.1004
11.7276    17.142    8.1004
11.699599    17.066    8.1004
11.6396    16.9116    8.1004
11.5803995    16.753199    8.1004
11.5548    16.6836    8.1004
11.5316    16.6204    8.1004
11.5132    16.57    8.1004
11.4804    16.482    8.1004
11.4676    16.4484    8.1004
11.441999    16.3748    8.1004
11.4332    16.35    8.1004
11.401999    16.2652    8.1004
11.384399    16.2132    8.1004
11.3684    16.1684    8.1004
11.3284    16.0508    8.1004
11.309199    15.9956    8.1004
11.269199    15.872399    8.1004
11.2556    15.832399    8.1004
11.233999    15.766    8.1004
11.2123995    15.698    8.1004
11.19    15.636399    8.1004
11.1764    15.591599    8.1004
11.1404    15.4772    8.1004
11.108399    15.3756    8.1004
11.0988    15.348399    8.1004
11.0772    15.274799    8.1004
11.062799    15.2252    8.1004
11.0588    15.210799    8.1004
11.0308    15.118    8.1004
11.0036    15.0252    8.1004
10.9956    14.9964    8.1004
10.964399    14.874    8.1004
10.9604    14.8619995    8.1004
10.9404    14.782    8.1004
10.9348    14.757999    8.1004
10.9044    14.638    8.1004
10.8764    14.521999    8.1004
10.8692    14.49    8.1004
10.849999    14.400399    8.1004
10.8428    14.366799    8.1004
10.8116    14.217199    8.1004
10.8028    14.177199    8.1004
10.7828    14.078799    8.1004
10.769199    14.0076    8.1004
10.7428    13.872399    8.1004
10.73    13.806    8.1004
10.7108    13.6956    8.1004
10.6796    13.5124    8.1004
10.6779995    13.502    8.1004
10.677199    13.497999    8.1004
10.6524    13.3412    8.1004
10.6508    13.33    8.1004
10.6284    13.174    8.1004
10.618    13.102799    8.1004
10.5956    12.926    8.1004
10.5924    12.9028    8.1004
10.591599    12.8924    8.1004
10.59    12.8748    8.1004
10.579599    12.762    8.1004
10.5708    12.676399    8.1004
10.568399    12.6356    8.1004
10.5636    12.573199    8.1004
10.5588    12.498    8.1004
10.556399    12.4428    8.1004
10.554    12.4036    8.1004
10.55    12.2699995    8.1004
10.55    12.2476    8.1004
10.5492    12.211599    8.1004
10.5484    12.0836    8.1004
10.5492    12.0348    8.1004
10.5524    11.907599    8.1004
10.5524    11.8868    8.1004
10.556399    11.705199    8.1004
10.5604    11.6268    8.1004
10.5644    11.528399    8.1004
10.5708    11.441999    8.1004
10.573999    11.3932    8.1004
10.578    11.3116    8.1004
10.585199    11.2436    8.1004
10.590799    11.186    8.1004
10.5996    11.098    8.1004
10.6044    11.0556    8.1004
10.6188    10.9404    8.1004
10.6212    10.924399    8.1004
10.6228    10.913199    8.1004
10.6491995    10.7372    8.1004
10.6508    10.728399    8.1004
10.6732    10.613999    8.1004
10.6804    10.5772    8.1004
10.6988    10.4868    8.1004
10.7044    10.462    8.1004
10.729199    10.3564    8.1004
10.733999    10.3356    8.1004
10.746799    10.286799    8.1004
10.7732    10.186    8.1004
10.774799    10.1804    8.1004
10.774799    10.1764    8.1004
10.7836    10.154799    8.1004
10.7836    10.153999    8.1004
10.7844    10.1516    8.1004
10.7892    10.13    8.1004
10.7908    10.125999    8.1004
10.7908    10.1036    8.1004
10.792399    10.0996    8.1004
10.791599    10.091599    8.1004
10.782    10.078    8.1004
10.7732    10.0748    8.1004
10.7484    10.066    8.1004
10.740399    10.062799    8.1004
10.7308    10.0596    8.1004
10.7188    10.054    8.1004
10.6804    10.0356    8.1004
10.6572    10.0196    8.1004
10.6404    10.0076    8.1004
10.6212    9.9924    8.1004
10.596399    9.9676    8.1004
10.5612    9.929999    8.1004
10.5436    9.9084    8.1004
10.528399    9.8876    8.1004
10.5236    9.8796    8.1004
10.5204    9.872399    8.1004
10.5196    9.8588    8.1004
10.5171995    9.8396    8.1004
10.516399    9.8236    8.1004
10.5212    9.7844    8.1004
10.528399    9.7644    8.1004
10.5316    9.757999    8.1004
10.5412    9.7364    8.1004
10.5428    9.7316    8.1004
10.5571995    9.6972    8.1004
10.5588    9.694799    8.1004
10.5612    9.6908    8.1004
10.5828    9.6524    8.1004
10.585199    9.648399    8.1004
10.6491995    9.539599    8.1004
10.658    9.5244    8.1004
10.7452    9.3948    8.1004
10.7484    9.3907995    8.1004
10.7532    9.384399    8.1004
10.8396    9.2668    8.1004
10.854    9.25    8.1004
10.9204    9.17    8.1004
10.9484    9.137199    8.1004
10.9916    9.0859995    8.1004
11.03    9.042    8.1004
11.0548    9.0148    8.1004
11.101999    8.965199    8.1004
11.131599    8.934    8.1004
11.154799    8.9116    8.1004
11.1908    8.8772    8.1004
11.2123995    8.858    8.1004
11.2276    8.843599    8.1004
11.2612    8.8132    8.1004
11.3132    8.7716    8.1004
11.3412    8.75    8.1004
11.354    8.7411995    8.1004
11.3804    8.722    8.1004
11.422    8.6932    8.1004
11.4436    8.6804    8.1004
11.4676    8.6668    8.1004
11.4684    8.6668    8.1004
11.5292    8.6364    8.1004
11.5308    8.6356    8.1004
11.5588    8.620399    8.1004
11.5588    8.619599    8.1004
11.5772    8.6044    8.1004
11.5956    8.596399    8.1004
11.607599    8.590799    8.1004
11.6044    8.5803995    8.1004
11.602799    8.5571995    8.1004
11.598    8.528399    8.1004
11.6052    8.499599    8.1004
11.607599    8.493199    8.1004
11.6212    8.4684    8.1004
11.665999    8.406799    8.1004
11.69    8.3772    8.1004
11.7388    8.318    8.1004
11.7564    8.2987995    8.1004
11.794    8.2604    8.1004
11.825999    8.229199    8.1004
11.8652    8.194    8.1004
11.8748    8.1852    8.1004
11.8796    8.182    8.1004
11.9484    8.1236    8.1004
11.9508    8.122    8.1004
11.9556    8.1188    8.1004
12.0068    8.0859995    8.1004
12.0596    8.0556    8.1004
12.0724    8.0492    8.1004
12.0859995    8.0412    8.1004
12.107599    8.0316    8.1004
12.1468    8.0148    8.1004
12.1908    8.0004    8.1004
12.1924    8.0004    8.1004
12.1932    7.9996    8.1004
12.2556    7.9891996    8.1004
12.2996    7.9835997    8.1004
12.3196    7.9811997    8.1004
12.3716    7.9811997    8.1004
12.3796    7.9811997    8.1004
12.3996    7.982    8.1004
12.4836    7.9859996    8.1004
12.5412    7.9923997    8.1004
12.579599    7.9964    8.1004
12.638    8.005199    8.1004
12.681999    8.0124    8.1004
12.7188    8.0196    8.1004
12.7732    8.0324    8.1004
12.8124    8.042    8.1004
12.865999    8.0596    8.1004
12.87    8.0612    8.1004
12.9324    8.0876    8.1004
12.9388    8.090799    8.1004
12.953199    8.0964    8.1004
12.964399    8.102    8.1004
12.974    8.1076    8.1004
12.998799    8.1244    8.1004
13.026799    8.1452    8.1004
13.042    8.1572    8.1004
13.058    8.17    8.1004
13.1332    8.234    8.1004
13.181999    8.278    8.1004
13.240399    8.33    8.1004
13.2716    8.3588    8.1004
13.371599    8.4548    8.1004
13.4804    8.5604    8.1004
13.567599    8.6444    8.1004
13.654799    8.73    8.1004
13.7444    8.818    8.1004
13.873199    8.946    8.1004
14.0436    9.0996    8.1004
14.067599    9.120399    8.1004
14.1324    9.1723995    8.1004
14.2036    9.2316    8.1004
14.309199    9.3228    8.1004
14.424399    9.4228    8.1004
14.4564    9.45    8.1004
14.5004    9.4828    8.1004
14.5412    9.5188    8.1004
14.5756    9.5492    8.1004
14.602799    9.5724    8.1004
14.6812    9.6412    8.1004
14.69    9.6508    8.1004
14.693999    9.654799    8.1004
14.7084    9.6684    8.1004
14.7324    9.7028    8.1004
14.734799    9.7067995    8.1004
14.7355995    9.7076    8.1004
14.754    9.7436    8.1004
14.7676    9.7844    8.1004
14.7755995    9.8108    8.1004
14.8012    9.8972    8.1004
14.803599    9.907599    8.1004
14.808399    9.9236    8.1004
14.8116    9.9396    8.1004
14.8228    9.9836    8.1004
14.832399    10.0372    8.1004
14.834    10.0484    8.1004
14.8364    10.066    8.1004
14.843599    10.1132    8.1004
14.8452    10.1356    8.1004
14.8476    10.1748    8.1004
14.8468    10.25    8.1004
14.8476    10.266    8.1004
14.844399    10.294    8.1004
14.844399    10.2948    8.1004
14.8404    10.3284    8.1004
14.8396    10.332399    8.1004
14.8276    10.3796    8.1004
14.8124    10.4332    8.1004
14.8108    10.436399    8.1004
14.809999    10.4388    8.1004
14.7788    10.509999    8.1004
14.7764    10.5148    8.1004
14.7716    10.5252    8.1004
14.754    10.5644    8.1004
14.723599    10.6228    8.1004
14.7156    10.6388    8.1004
14.700399    10.6668    8.1004
14.674    10.7132    8.1004
14.637199    10.774    8.1004
14.6292    10.7876    8.1004
14.624399    10.7932    8.1004
14.6044    10.8228    8.1004
14.5803995    10.8636    8.1004
14.5708    10.8796    8.1004
14.5532    10.9004    8.1004
14.5436    10.9156    8.1004
14.5292    10.9292    8.1004
14.5188    10.9428    8.1004
14.497999    10.9604    8.1004
14.4948    10.9636    8.1004
14.4908    10.966    8.1004
14.4595995    10.981999    8.1004
14.4452    10.99    8.1004
14.384399    11.010799    8.1004
14.3252    11.0308    8.1004
14.3188    11.033199    8.1004
14.1516    11.0844    8.1004
14.1396    11.0884    8.1004
14.113999    11.0956    8.1004
14.0716    11.107599    8.1004
14.0124    11.122    8.1004
13.981999    11.1292    8.1004
13.953199    11.1324    8.1004
13.929199    11.136399    8.1004
13.91    11.1412    8.1004
13.8907995    11.136399    8.1004
13.883599    11.1356    8.1004
13.8644    11.1244    8.1004
13.855599    11.119599    8.1004
13.8524    11.1164    8.1004
13.7788    11.045199    8.1004
13.7732    11.039599    8.1004
13.7708    11.0372    8.1004
13.726    10.9844    8.1004
13.717199    10.9748    8.1004
13.6988    10.9716    8.1004
13.6916    10.9716    8.1004
13.687599    10.9692    8.1004
13.6844    10.970799    8.1004
13.620399    10.9844    8.1004
13.6156    10.9852    8.1004
13.613999    10.9852    8.1004
13.6116    10.9852    8.1004
13.5227995    10.993199    8.1004
13.447599    11.0068    8.1004
13.371599    11.015599    8.1004
13.338799    11.0236    8.1004
13.314    11.0268    8.1004
13.2548    11.045199    8.1004
13.2244    11.0571995    8.1004
13.1732    11.073999    8.1004
13.1172    11.097199    8.1004
13.0756    11.1156    8.1004
13.050799    11.13    8.1004
13.010799    11.154799    8.1004
12.992399    11.1668    8.1004
12.947599    11.200399    8.1004
12.912399    11.23    8.1004
12.8596    11.2732    8.1004
12.7996    11.33    8.1004
12.7852    11.3428    8.1004
12.75    11.3828    8.1004
12.7188    11.4164    8.1004
12.710799    11.424399    8.1004
12.705199    11.4307995    8.1004
12.6388    11.510799    8.1004
12.6348    11.5148    8.1004
12.5932    11.561999    8.1004
12.5668    11.5948    8.1004
12.558    11.606    8.1004
12.493199    11.6844    8.1004
12.487599    11.69    8.1004
12.487599    11.6908    8.1004
12.4788    11.7012    8.1004
12.4036    11.797199    8.1004
12.3988    11.803599    8.1004
12.3932    11.8108    8.1004
12.332399    11.8884    8.1004
12.303599    11.9284    8.1004
12.2755995    11.9676    8.1004
12.233999    12.0252    8.1004
12.2252    12.0372    8.1004
12.199599    12.078    8.1004
12.159599    12.148399    8.1004
12.1588    12.1508    8.1004
12.158    12.1516    8.1004
12.1172    12.2252    8.1004
12.1164    12.2268    8.1004
12.1156    12.229199    8.1004
12.113999    12.2316    8.1004
12.0892    12.2844    8.1004
12.062799    12.3516    8.1004
12.0588    12.3619995    8.1004
12.058    12.3644    8.1004
12.0348    12.4276    8.1004
12.0292    12.4452    8.1004
12.004399    12.5204    8.1004
11.9939995    12.5588    8.1004
11.9828    12.5996    8.1004
11.9668    12.6644    8.1004
11.966    12.6676    8.1004
11.966    12.6692    8.1004
11.962    12.6852    8.1004
11.95    12.7508    8.1004
11.941999    12.802    8.1004
11.9396    12.8188    8.1004
11.9307995    12.877999    8.1004
11.926    12.922    8.1004
11.9172    12.9916    8.1004
11.912399    13.058    8.1004
11.91    13.0956    8.1004
11.9052    13.1868    8.1004
11.9044    13.2012    8.1004
11.9044    13.2436    8.1004
11.9036    13.318    8.1004
11.9044    13.3364    8.1004
11.906    13.41    8.1004
11.906    13.4156    8.1004
11.906799    13.4212    8.1004
11.9108    13.5171995    8.1004
11.9116    13.5252    8.1004
11.918799    13.5988    8.1004
11.9196    13.6108    8.1004
11.9251995    13.683599    8.1004
11.9268    13.699599    8.1004
11.9324    13.769199    8.1004
11.9484    13.894    8.1004
11.9508    13.914    8.1004
11.9548    13.9436    8.1004
11.966    14.0364    8.1004
11.9724    14.0748    8.1004
11.9828    14.147599    8.1004
11.9972    14.2388    8.1004
12.0124    14.325999    8.1004
12.028399    14.4268    8.1004
12.0484    14.5436    8.1004
12.0668    14.6452    8.1004
12.073999    14.689199    8.1004
12.0988    14.822    8.1004
12.1092    14.877199    8.1004
12.142799    15.0764    8.1004
12.158    15.162    8.1004
12.165999    15.205199    8.1004
12.205199    15.4156    8.1004
12.2132    15.4548    8.1004
12.2564    15.6684    8.1004
12.2588    15.676399    8.1004
12.2604    15.6852    8.1004
12.2956    15.848399    8.1004
12.3428    16.052399    8.1004
12.360399    16.1268    8.1004
12.374    16.185999    8.1004
12.401999    16.3004    8.1004
12.4268    16.3996    8.1004
12.4396    16.4468    8.1004
12.453199    16.4972    8.1004
12.4788    16.5852    8.1004
12.509999    16.694    8.1004
12.5252    16.746    8.1004
12.5716    16.8852    8.1004
12.5812    16.914    8.1004
12.5924    16.9468    8.1004
12.6212    17.029999    8.1004
12.642799    17.0868    8.1004
12.6684    17.157999    8.1004
12.7156    17.286    8.1004
12.728399    17.3188    8.1004
12.7755995    17.431599    8.1004
12.791599    17.4708    8.1004
12.8052    17.5028    8.1004
12.821199    17.538    8.1004
12.846    17.5956    8.1004
12.913199    17.737999    8.1004
12.9228    17.758799    8.1004
12.9348    17.7812    8.1004
13.004399    17.9196    8.1004
13.0227995    17.954    8.1004
13.0532    18.0068    8.1004
13.0596    18.018    8.1004
13.1012    18.094    8.1004
13.106    18.102    8.1004
13.1147995    18.117199    8.1004
13.153999    18.182    8.1004
13.165199    18.2012    8.1004
13.205999    18.262    8.1004
13.2276    18.295599    8.1004
13.2604    18.3452    8.1004
13.286799    18.3844    8.1004
13.3004    18.4028    8.1004
13.3076    18.410799    8.1004
13.3244    18.433199    8.1004
13.349199    18.4644    8.1004
13.3812    18.500399    8.1004
13.462    18.602    8.1004
13.4788    18.622    8.1004
13.4796    18.6236    8.1004
13.5308    18.6828    8.1004
13.556399    18.7116    8.1004
13.561999    18.718    8.1004
13.613199    18.771599    8.1004
13.653199    18.812399    8.1004
13.659599    18.8188    8.1004
13.754    18.9084    8.1004
13.781199    18.9324    8.1004
13.8412    18.9844    8.1004
13.8628    19.0028    8.1004
13.8916    19.026    8.1004
13.941999    19.066    8.1004
14.0132    19.114    8.1004
14.021999    19.1196    8.1004
14.032399    19.126    8.1004
14.0988    19.167599    8.1004
14.171599    19.2076    8.1004
14.186    19.2156    8.1004
14.1924    19.218    8.1004
14.286799    19.2636    8.1004
14.354799    19.2988    8.1004
14.3924    19.316399    8.1004
14.5068    19.366    8.1004
14.555599    19.386799    8.1004
14.6804    19.437199    8.1004
14.688399    19.4404    8.1004
14.762799    19.4756    8.1004
14.8012    19.4924    8.1004
14.858    19.518799    8.1004
14.901999    19.542    8.1004
14.9684    19.574799    8.1004
15.003599    19.5924    8.1004
15.0252    19.6052    8.1004
15.0996    19.646    8.1004
15.1756    19.6868    8.1004
15.176399    19.6876    8.1004
15.177199    19.6876    8.1004
15.2355995    19.721199    8.1004
15.263599    19.7396    8.1004
15.2755995    19.746    8.1004
15.3132    19.7684    8.1004
15.358    19.798    8.1004
15.386    19.8148    8.1004
15.400399    19.8252    8.1004
15.4212    19.8396    8.1004
15.4396    19.8508    8.1004
15.457999    19.866    8.1004
15.4684    19.873999    8.1004
15.4732    19.8764    8.1004
15.4804    19.879599    8.1004
15.498799    19.890799    8.1004
15.5244    19.8996    8.1004
15.5316    19.8996    8.1004
15.5412    19.8916    8.1004
15.562799    19.875599    8.1004
15.5692    19.8708    8.1004
15.5884    19.864399    8.1004
15.606    19.8636    8.1004
15.6212    19.864399    8.1004
15.6516    19.8652    8.1004
15.67    19.868399    8.1004
15.7044    19.875599    8.1004
15.745199    19.886    8.1004
15.806    19.8996    8.1004
15.8108    19.9004    8.1004
15.8164    19.9028    8.1004
15.860399    19.918    8.1004
15.9044    19.933199    8.1004
15.9556    19.9516    8.1004
16.0196    19.9748    8.1004
16.05    19.985199    8.1004
16.065199    19.990799    8.1004
16.102    20.005999    8.1004
16.1092    20.0092    8.1004
16.1108    20.0108    8.1004
16.1132    20.011599    8.1004
16.1188    20.014    8.1004
16.157999    20.0332    8.1004
16.1756    20.0436    8.1004
16.1924    20.053999    8.1004
16.208399    20.0668    8.1004
16.234    20.0892    8.1004
16.2412    20.0964    8.1004
16.2756    20.137999    8.1004
16.2812    20.1428    8.1004
16.2868    20.1492    8.1004
16.322    20.1908    8.1004
16.322    20.191599    8.1004
16.353199    20.23    8.1004
16.3996    20.288399    8.1004
16.433199    20.33    8.1004
16.4452    20.345999    8.1004
16.506    20.4268    8.1004
16.5204    20.4468    8.1004
16.5476    20.485199    8.1004
16.5668    20.5108    8.1004
16.657999    20.6484    8.1004
16.6668    20.661999    8.1004
16.6708    20.6668    8.1004
16.678    20.678799    8.1004
16.726    20.754799    8.1004
16.7652    20.826    8.1004
16.7692    20.8316    8.1004
16.77    20.833199    8.1004
16.7724    20.838799    8.1004
16.7932    20.8844    8.1004
16.801199    20.9044    8.1004
16.822    20.9588    8.1004
16.8308    20.979599    8.1004
16.8444    21.0156    8.1004
16.8652    21.0772    8.1004
16.8724    21.0972    8.1004
16.875599    21.1076    8.1004
16.9012    21.201199    8.1004
16.902    21.2036    8.1004
16.918    21.2676    8.1004
16.938799    21.362    8.1004
16.938799    21.362799    8.1004
16.938799    21.3636    8.1004
16.9396    21.3636    8.1004
16.9484    21.4348    8.1004
16.9476    21.4476    8.1004
16.9452    21.472399    8.1004
16.938    21.5052    8.1004
16.927599    21.534    8.1004
16.9252    21.5404    8.1004
16.8948    21.6084    8.1004
16.864399    21.669199    8.1004
16.8596    21.678799    8.1004
16.858799    21.680399    8.1004
16.8564    21.684399    8.1004
16.802    21.7572    8.1004
16.7836    21.7796    8.1004
16.777199    21.7868    8.1004
16.7372    21.8284    8.1004
16.7236    21.842    8.1004
16.7068    21.8564    8.1004
16.6796    21.8748    8.1004
16.674799    21.8788    8.1004
16.6708    21.881199    8.1004
16.6468    21.890799    8.1004
16.642    21.89    8.1004
16.6188    21.890799    8.1004
16.6028    21.89    8.1004
16.5908    21.8876    8.1004
16.586    21.8892    8.1004
16.5684    21.885199    8.1004
16.541199    21.878    8.1004
16.4916    21.864399    8.1004
16.4804    21.8612    8.1004
16.47    21.857199    8.1004
16.4412    21.844398    8.1004
16.3916    21.826    8.1004
16.39    21.8252    8.1004
16.3876    21.8244    8.1004
16.378    21.8196    8.1004
16.351599    21.806799    8.1004
16.35    21.806    8.1004
16.3028    21.7804    8.1004
16.2852    21.7708    8.1004
16.284399    21.769999    8.1004
16.243599    21.7412    8.1004
16.2332    21.734    8.1004
16.213999    21.7164    8.1004
16.1964    21.697199    8.1004
16.1892    21.6884    8.1004
16.1756    21.67    8.1004
16.173199    21.666    8.1004
16.1708    21.663599    8.1004
16.1588    21.65    8.1004
16.146    21.6356    8.1004
16.1444    21.633999    8.1004
16.1348    21.6236    8.1004
16.122799    21.6132    8.1004
16.1196    21.6132    8.1004
16.09    21.6036    8.1004
16.0892    21.604399    8.1004
16.0572    21.6204    8.1004
16.053999    21.6244    8.1004
16.0044    21.6524    8.1004
15.969199    21.67    8.1004
15.9604    21.674    8.1004
15.9316    21.680399    8.1004
15.895599    21.6908    8.1004
15.8596    21.701199    8.1004
15.8476    21.7052    8.1004
15.809999    21.708399    8.1004
15.7836    21.7116    8.1004
15.7699995    21.7108    8.1004
15.7548    21.713999    8.1004
15.7028    21.7156    8.1004
15.676399    21.7164    8.1004
15.630799    21.7132    8.1004
15.5876    21.712399    8.1004
15.538799    21.706    8.1004
15.4852    21.6988    8.1004
15.4428    21.6884    8.1004
15.3876    21.678    8.1004
15.355599    21.6708    8.1004
15.302799    21.6572    8.1004
15.262799    21.646    8.1004
15.217999    21.6316    8.1004
15.1796    21.615599    8.1004
15.120399    21.594    8.1004
15.090799    21.581999    8.1004
15.027599    21.5564    8.1004
15.0244    21.5556    8.1004
14.9676    21.5276    8.1004
14.9307995    21.5108    8.1004
14.9108    21.500399    8.1004
14.846    21.4676    8.1004
14.834    21.461199    8.1004
14.826799    21.458    8.1004
14.7764    21.431599    8.1004
14.742    21.4124    8.1004
14.699599    21.3884    8.1004
14.6516    21.3604    8.1004
14.6108    21.334799    8.1004
14.5492    21.2988    8.1004
14.4916    21.262    8.1004
14.465199    21.2452    8.1004
14.4324    21.222    8.1004
14.377199    21.1852    8.1004
14.337199    21.1556    8.1004
14.278    21.111599    8.1004
14.2076    21.0588    8.1004
14.17    21.0292    8.1004
14.136399    21.001999    8.1004
14.0988    20.9716    8.1004
14.0748    20.9524    8.1004
14.026799    20.909199    8.1004
13.9883995    20.873999    8.1004
13.9324    20.8244    8.1004
13.8764    20.7724    8.1004
13.8348    20.732399    8.1004
13.7852    20.684399    8.1004
13.7564    20.656399    8.1004
