16.522    26.1668    7.2004
16.4932    26.177198    7.2004
16.4156    26.2036    7.2004
16.3972    26.21    7.2004
16.2812    26.249199    7.2004
16.2732    26.2524    7.2004
16.2724    26.2524    7.2004
16.2644    26.2556    7.2004
16.139599    26.2988    7.2004
16.1196    26.305199    7.2004
16.057999    26.321999    7.2004
16.052399    26.323599    7.2004
15.866799    26.3748    7.2004
15.843599    26.379599    7.2004
15.6924    26.4212    7.2004
15.6844    26.4236    7.2004
15.5492    26.453999    7.2004
15.5236    26.459599    7.2004
15.4948    26.465199    7.2004
15.407599    26.483599    7.2004
15.342799    26.4956    7.2004
15.3356    26.4972    7.2004
15.3236    26.4988    7.2004
15.2987995    26.5044    7.2004
15.223599    26.518799    7.2004
15.193199    26.5236    7.2004
15.142799    26.5292    7.2004
15.085199    26.5364    7.2004
15.0412    26.541199    7.2004
14.981999    26.546799    7.2004
14.953199    26.5492    7.2004
14.8876    26.553999    7.2004
14.8068    26.556398    7.2004
14.802    26.556398    7.2004
14.785199    26.556398    7.2004
14.716399    26.556398    7.2004
14.671599    26.5492    7.2004
14.6564    26.545198    7.2004
14.6124    26.533998    7.2004
14.601999    26.5308    7.2004
14.5924    26.5268    7.2004
14.5644    26.5148    7.2004
14.546    26.500399    7.2004
14.538    26.479599    7.2004
14.526799    26.453999    7.2004
14.5204    26.4172    7.2004
14.5204    26.4084    7.2004
14.5227995    26.3948    7.2004
14.533999    26.349998    7.2004
14.556399    26.299599    7.2004
14.5596    26.2892    7.2004
14.5748    26.2612    7.2004
14.595599    26.2228    7.2004
14.6052    26.21    7.2004
14.6396    26.160398    7.2004
14.647599    26.1524    7.2004
14.7092    26.0964    7.2004
14.710799    26.094799    7.2004
14.7148    26.091599    7.2004
14.7308    26.080399    7.2004
14.7604    26.059599    7.2004
14.768399    26.0532    7.2004
14.803599    26.031599    7.2004
14.849999    26.0052    7.2004
14.858    26.0012    7.2004
14.882    25.99    7.2004
14.9148    25.9748    7.2004
14.9156    25.9748    7.2004
14.9164    25.9748    7.2004
14.9172    25.973999    7.2004
14.9212    25.972399    7.2004
14.9604    25.9572    7.2004
14.974799    25.9524    7.2004
15.068399    25.925999    7.2004
15.079599    25.9228    7.2004
15.0803995    25.9228    7.2004
15.0812    25.9228    7.2004
15.0924    25.920399    7.2004
15.125999    25.913198    7.2004
15.1908    25.8996    7.2004
15.2123995    25.8948    7.2004
15.2132    25.8948    7.2004
15.262    25.8844    7.2004
15.313999    25.8748    7.2004
15.315599    25.8748    7.2004
15.372399    25.866798    7.2004
15.4788    25.854    7.2004
15.499599    25.8524    7.2004
15.584399    25.8428    7.2004
15.6068    25.840399    7.2004
15.6108    25.8396    7.2004
15.658    25.834799    7.2004
15.7355995    25.826    7.2004
15.7428    25.8252    7.2004
15.8228    25.8148    7.2004
15.837999    25.812399    7.2004
15.9316    25.7988    7.2004
15.934    25.7988    7.2004
16.0092    25.7892    7.2004
16.07    25.781199    7.2004
16.0916    25.7788    7.2004
16.1084    25.777199    7.2004
16.1596    25.7684    7.2004
16.1796    25.765999    7.2004
16.246    25.7612    7.2004
16.2596    25.758799    7.2004
16.3148    25.754    7.2004
16.3284    25.7524    7.2004
16.3324    25.7524    7.2004
16.4228    25.743599    7.2004
16.4244    25.743599    7.2004
16.4268    25.743599    7.2004
16.49    25.743599    7.2004
16.4924    25.743599    7.2004
16.552399    25.746    7.2004
16.6076    25.7508    7.2004
16.6132    25.7516    7.2004
16.6148    25.7524    7.2004
16.6492    25.754    7.2004
16.6956    25.762    7.2004
16.7508    25.7732    7.2004
16.754799    25.774    7.2004
16.7636    25.7764    7.2004
16.8332    25.7972    7.2004
16.8524    25.8076    7.2004
16.8716    25.8188    7.2004
16.8948    25.833199    7.2004
16.9196    25.8596    7.2004
16.9196    25.8604    7.2004
16.9196    25.862    7.2004
16.920399    25.886799    7.2004
16.91    25.910799    7.2004
16.909199    25.9124    7.2004
16.9084    25.9124    7.2004
16.9076    25.914    7.2004
16.886799    25.938    7.2004
16.8844    25.942    7.2004
16.8732    25.9548    7.2004
16.8132    26.01    7.2004
16.801199    26.0196    7.2004
16.7428    26.0588    7.2004
16.7332    26.066    7.2004
16.694    26.0884    7.2004
16.6612    26.1076    7.2004
16.617199    26.1292    7.2004
16.5892    26.1412    7.2004
16.522    26.1668    7.2004
