16.8076    16.0836    15.3004
16.784399    16.09    15.3004
16.7516    16.094799    15.3004
16.7332    16.098    15.3004
16.7004    16.094799    15.3004
16.6892    16.094799    15.3004
16.645199    16.09    15.3004
16.6332    16.0884    15.3004
16.5732    16.0772    15.3004
16.5548    16.0732    15.3004
16.5516    16.0724    15.3004
16.546799    16.070799    15.3004
16.5044    16.0572    15.3004
16.496399    16.053999    15.3004
16.444399    16.029999    15.3004
16.420399    16.018799    15.3004
16.358799    15.9883995    15.3004
16.323599    15.9668    15.3004
16.3092    15.9572    15.3004
16.2972    15.9484    15.3004
16.282    15.935599    15.3004
16.258    15.913199    15.3004
16.254    15.9092    15.3004
16.2348    15.8812    15.3004
16.2316    15.877999    15.3004
16.2132    15.849199    15.3004
16.2068    15.837999    15.3004
16.1764    15.778    15.3004
16.1548    15.7332    15.3004
16.15    15.726    15.3004
16.1388    15.699599    15.3004
16.126    15.6684    15.3004
16.1236    15.660399    15.3004
16.1092    15.624399    15.3004
16.1036    15.6108    15.3004
16.1028    15.607599    15.3004
16.093199    15.5708    15.3004
16.09    15.5492    15.3004
16.0884    15.542    15.3004
16.09    15.5204    15.3004
16.0892    15.516399    15.3004
16.0916    15.506    15.3004
16.1012    15.4892    15.3004
16.1148    15.4796    15.3004
16.1324    15.478    15.3004
16.1436    15.476399    15.3004
16.1468    15.476399    15.3004
16.1756    15.475599    15.3004
16.1956    15.478    15.3004
16.213999    15.481199    15.3004
16.284399    15.493199    15.3004
16.2932    15.4948    15.3004
16.3212    15.5012    15.3004
16.3508    15.509199    15.3004
16.3804    15.518    15.3004
16.4076    15.5252    15.3004
16.4524    15.5412    15.3004
16.461199    15.544399    15.3004
16.466799    15.546    15.3004
16.4868    15.5548    15.3004
16.5228    15.57    15.3004
16.535599    15.5756    15.3004
16.5492    15.5828    15.3004
16.5892    15.6044    15.3004
16.6244    15.625999    15.3004
16.6332    15.6324    15.3004
16.674799    15.664399    15.3004
16.7044    15.689199    15.3004
16.726    15.7067995    15.3004
16.7564    15.7308    15.3004
16.7804    15.750799    15.3004
16.8004    15.7668    15.3004
16.8132    15.778    15.3004
16.847599    15.809199    15.3004
16.873999    15.8356    15.3004
16.894    15.8564    15.3004
16.8964    15.858    15.3004
16.902    15.8644    15.3004
16.9188    15.882    15.3004
16.9228    15.8868    15.3004
16.938    15.91    15.3004
16.949999    15.929199    15.3004
16.9532    15.934    15.3004
16.9596    15.9668    15.3004
16.9596    15.9684    15.3004
16.9588    15.969199    15.3004
16.9452    15.9916    15.3004
16.9268    16.0084    15.3004
16.9156    16.018799    15.3004
16.8892    16.038    15.3004
16.869999    16.0508    15.3004
16.834    16.070799    15.3004
16.8076    16.0836    15.3004
