14.4732    8.4868    9.6004
14.4612    8.4428    9.6004
14.4572    8.4236    9.6004
14.4564    8.4028    9.6004
14.4539995    8.389999    9.6004
14.452399    8.378799    9.6004
14.4539995    8.3619995    9.6004
14.4628    8.343599    9.6004
14.466    8.3348    9.6004
14.4852    8.3068    9.6004
14.486    8.3068    9.6004
14.510799    8.2852    9.6004
14.532399    8.2732    9.6004
14.5644    8.2548    9.6004
14.6108    8.2316    9.6004
14.6156    8.23    9.6004
14.624399    8.2252    9.6004
14.654799    8.2108    9.6004
14.69    8.194799    9.6004
14.6988    8.1916    9.6004
14.71    8.1876    9.6004
14.7332    8.1796    9.6004
14.7444    8.1764    9.6004
14.75    8.1764    9.6004
14.7764    8.1676    9.6004
14.7772    8.1676    9.6004
14.8004    8.1708    9.6004
14.809199    8.1788    9.6004
14.8228    8.1956    9.6004
14.8452    8.2164    9.6004
14.8596    8.234799    9.6004
14.8675995    8.2452    9.6004
14.87    8.2516    9.6004
14.87    8.2676    9.6004
14.8684    8.2852    9.6004
14.8652    8.3004    9.6004
14.861199    8.3204    9.6004
14.849999    8.3652    9.6004
14.842    8.3916    9.6004
14.8276    8.4404    9.6004
14.818    8.466    9.6004
14.8043995    8.5084    9.6004
14.8004    8.5212    9.6004
14.7948    8.5324    9.6004
14.782    8.556399    9.6004
14.769199    8.5764    9.6004
14.752399    8.5868    9.6004
14.7428    8.5932    9.6004
14.7148    8.6076    9.6004
14.6956    8.606    9.6004
14.665199    8.6004    9.6004
14.641999    8.594    9.6004
14.613199    8.585199    9.6004
14.5836    8.573999    9.6004
14.562799    8.5644    9.6004
14.538799    8.5532    9.6004
14.5236    8.5444    9.6004
14.499599    8.5244    9.6004
14.493199    8.5188    9.6004
14.4788    8.4956    9.6004
14.4748    8.49    9.6004
14.4732    8.4868    9.6004
