12.498799    35.1148    10.2004
12.516399    35.1372    10.2004
12.533199    35.155598    10.2004
12.5364    35.158    10.2004
12.5668    35.182    10.2004
12.5708    35.186    10.2004
12.5764    35.189198    10.2004
12.602799    35.2068    10.2004
12.607599    35.209198    10.2004
12.6468    35.2308    10.2004
12.6508    35.2324    10.2004
12.6788    35.2412    10.2004
12.6812    35.2412    10.2004
12.7036    35.248398    10.2004
12.711599    35.2492    10.2004
12.7316    35.2524    10.2004
12.7708    35.256397    10.2004
12.7836    35.2572    10.2004
12.7996    35.2556    10.2004
12.8196    35.253998    10.2004
12.8476    35.248398    10.2004
12.8796    35.2412    10.2004
12.9156    35.2308    10.2004
12.941999    35.222797    10.2004
12.946    35.2212    10.2004
12.9548    35.217197    10.2004
12.999599    35.1964    10.2004
13.0244    35.182    10.2004
13.046    35.166798    10.2004
13.0756    35.144398    10.2004
13.0892    35.133198    10.2004
13.1052    35.1212    10.2004
13.1292    35.098    10.2004
13.153199    35.0732    10.2004
13.158    35.0676    10.2004
13.177199    35.0468    10.2004
13.202    35.0156    10.2004
13.2092    35.006798    10.2004
13.2123995    35.0028    10.2004
13.2355995    34.9724    10.2004
13.2508    34.95    10.2004
13.2828    34.9004    10.2004
13.2876    34.8924    10.2004
13.3043995    34.863598    10.2004
13.3284    34.822    10.2004
13.3468    34.7884    10.2004
13.3532    34.776398    10.2004
13.372399    34.7348    10.2004
13.378799    34.720398    10.2004
13.3796    34.717197    10.2004
13.3812    34.7132    10.2004
13.3876    34.6956    10.2004
13.401199    34.6524    10.2004
13.4052    34.635597    10.2004
13.4196    34.586    10.2004
13.423599    34.57    10.2004
13.429999    34.5444    10.2004
13.435599    34.5164    10.2004
13.4484    34.4332    10.2004
13.4484    34.4324    10.2004
13.4548    34.3652    10.2004
13.4564    34.3476    10.2004
13.458799    34.3012    10.2004
13.4595995    34.2908    10.2004
13.4595995    34.287598    10.2004
13.4595995    34.2836    10.2004
13.4572    34.2124    10.2004
13.4556    34.1988    10.2004
13.4508    34.1476    10.2004
13.4492    34.138798    10.2004
13.4396    34.0932    10.2004
13.4388    34.0892    10.2004
13.417999    34.029198    10.2004
13.4044    33.992397    10.2004
13.4036    33.9884    10.2004
13.386    33.954    10.2004
13.3852    33.9524    10.2004
13.3532    33.947598    10.2004
13.344399    33.945198    10.2004
13.322    33.9524    10.2004
13.306    33.9596    10.2004
13.306    33.975597    10.2004
13.3052    33.984398    10.2004
13.302799    33.9908    10.2004
13.3076    34.0276    10.2004
13.3076    34.038    10.2004
13.308399    34.093998    10.2004
13.308399    34.0948    10.2004
13.308399    34.1012    10.2004
13.3076    34.1284    10.2004
13.308399    34.1348    10.2004
13.308399    34.1428    10.2004
13.3068    34.194    10.2004
13.306    34.214798    10.2004
13.3012    34.2604    10.2004
13.3004    34.2668    10.2004
13.297999    34.2972    10.2004
13.2932    34.332397    10.2004
13.2932    34.3388    10.2004
13.2892    34.363598    10.2004
13.280399    34.4148    10.2004
13.2755995    34.438    10.2004
13.2716    34.4612    10.2004
13.2699995    34.4692    10.2004
13.2596    34.5172    10.2004
13.2564    34.5284    10.2004
13.2492    34.5508    10.2004
13.222    34.6252    10.2004
13.2212    34.6284    10.2004
13.2196    34.6316    10.2004
13.217999    34.638798    10.2004
13.205999    34.6876    10.2004
13.2028    34.7044    10.2004
13.188399    34.7588    10.2004
13.182799    34.7852    10.2004
13.177199    34.802    10.2004
13.1692    34.818798    10.2004
13.165999    34.8284    10.2004
13.1491995    34.8572    10.2004
13.1468    34.862    10.2004
13.1284    34.8812    10.2004
13.1244    34.885998    10.2004
13.0988    34.908398    10.2004
13.096399    34.91    10.2004
13.094    34.9124    10.2004
13.0604    34.934    10.2004
13.0436    34.945198    10.2004
13.0372    34.95    10.2004
13.0171995    34.9596    10.2004
12.9939995    34.967598    10.2004
12.992399    34.9684    10.2004
12.99    34.9684    10.2004
12.9828    34.966    10.2004
12.963599    34.9628    10.2004
12.9604    34.961998    10.2004
12.9556    34.9596    10.2004
12.9084    34.9444    10.2004
12.8924    34.941998    10.2004
12.872399    34.9428    10.2004
12.8412    34.950798    10.2004
12.8404    34.950798    10.2004
12.8396    34.9516    10.2004
12.809999    34.9652    10.2004
12.792399    34.974    10.2004
12.7788    34.978    10.2004
12.7612    34.982    10.2004
12.746799    34.982    10.2004
12.7324    34.9772    10.2004
12.710799    34.9572    10.2004
12.7036    34.9524    10.2004
12.676399    34.9292    10.2004
12.648399    34.908398    10.2004
12.637199    34.8996    10.2004
12.606    34.8788    10.2004
12.5748    34.8516    10.2004
12.561999    34.842    10.2004
12.5596    34.8396    10.2004
12.5436    34.8204    10.2004
12.538    34.8148    10.2004
12.5372    34.8124    10.2004
12.5324    34.802    10.2004
12.5196    34.7748    10.2004
12.5132    34.75    10.2004
12.5084    34.7252    10.2004
12.498799    34.689198    10.2004
12.4908    34.644398    10.2004
12.4883995    34.6228    10.2004
12.4852    34.586    10.2004
12.4836    34.545998    10.2004
12.4836    34.5308    10.2004
12.4852    34.5156    10.2004
12.486    34.466    10.2004
12.49    34.422    10.2004
12.4916    34.402    10.2004
12.498799    34.354    10.2004
12.499599    34.346    10.2004
12.5004    34.342    10.2004
12.5028    34.3252    10.2004
12.5116    34.2812    10.2004
12.516399    34.266    10.2004
12.5204    34.248398    10.2004
12.527599    34.222    10.2004
12.5292    34.217197    10.2004
12.53    34.2108    10.2004
12.528399    34.186    10.2004
12.5252    34.1804    10.2004
12.5068    34.166    10.2004
12.4844    34.1796    10.2004
12.4788    34.1828    10.2004
12.462    34.21    10.2004
12.458799    34.2164    10.2004
12.4516    34.2356    10.2004
12.4332    34.2892    10.2004
12.4148    34.3452    10.2004
12.4092    34.3652    10.2004
12.3932    34.425198    10.2004
12.3916    34.4316    10.2004
12.3884    34.447598    10.2004
12.3828    34.484398    10.2004
12.377999    34.5244    10.2004
12.3764    34.5412    10.2004
12.3756    34.5508    10.2004
12.373199    34.5804    10.2004
12.372399    34.5916    10.2004
12.3708    34.6396    10.2004
12.37    34.6804    10.2004
12.3716    34.711597    10.2004
12.374    34.753998    10.2004
12.377999    34.787598    10.2004
12.382    34.818798    10.2004
12.3876    34.8444    10.2004
12.3916    34.865997    10.2004
12.3963995    34.8876    10.2004
12.401999    34.9108    10.2004
12.414    34.9516    10.2004
12.4156    34.9556    10.2004
12.418799    34.964397    10.2004
12.4228    34.973198    10.2004
12.4404    35.0164    10.2004
12.4436    35.0228    10.2004
12.446799    35.0284    10.2004
12.4564    35.0484    10.2004
12.474    35.077198    10.2004
12.4748    35.078    10.2004
12.475599    35.079597    10.2004
12.498799    35.1148    10.2004
