15.6748    30.3156    10.2004
15.7428    30.286    10.2004
15.7724    30.274    10.2004
15.8116    30.258799    10.2004
15.8364    30.249199    10.2004
15.861199    30.241999    10.2004
15.9204    30.2244    10.2004
15.9484    30.217999    10.2004
15.9964    30.205198    10.2004
16.0324    30.1988    10.2004
16.0812    30.188398    10.2004
16.1084    30.1836    10.2004
16.1884    30.171598    10.2004
16.362799    30.143599    10.2004
16.3676    30.1428    10.2004
16.444399    30.1332    10.2004
16.4468    30.1332    10.2004
16.4484    30.132399    10.2004
16.4524    30.132399    10.2004
16.604399    30.125198    10.2004
16.6996    30.119598    10.2004
16.71    30.1188    10.2004
16.7156    30.118    10.2004
16.722    30.118    10.2004
16.8084    30.109999    10.2004
16.873999    30.1052    10.2004
16.8796    30.1052    10.2004
16.882    30.1052    10.2004
16.886799    30.104399    10.2004
16.938799    30.098799    10.2004
16.9652    30.0964    10.2004
16.9924    30.0924    10.2004
17.0236    30.094799    10.2004
17.0396    30.0908    10.2004
17.0532    30.104399    10.2004
17.0444    30.1164    10.2004
17.0364    30.125198    10.2004
17.0348    30.126799    10.2004
17.0276    30.1332    10.2004
17.0236    30.136398    10.2004
16.994799    30.1644    10.2004
16.9868    30.173199    10.2004
16.9492    30.2148    10.2004
16.942    30.2244    10.2004
16.933199    30.234798    10.2004
16.906    30.271599    10.2004
16.864399    30.333199    10.2004
16.8612    30.3396    10.2004
16.8556    30.351599    10.2004
16.8508    30.373999    10.2004
16.8612    30.386    10.2004
16.868399    30.389198    10.2004
16.8708    30.389198    10.2004
16.9028    30.389198    10.2004
16.9028    30.3884    10.2004
16.9564    30.3804    10.2004
16.97    30.3772    10.2004
16.9924    30.369999    10.2004
17.0292    30.3604    10.2004
17.0476    30.354    10.2004
17.1108    30.3364    10.2004
17.13    30.331598    10.2004
17.1516    30.3252    10.2004
17.202    30.309198    10.2004
17.243599    30.2964    10.2004
17.2572    30.2916    10.2004
17.3252    30.265999    10.2004
17.392399    30.2396    10.2004
17.414799    30.230799    10.2004
17.4292    30.223598    10.2004
17.4748    30.2036    10.2004
17.5036    30.191599    10.2004
17.5196    30.184399    10.2004
17.5724    30.160398    10.2004
17.5892    30.1524    10.2004
17.5956    30.15    10.2004
17.615599    30.139599    10.2004
17.7484    30.074799    10.2004
17.758    30.07    10.2004
17.8948    30.000399    10.2004
17.909199    29.993198    10.2004
17.9196    29.9884    10.2004
17.925999    29.9844    10.2004
17.9692    29.961199    10.2004
18.0012    29.942799    10.2004
18.046    29.916399    10.2004
18.048399    29.914799    10.2004
18.0508    29.913198    10.2004
18.053999    29.910799    10.2004
18.0796    29.8884    10.2004
18.1068    29.861198    10.2004
18.1076    29.8604    10.2004
18.109999    29.857199    10.2004
18.1236    29.83    10.2004
18.122799    29.8244    10.2004
18.1236    29.7972    10.2004
18.133999    29.7708    10.2004
18.1348    29.764399    10.2004
18.1388    29.758799    10.2004
18.1468    29.741999    10.2004
18.1628    29.7284    10.2004
18.1764    29.7188    10.2004
18.2004    29.708399    10.2004
18.226799    29.693998    10.2004
18.2372    29.689999    10.2004
18.253199    29.6812    10.2004
18.2724    29.671598    10.2004
18.278    29.667599    10.2004
18.2932    29.6612    10.2004
18.3412    29.6404    10.2004
18.3596    29.6332    10.2004
18.4052    29.613998    10.2004
18.414    29.6108    10.2004
18.4932    29.580399    10.2004
18.5068    29.5756    10.2004
18.5148    29.5724    10.2004
18.600399    29.5404    10.2004
18.6524    29.522    10.2004
18.6764    29.5124    10.2004
18.706    29.500399    10.2004
18.730799    29.489199    10.2004
18.8004    29.458    10.2004
18.823599    29.446798    10.2004
18.8676    29.4236    10.2004
18.879599    29.418    10.2004
18.9348    29.386    10.2004
18.9644    29.368399    10.2004
18.9956    29.3492    10.2004
19.0164    29.3364    10.2004
19.0308    29.33    10.2004
19.062    29.310799    10.2004
19.069199    29.306799    10.2004
19.098    29.2908    10.2004
19.1332    29.2724    10.2004
19.1412    29.2692    10.2004
19.15    29.2652    10.2004
19.198    29.243599    10.2004
19.246    29.2228    10.2004
19.2468    29.222    10.2004
19.247599    29.222    10.2004
19.3116    29.1948    10.2004
19.394    29.160398    10.2004
19.403599    29.1572    10.2004
19.41    29.154799    10.2004
19.446    29.1412    10.2004
19.466799    29.128399    10.2004
19.4916    29.1108    10.2004
19.5092    29.098    10.2004
19.5204    29.0908    10.2004
19.5324    29.081999    10.2004
19.565199    29.0532    10.2004
19.576399    29.0444    10.2004
19.667599    28.973999    10.2004
19.6708    28.9716    10.2004
19.6724    28.97    10.2004
19.6764    28.9676    10.2004
19.6876    28.9604    10.2004
19.7132    28.9436    10.2004
19.7148    28.942799    10.2004
19.718    28.9404    10.2004
19.7636    28.9116    10.2004
19.778    28.9052    10.2004
19.812399    28.8916    10.2004
19.833199    28.883598    10.2004
19.8748    28.8692    10.2004
19.9124    28.858799    10.2004
19.925999    28.8548    10.2004
19.9452    28.849998    10.2004
19.9972    28.838799    10.2004
19.998    28.838799    10.2004
20.0012    28.838    10.2004
20.0452    28.8268    10.2004
20.094799    28.8172    10.2004
20.1076    28.814    10.2004
20.194    28.8004    10.2004
20.1996    28.799599    10.2004
20.202    28.799599    10.2004
20.21    28.797998    10.2004
20.2804    28.788399    10.2004
20.334799    28.7804    10.2004
20.3484    28.778    10.2004
20.358    28.777199    10.2004
20.4132    28.7724    10.2004
20.461199    28.7676    10.2004
20.489199    28.7652    10.2004
20.5268    28.7636    10.2004
20.5556    28.7612    10.2004
20.598799    28.760399    10.2004
20.622    28.760399    10.2004
20.6412    28.760399    10.2004
20.6548    28.760399    10.2004
20.834    28.760399    10.2004
20.885199    28.7596    10.2004
20.9172    28.758    10.2004
20.93    28.757198    10.2004
20.9532    28.754    10.2004
20.9748    28.75    10.2004
20.99    28.7484    10.2004
21.005999    28.7444    10.2004
21.0212    28.7388    10.2004
21.052399    28.726    10.2004
21.0684    28.7204    10.2004
21.0772    28.7164    10.2004
21.0828    28.713999    10.2004
21.2276    28.6404    10.2004
21.3028    28.6036    10.2004
21.3364    28.5868    10.2004
21.381199    28.5684    10.2004
21.3892    28.565199    10.2004
21.4004    28.5604    10.2004
21.4324    28.545198    10.2004
21.448399    28.539598    10.2004
21.4708    28.5324    10.2004
21.4756    28.5308    10.2004
21.4828    28.528399    10.2004
21.518    28.5164    10.2004
21.5684    28.5028    10.2004
21.570799    28.501999    10.2004
21.6068    28.496399    10.2004
21.6076    28.496399    10.2004
21.6468    28.4916    10.2004
21.674    28.4916    10.2004
21.694    28.4916    10.2004
21.7236    28.494    10.2004
21.7348    28.4956    10.2004
21.7572    28.500399    10.2004
21.769999    28.501999    10.2004
21.7732    28.5028    10.2004
21.7764    28.5036    10.2004
21.8148    28.5124    10.2004
21.842    28.5204    10.2004
21.854    28.522799    10.2004
21.8716    28.5292    10.2004
21.8836    28.533998    10.2004
21.9132    28.5436    10.2004
21.927599    28.55    10.2004
21.958    28.569199    10.2004
21.9604    28.570799    10.2004
21.962    28.5724    10.2004
21.9636    28.574    10.2004
21.9996    28.6012    10.2004
22.0092    28.6132    10.2004
22.022799    28.628399    10.2004
22.031599    28.642    10.2004
22.0396    28.6532    10.2004
22.0452    28.663599    10.2004
22.053999    28.6868    10.2004
22.059599    28.706    10.2004
22.059599    28.706799    10.2004
22.0588    28.7108    10.2004
22.052399    28.7332    10.2004
22.048399    28.7372    10.2004
22.0364    28.760399    10.2004
22.0308    28.7668    10.2004
22.0124    28.786    10.2004
21.989199    28.810799    10.2004
21.983599    28.8156    10.2004
21.961199    28.8356    10.2004
21.931599    28.862    10.2004
21.9172    28.8748    10.2004
21.91    28.879599    10.2004
21.8876    28.897999    10.2004
21.85    28.9252    10.2004
21.8436    28.929998    10.2004
21.838799    28.933199    10.2004
21.806    28.9524    10.2004
21.7892    28.961199    10.2004
21.7572    28.9756    10.2004
21.753199    28.977999    10.2004
21.708399    28.9972    10.2004
21.698    29.0012    10.2004
21.6908    29.0036    10.2004
21.674799    29.0092    10.2004
21.6364    29.024399    10.2004
21.609999    29.0324    10.2004
21.591599    29.0388    10.2004
21.574799    29.0436    10.2004
21.5516    29.050798    10.2004
21.514    29.059599    10.2004
21.4884    29.066    10.2004
21.4564    29.073198    10.2004
21.4244    29.080399    10.2004
21.403599    29.0844    10.2004
21.362799    29.0908    10.2004
21.3252    29.097198    10.2004
21.3092    29.100399    10.2004
21.2348    29.113998    10.2004
21.2284    29.115599    10.2004
21.161999    29.13    10.2004
21.126799    29.137999    10.2004
21.1084    29.143599    10.2004
21.094799    29.15    10.2004
21.0684    29.1596    10.2004
21.0572    29.1644    10.2004
21.0348    29.177198    10.2004
21.017199    29.1876    10.2004
21.005999    29.1932    10.2004
20.99    29.2052    10.2004
20.9708    29.2188    10.2004
20.9516    29.2332    10.2004
20.927599    29.251598    10.2004
20.8884    29.2796    10.2004
20.8324    29.321999    10.2004
20.7988    29.347599    10.2004
20.793999    29.3508    10.2004
20.7508    29.386    10.2004
20.737999    29.3972    10.2004
20.732399    29.4044    10.2004
20.7284    29.4116    10.2004
20.71    29.431599    10.2004
20.6964    29.4516    10.2004
20.691599    29.461199    10.2004
20.673199    29.490799    10.2004
20.604399    29.6236    10.2004
20.602    29.6292    10.2004
20.598799    29.6348    10.2004
20.5812    29.6644    10.2004
20.5388    29.7244    10.2004
20.5276    29.7372    10.2004
20.4916    29.781199    10.2004
20.479599    29.7932    10.2004
20.4532    29.8212    10.2004
20.4188    29.8548    10.2004
20.4012    29.869999    10.2004
20.379599    29.886    10.2004
20.3396    29.9172    10.2004
20.301199    29.9436    10.2004
20.2684    29.966    10.2004
20.2276    29.9924    10.2004
20.185999    30.018    10.2004
20.1596    30.0332    10.2004
20.104399    30.0644    10.2004
20.0724    30.0828    10.2004
20.024399    30.108398    10.2004
19.97    30.1348    10.2004
19.925999    30.154    10.2004
19.9052    30.161999    10.2004
19.862    30.178    10.2004
19.8092    30.198    10.2004
19.7236    30.2276    10.2004
19.65    30.254799    10.2004
19.6188    30.265999    10.2004
19.524399    30.3004    10.2004
19.5028    30.309198    10.2004
19.4452    30.3324    10.2004
19.394    30.354    10.2004
19.390799    30.3548    10.2004
19.385199    30.357199    10.2004
19.3444    30.375599    10.2004
19.295599    30.397999    10.2004
19.278    30.407598    10.2004
19.2692    30.410799    10.2004
19.247599    30.4268    10.2004
19.236399    30.4348    10.2004
19.2172    30.4684    10.2004
19.2156    30.472399    10.2004
19.218    30.4756    10.2004
19.2228    30.507599    10.2004
19.2428    30.5068    10.2004
19.2732    30.511599    10.2004
19.289999    30.5124    10.2004
19.327599    30.514    10.2004
19.3436    30.514    10.2004
19.3692    30.515598    10.2004
19.3948    30.518    10.2004
19.4548    30.5292    10.2004
19.462    30.5308    10.2004
19.4652    30.5324    10.2004
19.5012    30.553999    10.2004
19.511599    30.565199    10.2004
19.518799    30.574799    10.2004
19.522    30.5812    10.2004
19.534    30.5996    10.2004
19.5396    30.6092    10.2004
19.5476    30.621199    10.2004
19.5572    30.632399    10.2004
19.5684    30.639599    10.2004
19.5788    30.641998    10.2004
19.580399    30.6412    10.2004
19.605999    30.643599    10.2004
19.6108    30.6444    10.2004
19.611599    30.6444    10.2004
19.639599    30.6484    10.2004
19.6468    30.6484    10.2004
19.666    30.646    10.2004
19.6756    30.646    10.2004
19.685999    30.643599    10.2004
19.7244    30.6348    10.2004
19.7948    30.619598    10.2004
19.8028    30.617199    10.2004
19.9004    30.5996    10.2004
19.9044    30.598799    10.2004
19.9068    30.598    10.2004
19.909199    30.598    10.2004
19.914    30.597198    10.2004
19.9788    30.5884    10.2004
20.000399    30.587599    10.2004
20.0284    30.5852    10.2004
20.0492    30.5844    10.2004
20.0716    30.5852    10.2004
20.1052    30.587599    10.2004
20.1108    30.587599    10.2004
20.1188    30.5884    10.2004
20.1308    30.5908    10.2004
20.1484    30.593199    10.2004
20.173199    30.5996    10.2004
20.1988    30.609999    10.2004
20.2004    30.6108    10.2004
20.2076    30.613998    10.2004
20.2284    30.632399    10.2004
20.2316    30.636398    10.2004
20.2332    30.6404    10.2004
20.237999    30.656399    10.2004
20.2404    30.661999    10.2004
20.2404    30.665998    10.2004
20.2404    30.6908    10.2004
20.237999    30.7044    10.2004
20.234    30.7188    10.2004
20.2228    30.7316    10.2004
20.2172    30.7396    10.2004
20.201199    30.7524    10.2004
20.1828    30.7692    10.2004
20.154    30.789999    10.2004
20.126799    30.809198    10.2004
20.1164    30.8172    10.2004
20.074799    30.8468    10.2004
20.031599    30.8764    10.2004
20.0236    30.882    10.2004
19.9788    30.9116    10.2004
19.966    30.920399    10.2004
19.9412    30.935598    10.2004
19.9268    30.942799    10.2004
19.9076    30.952398    10.2004
19.881199    30.962    10.2004
19.847599    30.9748    10.2004
19.798    30.9916    10.2004
19.7516    31.0084    10.2004
19.75    31.0084    10.2004
19.657999    31.039598    10.2004
19.6092    31.0556    10.2004
19.5852    31.061998    10.2004
19.5772    31.065199    10.2004
19.546799    31.074    10.2004
19.479599    31.0924    10.2004
19.466    31.0964    10.2004
19.4564    31.0996    10.2004
19.4516    31.1012    10.2004
19.414799    31.1124    10.2004
19.4124    31.1148    10.2004
19.3652    31.1388    10.2004
19.3612    31.1412    10.2004
19.3548    31.145199    10.2004
19.274    31.1948    10.2004
19.218    31.230799    10.2004
19.1588    31.2668    10.2004
19.102    31.301199    10.2004
19.014    31.3484    10.2004
18.977999    31.366798    10.2004
18.925999    31.3956    10.2004
18.866    31.427599    10.2004
18.7924    31.4628    10.2004
18.7612    31.4772    10.2004
18.7108    31.5012    10.2004
18.646    31.531599    10.2004
18.5492    31.574799    10.2004
18.501999    31.597198    10.2004
18.3876    31.647598    10.2004
18.3372    31.669199    10.2004
18.2452    31.7092    10.2004
18.1772    31.7388    10.2004
18.109999    31.7636    10.2004
18.0516    31.786798    10.2004
17.99    31.810799    10.2004
17.85    31.864399    10.2004
17.6036    31.957998    10.2004
17.5916    31.9628    10.2004
17.552399    31.976398    10.2004
17.427599    32.0196    10.2004
17.4124    32.0244    10.2004
17.326    32.0564    10.2004
17.2172    32.0916    10.2004
17.2108    32.0932    10.2004
17.1108    32.1228    10.2004
17.0332    32.144398    10.2004
16.962    32.1684    10.2004
16.9428    32.1748    10.2004
16.9188    32.1828    10.2004
16.8988    32.1908    10.2004
16.878    32.202    10.2004
16.8692    32.2044    10.2004
16.8468    32.2188    10.2004
16.834799    32.2236    10.2004
16.8196    32.238    10.2004
16.7988    32.248398    10.2004
16.754799    32.2828    10.2004
16.7524    32.2836    10.2004
16.75    32.286    10.2004
16.6924    32.3388    10.2004
16.684399    32.346    10.2004
16.674799    32.354797    10.2004
16.6324    32.3924    10.2004
16.626799    32.397198    10.2004
16.5924    32.425198    10.2004
16.553999    32.4556    10.2004
16.534    32.4716    10.2004
16.5164    32.4852    10.2004
16.485199    32.51    10.2004
16.3724    32.5988    10.2004
16.3092    32.6516    10.2004
16.2812    32.6708    10.2004
16.258    32.6884    10.2004
16.236399    32.703598    10.2004
16.219599    32.7156    10.2004
16.1988    32.7268    10.2004
16.1356    32.7572    10.2004
16.1244    32.7628    10.2004
16.1204    32.7636    10.2004
16.035599    32.7972    10.2004
15.941199    32.8308    10.2004
15.929199    32.8348    10.2004
15.861199    32.860397    10.2004
15.8228    32.8724    10.2004
15.778    32.885998    10.2004
15.7764    32.8868    10.2004
15.7444    32.8988    10.2004
15.7204    32.9188    10.2004
15.7156    32.9212    10.2004
15.7012    32.9428    10.2004
15.69    32.953197    10.2004
15.6844    32.966    10.2004
15.6723995    32.9852    10.2004
15.6636    33.006    10.2004
15.6404    33.0548    10.2004
15.635599    33.0676    10.2004
15.596399    33.1564    10.2004
15.589999    33.1708    10.2004
15.579599    33.194798    10.2004
15.5764    33.2012    10.2004
15.5708    33.2132    10.2004
15.550799    33.2524    10.2004
15.549999    33.2532    10.2004
15.528399    33.2812    10.2004
15.526799    33.2836    10.2004
15.503599    33.2972    10.2004
15.498799    33.302    10.2004
15.4948    33.3052    10.2004
15.4772    33.3148    10.2004
15.457999    33.3228    10.2004
15.4156    33.3388    10.2004
15.3644    33.3564    10.2004
15.3404    33.3644    10.2004
15.308399    33.374    10.2004
15.2596    33.3868    10.2004
15.205999    33.4004    10.2004
15.147599    33.4148    10.2004
15.098    33.425198    10.2004
15.0484    33.4348    10.2004
15.0068    33.441998    10.2004
14.9516    33.4524    10.2004
14.9276    33.454    10.2004
14.912399    33.4548    10.2004
14.889199    33.453197    10.2004
14.8684    33.4492    10.2004
14.8124    33.4388    10.2004
14.762    33.43    10.2004
14.745999    33.4284    10.2004
14.7411995    33.4284    10.2004
14.7316    33.43    10.2004
14.717199    33.4316    10.2004
14.7076    33.436398    10.2004
14.6868    33.4492    10.2004
14.6852    33.4516    10.2004
14.659599    33.4764    10.2004
14.647599    33.4908    10.2004
14.6356    33.51    10.2004
14.6332    33.5132    10.2004
14.6116    33.551598    10.2004
14.6068    33.5612    10.2004
14.5876    33.599598    10.2004
14.558    33.6564    10.2004
14.5532    33.662    10.2004
14.5428    33.6796    10.2004
14.533199    33.69    10.2004
14.521199    33.7044    10.2004
14.492399    33.7324    10.2004
14.469199    33.753998    10.2004
14.4172    33.8004    10.2004
14.398    33.8172    10.2004
14.3852    33.826    10.2004
14.354799    33.8444    10.2004
14.3452    33.849197    10.2004
14.33    33.8556    10.2004
14.3043995    33.8652    10.2004
14.3004    33.8668    10.2004
14.2716    33.8724    10.2004
14.2652    33.874    10.2004
14.263599    33.874    10.2004
14.2084    33.8796    10.2004
14.202    33.8796    10.2004
14.1908    33.880398    10.2004
14.147599    33.882    10.2004
14.0996    33.882    10.2004
14.0924    33.8812    10.2004
14.0828    33.880398    10.2004
14.039599    33.874798    10.2004
13.9939995    33.8676    10.2004
13.9628    33.8628    10.2004
13.962    33.8628    10.2004
13.9332    33.8556    10.2004
13.9108    33.8516    10.2004
13.905999    33.8508    10.2004
13.882    33.8516    10.2004
13.8764    33.849197    10.2004
13.8532    33.8508    10.2004
13.842    33.8476    10.2004
13.822    33.8484    10.2004
13.8116    33.849197    10.2004
13.792399    33.854797    10.2004
13.7764    33.8732    10.2004
13.7708    33.8788    10.2004
13.773999    33.9036    10.2004
13.7732    33.91    10.2004
13.785999    33.9316    10.2004
13.79    33.938    10.2004
13.8132    33.956398    10.2004
13.820399    33.9612    10.2004
13.8244    33.9636    10.2004
13.8284    33.9636    10.2004
13.8524    33.9636    10.2004
13.854799    33.9636    10.2004
13.882    33.958    10.2004
13.8852    33.958    10.2004
13.898    33.956398    10.2004
13.9044    33.9556    10.2004
13.906799    33.9548    10.2004
13.9108    33.956398    10.2004
13.9284    33.9652    10.2004
13.9428    33.984398    10.2004
13.9508    33.995598    10.2004
13.963599    34.0148    10.2004
13.9916    34.0612    10.2004
14.0028    34.0804    10.2004
14.0028    34.082798    10.2004
14.0004    34.1036    10.2004
13.9852    34.127598    10.2004
13.9836    34.129997    10.2004
13.9796    34.134    10.2004
13.9612    34.154    10.2004
13.9556    34.1564    10.2004
13.9396    34.161198    10.2004
13.924399    34.1644    10.2004
13.9084    34.1676    10.2004
13.8884    34.1804    10.2004
13.878799    34.1876    10.2004
13.8796    34.2124    10.2004
13.8796    34.214    10.2004
13.8796    34.2164    10.2004
13.8812    34.220398    10.2004
13.8884    34.2468    10.2004
13.889199    34.2604    10.2004
13.889999    34.2676    10.2004
13.8907995    34.2732    10.2004
13.8932    34.2788    10.2004
13.894799    34.2884    10.2004
13.8963995    34.3004    10.2004
13.9028    34.3116    10.2004
13.9212    34.3308    10.2004
13.9324    34.3388    10.2004
13.9444    34.3396    10.2004
13.957999    34.3428    10.2004
13.9668    34.343597    10.2004
13.9796    34.342    10.2004
13.9972    34.3388    10.2004
14.006    34.342    10.2004
14.0132    34.342    10.2004
14.021199    34.3572    10.2004
14.0244    34.3612    10.2004
14.0244    34.3628    10.2004
14.0356    34.394    10.2004
14.038799    34.4076    10.2004
14.0476    34.438    10.2004
14.0484    34.4404    10.2004
14.0484    34.4412    10.2004
14.0484    34.4684    10.2004
14.0468    34.4708    10.2004
14.0252    34.506    10.2004
14.014    34.5172    10.2004
14.0012    34.534798    10.2004
13.9916    34.5452    10.2004
13.986    34.5636    10.2004
13.969999    34.57    10.2004
13.9612    34.571598    10.2004
13.934799    34.5756    10.2004
13.934    34.5764    10.2004
13.934    34.577198    10.2004
13.9324    34.6084    10.2004
13.9324    34.610798    10.2004
13.934799    34.6212    10.2004
13.9492    34.6212    10.2004
13.963599    34.6228    10.2004
13.9668    34.635597    10.2004
13.974    34.6572    10.2004
13.9732    34.677998    10.2004
13.976399    34.6956    10.2004
13.976399    34.7124    10.2004
13.978    34.725998    10.2004
13.976399    34.742798    10.2004
13.9772    34.756397    10.2004
13.975599    34.776398    10.2004
13.976399    34.787598    10.2004
13.9748    34.8036    10.2004
13.969999    34.822    10.2004
13.970799    34.8292    10.2004
13.9628    34.85    10.2004
13.9628    34.8532    10.2004
13.95    34.8812    10.2004
13.9484    34.885998    10.2004
13.9452    34.8932    10.2004
13.9164    34.945198    10.2004
13.900399    34.974    10.2004
13.895599    34.982    10.2004
13.874    35.017998    10.2004
13.8468    35.0604    10.2004
13.8412    35.0676    10.2004
13.8244    35.0876    10.2004
13.815599    35.088398    10.2004
13.8012    35.0932    10.2004
13.7844    35.09    10.2004
13.768399    35.0876    10.2004
13.738    35.1004    10.2004
13.734799    35.1004    10.2004
13.7148    35.1252    10.2004
13.7084    35.133198    10.2004
13.700399    35.1452    10.2004
13.6868    35.1652    10.2004
13.6812    35.172398    10.2004
13.6556    35.2052    10.2004
13.6332    35.2324    10.2004
13.6236    35.2444    10.2004
13.6212    35.2468    10.2004
13.619599    35.2492    10.2004
13.6172    35.253998    10.2004
13.6044    35.2788    10.2004
13.619599    35.3012    10.2004
13.63    35.3204    10.2004
13.636399    35.3348    10.2004
13.6356    35.343597    10.2004
13.6348    35.3612    10.2004
13.6292    35.3708    10.2004
13.624399    35.3844    10.2004
13.6172    35.3996    10.2004
13.608399    35.4172    10.2004
13.5932    35.438    10.2004
13.591599    35.439598    10.2004
13.584399    35.4444    10.2004
13.5644    35.4596    10.2004
13.556399    35.4628    10.2004
13.5476    35.4668    10.2004
13.4939995    35.492397    10.2004
13.470799    35.502    10.2004
13.4604    35.506    10.2004
13.4516    35.5084    10.2004
13.429999    35.514    10.2004
13.418799    35.514797    10.2004
13.4044    35.5132    10.2004
13.395599    35.509197    10.2004
13.3804    35.5004    10.2004
13.3516    35.4964    10.2004
13.3484    35.495598    10.2004
13.337999    35.502    10.2004
13.3116    35.5164    10.2004
13.2908    35.5284    10.2004
13.2644    35.5428    10.2004
13.2596    35.5452    10.2004
13.2532    35.5476    10.2004
13.2332    35.5604    10.2004
13.2148    35.5708    10.2004
13.205199    35.5764    10.2004
13.1876    35.5972    10.2004
13.1788    35.607597    10.2004
13.171599    35.6212    10.2004
13.1644    35.6348    10.2004
13.1524    35.6516    10.2004
13.1491995    35.661198    10.2004
13.148399    35.6708    10.2004
13.130799    35.6916    10.2004
13.130799    35.6964    10.2004
13.1212    35.7188    10.2004
13.1212    35.7196    10.2004
13.118    35.7556    10.2004
13.1147995    35.7604    10.2004
13.1156    35.7724    10.2004
13.113999    35.7748    10.2004
13.094    35.7812    10.2004
13.0227995    35.798798    10.2004
13.021199    35.798798    10.2004
13.0204    35.798798    10.2004
13.0196    35.798798    10.2004
12.969999    35.8068    10.2004
12.9484    35.8076    10.2004
12.8988    35.8108    10.2004
12.877999    35.8116    10.2004
12.8572    35.809998    10.2004
12.842    35.8068    10.2004
12.8188    35.8092    10.2004
12.8116    35.8108    10.2004
12.7964    35.8124    10.2004
12.7844    35.8124    10.2004
12.757999    35.814    10.2004
12.7316    35.813198    10.2004
12.700399    35.8116    10.2004
12.6444    35.804398    10.2004
12.619599    35.8012    10.2004
12.594    35.798    10.2004
12.578    35.793198    10.2004
12.5188    35.778    10.2004
12.4572    35.7556    10.2004
12.4436    35.7516    10.2004
12.4316    35.746    10.2004
12.3692    35.7164    10.2004
12.3452    35.7044    10.2004
12.3132    35.6876    10.2004
12.2852    35.67    10.2004
12.278    35.666    10.2004
12.2668    35.658    10.2004
12.2308    35.634    10.2004
12.194799    35.6084    10.2004
12.1628    35.582798    10.2004
12.1356    35.5612    10.2004
12.1332    35.5588    10.2004
12.130799    35.5564    10.2004
12.1284    35.5548    10.2004
12.0924    35.5228    10.2004
12.090799    35.5204    10.2004
12.0836    35.514    10.2004
12.067599    35.4964    10.2004
12.0468    35.4692    10.2004
12.0468    35.4684    10.2004
12.0364    35.4412    10.2004
12.0364    35.4404    10.2004
12.0356    35.4404    10.2004
12.038    35.436398    10.2004
12.0484    35.418    10.2004
12.0476    35.4164    10.2004
12.0515995    35.41    10.2004
12.058    35.391598    10.2004
12.0596    35.3844    10.2004
12.058    35.3612    10.2004
12.061999    35.3556    10.2004
12.066    35.337997    10.2004
12.0708    35.335598    10.2004
12.0868    35.3148    10.2004
12.091599    35.3084    10.2004
12.094    35.287598    10.2004
12.094    35.2756    10.2004
12.082    35.256397    10.2004
12.073999    35.242798    10.2004
12.0515995    35.2052    10.2004
12.0428    35.192398    10.2004
12.038799    35.1812    10.2004
12.0244    35.158    10.2004
12.0124    35.142    10.2004
12.009999    35.1396    10.2004
11.9956    35.1308    10.2004
11.981199    35.124397    10.2004
11.966    35.1228    10.2004
11.9564    35.1228    10.2004
11.9332    35.1252    10.2004
11.9307995    35.1252    10.2004
11.91    35.1236    10.2004
11.9028    35.1228    10.2004
11.901199    35.121998    10.2004
11.874    35.1028    10.2004
11.8636    35.088398    10.2004
11.849199    35.0652    10.2004
11.837999    35.0412    10.2004
11.8188    35.0044    10.2004
11.8188    35.002    10.2004
11.8172    34.994    10.2004
11.8132    34.9764    10.2004
11.8124    34.9684    10.2004
11.8164    34.9428    10.2004
11.8292    34.9164    10.2004
11.8428    34.8964    10.2004
11.8468    34.8908    10.2004
11.8596    34.8836    10.2004
11.8772    34.87    10.2004
11.8852    34.8628    10.2004
11.901199    34.8388    10.2004
11.9044    34.8292    10.2004
11.9036    34.8052    10.2004
11.9028    34.802    10.2004
11.901999    34.798798    10.2004
11.901199    34.798    10.2004
11.898    34.7724    10.2004
11.8932    34.7388    10.2004
11.889999    34.717197    10.2004
11.8876    34.6868    10.2004
11.884399    34.646    10.2004
11.883599    34.5916    10.2004
11.883599    34.562798    10.2004
11.8876    34.5268    10.2004
11.8884    34.5164    10.2004
11.884399    34.4884    10.2004
11.8804    34.484398    10.2004
11.8636    34.4628    10.2004
11.838799    34.456398    10.2004
11.8364    34.4556    10.2004
11.797199    34.454    10.2004
11.792399    34.453197    10.2004
11.7556    34.446    10.2004
11.752399    34.446    10.2004
11.7508    34.4444    10.2004
11.7372    34.4324    10.2004
11.7372    34.43    10.2004
11.734799    34.4092    10.2004
11.7364    34.3908    10.2004
11.746799    34.3348    10.2004
11.7612    34.2588    10.2004
11.7652    34.2436    10.2004
11.7676    34.2356    10.2004
11.774799    34.2156    10.2004
11.7876    34.1972    10.2004
11.7884    34.1964    10.2004
11.7892    34.1956    10.2004
11.7908    34.194    10.2004
11.8628    34.1292    10.2004
11.8924    34.101997    10.2004
11.929999    34.0732    10.2004
11.9539995    34.062    10.2004
11.958799    34.058    10.2004
11.9636    34.058    10.2004
11.9844    34.057198    10.2004
11.9916    34.0548    10.2004
12.0132    34.05    10.2004
12.028399    34.0276    10.2004
12.0316    34.022    10.2004
12.0436    33.9988    10.2004
12.046    33.9948    10.2004
12.0468    33.989998    10.2004
12.0596    33.961998    10.2004
12.0604    33.958    10.2004
12.07    33.946    10.2004
12.073999    33.938    10.2004
12.0772    33.934    10.2004
12.096399    33.9076    10.2004
12.0988    33.9036    10.2004
12.1052    33.8956    10.2004
12.1116    33.882    10.2004
12.1116    33.8764    10.2004
12.120399    33.8532    10.2004
12.1276    33.8388    10.2004
12.136399    33.826797    10.2004
12.138    33.818798    10.2004
12.146    33.798798    10.2004
12.1444    33.7924    10.2004
12.1491995    33.7836    10.2004
12.1532    33.7684    10.2004
12.154799    33.7644    10.2004
12.153999    33.7588    10.2004
12.136399    33.728397    10.2004
12.1348    33.703598    10.2004
12.1332    33.6908    10.2004
12.1332    33.6716    10.2004
12.1404    33.6524    10.2004
12.147599    33.6372    10.2004
12.1732    33.605198    10.2004
12.1779995    33.599598    10.2004
12.200399    33.578    10.2004
12.2044    33.5756    10.2004
12.2084    33.5748    10.2004
12.228399    33.571598    10.2004
12.2324    33.5732    10.2004
12.254    33.579597    10.2004
12.282    33.5924    10.2004
12.2884    33.596397    10.2004
12.2908    33.598    10.2004
12.309999    33.6084    10.2004
12.3188    33.613197    10.2004
12.346    33.627598    10.2004
12.3619995    33.621998    10.2004
12.3748    33.618797    10.2004
12.394    33.601997    10.2004
12.3963995    33.6004    10.2004
12.398    33.5988    10.2004
12.3996    33.598    10.2004
12.401199    33.5972    10.2004
12.441199    33.568398    10.2004
12.446799    33.5652    10.2004
12.4612    33.5564    10.2004
12.4883995    33.540398    10.2004
12.505199    33.5268    10.2004
12.5148    33.5212    10.2004
12.5188    33.5092    10.2004
12.53    33.5004    10.2004
12.5404    33.486797    10.2004
12.5428    33.4852    10.2004
12.5412    33.474    10.2004
12.5372    33.4556    10.2004
12.509999    33.426    10.2004
12.5036    33.4172    10.2004
12.5004    33.413998    10.2004
12.4972    33.408398    10.2004
12.49    33.3908    10.2004
12.4892    33.3788    10.2004
12.492399    33.3652    10.2004
12.5012    33.3564    10.2004
12.516399    33.346798    10.2004
12.5348    33.3372    10.2004
12.567599    33.3252    10.2004
12.5828    33.3204    10.2004
12.598    33.313198    10.2004
12.6156    33.3076    10.2004
12.654799    33.2948    10.2004
12.694799    33.2828    10.2004
12.705199    33.2796    10.2004
12.734799    33.2724    10.2004
12.768399    33.265198    10.2004
12.7755995    33.2644    10.2004
12.79    33.2628    10.2004
12.8116    33.262    10.2004
12.8452    33.2628    10.2004
12.8636    33.2628    10.2004
12.8907995    33.262    10.2004
12.9116    33.2628    10.2004
12.938    33.2668    10.2004
12.9556    33.270798    10.2004
12.981199    33.2772    10.2004
12.9916    33.278    10.2004
13.0348    33.2812    10.2004
13.0476    33.2836    10.2004
13.067599    33.2884    10.2004
13.0956    33.294    10.2004
13.1044    33.294    10.2004
13.1268    33.2996    10.2004
13.1524    33.2996    10.2004
13.153999    33.298    10.2004
13.1804    33.2892    10.2004
13.186    33.2612    10.2004
13.186    33.258    10.2004
13.1779995    33.2324    10.2004
13.17    33.222    10.2004
13.1572    33.2012    10.2004
13.147599    33.1828    10.2004
13.1244    33.1356    10.2004
13.097199    33.0812    10.2004
13.078    33.0468    10.2004
13.0644    33.017998    10.2004
13.033999    32.9668    10.2004
13.026    32.950798    10.2004
12.9883995    32.878    10.2004
12.9732    32.849197    10.2004
12.9324    32.7772    10.2004
12.907599    32.7364    10.2004
12.8996    32.7212    10.2004
12.8804    32.6844    10.2004
12.874    32.6716    10.2004
12.849999    32.6356    10.2004
12.837999    32.618797    10.2004
12.8012    32.5668    10.2004
12.7884    32.545998    10.2004
12.7324    32.469997    10.2004
12.7156    32.446    10.2004
12.6852    32.402798    10.2004
12.6692    32.3828    10.2004
12.641999    32.3476    10.2004
12.601999    32.2892    10.2004
12.5924    32.2772    10.2004
12.5892    32.2732    10.2004
12.5764    32.2556    10.2004
12.5188    32.1772    10.2004
12.5084    32.1644    10.2004
12.486799    32.1348    10.2004
12.4556    32.11    10.2004
12.4548    32.1092    10.2004
12.4508    32.1068    10.2004
12.4228    32.0932    10.2004
12.3652    32.0876    10.2004
12.3636    32.0876    10.2004
12.2755995    32.086    10.2004
12.240399    32.0868    10.2004
12.2196    32.0868    10.2004
12.202    32.0876    10.2004
12.1572    32.0836    10.2004
12.1491995    32.082798    10.2004
12.141999    32.0812    10.2004
12.119599    32.0764    10.2004
12.0948    32.07    10.2004
12.078    32.0644    10.2004
12.0604    32.058    10.2004
12.0116    32.038    10.2004
11.986    32.0244    10.2004
11.9307995    31.996399    10.2004
11.9228    31.9916    10.2004
11.901999    31.9772    10.2004
11.886    31.966799    10.2004
11.8828    31.963598    10.2004
11.8052    31.8884    10.2004
11.8028    31.886    10.2004
11.7964    31.882    10.2004
11.769199    31.872398    10.2004
11.757999    31.868399    10.2004
11.7364    31.866798    10.2004
11.734799    31.866798    10.2004
11.7332    31.866    10.2004
11.6964    31.873999    10.2004
11.6916    31.875599    10.2004
11.665199    31.89    10.2004
11.6508    31.9012    10.2004
11.6348    31.9116    10.2004
11.556399    31.9684    10.2004
11.5476    31.9756    10.2004
11.539599    31.981998    10.2004
11.504399    32.0076    10.2004
11.4676    32.026    10.2004
11.465199    32.0268    10.2004
11.464399    32.0276    10.2004
11.4348    32.0356    10.2004
11.395599    32.0412    10.2004
11.374    32.042    10.2004
11.338799    32.0452    10.2004
11.294    32.045998    10.2004
11.286799    32.0452    10.2004
11.2788    32.0452    10.2004
11.2396    32.040398    10.2004
11.2244    32.0388    10.2004
11.2092    32.0364    10.2004
11.1964    32.0324    10.2004
11.1748    32.026    10.2004
11.159599    32.0148    10.2004
11.1564    32.012398    10.2004
11.1404    31.998    10.2004
11.130799    31.99    10.2004
11.122    31.9812    10.2004
11.1012    31.952398    10.2004
11.0844    31.924398    10.2004
11.0596    31.875599    10.2004
11.0515995    31.858    10.2004
11.009999    31.753199    10.2004
11.0076    31.745998    10.2004
11.004399    31.737999    10.2004
11.0036    31.7316    10.2004
10.9883995    31.677198    10.2004
10.986    31.654    10.2004
10.9844    31.6188    10.2004
10.9852    31.6124    10.2004
10.99    31.5796    10.2004
10.993199    31.557999    10.2004
11.002    31.515598    10.2004
11.005199    31.4996    10.2004
11.009999    31.4804    10.2004
11.0188    31.442    10.2004
11.021999    31.429998    10.2004
11.028399    31.401999    10.2004
11.038799    31.3604    10.2004
11.046    31.333199    10.2004
11.0588    31.288399    10.2004
11.0708    31.253199    10.2004
11.0708    31.2524    10.2004
11.0708    31.251598    10.2004
11.078    31.2228    10.2004
11.078    31.217999    10.2004
11.0844    31.195599    10.2004
11.0844    31.1924    10.2004
11.09    31.1708    10.2004
11.09    31.1684    10.2004
11.09    31.1444    10.2004
11.0892    31.1404    10.2004
11.0892    31.113998    10.2004
11.0828    31.091599    10.2004
11.078    31.0756    10.2004
11.0668    31.0476    10.2004
11.028399    30.944399    10.2004
11.015599    30.9012    10.2004
11.015599    30.8956    10.2004
11.010799    30.8716    10.2004
11.009999    30.7764    10.2004
11.0084    30.760399    10.2004
11.0092    30.734798    10.2004
11.0132    30.578    10.2004
11.0132    30.5716    10.2004
11.0132    30.566    10.2004
11.0132    30.552399    10.2004
11.0196    30.368399    10.2004
11.0244    30.286    10.2004
11.027599    30.249199    10.2004
11.0308    30.1908    10.2004
11.038    30.13    10.2004
11.0468    30.0628    10.2004
11.0515995    30.0276    10.2004
11.0612    29.965199    10.2004
11.0692    29.916399    10.2004
11.0772    29.8764    10.2004
11.0868    29.8356    10.2004
11.0988    29.781199    10.2004
11.1147995    29.7276    10.2004
11.125199    29.6876    10.2004
11.1452    29.626    10.2004
11.154799    29.598    10.2004
11.1844    29.522    10.2004
11.1924    29.5028    10.2004
11.2067995    29.4716    10.2004
11.2244    29.434    10.2004
11.2436    29.4004    10.2004
11.2556    29.3804    10.2004
11.262799    29.3692    10.2004
11.2796    29.3428    10.2004
11.3004    29.314    10.2004
11.334    29.2684    10.2004
11.342    29.257198    10.2004
11.3468    29.25    10.2004
11.3628    29.232399    10.2004
11.384399    29.208399    10.2004
11.3988    29.191599    10.2004
11.434    29.1516    10.2004
11.4684    29.118    10.2004
11.486799    29.1012    10.2004
11.5132    29.078    10.2004
11.5308    29.0644    10.2004
11.549999    29.050798    10.2004
11.5803995    29.0292    10.2004
11.602799    29.0156    10.2004
11.63    28.9996    10.2004
11.6812    28.9732    10.2004
11.7388    28.9436    10.2004
11.757199    28.933199    10.2004
11.7755995    28.921999    10.2004
11.7876    28.9156    10.2004
11.8052    28.9028    10.2004
11.834    28.8788    10.2004
11.861199    28.8548    10.2004
11.8764    28.840399    10.2004
11.9084    28.8116    10.2004
11.9956    28.729198    10.2004
12.0132    28.713999    10.2004
12.0364    28.6932    10.2004
12.0772    28.661999    10.2004
12.0924    28.65    10.2004
12.1147995    28.6348    10.2004
12.170799    28.598799    10.2004
12.189199    28.591599    10.2004
12.2067995    28.580399    10.2004
12.226    28.5724    10.2004
12.2484    28.5628    10.2004
12.2676    28.5588    10.2004
12.294    28.550798    10.2004
12.3404    28.541199    10.2004
12.3484    28.5404    10.2004
12.354799    28.5388    10.2004
12.3572    28.5388    10.2004
12.406799    28.5332    10.2004
12.4404    28.529999    10.2004
12.476399    28.5276    10.2004
12.5171995    28.5268    10.2004
12.558    28.5268    10.2004
12.5884    28.531599    10.2004
12.5948    28.5324    10.2004
12.6147995    28.542    10.2004
12.618799    28.542799    10.2004
12.625199    28.546    10.2004
12.6412    28.5628    10.2004
12.6628    28.594    10.2004
12.671599    28.605999    10.2004
12.694799    28.645199    10.2004
12.711599    28.6756    10.2004
12.7204    28.6964    10.2004
12.745199    28.7564    10.2004
12.7668    28.806799    10.2004
12.778    28.8212    10.2004
12.786799    28.8308    10.2004
12.8004    28.8396    10.2004
12.814    28.8492    10.2004
12.8484    28.8604    10.2004
12.9276    28.886    10.2004
12.9516    28.8956    10.2004
12.974    28.9044    10.2004
12.993199    28.913198    10.2004
13.03    28.931599    10.2004
13.055599    28.944399    10.2004
13.1004    28.9676    10.2004
13.1116    28.973999    10.2004
13.131599    28.9884    10.2004
13.142799    28.998798    10.2004
13.1524    29.011599    10.2004
13.153199    29.013199    10.2004
13.1588    29.042799    10.2004
13.1588    29.046    10.2004
13.1588    29.048399    10.2004
13.159599    29.0828    10.2004
13.159599    29.0844    10.2004
13.159599    29.085999    10.2004
13.1588    29.115599    10.2004
13.1588    29.1188    10.2004
13.1491995    29.1588    10.2004
13.148399    29.161999    10.2004
13.1388    29.1836    10.2004
13.125999    29.2148    10.2004
13.1244    29.2188    10.2004
13.1212    29.226799    10.2004
13.119599    29.23    10.2004
13.07    29.3364    10.2004
13.0484    29.382    10.2004
13.0468    29.3892    10.2004
13.045199    29.3972    10.2004
13.038    29.4228    10.2004
13.033999    29.4364    10.2004
13.033199    29.441198    10.2004
13.0348    29.466    10.2004
13.038799    29.479599    10.2004
13.049999    29.496399    10.2004
13.058    29.5028    10.2004
13.0636    29.5052    10.2004
13.0692    29.5092    10.2004
13.1147995    29.538    10.2004
13.1676    29.570799    10.2004
13.1756    29.5772    10.2004
13.198    29.594799    10.2004
13.2092    29.6068    10.2004
13.223599    29.6276    10.2004
13.2308    29.639599    10.2004
13.246799    29.67    10.2004
13.2564    29.693998    10.2004
13.2956    29.782799    10.2004
13.3043995    29.8044    10.2004
13.3188    29.8324    10.2004
13.3348    29.866798    10.2004
13.337999    29.8716    10.2004
13.3572    29.901999    10.2004
13.360399    29.906    10.2004
13.372399    29.914    10.2004
13.3756    29.916399    10.2004
13.400399    29.927599    10.2004
13.413199    29.9284    10.2004
13.429999    29.933199    10.2004
13.446799    29.929998    10.2004
13.4612    29.9308    10.2004
13.481199    29.929998    10.2004
13.5036    29.9268    10.2004
13.538    29.921999    10.2004
13.5476    29.920399    10.2004
13.550799    29.920399    10.2004
13.5644    29.918798    10.2004
13.607599    29.9124    10.2004
13.665999    29.906    10.2004
13.686    29.9044    10.2004
13.700399    29.903599    10.2004
13.7316    29.9012    10.2004
13.7652    29.9012    10.2004
13.7884    29.9012    10.2004
13.8196    29.901999    10.2004
13.838799    29.901999    10.2004
13.884399    29.9044    10.2004
13.901999    29.9068    10.2004
13.9148    29.907598    10.2004
13.9276    29.9116    10.2004
13.9428    29.9156    10.2004
13.981999    29.934    10.2004
13.9836    29.9348    10.2004
13.9892    29.938    10.2004
14.0068    29.948399    10.2004
14.0476    29.972399    10.2004
14.0828    29.990799    10.2004
14.1012    29.998798    10.2004
14.1044    29.9996    10.2004
14.1228    30.004398    10.2004
14.148399    30.005999    10.2004
14.1684    30.0068    10.2004
14.2828    30.007599    10.2004
14.302    30.0092    10.2004
14.3196    30.0124    10.2004
14.3252    30.014    10.2004
14.358    30.022799    10.2004
14.360399    30.0236    10.2004
14.371599    30.0292    10.2004
14.429999    30.0572    10.2004
14.464399    30.0756    10.2004
14.481999    30.0844    10.2004
14.5436    30.121199    10.2004
14.556399    30.128399    10.2004
14.561999    30.1316    10.2004
14.6092    30.160398    10.2004
14.6348    30.177198    10.2004
14.6676    30.2004    10.2004
14.6908    30.217999    10.2004
14.7355995    30.253199    10.2004
14.766    30.2788    10.2004
14.809199    30.314798    10.2004
14.8228    30.3268    10.2004
14.8452    30.3468    10.2004
14.8675995    30.366798    10.2004
14.871599    30.3692    10.2004
14.877999    30.3732    10.2004
14.889199    30.375599    10.2004
14.9164    30.386799    10.2004
14.9204    30.3876    10.2004
14.938    30.3876    10.2004
14.9484    30.382    10.2004
14.9668    30.381199    10.2004
14.969199    30.3804    10.2004
14.981199    30.3764    10.2004
15.006    30.3692    10.2004
15.0244    30.364399    10.2004
15.037999    30.358799    10.2004
15.0524    30.354    10.2004
15.0636    30.349998    10.2004
15.1228    30.334    10.2004
15.1268    30.333199    10.2004
15.1796    30.3212    10.2004
15.1956    30.320398    10.2004
15.2123995    30.3212    10.2004
15.234799    30.3196    10.2004
15.246799    30.3212    10.2004
15.2764    30.3228    10.2004
15.3244    30.33    10.2004
15.3331995    30.3324    10.2004
15.417199    30.3604    10.2004
15.434799    30.366    10.2004
15.4428    30.3692    10.2004
15.452399    30.3708    10.2004
15.4716    30.375599    10.2004
15.4852    30.373999    10.2004
15.5012    30.3772    10.2004
15.514    30.372398    10.2004
15.5292    30.3732    10.2004
15.5492    30.3652    10.2004
15.5604    30.3636    10.2004
15.5756    30.358    10.2004
15.596399    30.3492    10.2004
15.6212    30.338799    10.2004
15.6516    30.3244    10.2004
15.6748    30.3156    10.2004
