29.7396    26.6668    0.0004
29.9012    26.6764    0.0004
30.061998    26.660398    0.0004
30.2188    26.618    0.0004
30.366    26.550798    0.0004
30.500399    26.461199    0.0004
30.6188    26.3508    0.0004
30.717999    26.2228    0.0004
30.7948    26.0812    0.0004
30.8484    25.9284    0.0004
30.8764    25.7684    0.0004
31.3452    20.6772    0.0004
31.3452    20.6764    0.0004
31.345999    20.5044    0.0004
31.3172    20.334799    0.0004
31.260399    20.173199    0.0004
31.1764    20.0228    0.0004
31.067598    19.89    0.0004
30.938    19.777199    0.0004
30.7908    19.6876    0.0004
30.633999    19.6772    0.0004
30.4772    19.6908    0.0004
30.3252    19.7292    0.0004
30.180399    19.7908    0.0004
30.0476    19.873999    0.0004
29.9292    19.9772    0.0004
29.8284    20.098    0.0004
29.747599    20.2332    0.0004
29.6892    20.3788    0.0004
28.197199    25.15    0.0004
28.197199    25.150799    0.0004
28.1628    25.3044    0.0004
28.1524    25.4604    0.0004
28.165998    25.617199    0.0004
28.2044    25.7692    0.0004
28.265999    25.913198    0.0004
28.349998    26.046    0.0004
28.4532    26.1644    0.0004
28.5732    26.2652    0.0004
28.708399    26.3452    0.0004
28.854    26.403599    0.0004
29.581999    26.6316    0.0004
29.7396    26.6668    0.0004
