13.1572    26.9884    0.0004
13.309199    26.9516    0.0004
13.4539995    26.8916    0.0004
13.5884    26.809198    0.0004
13.7076    26.7076    0.0004
13.809199    26.5884    0.0004
13.8916    26.453999    0.0004
13.9516    26.3092    0.0004
13.9883995    26.1572    0.0004
14.0004    26.000399    0.0004
14.0004    16.001999    0.0004
14.0004    16.0004    0.0004
13.9883995    15.843599    0.0004
13.9516    15.6916    0.0004
13.8916    15.5468    0.0004
13.809199    15.412399    0.0004
13.7076    15.2932    0.0004
13.5884    15.1916    0.0004
13.4539995    15.1092    0.0004
13.309199    15.0492    0.0004
13.1572    15.0124    0.0004
13.0004    15.0004    0.0004
12.0004    15.0004    0.0004
11.843599    15.0124    0.0004
11.6916    15.0492    0.0004
11.5468    15.1092    0.0004
11.412399    15.1916    0.0004
11.2932    15.2932    0.0004
11.1916    15.412399    0.0004
11.1092    15.5468    0.0004
11.0492    15.6916    0.0004
11.0124    15.843599    0.0004
11.0004    16.0004    0.0004
11.0004    25.9988    0.0004
11.0004    26.000399    0.0004
11.0124    26.1572    0.0004
11.0492    26.3092    0.0004
11.1092    26.453999    0.0004
11.1916    26.5884    0.0004
11.2932    26.7076    0.0004
11.412399    26.809198    0.0004
11.5468    26.8916    0.0004
11.6916    26.9516    0.0004
11.843599    26.9884    0.0004
12.0004    27.000399    0.0004
13.0004    27.000399    0.0004
13.1572    26.9884    0.0004
