19.1524    25.9284    0.0004
19.206    26.0812    0.0004
19.282799    26.2228    0.0004
19.382    26.3508    0.0004
19.500399    26.461199    0.0004
19.6348    26.550798    0.0004
19.782    26.618    0.0004
19.938799    26.660398    0.0004
20.0996    26.6764    0.0004
20.2612    26.6668    0.0004
20.4188    26.6316    0.0004
21.1468    26.403599    0.0004
21.2924    26.3452    0.0004
21.427599    26.2652    0.0004
21.5476    26.1644    0.0004
21.650799    26.046    0.0004
21.7348    25.913198    0.0004
21.7964    25.7692    0.0004
21.834799    25.617199    0.0004
21.8484    25.4604    0.0004
21.838    25.3044    0.0004
21.8036    25.150799    0.0004
20.3116    20.379599    0.0004
20.3116    20.3788    0.0004
20.253199    20.2332    0.0004
20.1724    20.098    0.0004
20.0716    19.9772    0.0004
19.9532    19.873999    0.0004
19.8204    19.7908    0.0004
19.6756    19.7292    0.0004
19.5236    19.6908    0.0004
19.3668    19.6772    0.0004
19.21    19.6876    0.0004
19.0628    19.777199    0.0004
18.933199    19.89    0.0004
18.8244    20.0228    0.0004
18.7404    20.173199    0.0004
18.6836    20.334799    0.0004
18.6548    20.5044    0.0004
18.6556    20.6764    0.0004
19.1244    25.7676    0.0004
19.1244    25.7684    0.0004
19.1524    25.9284    0.0004
