32.1316    4.1324    0.0004
32.1396    3.9627998    0.0004
32.118797    3.794    0.0004
32.0692    3.6308    0.0004
31.993198    3.4787998    0.0004
31.892399    3.342    0.0004
31.769999    3.2236    0.0004
31.6292    3.1283998    0.0004
31.473999    3.0579998    0.0004
31.31    3.0147998    0.0004
31.1404    3.0003998    0.0004
31.139599    3.0003998    0.0004
25.000399    3.0003998    0.0004
24.9996    3.0003998    0.0004
18.8604    3.0003998    0.0004
18.6908    3.0147998    0.0004
18.5268    3.0579998    0.0004
18.3716    3.1283998    0.0004
18.230799    3.2236    0.0004
18.1084    3.342    0.0004
18.007599    3.4787998    0.0004
17.931599    3.6308    0.0004
17.882    3.794    0.0004
17.8612    3.9627998    0.0004
17.8692    4.1324    0.0004
17.906    4.2988    0.0004
17.906    4.2996    0.0004
19.375599    9.0004    0.0004
19.3764    9.002    0.0004
24.046    23.946    0.0004
24.109999    24.102798    0.0004
24.1988    24.246    0.0004
24.310799    24.3724    0.0004
24.442799    24.477999    0.0004
24.59    24.559599    0.0004
24.749199    24.615599    0.0004
24.9156    24.6444    0.0004
25.000399    24.6476    0.0004
25.0852    24.6444    0.0004
25.2516    24.615599    0.0004
25.410799    24.559599    0.0004
25.557999    24.477999    0.0004
25.689999    24.3724    0.0004
25.802    24.246    0.0004
25.890799    24.102798    0.0004
25.9548    23.946    0.0004
32.093998    4.3012    0.0004
32.0948    4.2988    0.0004
32.1316    4.1324    0.0004
