1.5004    0.0004    0.0004
1.5012    0.0004    0.0004
10.41    0.0004    0.0004
10.4108    0.0004    0.0004
18.2564    0.0004    0.0004
18.2572    0.0004    0.0004
25.000399    0.0004    0.0004
25.001999    0.0004    0.0004
34.07    0.0004    0.0004
34.0708    0.0004    0.0004
39.590797    0.0004    0.0004
39.5924    0.0004    0.0004
50.0004    0.0004    0.0004
50.0004    0.0019999999    0.0004
50.0004    9.0004    0.0004
50.0004    9.0036    0.0004
50.0004    30.000399    0.0004
49.9988    30.000399    0.0004
39.590797    30.000399    0.0004
39.59    30.000399    0.0004
34.07    30.000399    0.0004
34.068398    30.000399    0.0004
25.000399    30.000399    0.0004
24.9996    30.000399    0.0004
18.2564    30.000399    0.0004
18.2556    30.000399    0.0004
10.41    30.000399    0.0004
10.4092    30.000399    0.0004
1.5004    30.000399    0.0004
0.0004    30.000399    0.0004
0.0004    29.9972    0.0004
0.0004    9.0004    0.0004
0.0004    8.999599    0.0004
0.0004    0.0004    0.0004
1.5004    0.0004    0.0004
