23.9636    29.281199    14.7004
23.962    29.2892    14.7004
23.959599    29.3004    14.7004
23.955599    29.314798    14.7004
23.9532    29.3244    14.7004
23.949999    29.333199    14.7004
23.9412    29.3548    14.7004
23.9348    29.3708    14.7004
23.9308    29.3804    14.7004
23.9236    29.3948    14.7004
23.907598    29.4212    14.7004
23.906    29.4228    14.7004
23.890799    29.442799    14.7004
23.875599    29.459599    14.7004
23.862    29.473999    14.7004
23.8436    29.487598    14.7004
23.83    29.4972    14.7004
23.7836    29.526    14.7004
23.782799    29.5268    14.7004
23.7556    29.5364    14.7004
23.7516    29.537199    14.7004
23.734    29.542799    14.7004
23.7204    29.546799    14.7004
23.7108    29.548399    14.7004
23.6892    29.5516    14.7004
23.6836    29.5516    14.7004
23.6628    29.552399    14.7004
23.650799    29.550798    14.7004
23.6412    29.55    14.7004
23.6308    29.548399    14.7004
23.609999    29.5388    14.7004
23.59    29.5268    14.7004
23.587599    29.526    14.7004
23.5844    29.5236    14.7004
23.580399    29.518799    14.7004
23.57    29.5028    14.7004
23.5604    29.4884    14.7004
23.5564    29.4804    14.7004
23.5508    29.4604    14.7004
23.5492    29.4516    14.7004
23.5508    29.4268    14.7004
23.5556    29.4084    14.7004
23.5612    29.3948    14.7004
23.565199    29.379599    14.7004
23.574799    29.366798    14.7004
23.5812    29.351599    14.7004
23.593199    29.3372    14.7004
23.6036    29.321999    14.7004
23.6132    29.312399    14.7004
23.6348    29.286798    14.7004
23.650799    29.2724    14.7004
23.6812    29.2412    14.7004
23.708399    29.219599    14.7004
23.7188    29.21    14.7004
23.743599    29.1892    14.7004
23.758799    29.1756    14.7004
23.786    29.1572    14.7004
23.789999    29.1532    14.7004
23.7988    29.1468    14.7004
23.83    29.126799    14.7004
23.8436    29.117199    14.7004
23.8604    29.1068    14.7004
23.879599    29.098    14.7004
23.8844    29.0956    14.7004
23.9116    29.085999    14.7004
23.9124    29.0852    14.7004
23.914    29.0852    14.7004
23.9212    29.0852    14.7004
23.9412    29.087599    14.7004
23.9572    29.105999    14.7004
23.9628    29.115599    14.7004
23.9716    29.133999    14.7004
23.9716    29.1372    14.7004
23.9756    29.1596    14.7004
23.9756    29.163599    14.7004
23.9756    29.2044    14.7004
23.972399    29.226    14.7004
23.970798    29.2428    14.7004
23.9636    29.281199    14.7004
