11.0636    36.642    14.1004
11.0484    36.607597    14.1004
11.0348    36.5756    14.1004
11.0324    36.5692    14.1004
11.0324    36.568398    14.1004
11.0212    36.5188    14.1004
11.0171995    36.497997    14.1004
11.015599    36.4804    14.1004
11.0084    36.422    14.1004
11.0076    36.4188    14.1004
11.006    36.4116    14.1004
10.998    36.3836    14.1004
10.9924    36.3732    14.1004
10.9836    36.360397    14.1004
10.9796    36.3532    14.1004
10.9716    36.3476    14.1004
10.9508    36.3332    14.1004
10.922    36.322    14.1004
10.8796    36.3052    14.1004
10.8516    36.294    14.1004
10.818    36.2788    14.1004
10.8052    36.2724    14.1004
10.7699995    36.2556    14.1004
10.7612    36.25    14.1004
10.729199    36.2324    14.1004
10.7244    36.2292    14.1004
10.7196    36.2244    14.1004
10.6988    36.209198    14.1004
10.674    36.1868    14.1004
10.670799    36.183598    14.1004
10.6516    36.158    14.1004
10.6435995    36.142    14.1004
10.6396    36.1348    14.1004
10.6324    36.1172    14.1004
10.625999    36.1012    14.1004
10.6236    36.090797    14.1004
10.620399    36.0836    14.1004
10.620399    36.082798    14.1004
10.6147995    36.042    14.1004
10.6124    36.0188    14.1004
10.6116    35.9916    14.1004
10.6132    35.964397    14.1004
10.613999    35.9548    14.1004
10.6156    35.947598    14.1004
10.6228    35.9092    14.1004
10.625199    35.9004    14.1004
10.6396    35.8612    14.1004
10.642    35.854    14.1004
10.6435995    35.8516    14.1004
10.662    35.824398    14.1004
10.6764    35.8076    14.1004
10.69    35.7908    14.1004
10.7156    35.767597    14.1004
10.7244    35.7612    14.1004
10.7532    35.738    14.1004
10.7596    35.7324    14.1004
10.762799    35.73    14.1004
10.778    35.714    14.1004
10.7876    35.7044    14.1004
10.7884    35.7028    14.1004
10.792399    35.6964    14.1004
10.8068    35.6676    14.1004
10.8172    35.6428    14.1004
10.8316    35.606    14.1004
10.837999    35.5892    14.1004
10.849199    35.558    14.1004
10.8764    35.486    14.1004
10.8804    35.4716    14.1004
10.884399    35.4556    14.1004
10.8884    35.4348    14.1004
10.889199    35.4228    14.1004
10.889999    35.4004    14.1004
10.889199    35.3852    14.1004
10.8876    35.363598    14.1004
10.8828    35.3396    14.1004
10.882    35.3348    14.1004
10.8764    35.3148    14.1004
10.8708    35.3004    14.1004
10.8572    35.2636    14.1004
10.825999    35.189198    14.1004
10.8196    35.174    14.1004
10.814    35.161198    14.1004
10.774    35.0668    14.1004
10.757999    35.026    14.1004
10.7436    34.986797    14.1004
10.733999    34.958797    14.1004
10.7268    34.9388    14.1004
10.7092    34.8844    14.1004
10.7084    34.8796    14.1004
10.7052    34.854    14.1004
10.7044    34.8484    14.1004
10.7084    34.818798    14.1004
10.7164    34.7972    14.1004
10.7196    34.7908    14.1004
10.7332    34.766    14.1004
10.742    34.7516    14.1004
10.754    34.73    14.1004
10.762    34.7132    14.1004
10.7699995    34.6956    14.1004
10.774799    34.6804    14.1004
10.7796    34.6644    14.1004
10.781199    34.655598    14.1004
10.7844    34.633198    14.1004
10.7852    34.616398    14.1004
10.786799    34.577198    14.1004
10.7884    34.5492    14.1004
10.7908    34.5196    14.1004
10.7932    34.486    14.1004
10.803599    34.4044    14.1004
10.809199    34.3708    14.1004
10.809999    34.3676    14.1004
10.815599    34.354    14.1004
10.8188    34.343597    14.1004
10.8331995    34.3196    14.1004
10.8508    34.2964    14.1004
10.861199    34.2828    14.1004
10.8748    34.2676    14.1004
10.898    34.242798    14.1004
10.9236    34.2164    14.1004
10.941999    34.186    14.1004
10.9444    34.182    14.1004
10.946    34.1596    14.1004
10.9452    34.1524    14.1004
10.9348    34.1356    14.1004
10.9276    34.1284    14.1004
10.913199    34.110798    14.1004
10.9044    34.1012    14.1004
10.884399    34.073997    14.1004
10.878799    34.0668    14.1004
10.874    34.0612    14.1004
10.8484    34.0196    14.1004
10.842    34.0076    14.1004
10.825999    33.9748    14.1004
10.822    33.9652    14.1004
10.8124    33.9404    14.1004
10.809999    33.9332    14.1004
10.809999    33.9316    14.1004
10.8068    33.9124    14.1004
10.8052    33.8932    14.1004
10.8028    33.878    14.1004
10.8028    33.852398    14.1004
10.8028    33.846    14.1004
10.8052    33.8348    14.1004
10.8084    33.8148    14.1004
10.8132    33.793198    14.1004
10.8188    33.776398    14.1004
10.8284    33.7548    14.1004
10.832399    33.745197    14.1004
10.8476    33.722    14.1004
10.8508    33.717197    14.1004
10.854799    33.7132    14.1004
10.8684    33.6988    14.1004
10.8804    33.6876    14.1004
10.901199    33.6708    14.1004
10.9196    33.662    14.1004
10.926    33.6596    14.1004
10.9268    33.6588    14.1004
10.9284    33.6588    14.1004
10.9556    33.6484    14.1004
10.970799    33.646    14.1004
10.9788    33.644398    14.1004
10.9892    33.644398    14.1004
11.005199    33.642    14.1004
11.0204    33.644398    14.1004
11.0292    33.644398    14.1004
11.056399    33.6492    14.1004
11.0588    33.6492    14.1004
11.0612    33.649998    14.1004
11.0724    33.654    14.1004
11.200399    33.6908    14.1004
11.2308    33.6988    14.1004
11.240399    33.700397    14.1004
11.2484    33.7012    14.1004
11.2716    33.7028    14.1004
11.2964    33.703598    14.1004
11.3124    33.702    14.1004
11.344399    33.697998    14.1004
11.3692    33.692398    14.1004
11.4148    33.6828    14.1004
11.453199    33.6748    14.1004
11.4836    33.6684    14.1004
11.4924    33.666    14.1004
11.5084    33.661198    14.1004
11.556399    33.6516    14.1004
11.6108    33.638    14.1004
11.6556    33.6284    14.1004
11.6908    33.621998    14.1004
11.6988    33.6196    14.1004
11.742    33.61    14.1004
11.8188    33.5972    14.1004
11.8236    33.596397    14.1004
11.8675995    33.586    14.1004
11.8916    33.5804    14.1004
11.8932    33.5804    14.1004
11.894799    33.579597    14.1004
11.9307995    33.5668    14.1004
11.9564    33.5564    14.1004
11.964399    33.5508    14.1004
11.9748    33.5452    14.1004
11.9804    33.542    14.1004
12.002    33.5268    14.1004
12.0124    33.5204    14.1004
12.0196    33.5092    14.1004
12.0364    33.501198    14.1004
12.039599    33.4988    14.1004
12.0668    33.4724    14.1004
12.07    33.4692    14.1004
12.0748    33.464397    14.1004
12.0988    33.4372    14.1004
12.1004    33.4348    14.1004
12.1044    33.43    14.1004
12.154799    33.371597    14.1004
12.1676    33.357998    14.1004
12.1932    33.3284    14.1004
12.2164    33.3028    14.1004
12.2212    33.298    14.1004
12.2308    33.2884    14.1004
12.2596    33.262    14.1004
12.2828    33.2444    14.1004
12.2987995    33.2324    14.1004
12.314799    33.2212    14.1004
12.3244    33.2156    14.1004
12.342    33.2052    14.1004
12.354799    33.2012    14.1004
12.3652    33.1956    14.1004
12.3796    33.1932    14.1004
12.395599    33.1876    14.1004
12.3963995    33.1868    14.1004
12.426    33.1852    14.1004
12.4268    33.1852    14.1004
12.4307995    33.186    14.1004
12.4516    33.189198    14.1004
12.457999    33.1908    14.1004
12.486    33.1964    14.1004
12.5004    33.2012    14.1004
12.5116    33.2068    14.1004
12.528399    33.2156    14.1004
12.5404    33.222797    14.1004
12.5612    33.2364    14.1004
12.608399    33.2724    14.1004
12.6268    33.2852    14.1004
12.653999    33.3036    14.1004
12.6723995    33.309998    14.1004
12.6788    33.3124    14.1004
12.683599    33.313198    14.1004
12.7028    33.318798    14.1004
12.722799    33.3164    14.1004
12.7308    33.314    14.1004
12.7388    33.3108    14.1004
12.7668    33.3028    14.1004
12.79    33.2948    14.1004
12.8052    33.29    14.1004
12.818    33.286    14.1004
12.837199    33.2796    14.1004
12.8572    33.270798    14.1004
12.8796    33.259598    14.1004
12.9028    33.2492    14.1004
12.9116    33.246    14.1004
12.9316    33.2404    14.1004
12.9396    33.239597    14.1004
12.9564    33.2356    14.1004
12.9684    33.2332    14.1004
12.9788    33.2332    14.1004
13.005199    33.2364    14.1004
13.010799    33.2364    14.1004
13.0356    33.2388    14.1004
13.038799    33.2388    14.1004
13.0492    33.239597    14.1004
13.0636    33.242    14.1004
13.0708    33.2436    14.1004
13.1156    33.2556    14.1004
13.1236    33.2588    14.1004
13.1524    33.2668    14.1004
13.176399    33.2756    14.1004
13.177199    33.2756    14.1004
13.2036    33.29    14.1004
13.2148    33.298798    14.1004
13.2316    33.314    14.1004
13.25    33.3332    14.1004
13.2732    33.354797    14.1004
13.2772    33.3588    14.1004
13.286799    33.3684    14.1004
13.320399    33.3996    14.1004
13.3452    33.413998    14.1004
13.3564    33.4204    14.1004
13.3628    33.4228    14.1004
13.3684    33.426    14.1004
13.4268    33.4548    14.1004
13.5124    33.497997    14.1004
13.5204    33.5004    14.1004
13.542    33.5092    14.1004
13.545199    33.5092    14.1004
13.5644    33.5132    14.1004
13.5708    33.5148    14.1004
13.5724    33.5148    14.1004
13.6012    33.5172    14.1004
13.6068    33.517998    14.1004
13.6268    33.5172    14.1004
13.636399    33.517998    14.1004
13.6972    33.512398    14.1004
13.7428    33.5092    14.1004
13.7668    33.5076    14.1004
13.780399    33.5084    14.1004
13.7964    33.5092    14.1004
13.806    33.5116    14.1004
13.825999    33.512398    14.1004
13.8404    33.5172    14.1004
13.8516    33.5196    14.1004
13.8564    33.5204    14.1004
13.871599    33.5276    14.1004
13.894    33.5372    14.1004
13.9044    33.5412    14.1004
13.9284    33.5556    14.1004
13.9332    33.558    14.1004
13.9564    33.5708    14.1004
13.981999    33.588398    14.1004
13.9939995    33.596397    14.1004
14.0132    33.613197    14.1004
14.016399    33.6156    14.1004
14.0188    33.6172    14.1004
14.0204    33.6196    14.1004
14.026    33.624397    14.1004
14.038799    33.6364    14.1004
14.058    33.6644    14.1004
14.061999    33.672398    14.1004
14.073199    33.6964    14.1004
14.078799    33.7108    14.1004
14.091599    33.7524    14.1004
14.0932    33.7572    14.1004
14.0932    33.7588    14.1004
14.0932    33.759598    14.1004
14.094    33.759598    14.1004
14.097199    33.7724    14.1004
14.1116    33.8316    14.1004
14.1156    33.8452    14.1004
14.120399    33.857998    14.1004
14.124399    33.869198    14.1004
14.131599    33.8844    14.1004
14.15    33.9148    14.1004
14.1556    33.922    14.1004
14.1812    33.9468    14.1004
14.182799    33.9484    14.1004
14.188399    33.950798    14.1004
14.2148    33.961998    14.1004
14.2204    33.9628    14.1004
14.2388    33.9636    14.1004
14.254    33.9636    14.1004
14.3364    33.964397    14.1004
14.349199    33.964397    14.1004
14.361199    33.966    14.1004
14.3828    33.9668    14.1004
14.400399    33.9684    14.1004
14.4084    33.969997    14.1004
14.417999    33.973198    14.1004
14.434799    33.9764    14.1004
14.4628    33.9876    14.1004
14.464399    33.9876    14.1004
14.465199    33.9884    14.1004
14.4892    34.003597    14.1004
14.5364    34.0332    14.1004
14.5412    34.0364    14.1004
14.5436    34.038    14.1004
14.5484    34.040398    14.1004
14.578799    34.05    14.1004
14.5868    34.0524    14.1004
14.5892    34.0524    14.1004
14.6564    34.0612    14.1004
14.662    34.0612    14.1004
14.6916    34.065998    14.1004
14.7044    34.0692    14.1004
14.717999    34.073997    14.1004
14.7332    34.0804    14.1004
14.7428    34.0836    14.1004
14.7596    34.0924    14.1004
14.7708    34.098    14.1004
14.780399    34.1036    14.1004
14.792399    34.1116    14.1004
14.8244    34.1364    14.1004
14.826799    34.138    14.1004
14.842    34.1524    14.1004
14.8524    34.1652    14.1004
14.8675995    34.1828    14.1004
14.877999    34.1996    14.1004
14.8907995    34.2212    14.1004
14.906799    34.250797    14.1004
14.9084    34.2548    14.1004
14.934    34.2844    14.1004
14.936399    34.286    14.1004
14.9388    34.2884    14.1004
14.9452    34.2916    14.1004
14.9844    34.3148    14.1004
15.0227995    34.3332    14.1004
15.0404    34.343597    14.1004
15.050799    34.35    14.1004
15.0708    34.3644    14.1004
15.078    34.3724    14.1004
15.0948    34.3884    14.1004
15.118799    34.4148    14.1004
15.1324    34.4316    14.1004
15.1564    34.466    14.1004
15.1779995    34.4988    14.1004
15.2132    34.5524    14.1004
15.2364    34.578    14.1004
15.2436    34.5868    14.1004
15.266    34.6004    14.1004
15.274799    34.6068    14.1004
15.2828    34.61    14.1004
15.318    34.621998    14.1004
15.334    34.627598    14.1004
15.394    34.6452    14.1004
15.412399    34.6516    14.1004
15.4388    34.6644    14.1004
15.440399    34.6652    14.1004
15.441199    34.666    14.1004
15.4595995    34.6788    14.1004
15.469199    34.686    14.1004
15.4892    34.7028    14.1004
15.504399    34.7164    14.1004
15.533199    34.742    14.1004
15.5476    34.7548    14.1004
15.568399    34.7748    14.1004
15.597199    34.804398    14.1004
15.618    34.826797    14.1004
15.6468    34.857998    14.1004
15.6524    34.863598    14.1004
15.658    34.8708    14.1004
15.6924    34.9116    14.1004
15.710799    34.9372    14.1004
15.7212    34.9516    14.1004
15.7355995    34.974    14.1004
15.7364    34.9764    14.1004
15.7372    34.9772    14.1004
15.746799    34.997997    14.1004
15.752399    35.0244    14.1004
15.754    35.0372    14.1004
15.7548    35.0428    14.1004
15.756399    35.0652    14.1004
15.757999    35.0788    14.1004
15.757199    35.0924    14.1004
15.757199    35.101997    14.1004
15.7556    35.114    14.1004
15.750799    35.1484    14.1004
15.75    35.1564    14.1004
15.7476    35.1652    14.1004
15.745999    35.1764    14.1004
15.742    35.2052    14.1004
15.739599    35.2292    14.1004
15.7411995    35.258    14.1004
15.742    35.27    14.1004
15.7428    35.2892    14.1004
15.7428    35.3252    14.1004
15.7444    35.3316    14.1004
15.7444    35.335598    14.1004
15.7428    35.3476    14.1004
15.7411995    35.3652    14.1004
15.734799    35.3764    14.1004
15.7308    35.39    14.1004
15.717199    35.4076    14.1004
15.716399    35.408398    14.1004
15.7148    35.41    14.1004
15.693999    35.4236    14.1004
15.6524    35.4524    14.1004
15.647599    35.4556    14.1004
15.646    35.456398    14.1004
15.641999    35.458797    14.1004
15.6092    35.4764    14.1004
15.5828    35.4892    14.1004
15.5803995    35.489998    14.1004
15.567599    35.4948    14.1004
15.5515995    35.5004    14.1004
15.537999    35.503597    14.1004
15.5308    35.5044    14.1004
15.5244    35.5052    14.1004
15.502    35.506798    14.1004
15.4612    35.5052    14.1004
15.4595995    35.5052    14.1004
15.4516    35.5044    14.1004
15.4196    35.5028    14.1004
15.412399    35.503597    14.1004
15.3868    35.503597    14.1004
15.383599    35.5044    14.1004
15.361199    35.5132    14.1004
15.3331995    35.5268    14.1004
15.282    35.5508    14.1004
15.2612    35.5596    14.1004
15.2484    35.5636    14.1004
15.23    35.5668    14.1004
15.2188    35.568398    14.1004
15.2044    35.5708    14.1004
15.1796    35.57    14.1004
15.1668    35.57    14.1004
15.153999    35.57    14.1004
15.134    35.57    14.1004
15.1108    35.5732    14.1004
15.1052    35.5724    14.1004
15.098    35.5764    14.1004
15.0764    35.5988    14.1004
15.0724    35.6124    14.1004
15.073199    35.621998    14.1004
15.073999    35.6316    14.1004
15.073199    35.641197    14.1004
15.0764    35.655598    14.1004
15.079599    35.6684    14.1004
15.0812    35.6804    14.1004
15.0859995    35.6964    14.1004
15.0859995    35.6996    14.1004
15.0836    35.7244    14.1004
15.078    35.7436    14.1004
15.0756    35.7492    14.1004
15.066    35.765198    14.1004
15.0532    35.781998    14.1004
15.050799    35.7852    14.1004
15.0484    35.7892    14.1004
15.0316    35.8116    14.1004
15.021199    35.8236    14.1004
15.0092    35.835598    14.1004
14.992399    35.8516    14.1004
14.975599    35.8652    14.1004
14.9716    35.869198    14.1004
14.9684    35.871597    14.1004
14.9228    35.9052    14.1004
14.912399    35.9124    14.1004
14.9084    35.9148    14.1004
14.883599    35.9372    14.1004
14.877999    35.945198    14.1004
14.866799    35.9684    14.1004
14.8652    35.9748    14.1004
14.8652    35.9876    14.1004
14.8644    36.0108    14.1004
14.8636    36.020397    14.1004
14.8636    36.082798    14.1004
14.8628    36.121998    14.1004
14.8628    36.126    14.1004
14.8619995    36.1348    14.1004
14.861199    36.1436    14.1004
14.858    36.1788    14.1004
14.8532    36.197998    14.1004
14.848399    36.214    14.1004
14.842799    36.2268    14.1004
14.8244    36.2524    14.1004
14.8236    36.2532    14.1004
14.7964    36.2836    14.1004
14.792399    36.2868    14.1004
14.7755995    36.3052    14.1004
14.7699995    36.3092    14.1004
14.745999    36.3308    14.1004
14.742    36.3348    14.1004
14.738    36.343597    14.1004
14.717999    36.365997    14.1004
14.7204    36.3964    14.1004
14.7212    36.3988    14.1004
14.7316    36.4132    14.1004
14.742    36.4268    14.1004
14.742    36.4284    14.1004
14.745199    36.4316    14.1004
14.7588    36.446    14.1004
14.773999    36.464397    14.1004
14.8043995    36.506    14.1004
14.809999    36.5132    14.1004
14.826799    36.5372    14.1004
14.8564    36.586    14.1004
14.865999    36.6012    14.1004
14.8675995    36.6036    14.1004
14.9052    36.6716    14.1004
14.9108    36.682    14.1004
14.918799    36.700397    14.1004
14.9268    36.7196    14.1004
14.934    36.7356    14.1004
14.936399    36.7436    14.1004
14.9396    36.7604    14.1004
14.941999    36.7756    14.1004
14.9444    36.7852    14.1004
14.9444    36.8124    14.1004
14.9444    36.8148    14.1004
14.9396    36.8372    14.1004
14.9388    36.8388    14.1004
14.9388    36.8404    14.1004
14.922    36.8836    14.1004
14.917999    36.893997    14.1004
14.914    36.9076    14.1004
14.8988    36.9556    14.1004
14.8852    37.0172    14.1004
14.882    37.0268    14.1004
14.8764    37.042    14.1004
14.865999    37.0692    14.1004
14.8636    37.073997    14.1004
14.8476    37.099598    14.1004
14.8412    37.110798    14.1004
14.821199    37.1452    14.1004
14.794    37.186    14.1004
14.785199    37.2012    14.1004
14.7708    37.222797    14.1004
14.745199    37.2572    14.1004
14.739599    37.2644    14.1004
14.7355995    37.2684    14.1004
14.7123995    37.293198    14.1004
14.710799    37.2948    14.1004
14.71    37.2956    14.1004
14.6916    37.314    14.1004
14.688399    37.321198    14.1004
14.6676    37.3444    14.1004
14.6676    37.354    14.1004
14.6636    37.378    14.1004
14.6684    37.3852    14.1004
14.6812    37.41    14.1004
14.6988    37.430798    14.1004
14.7012    37.4348    14.1004
14.7132    37.4516    14.1004
14.73    37.4748    14.1004
14.733999    37.4796    14.1004
14.7428    37.4948    14.1004
14.751599    37.5108    14.1004
14.754    37.5196    14.1004
14.763599    37.5444    14.1004
14.7652    37.5564    14.1004
14.766    37.5876    14.1004
14.766    37.5972    14.1004
14.762    37.6196    14.1004
14.751599    37.646    14.1004
14.75    37.6508    14.1004
14.7492    37.6532    14.1004
14.746799    37.6564    14.1004
14.729199    37.6868    14.1004
14.7148    37.705997    14.1004
14.6964    37.725998    14.1004
14.681999    37.742    14.1004
14.6636    37.756397    14.1004
14.660399    37.7588    14.1004
14.636399    37.776398    14.1004
14.6348    37.7772    14.1004
14.6332    37.778    14.1004
14.608399    37.7908    14.1004
14.6068    37.7916    14.1004
14.584399    37.8012    14.1004
14.578    37.8036    14.1004
14.5484    37.814    14.1004
14.526799    37.822    14.1004
14.5076    37.8276    14.1004
14.4916    37.832397    14.1004
14.4548    37.8364    14.1004
14.4484    37.8364    14.1004
14.4428    37.8372    14.1004
14.441999    37.8372    14.1004
14.4388    37.837997    14.1004
14.2476    37.849197    14.1004
14.2308    37.8508    14.1004
14.2204    37.8508    14.1004
14.214    37.8516    14.1004
14.186    37.854797    14.1004
14.17    37.8628    14.1004
14.1564    37.8668    14.1004
14.130799    37.888397    14.1004
14.1268    37.891598    14.1004
14.125999    37.891598    14.1004
14.096399    37.9188    14.1004
14.0924    37.9244    14.1004
14.0468    37.9764    14.1004
14.021199    38.0004    14.1004
14.016399    38.0052    14.1004
14.0116    38.01    14.1004
13.99    38.029198    14.1004
13.9444    38.062798    14.1004
13.936399    38.068398    14.1004
13.9276    38.0756    14.1004
13.8988    38.1004    14.1004
13.866799    38.133198    14.1004
13.855599    38.1452    14.1004
13.8484    38.1508    14.1004
13.842799    38.1548    14.1004
13.8164    38.1756    14.1004
13.806    38.1812    14.1004
13.7844    38.192398    14.1004
13.779599    38.1956    14.1004
13.7316    38.2164    14.1004
13.7308    38.2164    14.1004
13.6868    38.228397    14.1004
13.6452    38.2388    14.1004
13.641999    38.239597    14.1004
13.6396    38.239597    14.1004
13.5803995    38.2516    14.1004
13.561199    38.253998    14.1004
13.545199    38.2556    14.1004
13.5372    38.2556    14.1004
13.5148    38.2556    14.1004
13.506    38.253998    14.1004
13.4828    38.2516    14.1004
13.45    38.242798    14.1004
13.4372    38.2388    14.1004
13.429999    38.238    14.1004
13.4052    38.231598    14.1004
13.3884    38.2308    14.1004
13.373199    38.2292    14.1004
13.361199    38.2308    14.1004
13.3452    38.2308    14.1004
13.3228    38.2364    14.1004
13.3196    38.238    14.1004
13.3164    38.2388    14.1004
13.314799    38.2388    14.1004
13.309999    38.2412    14.1004
13.2987995    38.245197    14.1004
13.2476    38.261997    14.1004
13.2316    38.265198    14.1004
13.2084    38.2692    14.1004
13.1916    38.2724    14.1004
13.1684    38.274    14.1004
13.130799    38.2748    14.1004
13.1164    38.2756    14.1004
13.0892    38.274    14.1004
13.027599    38.2724    14.1004
12.981199    38.27    14.1004
12.9452    38.2668    14.1004
12.8988    38.2604    14.1004
12.8804    38.2572    14.1004
12.8524    38.2532    14.1004
12.8196    38.2476    14.1004
12.794    38.242    14.1004
12.7484    38.2292    14.1004
12.7436    38.228397    14.1004
12.714    38.218    14.1004
12.7084    38.2164    14.1004
12.7076    38.2156    14.1004
12.6804    38.1988    14.1004
12.6668    38.1884    14.1004
12.6564    38.1796    14.1004
12.6292    38.1508    14.1004
12.6236    38.1452    14.1004
12.6012    38.1252    14.1004
12.6004    38.124397    14.1004
12.5996    38.1236    14.1004
12.573999    38.1044    14.1004
12.5612    38.0956    14.1004
12.5428    38.0836    14.1004
12.5028    38.0652    14.1004
12.49    38.0596    14.1004
12.4668    38.054    14.1004
12.4556    38.051598    14.1004
12.4508    38.051598    14.1004
12.4332    38.0508    14.1004
12.4268    38.05    14.1004
12.424399    38.05    14.1004
12.422    38.0508    14.1004
12.398    38.057198    14.1004
12.3772    38.0668    14.1004
12.365999    38.071598    14.1004
12.3572    38.077198    14.1004
12.2652    38.127598    14.1004
12.1956    38.1652    14.1004
12.1324    38.194798    14.1004
12.096399    38.2108    14.1004
12.094    38.211597    14.1004
12.0828    38.2164    14.1004
12.0492    38.228397    14.1004
12.0404    38.2308    14.1004
11.9964    38.2444    14.1004
11.9668    38.2524    14.1004
11.9428    38.258    14.1004
11.906799    38.265198    14.1004
11.8708    38.27    14.1004
11.866    38.270798    14.1004
11.8412    38.273197    14.1004
11.838799    38.274    14.1004
11.814799    38.274    14.1004
11.7996    38.2748    14.1004
11.797999    38.2748    14.1004
11.754    38.2692    14.1004
11.7444    38.267597    14.1004
11.7252    38.2628    14.1004
11.7076    38.258    14.1004
11.6644    38.242    14.1004
11.660399    38.2412    14.1004
11.6572    38.2388    14.1004
11.6188    38.2212    14.1004
11.613199    38.218    14.1004
11.573199    38.194    14.1004
11.5428    38.1732    14.1004
11.533999    38.1684    14.1004
11.5204    38.1564    14.1004
11.509999    38.146    14.1004
11.4772    38.116398    14.1004
11.4748    38.114    14.1004
11.474    38.113197    14.1004
11.4636    38.1012    14.1004
11.452399    38.0876    14.1004
11.4316    38.0548    14.1004
11.4172    38.0324    14.1004
11.407599    38.0156    14.1004
11.37    37.941998    14.1004
11.3596    37.9204    14.1004
11.354799    37.9124    14.1004
11.334    37.8796    14.1004
11.326799    37.8708    14.1004
11.314    37.8532    14.1004
11.297199    37.8348    14.1004
11.257199    37.7924    14.1004
11.2355995    37.766    14.1004
11.222799    37.750797    14.1004
11.222    37.748398    14.1004
11.2012    37.7188    14.1004
11.1964    37.711597    14.1004
11.1812    37.682    14.1004
11.1756    37.672398    14.1004
11.174    37.666798    14.1004
11.1644    37.641197    14.1004
11.1564    37.618    14.1004
11.1491995    37.5948    14.1004
11.146    37.5748    14.1004
11.1388    37.5308    14.1004
11.138    37.520397    14.1004
11.1348    37.466    14.1004
11.1348    37.464397    14.1004
11.137199    37.4332    14.1004
11.1388    37.413998    14.1004
11.1435995    37.3868    14.1004
11.1476    37.363598    14.1004
11.1476    37.360397    14.1004
11.15    37.3508    14.1004
11.160399    37.318798    14.1004
11.170799    37.29    14.1004
11.1788    37.2692    14.1004
11.188399    37.248398    14.1004
11.1972    37.2292    14.1004
11.222    37.182    14.1004
11.2268    37.172398    14.1004
11.23    37.1676    14.1004
11.257199    37.1252    14.1004
11.268399    37.11    14.1004
11.2828    37.090797    14.1004
11.297199    37.0756    14.1004
11.309199    37.062    14.1004
11.3364    37.0388    14.1004
11.342    37.0332    14.1004
11.349999    37.022    14.1004
11.3636    37.003597    14.1004
11.366799    36.981197    14.1004
11.366799    36.9692    14.1004
11.3516    36.950798    14.1004
11.3428    36.9388    14.1004
11.3196    36.9276    14.1004
11.3172    36.9268    14.1004
11.3164    36.9268    14.1004
11.314799    36.926    14.1004
11.282    36.9132    14.1004
11.2676    36.902798    14.1004
11.2596    36.8964    14.1004
11.2484    36.8852    14.1004
11.2332    36.869198    14.1004
11.2156    36.849197    14.1004
11.1916    36.8228    14.1004
11.1628    36.786    14.1004
11.146    36.765198    14.1004
11.1404    36.756397    14.1004
11.108399    36.711597    14.1004
11.094    36.6908    14.1004
11.0668    36.6492    14.1004
11.0668    36.6484    14.1004
11.0636    36.642    14.1004
