13.1412    26.989199    2.7004
13.1572    26.9884    2.7004
13.294    26.955599    2.7004
13.309199    26.9516    2.7004
13.4396    26.8972    2.7004
13.4539995    26.8916    2.7004
13.5748    26.8172    2.7004
13.5884    26.809198    2.7004
13.6956    26.717999    2.7004
13.7076    26.7076    2.7004
13.7987995    26.600399    2.7004
13.809199    26.5884    2.7004
13.883599    26.4676    2.7004
13.8916    26.453999    2.7004
13.946    26.323599    2.7004
13.9516    26.3092    2.7004
13.9844    26.1724    2.7004
13.9883995    26.1572    2.7004
13.999599    26.0164    2.7004
14.0004    26.000399    2.7004
14.0004    25.001999    2.7004
14.0004    16.0004    2.7004
13.9892    15.8596    2.7004
13.9883995    15.843599    2.7004
13.9556    15.7067995    2.7004
13.9516    15.6916    2.7004
13.8972    15.561199    2.7004
13.8916    15.5468    2.7004
13.8172    15.426    2.7004
13.809199    15.412399    2.7004
13.717999    15.3052    2.7004
13.7076    15.2932    2.7004
13.6004    15.202    2.7004
13.5884    15.1916    2.7004
13.4676    15.1172    2.7004
13.4539995    15.1092    2.7004
13.3236    15.0548    2.7004
13.309199    15.0492    2.7004
13.1723995    15.016399    2.7004
13.1572    15.0124    2.7004
13.016399    15.0012    2.7004
13.0004    15.0004    2.7004
12.900399    15.0004    2.7004
12.0004    15.0004    2.7004
11.8596    15.0116    2.7004
11.843599    15.0124    2.7004
11.7067995    15.045199    2.7004
11.6916    15.0492    2.7004
11.5612    15.1036    2.7004
11.5468    15.1092    2.7004
11.426    15.183599    2.7004
11.412399    15.1916    2.7004
11.3052    15.2828    2.7004
11.2932    15.2932    2.7004
11.202    15.400399    2.7004
11.1916    15.412399    2.7004
11.1172    15.533199    2.7004
11.1092    15.5468    2.7004
11.0548    15.677199    2.7004
11.0492    15.6916    2.7004
11.016399    15.8284    2.7004
11.0124    15.843599    2.7004
11.0012    15.9844    2.7004
11.0004    16.0004    2.7004
11.0004    16.9988    2.7004
11.0004    26.000399    2.7004
11.0116    26.1412    2.7004
11.0124    26.1572    2.7004
11.045199    26.293999    2.7004
11.0492    26.3092    2.7004
11.1036    26.4396    2.7004
11.1092    26.453999    2.7004
11.183599    26.574799    2.7004
11.1916    26.5884    2.7004
11.2828    26.695599    2.7004
11.2932    26.7076    2.7004
11.4004    26.7988    2.7004
11.412399    26.809198    2.7004
11.533199    26.8836    2.7004
11.5468    26.8916    2.7004
11.677199    26.946    2.7004
11.6916    26.9516    2.7004
11.8284    26.9844    2.7004
11.843599    26.9884    2.7004
11.9844    26.9996    2.7004
12.0004    27.000399    2.7004
12.1004    27.000399    2.7004
13.0004    27.000399    2.7004
13.1412    26.989199    2.7004
