32.127598    4.1492    2.7004
32.1316    4.1324    2.7004
32.138798    3.9796    2.7004
32.1396    3.9627998    2.7004
32.1212    3.8107998    2.7004
32.118797    3.794    2.7004
32.073997    3.6467998    2.7004
32.0692    3.6308    2.7004
32.0004    3.494    2.7004
31.993198    3.4787998    2.7004
31.9028    3.3555999    2.7004
31.892399    3.342    2.7004
31.782    3.2356    2.7004
31.769999    3.2236    2.7004
31.643599    3.138    2.7004
31.6292    3.1283998    2.7004
31.489199    3.0651999    2.7004
31.473999    3.0579998    2.7004
31.325998    3.0188    2.7004
31.31    3.0147998    2.7004
31.1572    3.0019999    2.7004
31.1404    3.0003998    2.7004
25.6132    3.0003998    2.7004
25.000399    3.0003998    2.7004
19.4732    3.0003998    2.7004
18.8604    3.0003998    2.7004
18.7076    3.0131998    2.7004
18.6908    3.0147998    2.7004
18.542799    3.054    2.7004
18.5268    3.0579998    2.7004
18.386799    3.1211998    2.7004
18.3716    3.1283998    2.7004
18.2452    3.214    2.7004
18.230799    3.2236    2.7004
18.1204    3.33    2.7004
18.1084    3.342    2.7004
18.018    3.4652    2.7004
18.007599    3.4787998    2.7004
17.938799    3.6155999    2.7004
17.931599    3.6308    2.7004
17.886799    3.7779999    2.7004
17.882    3.794    2.7004
17.8636    3.9459999    2.7004
17.8612    3.9627998    2.7004
17.868399    4.1156    2.7004
17.8692    4.1324    2.7004
17.902    4.282    2.7004
17.906    4.2988    2.7004
19.2292    8.5308    2.7004
19.375599    9.0004    2.7004
23.5796    22.4532    2.7004
24.046    23.946    2.7004
24.1036    24.0868    2.7004
24.109999    24.102798    2.7004
24.189999    24.2316    2.7004
24.1988    24.246    2.7004
24.299599    24.3596    2.7004
24.310799    24.3724    2.7004
24.43    24.4676    2.7004
24.442799    24.477999    2.7004
24.5756    24.5516    2.7004
24.59    24.559599    2.7004
24.7332    24.609999    2.7004
24.749199    24.615599    2.7004
24.8988    24.6412    2.7004
24.9156    24.6444    2.7004
24.9916    24.6476    2.7004
25.000399    24.6476    2.7004
25.076399    24.6444    2.7004
25.0852    24.6444    2.7004
25.234798    24.6188    2.7004
25.2516    24.615599    2.7004
25.3948    24.565199    2.7004
25.410799    24.559599    2.7004
25.5436    24.486    2.7004
25.557999    24.477999    2.7004
25.677198    24.3828    2.7004
25.689999    24.3724    2.7004
25.7908    24.258799    2.7004
25.802    24.246    2.7004
25.882    24.117199    2.7004
25.890799    24.102798    2.7004
25.948399    23.962    2.7004
25.9548    23.946    2.7004
26.5676    21.983599    2.7004
32.0948    4.2988    2.7004
32.127598    4.1492    2.7004
