29.723598    26.663599    2.7004
29.7396    26.6668    2.7004
29.885199    26.6756    2.7004
29.9012    26.6764    2.7004
30.046    26.661999    2.7004
30.061998    26.660398    2.7004
30.202799    26.622    2.7004
30.2188    26.618    2.7004
30.351599    26.5572    2.7004
30.366    26.550798    2.7004
30.4868    26.47    2.7004
30.500399    26.461199    2.7004
30.6068    26.362    2.7004
30.6188    26.3508    2.7004
30.708399    26.2356    2.7004
30.717999    26.2228    2.7004
30.786798    26.0956    2.7004
30.7948    26.0812    2.7004
30.8428    25.9436    2.7004
30.8484    25.9284    2.7004
30.873999    25.784399    2.7004
30.8764    25.7684    2.7004
30.9236    25.2596    2.7004
31.3452    20.6764    2.7004
31.345999    20.5212    2.7004
31.345999    20.5044    2.7004
31.320398    20.351599    2.7004
31.3172    20.334799    2.7004
31.265999    20.1892    2.7004
31.260399    20.173199    2.7004
31.184399    20.038    2.7004
31.1764    20.0228    2.7004
31.078798    19.903599    2.7004
31.067598    19.89    2.7004
30.9508    19.788399    2.7004
30.938    19.777199    2.7004
30.805199    19.6964    2.7004
30.7908    19.6876    2.7004
30.65    19.678    2.7004
30.633999    19.6772    2.7004
30.493198    19.6892    2.7004
30.4772    19.6908    2.7004
30.340399    19.725199    2.7004
30.3252    19.7292    2.7004
30.1948    19.784399    2.7004
30.180399    19.7908    2.7004
30.0612    19.866    2.7004
30.0476    19.873999    2.7004
29.941198    19.966799    2.7004
29.9292    19.9772    2.7004
29.838799    20.086    2.7004
29.8284    20.098    2.7004
29.7556    20.219599    2.7004
29.747599    20.2332    2.7004
29.6948    20.364399    2.7004
29.6892    20.3788    2.7004
29.5404    20.8556    2.7004
28.197199    25.150799    2.7004
28.165998    25.2892    2.7004
28.1628    25.3044    2.7004
28.1532    25.4452    2.7004
28.1524    25.4604    2.7004
28.1644    25.6012    2.7004
28.165998    25.617199    2.7004
28.2004    25.754    2.7004
28.2044    25.7692    2.7004
28.2596    25.8988    2.7004
28.265999    25.913198    2.7004
28.342    26.0324    2.7004
28.349998    26.046    2.7004
28.442799    26.1524    2.7004
28.4532    26.1644    2.7004
28.5612    26.254799    2.7004
28.5732    26.2652    2.7004
28.6948    26.3372    2.7004
28.708399    26.3452    2.7004
28.8396    26.397999    2.7004
28.854    26.403599    2.7004
28.9268    26.425999    2.7004
29.581999    26.6316    2.7004
29.723598    26.663599    2.7004
