5.2939997    26.989199    2.7004
5.3092    26.9884    2.7004
5.4452    26.955599    2.7004
5.4603996    26.9524    2.7004
5.5908    26.897999    2.7004
5.6052    26.892399    2.7004
5.7244    26.8196    2.7004
5.738    26.8116    2.7004
5.8452    26.721199    2.7004
5.8571997    26.7108    2.7004
5.9484    26.604399    2.7004
5.9588    26.5924    2.7004
6.0332    26.4732    2.7004
6.0411997    26.459599    2.7004
6.0955997    26.3308    2.7004
6.1019998    26.316399    2.7004
6.1355996    26.1796    2.7004
6.1396    26.1644    2.7004
6.506    23.9676    2.7004
9.806    4.1644    2.7004
9.818    4.0092    2.7004
9.8196    3.9915998    2.7004
9.8052    3.8363998    2.7004
9.803599    3.8195999    2.7004
9.762    3.6692    2.7004
9.757199    3.6524    2.7004
9.69    3.5116    2.7004
9.682799    3.4956    2.7004
9.5924    3.3683999    2.7004
9.5828    3.3539999    2.7004
9.4716    3.2436    2.7004
9.4595995    3.2315998    2.7004
9.3316    3.1427999    2.7004
9.3172    3.1332    2.7004
9.1764    3.0676    2.7004
9.160399    3.0604    2.7004
9.0092    3.0203998    2.7004
8.9924    3.0156    2.7004
8.8372    3.0019999    2.7004
8.8196    3.0003998    2.7004
8.337999    3.0003998    2.7004
4.0004    3.0003998    2.7004
3.8595998    3.0116    2.7004
3.8435998    3.0124    2.7004
3.7068    3.0451999    2.7004
3.6915998    3.0491998    2.7004
3.5612    3.1036    2.7004
3.5468    3.1092    2.7004
3.4259999    3.1836    2.7004
3.4124    3.1915998    2.7004
3.3051999    3.2828    2.7004
3.2932    3.2932    2.7004
3.202    3.4004    2.7004
3.1915998    3.4124    2.7004
3.1172    3.5332    2.7004
3.1092    3.5468    2.7004
3.0548    3.6771998    2.7004
3.0491998    3.6915998    2.7004
3.0163999    3.8284    2.7004
3.0124    3.8435998    2.7004
3.0012    3.9843998    2.7004
3.0003998    4.0004    2.7004
3.0003998    8.5012    2.7004
3.0003998    9.0004    2.7004
3.0003998    24.3028    2.7004
3.0003998    26.000399    2.7004
3.0116    26.1412    2.7004
3.0124    26.1572    2.7004
3.0451999    26.293999    2.7004
3.0491998    26.3092    2.7004
3.1036    26.4396    2.7004
3.1092    26.453999    2.7004
3.1836    26.574799    2.7004
3.1915998    26.5884    2.7004
3.2828    26.695599    2.7004
3.2932    26.7076    2.7004
3.4004    26.7988    2.7004
3.4124    26.809198    2.7004
3.5332    26.8836    2.7004
3.5468    26.8916    2.7004
3.6771998    26.946    2.7004
3.6915998    26.9516    2.7004
3.8284    26.9844    2.7004
3.8435998    26.9884    2.7004
3.9843998    26.9996    2.7004
4.0004    27.000399    2.7004
4.1156    27.000399    2.7004
5.1531997    27.000399    2.7004
5.2939997    26.989199    2.7004
