39.0004    16.0004    2.7004
39.0004    25.001999    2.7004
39.0004    26.000399    2.7004
38.9996    26.0164    2.7004
38.9884    26.1572    2.7004
38.984398    26.1724    2.7004
38.9516    26.3092    2.7004
38.946    26.323599    2.7004
38.891598    26.453999    2.7004
38.8836    26.4676    2.7004
38.8092    26.5884    2.7004
38.798798    26.600399    2.7004
38.7076    26.7076    2.7004
38.6956    26.717999    2.7004
38.588398    26.809198    2.7004
38.5748    26.8172    2.7004
38.454    26.8916    2.7004
38.439598    26.8972    2.7004
38.3092    26.9516    2.7004
38.294    26.955599    2.7004
38.1572    26.9884    2.7004
38.141197    26.989199    2.7004
38.0004    27.000399    2.7004
37.1004    27.000399    2.7004
37.0004    27.000399    2.7004
36.984398    26.9996    2.7004
36.843597    26.9884    2.7004
36.8284    26.9844    2.7004
36.6916    26.9516    2.7004
36.6772    26.946    2.7004
36.5468    26.8916    2.7004
36.5332    26.8836    2.7004
36.4124    26.809198    2.7004
36.4004    26.7988    2.7004
36.293198    26.7076    2.7004
36.2828    26.695599    2.7004
36.1916    26.5884    2.7004
36.183598    26.574799    2.7004
36.1092    26.453999    2.7004
36.1036    26.4396    2.7004
36.0492    26.3092    2.7004
36.0452    26.293999    2.7004
36.012398    26.1572    2.7004
36.0116    26.1412    2.7004
36.0004    26.000399    2.7004
36.0004    16.9988    2.7004
36.0004    16.0004    2.7004
36.002    15.9844    2.7004
36.012398    15.843599    2.7004
36.0164    15.8284    2.7004
36.0492    15.6916    2.7004
36.0548    15.677199    2.7004
36.1092    15.5468    2.7004
36.1172    15.533199    2.7004
36.1916    15.412399    2.7004
36.202    15.400399    2.7004
36.293198    15.2932    2.7004
36.3052    15.2828    2.7004
36.4124    15.1916    2.7004
36.426    15.183599    2.7004
36.5468    15.1092    2.7004
36.5612    15.1036    2.7004
36.6916    15.0492    2.7004
36.7068    15.045199    2.7004
36.843597    15.0124    2.7004
36.8596    15.0116    2.7004
37.0004    15.0004    2.7004
37.9004    15.0004    2.7004
38.0004    15.0004    2.7004
38.0164    15.0012    2.7004
38.1572    15.0124    2.7004
38.172398    15.016399    2.7004
38.3092    15.0492    2.7004
38.3236    15.0548    2.7004
38.454    15.1092    2.7004
38.467598    15.1172    2.7004
38.588398    15.1916    2.7004
38.6004    15.202    2.7004
38.7076    15.2932    2.7004
38.718    15.3052    2.7004
38.8092    15.412399    2.7004
38.8172    15.426    2.7004
38.891598    15.5468    2.7004
38.897198    15.561199    2.7004
38.9516    15.6916    2.7004
38.9556    15.7067995    2.7004
38.9884    15.843599    2.7004
38.9892    15.8596    2.7004
39.0004    16.0004    2.7004
