19.15    25.9124    2.7004
19.1524    25.9284    2.7004
19.2004    26.066    2.7004
19.206    26.0812    2.7004
19.2748    26.208399    2.7004
19.282799    26.2228    2.7004
19.3724    26.338    2.7004
19.382    26.3508    2.7004
19.4884    26.449999    2.7004
19.500399    26.461199    2.7004
19.621199    26.542    2.7004
19.6348    26.550798    2.7004
19.7676    26.611599    2.7004
19.782    26.618    2.7004
19.9228    26.656399    2.7004
19.938799    26.660398    2.7004
20.0836    26.674799    2.7004
20.0996    26.6764    2.7004
20.2452    26.667599    2.7004
20.2612    26.6668    2.7004
20.4028    26.6348    2.7004
20.4188    26.6316    2.7004
20.4916    26.6092    2.7004
21.1468    26.403599    2.7004
21.278    26.3508    2.7004
21.2924    26.3452    2.7004
21.414    26.2732    2.7004
21.427599    26.2652    2.7004
21.535599    26.174799    2.7004
21.5476    26.1644    2.7004
21.6404    26.057999    2.7004
21.650799    26.046    2.7004
21.726799    25.9268    2.7004
21.7348    25.913198    2.7004
21.789999    25.7836    2.7004
21.7964    25.7692    2.7004
21.8308    25.632399    2.7004
21.834799    25.617199    2.7004
21.8468    25.476398    2.7004
21.8484    25.4604    2.7004
21.838799    25.3196    2.7004
21.838    25.3044    2.7004
21.806799    25.165998    2.7004
21.8036    25.150799    2.7004
21.654799    24.674    2.7004
20.3116    20.3788    2.7004
20.258799    20.247599    2.7004
20.253199    20.2332    2.7004
20.180399    20.111599    2.7004
20.1724    20.098    2.7004
20.081999    19.989199    2.7004
20.0716    19.9772    2.7004
19.9652    19.8844    2.7004
19.9532    19.873999    2.7004
19.834    19.7988    2.7004
19.8204    19.7908    2.7004
19.689999    19.7356    2.7004
19.6756    19.7292    2.7004
19.5388    19.6948    2.7004
19.5236    19.6908    2.7004
19.3828    19.678799    2.7004
19.3668    19.6772    2.7004
19.226    19.6868    2.7004
19.21    19.6876    2.7004
19.0772    19.7684    2.7004
19.0628    19.777199    2.7004
18.946    19.8788    2.7004
18.933199    19.89    2.7004
18.8356    20.0092    2.7004
18.8244    20.0228    2.7004
18.7484    20.157999    2.7004
18.7404    20.173199    2.7004
18.6892    20.3188    2.7004
18.6836    20.334799    2.7004
18.657999    20.4876    2.7004
18.6548    20.5044    2.7004
18.6556    20.6596    2.7004
18.6556    20.6764    2.7004
18.702799    21.1852    2.7004
19.1244    25.7684    2.7004
19.15    25.9124    2.7004
