1.3507999    0.0004    2.7004
1.5004    0.0004    2.7004
9.5204    0.0004    2.7004
10.41    0.0004    2.7004
17.4732    0.0004    2.7004
18.2564    0.0004    2.7004
24.3268    0.0004    2.7004
25.000399    0.0004    2.7004
33.1644    0.0004    2.7004
34.07    0.0004    2.7004
39.0396    0.0004    2.7004
39.590797    0.0004    2.7004
48.961197    0.0004    2.7004
50.0004    0.0004    2.7004
50.0004    8.1012    2.7004
50.0004    9.0004    2.7004
50.0004    27.9028    2.7004
50.0004    30.000399    2.7004
40.629997    30.000399    2.7004
39.590797    30.000399    2.7004
34.6212    30.000399    2.7004
34.07    30.000399    2.7004
25.906    30.000399    2.7004
25.000399    30.000399    2.7004
18.93    30.000399    2.7004
18.2564    30.000399    2.7004
11.1932    30.000399    2.7004
10.41    30.000399    2.7004
2.3899999    30.000399    2.7004
1.5004    30.000399    2.7004
0.14999999    30.000399    2.7004
0.0004    30.000399    2.7004
0.0004    11.098    2.7004
0.0004    9.0004    2.7004
0.0004    0.89959997    2.7004
0.0004    0.0004    2.7004
1.3507999    0.0004    2.7004
