22.2724    28.754799    12.3004
22.2796    28.73    12.3004
22.282    28.7164    12.3004
22.282    28.7044    12.3004
22.271599    28.6852    12.3004
22.2636    28.677198    12.3004
22.2508    28.669199    12.3004
22.206799    28.6444    12.3004
22.1556    28.6188    12.3004
22.1308    28.605999    12.3004
22.1252    28.602    12.3004
22.1092    28.5884    12.3004
22.091599    28.574    12.3004
22.081999    28.5644    12.3004
22.0628    28.5436    12.3004
22.0476    28.5148    12.3004
22.046    28.511599    12.3004
22.0396    28.485199    12.3004
22.0388    28.476398    12.3004
22.042799    28.4588    12.3004
22.0444    28.4524    12.3004
22.0476    28.4468    12.3004
22.057999    28.427599    12.3004
22.070799    28.409199    12.3004
22.094799    28.3676    12.3004
22.100399    28.3596    12.3004
22.109999    28.3468    12.3004
22.128399    28.3204    12.3004
22.143599    28.3028    12.3004
22.1556    28.2876    12.3004
22.1724    28.271599    12.3004
22.195599    28.2508    12.3004
22.1996    28.245998    12.3004
22.206799    28.2396    12.3004
22.258799    28.1996    12.3004
22.2748    28.1868    12.3004
22.3252    28.1532    12.3004
22.3452    28.139599    12.3004
22.3972    28.1068    12.3004
22.4172    28.0924    12.3004
22.449999    28.070799    12.3004
22.4588    28.066    12.3004
22.4804    28.050798    12.3004
22.5012    28.038    12.3004
22.5124    28.0308    12.3004
22.538    28.011599    12.3004
22.5564    27.993198    12.3004
22.57    27.981998    12.3004
22.5836    27.9676    12.3004
22.5964    27.949999    12.3004
22.600399    27.946    12.3004
22.6196    27.9196    12.3004
22.642    27.89    12.3004
22.6532    27.875599    12.3004
22.6588    27.868399    12.3004
22.6868    27.8356    12.3004
22.6932    27.8284    12.3004
22.6964    27.8252    12.3004
22.702    27.8196    12.3004
22.730799    27.786798    12.3004
22.741999    27.7764    12.3004
22.7628    27.754    12.3004
22.774    27.7468    12.3004
22.7916    27.7316    12.3004
22.823599    27.712399    12.3004
22.833199    27.706799    12.3004
22.853199    27.6996    12.3004
22.8724    27.691599    12.3004
22.897999    27.684399    12.3004
22.9124    27.6796    12.3004
22.938    27.673199    12.3004
22.949999    27.669199    12.3004
23.000399    27.6556    12.3004
23.0252    27.65    12.3004
23.0308    27.6484    12.3004
23.037199    27.6468    12.3004
23.0668    27.6404    12.3004
23.0844    27.6348    12.3004
23.105999    27.6276    12.3004
23.1308    27.6132    12.3004
23.1372    27.6108    12.3004
23.1524    27.598799    12.3004
23.1628    27.5924    12.3004
23.173199    27.5844    12.3004
23.1892    27.569199    12.3004
23.2036    27.5532    12.3004
23.2188    27.537199    12.3004
23.237999    27.514    12.3004
23.2404    27.5108    12.3004
23.2428    27.5084    12.3004
23.2516    27.496399    12.3004
23.306799    27.4252    12.3004
23.353199    27.361198    12.3004
23.3636    27.347599    12.3004
23.3844    27.3204    12.3004
23.396399    27.3084    12.3004
23.416399    27.286798    12.3004
23.437199    27.269999    12.3004
23.442799    27.265999    12.3004
23.4804    27.2452    12.3004
23.486    27.2428    12.3004
23.514    27.234    12.3004
23.524399    27.2316    12.3004
23.5436    27.226799    12.3004
23.552399    27.225199    12.3004
23.5604    27.2244    12.3004
23.5956    27.226799    12.3004
23.597198    27.226799    12.3004
23.615599    27.2316    12.3004
23.6332    27.236399    12.3004
23.6348    27.236399    12.3004
23.669199    27.249199    12.3004
23.6708    27.25    12.3004
23.706    27.2628    12.3004
23.708399    27.2636    12.3004
23.708399    27.264399    12.3004
23.7092    27.264399    12.3004
23.754799    27.2892    12.3004
23.7708    27.3004    12.3004
23.7724    27.302    12.3004
23.774    27.3044    12.3004
23.7892    27.3188    12.3004
23.7892    27.3196    12.3004
23.8028    27.342    12.3004
23.805199    27.353199    12.3004
23.81    27.3708    12.3004
23.814    27.390799    12.3004
23.816399    27.4252    12.3004
23.817999    27.435598    12.3004
23.8188    27.4476    12.3004
23.8196    27.473999    12.3004
23.8188    27.5148    12.3004
23.8188    27.522    12.3004
23.817999    27.531599    12.3004
23.8148    27.5604    12.3004
23.812399    27.570799    12.3004
23.806    27.602798    12.3004
23.8036    27.613998    12.3004
23.801199    27.619598    12.3004
23.788399    27.663599    12.3004
23.7876    27.6652    12.3004
23.786798    27.6668    12.3004
23.7748    27.697199    12.3004
23.7652    27.7204    12.3004
23.7628    27.725199    12.3004
23.71    27.833199    12.3004
23.7092    27.833199    12.3004
23.7044    27.847599    12.3004
23.6892    27.8876    12.3004
23.6892    27.89    12.3004
23.6716    27.9748    12.3004
23.6668    27.994799    12.3004
23.6588    28.0236    12.3004
23.6516    28.0436    12.3004
23.6428    28.066    12.3004
23.6388    28.074799    12.3004
23.626    28.098    12.3004
23.6012    28.1404    12.3004
23.593199    28.154799    12.3004
23.5772    28.178799    12.3004
23.562    28.202799    12.3004
23.5548    28.213999    12.3004
23.541199    28.236399    12.3004
23.5348    28.25    12.3004
23.528399    28.258799    12.3004
23.5252    28.271599    12.3004
23.518799    28.2908    12.3004
23.517199    28.299599    12.3004
23.5148    28.310799    12.3004
23.5108    28.3308    12.3004
23.5092    28.3468    12.3004
23.507599    28.366    12.3004
23.501999    28.4028    12.3004
23.4972    28.4396    12.3004
23.490799    28.466799    12.3004
23.483599    28.498    12.3004
23.4804    28.51    12.3004
23.466799    28.542799    12.3004
23.4452    28.5836    12.3004
23.442799    28.5868    12.3004
23.4412    28.5884    12.3004
23.416399    28.6244    12.3004
23.401999    28.6404    12.3004
23.3916    28.6524    12.3004
23.3844    28.660398    12.3004
23.373999    28.67    12.3004
23.3556    28.688398    12.3004
23.3428    28.6988    12.3004
23.3228    28.7148    12.3004
23.306799    28.7276    12.3004
23.217999    28.792398    12.3004
23.1948    28.809198    12.3004
23.1668    28.833199    12.3004
23.1652    28.834799    12.3004
23.161999    28.8372    12.3004
23.1276    28.8692    12.3004
23.0884    28.909199    12.3004
23.069199    28.9268    12.3004
23.022    28.9692    12.3004
23.007599    28.9828    12.3004
22.976398    29.0092    12.3004
22.9748    29.0108    12.3004
22.972399    29.0124    12.3004
22.938799    29.0332    12.3004
22.9196    29.0436    12.3004
22.8956    29.0556    12.3004
22.8668    29.07    12.3004
22.8484    29.078    12.3004
22.8308    29.085999    12.3004
22.7948    29.100399    12.3004
22.7596    29.1124    12.3004
22.758799    29.1124    12.3004
22.7052    29.128399    12.3004
22.682    29.1348    12.3004
22.6484    29.143599    12.3004
22.585999    29.157999    12.3004
22.5644    29.161999    12.3004
22.538    29.165998    12.3004
22.496399    29.171598    12.3004
22.4524    29.1764    12.3004
22.4492    29.177198    12.3004
22.407598    29.1764    12.3004
22.4028    29.1764    12.3004
22.3636    29.1764    12.3004
22.358799    29.1756    12.3004
22.351599    29.174    12.3004
22.323599    29.1708    12.3004
22.3076    29.165998    12.3004
22.2836    29.1596    12.3004
22.2724    29.1556    12.3004
22.2628    29.149199    12.3004
22.226799    29.126    12.3004
22.2244    29.1244    12.3004
22.221199    29.1204    12.3004
22.197199    29.0956    12.3004
22.189999    29.0812    12.3004
22.1852    29.063599    12.3004
22.1828    29.0516    12.3004
22.182    29.0308    12.3004
22.182    29.0148    12.3004
22.1868    28.986    12.3004
22.189999    28.9732    12.3004
22.1996    28.9364    12.3004
22.206    28.9156    12.3004
22.2236    28.8708    12.3004
22.2572    28.792398    12.3004
22.2668    28.7684    12.3004
22.2724    28.754799    12.3004
