14.1924    13.3236    12.9004
14.1916    13.3228    12.9004
14.141999    13.2596    12.9004
14.113199    13.2196    12.9004
14.0932    13.193999    12.9004
14.044399    13.1268    12.9004
14.026    13.1012    12.9004
14.0236    13.098    12.9004
13.9883995    13.045199    12.9004
13.9484    12.9836    12.9004
13.929999    12.9548    12.9004
13.9228    12.9428    12.9004
13.91    12.922    12.9004
13.8356    12.797199    12.9004
13.7987995    12.738    12.9004
13.717199    12.602799    12.9004
13.671599    12.5252    12.9004
13.6228    12.4452    12.9004
13.5596    12.3412    12.9004
13.516399    12.273999    12.9004
13.478    12.214    12.9004
13.434    12.146    12.9004
13.3652    12.038    12.9004
13.3052    11.9508    12.9004
13.274799    11.9052    12.9004
13.2076    11.8076    12.9004
13.171599    11.7548    12.9004
13.1572    11.7364    12.9004
13.141999    11.7148    12.9004
13.0644    11.6052    12.9004
13.0636    11.6044    12.9004
12.9836    11.4924    12.9004
12.9684    11.4716    12.9004
12.9548    11.453199    12.9004
12.912399    11.3948    12.9004
12.8812    11.3484    12.9004
12.8244    11.266    12.9004
12.757199    11.158    12.9004
12.7556    11.1564    12.9004
12.7548    11.153999    12.9004
12.688399    11.038    12.9004
12.6388    10.946    12.9004
12.6388    10.9444    12.9004
12.6356    10.938    12.9004
12.5812    10.8244    12.9004
12.568399    10.797999    12.9004
12.538799    10.728399    12.9004
12.5227995    10.6908    12.9004
12.5076    10.6516    12.9004
12.4892    10.602799    12.9004
12.4676    10.542    12.9004
12.446799    10.4788    12.9004
12.4332    10.434    12.9004
12.4036    10.326    12.9004
12.3996    10.309999    12.9004
12.395599    10.2964    12.9004
12.372399    10.1908    12.9004
12.3596    10.1356    12.9004
12.354799    10.1124    12.9004
12.3524    10.0996    12.9004
12.3484    10.0748    12.9004
12.3396    10.0132    12.9004
12.3348    9.974    12.9004
12.3284    9.9284    12.9004
12.321199    9.866    12.9004
12.3164    9.8076    12.9004
12.3132    9.740399    12.9004
12.3116    9.6964    12.9004
12.3132    9.6052    12.9004
12.314    9.585199    12.9004
12.322    9.447599    12.9004
12.3228    9.438    12.9004
12.3244    9.4292    12.9004
12.3372    9.3124    12.9004
12.3476    9.2604    12.9004
12.355599    9.2212    12.9004
12.3619995    9.1868    12.9004
12.37    9.1572    12.9004
12.384399    9.125999    12.9004
12.386    9.120399    12.9004
12.3996    9.0988    12.9004
12.401999    9.0932    12.9004
12.417999    9.068399    12.9004
12.4204    9.062799    12.9004
12.423599    9.0596    12.9004
12.464399    9.010799    12.9004
12.474    8.998    12.9004
12.493199    8.9772    12.9004
12.521999    8.9468    12.9004
12.5859995    8.886    12.9004
12.607599    8.866799    12.9004
12.646    8.834    12.9004
12.69    8.7956    12.9004
12.7372    8.7564    12.9004
12.774799    8.7252    12.9004
12.7987995    8.7067995    12.9004
12.865999    8.6556    12.9004
12.918799    8.6172    12.9004
12.9508    8.594    12.9004
12.9956    8.5644    12.9004
13.042    8.533199    12.9004
13.073999    8.5132    12.9004
13.1332    8.4796    12.9004
13.2084    8.4404    12.9004
13.222    8.4332    12.9004
13.229199    8.429999    12.9004
13.246799    8.422    12.9004
13.2948    8.3996    12.9004
13.3043995    8.3963995    12.9004
13.3188    8.3924    12.9004
13.3228    8.3916    12.9004
13.325999    8.3924    12.9004
13.3468    8.3924    12.9004
13.3564    8.3972    12.9004
13.373199    8.4036    12.9004
13.395599    8.4204    12.9004
13.3996    8.4236    12.9004
13.418799    8.4444    12.9004
13.423599    8.4492    12.9004
13.4372    8.469999    12.9004
13.4452    8.481999    12.9004
13.4539995    8.5036    12.9004
13.4748    8.5556    12.9004
13.4892    8.591599    12.9004
13.4939995    8.6052    12.9004
13.498799    8.6212    12.9004
13.5348    8.7492    12.9004
13.542    8.7716    12.9004
13.57    8.843599    12.9004
13.5764    8.8564    12.9004
13.6116    8.9316    12.9004
13.618799    8.946    12.9004
13.653199    9.0171995    12.9004
13.6748    9.0644    12.9004
13.6812    9.079599    12.9004
13.7012    9.1324    12.9004
13.7028    9.137199    12.9004
13.7044    9.1412    12.9004
13.7092    9.1564    12.9004
13.7364    9.2396    12.9004
13.745999    9.2644    12.9004
13.7668    9.3252    12.9004
13.7724    9.354    12.9004
13.774799    9.3748    12.9004
13.778    9.413199    12.9004
13.7788    9.4428    12.9004
13.778    9.4939995    12.9004
13.7772    9.5196    12.9004
13.766    9.6052    12.9004
13.762    9.638    12.9004
13.752399    9.729199    12.9004
13.75    9.7604    12.9004
13.745999    9.8252    12.9004
13.7444    9.858    12.9004
13.742    9.9332    12.9004
13.7411995    9.9636    12.9004
13.7411995    9.986    12.9004
13.7411995    10.0692    12.9004
13.742    10.1012    12.9004
13.75    10.2204    12.9004
13.7548    10.286799    12.9004
13.762    10.346    12.9004
13.7755995    10.4724    12.9004
13.782    10.5188    12.9004
13.7892    10.5668    12.9004
13.802    10.65    12.9004
13.815599    10.7444    12.9004
13.83    10.814799    12.9004
13.8404    10.8604    12.9004
13.8404    10.8619995    12.9004
13.842    10.8692    12.9004
13.882    11.0828    12.9004
13.894799    11.142799    12.9004
13.906799    11.2012    12.9004
13.914    11.234799    12.9004
13.929999    11.3004    12.9004
13.9388    11.338799    12.9004
13.9548    11.4004    12.9004
13.9796    11.49    12.9004
13.99    11.526    12.9004
14.006    11.5772    12.9004
14.026799    11.648399    12.9004
14.0412    11.6932    12.9004
14.056399    11.7428    12.9004
14.073999    11.791599    12.9004
14.11    11.901199    12.9004
14.1356    11.974    12.9004
14.1723995    12.078799    12.9004
14.194799    12.1435995    12.9004
14.21    12.188399    12.9004
14.2492    12.3084    12.9004
14.2596    12.3412    12.9004
14.286799    12.4228    12.9004
14.3116    12.506    12.9004
14.3228    12.5404    12.9004
14.342799    12.6124    12.9004
14.355599    12.658    12.9004
14.3692    12.705999    12.9004
14.3852    12.7699995    12.9004
14.395599    12.814799    12.9004
14.418799    12.914    12.9004
14.4316    12.970799    12.9004
14.446    13.033999    12.9004
14.463599    13.119599    12.9004
14.476399    13.181999    12.9004
14.481999    13.210799    12.9004
14.499599    13.314799    12.9004
14.503599    13.3348    12.9004
14.518    13.4196    12.9004
14.526799    13.4724    12.9004
14.53    13.4948    12.9004
14.5364    13.5356    12.9004
14.5372    13.538    12.9004
14.538    13.542    12.9004
14.5484    13.608399    12.9004
14.5484    13.6116    12.9004
14.5468    13.634    12.9004
14.5292    13.6435995    12.9004
14.5236    13.6444    12.9004
14.5116    13.636399    12.9004
14.5004    13.631599    12.9004
14.4892    13.622    12.9004
14.470799    13.608399    12.9004
14.426    13.5708    12.9004
14.406799    13.5548    12.9004
14.384399    13.533999    12.9004
14.3596    13.510799    12.9004
14.309999    13.4604    12.9004
14.3012    13.4508    12.9004
14.2908    13.4388    12.9004
14.2411995    13.382    12.9004
14.1932    13.3244    12.9004
14.1924    13.3236    12.9004
