5.778    10.854    15.3004
5.7868    10.854799    15.3004
5.7948    10.854    15.3004
5.8004    10.854    15.3004
5.8108    10.854    15.3004
5.8644    10.854799    15.3004
5.9203997    10.855599    15.3004
5.9323997    10.8564    15.3004
5.9523997    10.8572    15.3004
6.0228    10.861199    15.3004
6.062    10.8652    15.3004
6.0955997    10.8692    15.3004
6.1572    10.883599    15.3004
6.1819997    10.889999    15.3004
6.1972    10.894    15.3004
6.2051997    10.8948    15.3004
6.2228    10.906    15.3004
6.2412    10.9172    15.3004
6.2619996    10.9452    15.3004
6.2692    10.9539995    15.3004
6.2707996    10.9572    15.3004
6.282    10.998    15.3004
6.2827997    11.002    15.3004
6.2868    11.0244    15.3004
6.3027997    11.119599    15.3004
6.3044    11.1356    15.3004
6.3092    11.183599    15.3004
6.3092    11.2028    15.3004
6.3092    11.2324    15.3004
6.3076    11.2596    15.3004
6.3036    11.2908    15.3004
6.3036    11.2948    15.3004
6.3004    11.309199    15.3004
6.2932    11.338799    15.3004
6.2788    11.3684    15.3004
6.2748    11.3796    15.3004
6.2636    11.406    15.3004
6.2532    11.4212    15.3004
6.2395997    11.4452    15.3004
6.2324    11.4564    15.3004
6.2307997    11.4628    15.3004
6.2219996    11.4852    15.3004
6.2212    11.4883995    15.3004
6.2204    11.5188    15.3004
6.2219996    11.5244    15.3004
6.2307997    11.544399    15.3004
6.2404    11.57    15.3004
6.2444    11.578799    15.3004
6.2468    11.5844    15.3004
6.2492    11.59    15.3004
6.2724    11.6508    15.3004
6.2763996    11.662    15.3004
6.2956    11.7252    15.3004
6.3076    11.7588    15.3004
6.3156    11.7876    15.3004
6.3276    11.8331995    15.3004
6.3356    11.87    15.3004
6.3524    11.9348    15.3004
6.3627996    11.978    15.3004
6.3891997    12.101999    15.3004
6.4012    12.153999    15.3004
6.4188    12.2364    15.3004
6.434    12.318    15.3004
6.4459996    12.3828    15.3004
6.4644    12.481199    15.3004
6.4747996    12.5364    15.3004
6.4844    12.591599    15.3004
6.4988    12.677199    15.3004
6.5052    12.73    15.3004
6.5188    12.8364    15.3004
6.5235996    12.8828    15.3004
6.5299997    12.9684    15.3004
6.5355997    13.026    15.3004
6.5411997    13.097199    15.3004
6.5452    13.1796    15.3004
6.5476    13.2364    15.3004
6.5499997    13.3244    15.3004
6.554    13.458799    15.3004
6.5564    13.6228    15.3004
6.5587997    13.734799    15.3004
6.5604    13.754    15.3004
6.562    13.8276    15.3004
6.5652    13.8988    15.3004
6.5652    13.9092    15.3004
6.5684    13.958799    15.3004
6.5684    13.9676    15.3004
6.5684    13.969199    15.3004
6.5692    13.9732    15.3004
6.5731997    14.061999    15.3004
6.5755997    14.0948    15.3004
6.5787997    14.1491995    15.3004
6.5811996    14.176399    15.3004
6.5852    14.2308    15.3004
6.5884    14.262    15.3004
6.5916    14.315599    15.3004
6.5955997    14.344399    15.3004
6.6019998    14.406799    15.3004
6.6052    14.4372    15.3004
6.6124    14.505199    15.3004
6.6172    14.5468    15.3004
6.626    14.6236    15.3004
6.6436    14.768399    15.3004
6.6475997    14.7948    15.3004
6.6587996    14.8675995    15.3004
6.678    14.987599    15.3004
6.6972    15.1228    15.3004
6.7019997    15.165199    15.3004
6.7131996    15.2476    15.3004
6.7172    15.286799    15.3004
6.7236    15.3468    15.3004
6.7268    15.395599    15.3004
6.7316    15.4676    15.3004
6.7363997    15.5548    15.3004
6.7395997    15.598    15.3004
6.7395997    15.6228    15.3004
6.7395997    15.6491995    15.3004
6.7404    15.717199    15.3004
6.7395997    15.7436    15.3004
6.7388    15.8012    15.3004
6.7348    15.8764    15.3004
6.7331996    15.900399    15.3004
6.7316    15.9108    15.3004
6.7219996    16.0036    15.3004
6.7204    16.01    15.3004
6.7131996    16.052399    15.3004
6.7051997    16.0956    15.3004
6.6851997    16.1812    15.3004
6.6828    16.19    15.3004
6.6819997    16.1948    15.3004
6.6804    16.2004    15.3004
6.6492    16.3004    15.3004
6.6187997    16.3668    15.3004
6.6099997    16.3844    15.3004
6.6004    16.4084    15.3004
6.5755997    16.4508    15.3004
6.562    16.4716    15.3004
6.5364    16.5012    15.3004
6.5243998    16.5164    15.3004
6.5196    16.524399    15.3004
6.5204    16.5268    15.3004
6.5172    16.5492    15.3004
6.5179996    16.552399    15.3004
6.514    16.5804    15.3004
6.5148    16.5828    15.3004
6.5276    16.611599    15.3004
6.5372    16.626799    15.3004
6.5516    16.6572    15.3004
6.5804    16.718    15.3004
6.582    16.721199    15.3004
6.5828    16.7236    15.3004
6.5884    16.7396    15.3004
6.6084    16.7908    15.3004
6.6116    16.802    15.3004
6.6172    16.8388    15.3004
6.618    16.8492    15.3004
6.6228    16.9004    15.3004
6.6228    16.9172    15.3004
6.6228    16.955599    15.3004
6.6219997    16.994    15.3004
6.6211996    17.0092    15.3004
6.6204    17.0172    15.3004
6.6155996    17.059599    15.3004
6.6116    17.0868    15.3004
6.6036    17.1316    15.3004
6.5987997    17.1524    15.3004
6.5899997    17.1924    15.3004
6.5772    17.2444    15.3004
6.5692    17.2692    15.3004
6.562    17.2868    15.3004
6.5548    17.2988    15.3004
6.5428    17.317999    15.3004
6.526    17.3324    15.3004
6.5196    17.338    15.3004
6.5116    17.3428    15.3004
6.4979997    17.3508    15.3004
6.4644    17.369999    15.3004
6.4332    17.386799    15.3004
6.3827996    17.414    15.3004
6.3747997    17.4172    15.3004
6.2619996    17.4652    15.3004
6.2444    17.472399    15.3004
6.2307997    17.4772    15.3004
6.1628    17.5044    15.3004
6.1099997    17.524399    15.3004
6.0916    17.531599    15.3004
6.0436    17.546799    15.3004
6.0396    17.548399    15.3004
6.0348    17.5492    15.3004
6.0316    17.5492    15.3004
5.9955997    17.5476    15.3004
5.9652    17.5444    15.3004
5.9556    17.542    15.3004
5.9356    17.534    15.3004
5.9252    17.5292    15.3004
5.8627996    17.494    15.3004
5.8339996    17.4764    15.3004
5.822    17.4708    15.3004
5.818    17.4684    15.3004
5.8076    17.462    15.3004
5.7716    17.4404    15.3004
5.7339997    17.414    15.3004
5.7212    17.406    15.3004
5.6972    17.3892    15.3004
5.6731997    17.3708    15.3004
5.6524    17.354    15.3004
5.6372    17.342    15.3004
5.6292    17.334    15.3004
5.5564    17.27    15.3004
5.5499997    17.2636    15.3004
5.5388    17.2516    15.3004
5.5004    17.2124    15.3004
5.4955997    17.2068    15.3004
5.4564    17.1628    15.3004
5.45    17.1524    15.3004
5.4372    17.1364    15.3004
5.4308    17.126799    15.3004
5.4147997    17.104399    15.3004
5.3996    17.0748    15.3004
5.3788    17.0292    15.3004
5.3724    17.013199    15.3004
5.37    17.0068    15.3004
5.3476    16.9596    15.3004
5.33    16.909199    15.3004
5.3283997    16.9052    15.3004
5.3259997    16.8996    15.3004
5.3052    16.85    15.3004
5.286    16.7932    15.3004
5.2844    16.7876    15.3004
5.282    16.782    15.3004
5.266    16.7316    15.3004
5.2532    16.6836    15.3004
5.2363997    16.633999    15.3004
5.2324    16.6196    15.3004
5.21    16.552399    15.3004
5.186    16.4748    15.3004
5.1844    16.4692    15.3004
5.1836    16.4644    15.3004
5.1724    16.420399    15.3004
5.1651998    16.3852    15.3004
5.1644    16.3804    15.3004
5.1644    16.3732    15.3004
5.1651998    16.334    15.3004
5.166    16.2612    15.3004
5.166    16.2524    15.3004
5.166    16.246    15.3004
5.166    16.1276    15.3004
5.1619997    16.0028    15.3004
5.1619997    15.9883995    15.3004
5.1524    15.73    15.3004
5.1492    15.6228    15.3004
5.15    15.5924    15.3004
5.1492    15.518    15.3004
5.15    15.4939995    15.3004
5.1507998    15.4595995    15.3004
5.1516    15.434799    15.3004
5.1587996    15.407599    15.3004
5.166    15.3907995    15.3004
5.1748    15.3764    15.3004
5.1836    15.37    15.3004
5.1988    15.3524    15.3004
5.206    15.3476    15.3004
5.2412    15.3348    15.3004
5.2483997    15.331599    15.3004
5.2532    15.33    15.3004
5.3115997    15.3132    15.3004
5.3156    15.3108    15.3004
5.3532    15.3052    15.3004
5.382    15.2996    15.3004
5.3868    15.2996    15.3004
5.3908    15.297999    15.3004
5.3915997    15.2948    15.3004
5.4012    15.2764    15.3004
5.4003997    15.2699995    15.3004
5.3932    15.2436    15.3004
5.3835998    15.21    15.3004
5.3796    15.200399    15.3004
5.3796    15.198    15.3004
5.3732    15.1804    15.3004
5.3564    15.138    15.3004
5.3427997    15.096399    15.3004
5.3083997    14.9964    15.3004
5.2812    14.924399    15.3004
5.2124    14.7188    15.3004
5.198    14.6748    15.3004
5.1972    14.6748    15.3004
5.1916    14.6556    15.3004
5.1707997    14.6012    15.3004
5.1644    14.579599    15.3004
5.1484    14.5532    15.3004
5.1324    14.5244    15.3004
5.1228    14.5252    15.3004
5.0964    14.5316    15.3004
5.0884    14.538    15.3004
5.082    14.5412    15.3004
5.0355997    14.561199    15.3004
5.0108    14.5708    15.3004
4.9932    14.5772    15.3004
4.974    14.582    15.3004
4.9652    14.5812    15.3004
4.9388    14.5604    15.3004
4.9364    14.5596    15.3004
4.934    14.555599    15.3004
4.914    14.5236    15.3004
4.9052    14.4939995    15.3004
4.894    14.4539995    15.3004
4.8868    14.4284    15.3004
4.8828    14.411599    15.3004
4.8788    14.3868    15.3004
4.8644    14.29    15.3004
4.8492    14.159599    15.3004
4.8483996    14.1508    15.3004
4.8483996    14.147599    15.3004
4.8476    14.146    15.3004
4.8436    14.113999    15.3004
4.8396    14.0636    15.3004
4.834    13.9908    15.3004
4.8332    13.9748    15.3004
4.8259997    13.8572    15.3004
4.8259997    13.8396    15.3004
4.8259997    13.8228    15.3004
4.8252    13.778    15.3004
4.8252    13.7644    15.3004
4.8252    13.75    15.3004
4.8259997    13.659599    15.3004
4.8268    13.646    15.3004
4.8276    13.63    15.3004
4.83    13.5692    15.3004
4.83    13.561199    15.3004
4.8308    13.538799    15.3004
4.8315997    13.5124    15.3004
4.8324    13.470799    15.3004
4.8356    13.447599    15.3004
4.8356    13.4092    15.3004
4.8364    13.394    15.3004
4.8308    13.3572    15.3004
4.83    13.3532    15.3004
4.83    13.3476    15.3004
4.822    13.2987995    15.3004
4.8212    13.2932    15.3004
4.822    13.2876    15.3004
4.818    13.2612    15.3004
4.8124    13.194799    15.3004
4.8115997    13.1788    15.3004
4.81    13.1491995    15.3004
4.8076    13.0724    15.3004
4.8068    13.0492    15.3004
4.8068    12.9972    15.3004
4.8068    12.9684    15.3004
4.81    12.924399    15.3004
4.8132    12.8764    15.3004
4.8148    12.8628    15.3004
4.8196    12.8331995    15.3004
4.8236    12.797999    15.3004
4.8259997    12.7772    15.3004
4.8308    12.751599    15.3004
4.8308    12.7484    15.3004
4.8315997    12.746799    15.3004
4.834    12.7268    15.3004
4.8371997    12.6972    15.3004
4.8468    12.6628    15.3004
4.8532    12.634    15.3004
4.862    12.5948    15.3004
4.8668    12.5756    15.3004
4.8676    12.5716    15.3004
4.8908    12.498799    15.3004
4.8956    12.4788    15.3004
4.8988    12.4716    15.3004
4.8996    12.458799    15.3004
4.9091997    12.429199    15.3004
4.9132    12.4148    15.3004
4.914    12.3852    15.3004
4.9147997    12.3828    15.3004
4.9108    12.377999    15.3004
4.89    12.3619995    15.3004
4.8724    12.3396    15.3004
4.8596    12.3188    15.3004
4.8171997    12.2444    15.3004
4.8092    12.2308    15.3004
4.8083997    12.2276    15.3004
4.7844    12.1628    15.3004
4.7724    12.1324    15.3004
4.758    12.091599    15.3004
4.75    12.0556    15.3004
4.7436    12.026    15.3004
4.7388    12.0092    15.3004
4.7283998    11.953199    15.3004
4.7276    11.946799    15.3004
4.7283998    11.934    15.3004
4.7276    11.912399    15.3004
4.7356    11.889999    15.3004
4.7404    11.874    15.3004
4.7436    11.858    15.3004
4.7516    11.837999    15.3004
4.7548    11.825999    15.3004
4.7636    11.8132    15.3004
4.7676    11.7987995    15.3004
4.7908    11.75    15.3004
4.7995996    11.7332    15.3004
4.802    11.728399    15.3004
4.8292    11.6812    15.3004
4.8596    11.625199    15.3004
4.8868    11.5812    15.3004
4.8932    11.5692    15.3004
4.9116    11.5372    15.3004
4.9332    11.502    15.3004
4.9435997    11.4852    15.3004
4.9811997    11.426    15.3004
4.9884    11.4164    15.3004
4.9996    11.3988    15.3004
5.0148    11.3756    15.3004
5.0355997    11.3468    15.3004
5.0764    11.2908    15.3004
5.106    11.2588    15.3004
5.1172    11.2476    15.3004
5.1204    11.2444    15.3004
5.146    11.217999    15.3004
5.158    11.2044    15.3004
5.174    11.189199    15.3004
5.2004    11.1668    15.3004
5.2148    11.154799    15.3004
5.2539997    11.1268    15.3004
5.2836    11.1036    15.3004
5.3124    11.0828    15.3004
5.3547997    11.0515995    15.3004
5.3732    11.038799    15.3004
5.3796    11.033999    15.3004
5.4323997    10.998    15.3004
5.4364    10.9956    15.3004
5.442    10.9924    15.3004
5.5123997    10.9508    15.3004
5.5452    10.9316    15.3004
5.578    10.912399    15.3004
5.6236    10.8876    15.3004
5.6356    10.8812    15.3004
5.658    10.8748    15.3004
5.67    10.8684    15.3004
5.69    10.8619995    15.3004
5.7116    10.858    15.3004
5.738    10.854799    15.3004
5.778    10.854    15.3004
