12.0828    25.277199    14.7004
12.0556    25.2708    14.7004
12.0348    25.2652    14.7004
12.0028    25.254799    14.7004
11.9892    25.2508    14.7004
11.9684    25.2428    14.7004
11.9348    25.23    14.7004
11.906799    25.2188    14.7004
11.884399    25.21    14.7004
11.8564    25.198    14.7004
11.8308    25.1868    14.7004
11.8228    25.182    14.7004
11.809199    25.174799    14.7004
11.7876    25.163599    14.7004
11.7556    25.1444    14.7004
11.742    25.1372    14.7004
11.71    25.1188    14.7004
11.688399    25.1068    14.7004
11.6779995    25.100399    14.7004
11.6292    25.0684    14.7004
11.6052    25.050798    14.7004
11.5836    25.035599    14.7004
11.5484    25.0084    14.7004
11.5364    24.9988    14.7004
11.5188    24.985199    14.7004
11.4892    24.962    14.7004
11.4348    24.9124    14.7004
11.4292    24.907598    14.7004
11.417999    24.8972    14.7004
11.373199    24.855598    14.7004
11.3452    24.829199    14.7004
11.3172    24.802    14.7004
11.2956    24.7796    14.7004
11.286799    24.7708    14.7004
11.2796    24.7628    14.7004
11.2772    24.7596    14.7004
11.257999    24.7468    14.7004
11.2452    24.7372    14.7004
11.226    24.7316    14.7004
11.2092    24.73    14.7004
11.1956    24.7228    14.7004
11.1812    24.719599    14.7004
11.1796    24.7188    14.7004
11.1572    24.719599    14.7004
11.1244    24.721199    14.7004
11.1156    24.7204    14.7004
11.0692    24.7188    14.7004
11.0556    24.7188    14.7004
11.046    24.7188    14.7004
11.0036    24.717999    14.7004
10.9908    24.717999    14.7004
10.9844    24.7172    14.7004
10.941199    24.713999    14.7004
10.9004    24.7092    14.7004
10.8907995    24.708399    14.7004
10.87    24.7052    14.7004
10.8564    24.702799    14.7004
10.8364    24.697199    14.7004
10.8164    24.6892    14.7004
10.8012    24.684399    14.7004
10.785999    24.674799    14.7004
10.763599    24.656399    14.7004
10.7564    24.650799    14.7004
10.752399    24.6468    14.7004
10.658    24.5564    14.7004
10.636399    24.5364    14.7004
10.566    24.465199    14.7004
10.5292    24.427599    14.7004
10.4492    24.3428    14.7004
10.406799    24.298    14.7004
10.349199    24.234    14.7004
10.2755995    24.1524    14.7004
10.183599    24.045198    14.7004
10.1491995    24.0068    14.7004
10.1132    23.9636    14.7004
10.1076    23.9548    14.7004
10.0956    23.934    14.7004
10.09    23.925999    14.7004
10.091599    23.9068    14.7004
10.09    23.901999    14.7004
10.090799    23.897999    14.7004
10.1044    23.8748    14.7004
10.106    23.8708    14.7004
10.1052    23.8436    14.7004
10.1052    23.8372    14.7004
10.098    23.8172    14.7004
10.0836    23.8004    14.7004
10.078    23.7892    14.7004
10.03    23.736399    14.7004
10.0292    23.7356    14.7004
10.028399    23.7348    14.7004
10.027599    23.734    14.7004
9.9692    23.656399    14.7004
9.9292    23.600399    14.7004
9.9196    23.5868    14.7004
9.901199    23.5588    14.7004
9.898    23.552399    14.7004
9.8924    23.533998    14.7004
9.894    23.5124    14.7004
9.8932    23.5028    14.7004
9.8932    23.498    14.7004
9.907599    23.448399    14.7004
9.9116    23.433199    14.7004
9.9236    23.396399    14.7004
9.935599    23.366    14.7004
9.941199    23.3556    14.7004
9.9484    23.3436    14.7004
9.958799    23.3284    14.7004
9.9684    23.3148    14.7004
9.9684    23.314    14.7004
9.974    23.2892    14.7004
9.9772    23.2692    14.7004
9.9788    23.260399    14.7004
9.9939995    23.236399    14.7004
9.9972    23.230799    14.7004
9.998    23.2292    14.7004
10.0132    23.2076    14.7004
10.0316    23.185999    14.7004
10.033999    23.1836    14.7004
10.0348    23.1828    14.7004
10.0756    23.154    14.7004
10.0828    23.15    14.7004
10.1124    23.117199    14.7004
10.1172    23.1108    14.7004
10.1212    23.1068    14.7004
10.1612    23.0668    14.7004
10.1628    23.0644    14.7004
10.165199    23.062    14.7004
10.1779995    23.037199    14.7004
10.1748    23.017199    14.7004
10.174    23.0068    14.7004
10.171599    22.996399    14.7004
10.1636    22.9756    14.7004
10.1516    22.934    14.7004
10.130799    22.8612    14.7004
10.0884    22.713999    14.7004
10.062799    22.6244    14.7004
10.045199    22.5644    14.7004
10.027599    22.498    14.7004
10.002    22.4132    14.7004
9.981999    22.342    14.7004
9.9292    22.161999    14.7004
9.9236    22.1412    14.7004
9.8756    21.9804    14.7004
9.843599    21.8716    14.7004
9.8412    21.864399    14.7004
9.837999    21.851599    14.7004
9.8132    21.762    14.7004
9.786799    21.661999    14.7004
9.7828    21.646    14.7004
9.7699995    21.5884    14.7004
9.763599    21.5564    14.7004
9.7628    21.552399    14.7004
9.7604    21.5396    14.7004
9.746799    21.461199    14.7004
9.7436    21.438    14.7004
9.7284    21.334799    14.7004
9.7276    21.3316    14.7004
9.7204    21.258    14.7004
9.7123995    21.182    14.7004
9.711599    21.1716    14.7004
9.7028    21.0724    14.7004
9.6996    21.0308    14.7004
9.693999    20.9396    14.7004
9.6876    20.8148    14.7004
9.682    20.7284    14.7004
9.6796    20.6516    14.7004
9.6748    20.4764    14.7004
9.674    20.438799    14.7004
9.671599    20.265999    14.7004
9.671599    20.249199    14.7004
9.6723995    20.087599    14.7004
9.6723995    20.053999    14.7004
9.6748    19.9692    14.7004
9.6764    19.927599    14.7004
9.6796    19.866    14.7004
9.682799    19.810799    14.7004
9.686    19.753199    14.7004
9.6908    19.6996    14.7004
9.698    19.6244    14.7004
9.702    19.5868    14.7004
9.71    19.5156    14.7004
9.717999    19.4532    14.7004
9.7316    19.3708    14.7004
9.7428    19.306    14.7004
9.754    19.247599    14.7004
9.7668    19.178799    14.7004
9.7772    19.1332    14.7004
9.7948    19.0548    14.7004
9.8188    18.9572    14.7004
9.8188    18.9564    14.7004
9.8188    18.955599    14.7004
9.821199    18.946    14.7004
9.8548    18.816399    14.7004
9.877999    18.7276    14.7004
9.906    18.6308    14.7004
9.9196    18.5796    14.7004
9.9396    18.5044    14.7004
9.966    18.409199    14.7004
9.9796    18.364399    14.7004
10.0092    18.260399    14.7004
10.0404    18.1524    14.7004
10.067599    18.0604    14.7004
10.079599    18.0156    14.7004
10.097199    17.9564    14.7004
10.1284    17.8508    14.7004
10.1476    17.7876    14.7004
10.1764    17.6892    14.7004
10.2108    17.5684    14.7004
10.23    17.505999    14.7004
10.257199    17.418    14.7004
10.2876    17.3212    14.7004
10.2964    17.2916    14.7004
10.3372    17.166    14.7004
10.346    17.1404    14.7004
10.3588    17.102    14.7004
10.3868    17.018799    14.7004
10.407599    16.9604    14.7004
10.446    16.8484    14.7004
10.476399    16.760399    14.7004
10.5148    16.6484    14.7004
10.5404    16.5732    14.7004
10.573199    16.4772    14.7004
10.5924    16.4188    14.7004
10.618    16.3412    14.7004
10.6388    16.2756    14.7004
10.646    16.2524    14.7004
10.6788    16.1484    14.7004
10.686    16.121199    14.7004
10.7084    16.038    14.7004
10.733999    15.947599    14.7004
10.740399    15.9251995    14.7004
10.7708    15.8124    14.7004
10.774799    15.797999    14.7004
10.7755995    15.794    14.7004
10.7772    15.7876    14.7004
10.7788    15.763599    14.7004
10.778    15.752399    14.7004
10.7596    15.7316    14.7004
10.751599    15.723599    14.7004
10.7444    15.723599    14.7004
10.717199    15.729199    14.7004
10.7108    15.7364    14.7004
10.7036    15.7476    14.7004
10.6964    15.757199    14.7004
10.69    15.766    14.7004
10.671599    15.786799    14.7004
10.659599    15.7996    14.7004
10.6491995    15.809199    14.7004
10.634    15.8228    14.7004
10.6164    15.837199    14.7004
10.6044    15.8476    14.7004
10.5996    15.8508    14.7004
10.59    15.8564    14.7004
10.5556    15.878799    14.7004
10.5412    15.8868    14.7004
10.5028    15.905999    14.7004
10.4908    15.912399    14.7004
10.4595995    15.9268    14.7004
10.4284    15.936399    14.7004
10.422    15.938    14.7004
10.3876    15.9484    14.7004
10.3604    15.9539995    14.7004
10.354    15.9564    14.7004
10.3452    15.957999    14.7004
10.3276    15.9572    14.7004
10.314    15.9572    14.7004
10.3084    15.9564    14.7004
10.3012    15.9539995    14.7004
10.2852    15.947599    14.7004
10.274    15.9444    14.7004
10.2588    15.9332    14.7004
10.254    15.929199    14.7004
10.251599    15.926    14.7004
10.238    15.9052    14.7004
10.2324    15.8924    14.7004
10.2268    15.8796    14.7004
10.2244    15.87    14.7004
10.222    15.853999    14.7004
10.2204    15.832399    14.7004
10.2212    15.8228    14.7004
10.2212    15.8164    14.7004
10.2244    15.7828    14.7004
10.234799    15.7188    14.7004
10.2388    15.7028    14.7004
10.246799    15.665199    14.7004
10.257999    15.6228    14.7004
10.2612    15.6092    14.7004
10.2764    15.5596    14.7004
10.2788    15.5524    14.7004
10.2796    15.549999    14.7004
10.2772    15.5188    14.7004
10.278    15.509199    14.7004
10.2699995    15.505199    14.7004
10.2476    15.4948    14.7004
10.2132    15.487599    14.7004
10.205999    15.4852    14.7004
10.1924    15.481199    14.7004
10.183599    15.478    14.7004
10.1628    15.466    14.7004
10.1556    15.4628    14.7004
10.142    15.453199    14.7004
10.1444    15.440399    14.7004
10.1435995    15.436399    14.7004
10.1468    15.429999    14.7004
10.1556    15.4108    14.7004
10.1668    15.384399    14.7004
10.1852    15.337199    14.7004
10.211599    15.2764    14.7004
10.2276    15.240399    14.7004
10.2396    15.216399    14.7004
10.2724    15.1452    14.7004
10.2788    15.1324    14.7004
10.3124    15.068399    14.7004
10.3252    15.0428    14.7004
10.346    15.003599    14.7004
10.349199    14.9972    14.7004
10.3804    14.946    14.7004
10.383599    14.940399    14.7004
10.4084    14.9084    14.7004
10.4092    14.906799    14.7004
10.4172    14.898    14.7004
10.4316    14.8796    14.7004
10.441999    14.872399    14.7004
10.4564    14.8619995    14.7004
10.466    14.858    14.7004
10.4724    14.855599    14.7004
10.475599    14.855599    14.7004
10.498799    14.8516    14.7004
10.514    14.854    14.7004
10.5244    14.854    14.7004
10.5428    14.854799    14.7004
10.5524    14.858    14.7004
10.562799    14.8532    14.7004
10.5844    14.849199    14.7004
10.6124    14.8244    14.7004
10.613999    14.8228    14.7004
10.613999    14.822    14.7004
10.6172    14.815599    14.7004
10.683599    14.6796    14.7004
10.711599    14.619599    14.7004
10.733999    14.573999    14.7004
10.7556    14.527599    14.7004
10.782    14.4684    14.7004
10.8012    14.424399    14.7004
10.814799    14.3924    14.7004
10.8276    14.360399    14.7004
10.842    14.3236    14.7004
10.858    14.279599    14.7004
10.8684    14.25    14.7004
10.8876    14.19    14.7004
10.8988    14.153199    14.7004
10.9172    14.0876    14.7004
10.9307995    14.0428    14.7004
10.9396    14.0084    14.7004
10.9612    13.934    14.7004
10.9692    13.901999    14.7004
10.975599    13.878799    14.7004
10.981199    13.854799    14.7004
10.993199    13.8012    14.7004
10.9972    13.7836    14.7004
10.998799    13.779599    14.7004
11.0076    13.7388    14.7004
11.0116    13.7212    14.7004
11.015599    13.702    14.7004
11.0188    13.6924    14.7004
11.0236    13.6723995    14.7004
11.0244    13.6668    14.7004
11.0212    13.6444    14.7004
11.0227995    13.637199    14.7004
11.026    13.6172    14.7004
11.0292    13.608399    14.7004
11.033999    13.590799    14.7004
11.0364    13.568399    14.7004
11.038799    13.5515995    14.7004
11.0484    13.5324    14.7004
11.050799    13.5196    14.7004
11.0532    13.4972    14.7004
11.0492    13.4772    14.7004
11.046    13.4668    14.7004
11.0324    13.4516    14.7004
11.006    13.446799    14.7004
11.0324    13.4228    14.7004
11.033999    13.4204    14.7004
11.0348    13.417999    14.7004
11.038    13.3924    14.7004
11.0364    13.3852    14.7004
11.0308    13.3628    14.7004
11.0308    13.3619995    14.7004
11.0292    13.3628    14.7004
11.018    13.3804    14.7004
10.999599    13.3996    14.7004
10.9836    13.434799    14.7004
10.9916    13.446799    14.7004
10.9732    13.464399    14.7004
10.958799    13.4892    14.7004
10.9428    13.5244    14.7004
10.9372    13.5348    14.7004
10.914    13.5803995    14.7004
10.906    13.594    14.7004
10.854799    13.677199    14.7004
10.8276    13.7204    14.7004
10.7788    13.7956    14.7004
10.752399    13.8308    14.7004
10.6868    13.9052    14.7004
10.671599    13.922    14.7004
10.598    13.997999    14.7004
10.578    14.016399    14.7004
10.528399    14.0548    14.7004
10.5116    14.066    14.7004
10.493199    14.0772    14.7004
10.4332    14.118    14.7004
10.426    14.1236    14.7004
10.418799    14.125999    14.7004
10.4172    14.125999    14.7004
10.401999    14.1332    14.7004
10.3852    14.137199    14.7004
10.3756    14.1276    14.7004
10.3644    14.1172    14.7004
10.3524    14.0876    14.7004
10.3372    14.0468    14.7004
10.3292    14.021999    14.7004
10.3276    14.0148    14.7004
10.302    13.938    14.7004
10.2852    13.889199    14.7004
10.2732    13.860399    14.7004
10.266    13.842    14.7004
10.223599    13.7332    14.7004
10.198    13.6676    14.7004
10.1932    13.654799    14.7004
10.1804    13.6212    14.7004
10.158    13.5596    14.7004
10.1468    13.526799    14.7004
10.131599    13.4804    14.7004
10.122    13.4539995    14.7004
10.1116    13.4116    14.7004
10.1044    13.3907995    14.7004
10.0844    13.3252    14.7004
10.0772    13.303599    14.7004
10.0668    13.262    14.7004
10.061999    13.245199    14.7004
10.058    13.23    14.7004
10.0484    13.193999    14.7004
10.0428    13.154799    14.7004
10.0356    13.1244    14.7004
10.0308    13.0988    14.7004
10.028399    13.0644    14.7004
10.0268    13.0412    14.7004
10.0244    13.0148    14.7004
10.0212    12.993199    14.7004
10.0196    12.934    14.7004
10.018    12.9084    14.7004
10.018    12.8468    14.7004
10.0171995    12.83    14.7004
10.0171995    12.7716    14.7004
10.016399    12.757999    14.7004
10.0196    12.674    14.7004
10.0204    12.6435995    14.7004
10.0204    12.6228    14.7004
10.0236    12.550799    14.7004
10.0244    12.486    14.7004
10.028399    12.4172    14.7004
10.0348    12.320399    14.7004
10.0348    12.3172    14.7004
10.0348    12.309999    14.7004
10.038799    12.214    14.7004
10.039599    12.2028    14.7004
10.0404    12.1916    14.7004
10.0412    12.137199    14.7004
10.0436    12.0372    14.7004
10.0412    11.986    14.7004
10.038    11.9116    14.7004
10.0364    11.8804    14.7004
10.0324    11.8028    14.7004
10.0324    11.7996    14.7004
10.0212    11.7036    14.7004
10.0196    11.677199    14.7004
10.0124    11.61    14.7004
10.009999    11.585199    14.7004
10.0092    11.578    14.7004
10.0084    11.5604    14.7004
10.005199    11.5012    14.7004
10.005199    11.4636    14.7004
10.0028    11.4388    14.7004
10.0036    11.384399    14.7004
10.006    11.3396    14.7004
10.0084    11.2732    14.7004
10.009999    11.2308    14.7004
10.0124    11.1644    14.7004
10.0132    11.1147995    14.7004
10.0132    11.0668    14.7004
10.0156    11.0036    14.7004
10.0156    10.9612    14.7004
10.0156    10.8588    14.7004
10.0148    10.7964    14.7004
10.0132    10.6332    14.7004
10.0116    10.558    14.7004
10.0124    10.4883995    14.7004
10.0132    10.441199    14.7004
10.014    10.413199    14.7004
10.016399    10.366    14.7004
10.0171995    10.3508    14.7004
10.018    10.3108    14.7004
10.0236    10.2644    14.7004
10.026    10.2532    14.7004
10.0308    10.2324    14.7004
10.0316    10.23    14.7004
10.033999    10.226    14.7004
10.0515995    10.2067995    14.7004
10.0644    10.200399    14.7004
10.078    10.1924    14.7004
10.0932    10.188399    14.7004
10.11    10.1844    14.7004
10.154799    10.1788    14.7004
10.1628    10.1779995    14.7004
10.1804    10.1779995    14.7004
10.229199    10.1804    14.7004
10.2452    10.182    14.7004
10.2684    10.1876    14.7004
10.3043995    10.1964    14.7004
10.3484    10.2123995    14.7004
10.37    10.2212    14.7004
10.3932    10.2332    14.7004
10.4524    10.2668    14.7004
10.4948    10.2948    14.7004
10.5244    10.315599    14.7004
10.5484    10.3356    14.7004
10.6004    10.377999    14.7004
10.6036    10.382    14.7004
10.6164    10.3963995    14.7004
10.6348    10.4172    14.7004
10.6628    10.4428    14.7004
10.6628    10.4436    14.7004
10.6636    10.4436    14.7004
10.6668    10.4452    14.7004
10.686    10.4508    14.7004
10.6988    10.4276    14.7004
10.6988    10.418799    14.7004
10.7044    10.4004    14.7004
10.7044    10.3892    14.7004
10.7067995    10.372399    14.7004
10.705999    10.3516    14.7004
10.705999    10.337999    14.7004
10.7084    10.321199    14.7004
10.7084    10.2932    14.7004
10.7084    10.2676    14.7004
10.7084    10.2588    14.7004
10.7084    10.2372    14.7004
10.711599    10.1676    14.7004
10.7132    10.1348    14.7004
10.7196    10.0604    14.7004
10.7204    10.0532    14.7004
10.73    9.9684    14.7004
10.7308    9.964399    14.7004
10.742    9.894    14.7004
10.7564    9.8124    14.7004
10.762    9.782    14.7004
10.762799    9.7796    14.7004
10.7884    9.6692    14.7004
10.7892    9.665199    14.7004
10.8164    9.5692    14.7004
10.826799    9.533199    14.7004
10.8484    9.465199    14.7004
10.866    9.4108    14.7004
10.8772    9.377999    14.7004
10.9036    9.303599    14.7004
10.9164    9.269199    14.7004
10.936399    9.2164    14.7004
10.969999    9.1292    14.7004
10.987599    9.0884    14.7004
11.0308    8.9844    14.7004
11.0492    8.9404    14.7004
11.101999    8.822    14.7004
11.122    8.778    14.7004
11.1684    8.6779995    14.7004
11.268399    8.458799    14.7004
11.297999    8.394    14.7004
11.309199    8.3692    14.7004
11.3868    8.198    14.7004
11.417999    8.1244    14.7004
11.4539995    8.0428    14.7004
11.493199    7.9476    14.7004
11.526    7.8668    14.7004
11.5644    7.7683997    14.7004
11.5948    7.6924    14.7004
11.6292    7.5996    14.7004
11.646    7.554    14.7004
11.6564    7.5252    14.7004
11.702    7.4083996    14.7004
11.729199    7.3292    14.7004
11.7772    7.198    14.7004
11.8276    7.0579996    14.7004
11.8596    6.97    14.7004
11.906799    6.8436    14.7004
11.95    6.7339997    14.7004
11.9676    6.6875997    14.7004
12.0292    6.5243998    14.7004
12.0356    6.5091996    14.7004
12.038799    6.5011997    14.7004
12.1236    6.2956    14.7004
12.171599    6.1819997    14.7004
12.1844    6.1516    14.7004
12.2188    6.074    14.7004
12.2772    5.9379997    14.7004
12.3364    5.7995996    14.7004
12.3452    5.7795997    14.7004
12.3476    5.7739997    14.7004
12.349199    5.77    14.7004
12.418799    5.5955997    14.7004
12.422    5.5875998    14.7004
12.464399    5.4884    14.7004
12.474    5.4588    14.7004
12.4964    5.394    14.7004
12.5316    5.2932    14.7004
12.533999    5.286    14.7004
12.5348    5.2827997    14.7004
12.5604    5.198    14.7004
12.5636    5.1851997    14.7004
12.5859995    5.1068    14.7004
12.596399    5.0628    14.7004
12.606    5.0092    14.7004
12.613999    4.9652    14.7004
12.618    4.9323997    14.7004
12.625199    4.8652    14.7004
12.6276    4.8524    14.7004
12.6332    4.7339997    14.7004
12.6332    4.7307997    14.7004
12.6332    4.7283998    14.7004
12.6348    4.6219997    14.7004
12.6348    4.6019998    14.7004
12.6348    4.6004    14.7004
12.6348    4.5996    14.7004
12.6348    4.5916    14.7004
12.6332    4.486    14.7004
12.6268    4.342    14.7004
12.625199    4.278    14.7004
12.6244    4.2307997    14.7004
12.6228    4.1756    14.7004
12.6236    4.1204    14.7004
12.6236    4.114    14.7004
12.6236    4.0555997    14.7004
12.6236    4.0355997    14.7004
12.6236    4.034    14.7004
12.622    3.9596    14.7004
12.622    3.9252    14.7004
12.618799    3.8379998    14.7004
12.618    3.8163998    14.7004
12.6147995    3.7587998    14.7004
12.6124    3.7212    14.7004
12.6068    3.6395998    14.7004
12.6068    3.6388    14.7004
12.6068    3.638    14.7004
12.5996    3.5812    14.7004
12.5956    3.5347998    14.7004
12.591599    3.5044    14.7004
12.5859995    3.458    14.7004
12.578    3.3971999    14.7004
12.5724    3.3532    14.7004
12.5612    3.2779999    14.7004
12.550799    3.2196    14.7004
12.545199    3.1892    14.7004
12.5292    3.086    14.7004
12.5188    3.0291998    14.7004
12.4956    2.902    14.7004
12.492399    2.8827999    14.7004
12.49    2.8628    14.7004
12.4684    2.7196    14.7004
12.464399    2.6852    14.7004
12.4564    2.6164    14.7004
12.452399    2.5772    14.7004
12.4484    2.5284    14.7004
12.4444    2.4628    14.7004
12.4444    2.4556    14.7004
12.4444    2.4452    14.7004
12.4436    2.3844    14.7004
12.4428    2.366    14.7004
12.4436    2.3308    14.7004
12.446    2.3035998    14.7004
12.446799    2.2756    14.7004
12.447599    2.254    14.7004
12.452399    2.1915998    14.7004
12.452399    2.1884    14.7004
12.453199    2.1868    14.7004
12.4595995    2.1571999    14.7004
12.4612    2.1508    14.7004
12.466    2.1299999    14.7004
12.4692    2.1148    14.7004
12.4716    2.1076    14.7004
12.478    2.0828    14.7004
12.4836    2.0676    14.7004
12.4948    2.0268    14.7004
12.4972    2.0204    14.7004
12.498    2.0163999    14.7004
12.5076    1.9715999    14.7004
12.5084    1.9668    14.7004
12.5116    1.9316    14.7004
12.5124    1.9267999    14.7004
12.5132    1.842    14.7004
12.5132    1.8388    14.7004
12.514    1.8363999    14.7004
12.5252    1.7052    14.7004
12.528399    1.67    14.7004
12.533199    1.6179999    14.7004
12.5364    1.5884    14.7004
12.5476    1.5067999    14.7004
12.5515995    1.4787999    14.7004
12.5652    1.3852    14.7004
12.5724    1.3299999    14.7004
12.594    1.1891999    14.7004
12.602799    1.1212    14.7004
12.6092    1.0756    14.7004
12.6156    1.0372    14.7004
12.6244    0.9884    14.7004
12.63    0.9636    14.7004
12.638    0.9284    14.7004
12.6524    0.8772    14.7004
12.665199    0.83959997    14.7004
12.676399    0.8132    14.7004
12.6852    0.79639995    14.7004
12.699599    0.77239996    14.7004
12.7164    0.74439996    14.7004
12.722    0.7364    14.7004
12.733999    0.7212    14.7004
12.7428    0.7116    14.7004
12.746799    0.7076    14.7004
12.7476    0.706    14.7004
12.7772    0.67719996    14.7004
12.8043995    0.65959996    14.7004
12.8172    0.64919996    14.7004
12.8356    0.638    14.7004
12.8716    0.618    14.7004
12.8884    0.61079997    14.7004
12.8963995    0.60679996    14.7004
12.9948    0.5668    14.7004
13.021999    0.5564    14.7004
13.056399    0.5444    14.7004
13.0716    0.5412    14.7004
13.118799    0.52279997    14.7004
13.125999    0.5204    14.7004
13.131599    0.5204    14.7004
13.1588    0.514    14.7004
13.159599    0.514    14.7004
13.2012    0.5108    14.7004
13.245199    0.51    14.7004
13.2612    0.50839996    14.7004
13.2716    0.5092    14.7004
13.2764    0.50839996    14.7004
13.2828    0.50839996    14.7004
13.291599    0.5092    14.7004
13.3619995    0.51159996    14.7004
13.426    0.5124    14.7004
13.5324    0.51559997    14.7004
13.538799    0.51559997    14.7004
13.546    0.51559997    14.7004
13.5652    0.5164    14.7004
13.5772    0.5164    14.7004
13.6044    0.5172    14.7004
13.6612    0.51879996    14.7004
14.153199    0.5308    14.7004
14.200399    0.5316    14.7004
14.229199    0.5324    14.7004
14.266    0.53319997    14.7004
14.302799    0.5348    14.7004
14.303599    0.5348    14.7004
14.306    0.5356    14.7004
14.321199    0.54039997    14.7004
14.3228    0.54359996    14.7004
14.342    0.5748    14.7004
14.366799    0.6332    14.7004
14.3764    0.658    14.7004
14.412399    0.7628    14.7004
14.412399    0.7644    14.7004
14.4156    0.774    14.7004
14.447599    0.8964    14.7004
14.45    0.9108    14.7004
14.474    1.0372    14.7004
14.4772    1.0564    14.7004
14.4836    1.1068    14.7004
14.4956    1.2052    14.7004
14.5148    1.3548    14.7004
14.516399    1.3708    14.7004
14.518    1.3852    14.7004
14.5196    1.4044    14.7004
14.5292    1.522    14.7004
14.5292    1.5356    14.7004
14.53    1.5843999    14.7004
14.528399    1.6212    14.7004
14.526799    1.6348    14.7004
14.5252    1.6467999    14.7004
14.5188    1.6796    14.7004
14.5092    1.7204    14.7004
14.505199    1.7332    14.7004
14.5004    1.7451999    14.7004
14.4804    1.8003999    14.7004
14.465199    1.8404    14.7004
14.4539995    1.882    14.7004
14.45    1.8956    14.7004
14.4436    1.9427999    14.7004
14.4428    1.946    14.7004
14.441199    2.0036    14.7004
14.441199    2.0124    14.7004
14.440399    2.098    14.7004
14.441199    2.1764    14.7004
14.4396    2.2003999    14.7004
14.4332    2.3348    14.7004
14.429999    2.3971999    14.7004
14.4284    2.4412    14.7004
14.4251995    2.5388    14.7004
14.4251995    2.5579998    14.7004
14.4228    2.6371999    14.7004
14.4228    2.6524    14.7004
14.4228    2.6636    14.7004
14.4204    2.7059999    14.7004
14.4196    2.734    14.7004
14.4164    2.8188    14.7004
14.4156    2.826    14.7004
14.411599    2.8516    14.7004
14.4084    2.8939998    14.7004
14.407599    2.9092    14.7004
14.407599    2.9148    14.7004
14.4036    2.9556    14.7004
14.4028    2.9628    14.7004
14.400399    3.0028    14.7004
14.3988    3.026    14.7004
14.395599    3.0612    14.7004
14.394799    3.0763998    14.7004
14.3932    3.0948    14.7004
14.389999    3.1339998    14.7004
14.3884    3.1483998    14.7004
14.384399    3.2068    14.7004
14.3828    3.2292    14.7004
14.3812    3.2452    14.7004
14.3748    3.3428    14.7004
14.373199    3.3555999    14.7004
14.3628    3.4859998    14.7004
14.3572    3.554    14.7004
14.355599    3.5684    14.7004
14.334    3.7763999    14.7004
14.331599    3.7916    14.7004
14.33    3.8076    14.7004
14.3252    3.8588    14.7004
14.320399    3.8939998    14.7004
14.3132    3.9427998    14.7004
14.3076    3.9812    14.7004
14.2964    4.0372    14.7004
14.291599    4.062    14.7004
14.2836    4.094    14.7004
14.2644    4.1788    14.7004
14.262799    4.1868    14.7004
14.23    4.3076    14.7004
14.228399    4.3115997    14.7004
14.2268    4.318    14.7004
14.1916    4.422    14.7004
14.1852    4.4379997    14.7004
14.1396    4.5396    14.7004
14.1268    4.5684    14.7004
14.0356    4.7548    14.7004
14.0308    4.7636    14.7004
14.0308    4.7644    14.7004
14.0292    4.7668    14.7004
13.9804    4.8684    14.7004
13.9604    4.9164    14.7004
13.941999    4.9564    14.7004
13.9251995    5.002    14.7004
13.858    5.1684    14.7004
13.8452    5.2036    14.7004
13.8308    5.2468    14.7004
13.8284    5.2532    14.7004
13.822    5.286    14.7004
13.8196    5.298    14.7004
13.8188    5.2995996    14.7004
13.8188    5.3027997    14.7004
13.814799    5.354    14.7004
13.815599    5.3627996    14.7004
13.8196    5.3956    14.7004
13.826799    5.4235997    14.7004
13.831599    5.4396    14.7004
13.842    5.462    14.7004
13.8708    5.5332    14.7004
13.8748    5.5476    14.7004
13.878799    5.5587997    14.7004
13.883599    5.5804    14.7004
13.886    5.6099997    14.7004
13.886    5.6172    14.7004
13.886    5.6187997    14.7004
13.8796    5.6619997    14.7004
13.8796    5.6651998    14.7004
13.877199    5.6716    14.7004
13.8748    5.678    14.7004
13.861199    5.7092    14.7004
13.8452    5.7412    14.7004
13.806    5.8124    14.7004
13.7948    5.8315997    14.7004
13.7884    5.8444    14.7004
13.773999    5.8724    14.7004
13.7604    5.9076    14.7004
13.7596    5.91    14.7004
13.7596    5.9115996    14.7004
13.742    5.9644    14.7004
13.739599    5.974    14.7004
13.7332    6.0116    14.7004
13.728399    6.0508    14.7004
13.7268    6.0604    14.7004
13.723599    6.1075997    14.7004
13.716399    6.1868    14.7004
13.702    6.4132    14.7004
13.698    6.4596    14.7004
13.694799    6.5772    14.7004
13.6932    6.6067996    14.7004
13.69    6.7363997    14.7004
13.69    6.75    14.7004
13.689199    6.894    14.7004
13.689199    6.902    14.7004
13.689199    6.9124    14.7004
13.6908    7.0892    14.7004
13.6916    7.1324    14.7004
13.693999    7.1948    14.7004
13.6956    7.2468    14.7004
13.699599    7.3315997    14.7004
13.7044    7.3835998    14.7004
13.7076    7.4284    14.7004
13.7156    7.5076    14.7004
13.7196    7.5443997    14.7004
13.7308    7.6531997    14.7004
13.7428    7.7548    14.7004
13.7484    7.8019996    14.7004
13.7556    7.8539996    14.7004
13.773999    7.9835997    14.7004
13.7828    8.0515995    14.7004
13.8012    8.21    14.7004
13.8108    8.2948    14.7004
13.83    8.4676    14.7004
13.8412    8.578    14.7004
13.844399    8.6004    14.7004
13.8692    8.8228    14.7004
13.873199    8.8596    14.7004
13.889199    8.9956    14.7004
13.8988    9.0708    14.7004
13.9028    9.1092    14.7004
13.91    9.2123995    14.7004
13.9116    9.2244    14.7004
13.918799    9.3196    14.7004
13.918799    9.3204    14.7004
13.922    9.4004    14.7004
13.922    9.4108    14.7004
13.922    9.4539995    14.7004
13.922    9.498799    14.7004
13.922    9.5212    14.7004
13.918799    9.634    14.7004
13.9172    9.6844    14.7004
13.913199    9.752399    14.7004
13.905999    9.8412    14.7004
13.901199    9.8852    14.7004
13.895599    9.926    14.7004
13.882    10.0316    14.7004
13.8708    10.1068    14.7004
13.866799    10.1324    14.7004
13.8572    10.1924    14.7004
13.843599    10.2755995    14.7004
13.8356    10.315599    14.7004
13.8196    10.401199    14.7004
13.7932    10.5348    14.7004
13.785999    10.5708    14.7004
13.75    10.7436    14.7004
13.75    10.745999    14.7004
13.745199    10.7676    14.7004
13.71    10.9332    14.7004
13.7028    10.9556    14.7004
13.6956    10.975599    14.7004
13.6924    10.981199    14.7004
13.6788    11.0036    14.7004
13.6723995    11.0116    14.7004
13.6556    11.0292    14.7004
13.641999    11.038    14.7004
13.624399    11.050799    14.7004
13.6172    11.0556    14.7004
13.596399    11.0692    14.7004
13.5708    11.09    14.7004
13.568399    11.0924    14.7004
13.567599    11.0932    14.7004
13.5668    11.094    14.7004
13.5636    11.097199    14.7004
13.5604    11.1036    14.7004
13.539599    11.1276    14.7004
13.5356    11.1412    14.7004
13.526799    11.1556    14.7004
13.521999    11.171599    14.7004
13.5236    11.1796    14.7004
13.526799    11.205999    14.7004
13.5292    11.2108    14.7004
13.533199    11.228399    14.7004
13.5532    11.2652    14.7004
13.554    11.268399    14.7004
13.556399    11.2724    14.7004
13.561999    11.2844    14.7004
13.5764    11.3172    14.7004
13.578799    11.3236    14.7004
13.596399    11.3828    14.7004
13.597199    11.3852    14.7004
13.5988    11.3963995    14.7004
13.620399    11.528399    14.7004
13.6212    11.5356    14.7004
13.624399    11.5812    14.7004
13.624399    11.5884    14.7004
13.6236    11.5996    14.7004
13.6212    11.6188    14.7004
13.618799    11.6324    14.7004
13.6092    11.6676    14.7004
13.606    11.676399    14.7004
13.542    11.8468    14.7004
13.538799    11.855599    14.7004
13.538799    11.8564    14.7004
13.538799    11.8572    14.7004
13.521999    11.906799    14.7004
13.5188    11.9196    14.7004
13.5124    11.9404    14.7004
13.5092    11.9548    14.7004
13.506    11.970799    14.7004
13.5036    11.993199    14.7004
13.5036    11.999599    14.7004
13.502    12.0308    14.7004
13.5012    12.038799    14.7004
13.502    12.0596    14.7004
13.5012    12.0724    14.7004
13.5028    12.0884    14.7004
13.5076    12.1684    14.7004
13.5092    12.189199    14.7004
13.5124    12.2148    14.7004
13.5124    12.2204    14.7004
13.5148    12.240399    14.7004
13.5132    12.2484    14.7004
13.516399    12.268399    14.7004
13.515599    12.2764    14.7004
13.5204    12.285999    14.7004
13.5364    12.3004    14.7004
13.546    12.3172    14.7004
13.5636    12.3196    14.7004
13.578    12.321199    14.7004
13.5924    12.3132    14.7004
13.6012    12.3132    14.7004
13.6147995    12.314799    14.7004
13.625199    12.3188    14.7004
13.636399    12.326799    14.7004
13.647599    12.3331995    14.7004
13.6684    12.3516    14.7004
13.6756    12.3564    14.7004
13.693999    12.3796    14.7004
13.7012    12.3868    14.7004
13.716399    12.4092    14.7004
13.742    12.447599    14.7004
13.7556    12.4692    14.7004
13.7668    12.486799    14.7004
13.79    12.5316    14.7004
13.8043995    12.556399    14.7004
13.815599    12.579599    14.7004
13.8484    12.6388    14.7004
13.8675995    12.676399    14.7004
13.8972    12.7355995    14.7004
13.9092    12.7596    14.7004
13.9396    12.8236    14.7004
13.9516    12.849999    14.7004
13.9732    12.900399    14.7004
14.0004    12.9628    14.7004
14.0124    12.99    14.7004
14.0204    13.0092    14.7004
14.050799    13.084399    14.7004
14.0764    13.146    14.7004
14.094    13.188399    14.7004
14.1228    13.2668    14.7004
14.125999    13.2764    14.7004
14.1572    13.366799    14.7004
14.1852    13.4452    14.7004
14.1964    13.4772    14.7004
14.2092    13.5171995    14.7004
14.233999    13.6036    14.7004
14.2364    13.6124    14.7004
14.238    13.6172    14.7004
14.257199    13.698    14.7004
14.2676    13.745999    14.7004
14.2699995    13.7604    14.7004
14.2724    13.7699995    14.7004
14.2724    13.7732    14.7004
14.2836    13.8356    14.7004
14.2932    13.8972    14.7004
14.302    13.946    14.7004
14.309999    14.018    14.7004
14.3124    14.0348    14.7004
14.320399    14.0988    14.7004
14.322    14.1108    14.7004
14.3236    14.122    14.7004
14.3284    14.1468    14.7004
14.3356    14.1916    14.7004
14.3404    14.210799    14.7004
14.346    14.222799    14.7004
14.3516    14.2436    14.7004
14.358    14.2556    14.7004
14.3628    14.2716    14.7004
14.3708    14.285999    14.7004
14.3972    14.3252    14.7004
14.4028    14.334    14.7004
14.405999    14.338799    14.7004
14.4212    14.358    14.7004
14.4516    14.3963995    14.7004
14.458799    14.406799    14.7004
14.4939995    14.4508    14.7004
14.4972    14.4548    14.7004
14.5116    14.478    14.7004
14.5188    14.487599    14.7004
14.533199    14.5076    14.7004
14.5524    14.5356    14.7004
14.558    14.5468    14.7004
14.5724    14.5748    14.7004
14.573999    14.5772    14.7004
14.601999    14.6324    14.7004
14.6044    14.637199    14.7004
14.6292    14.6908    14.7004
14.631599    14.6964    14.7004
14.634    14.7012    14.7004
14.660399    14.766    14.7004
14.6756    14.8043995    14.7004
14.6972    14.8652    14.7004
14.7067995    14.8916    14.7004
14.7196    14.9316    14.7004
14.733999    14.9804    14.7004
14.7548    15.0492    14.7004
14.763599    15.0772    14.7004
14.7708    15.101999    14.7004
14.79    15.1796    14.7004
14.794    15.1972    14.7004
14.797999    15.214    14.7004
14.8124    15.2836    14.7004
14.820399    15.326799    14.7004
14.8308    15.3932    14.7004
14.8331995    15.407599    14.7004
14.8331995    15.413199    14.7004
14.842799    15.4883995    14.7004
14.8468    15.528399    14.7004
14.849999    15.5836    14.7004
14.8516    15.61    14.7004
14.8524    15.619599    14.7004
14.855599    15.636399    14.7004
14.855599    15.6508    14.7004
14.8596    15.6668    14.7004
14.871599    15.69    14.7004
14.877999    15.7036    14.7004
14.9028    15.716399    14.7004
14.911599    15.7196    14.7004
14.913199    15.7188    14.7004
14.923599    15.7148    14.7004
14.9484    15.7067995    14.7004
14.9612    15.693199    14.7004
14.9804    15.6732    14.7004
14.993199    15.6572    14.7004
15.0084    15.6404    14.7004
15.038799    15.6068    14.7004
15.0548    15.590799    14.7004
15.108399    15.537999    14.7004
15.1435995    15.505199    14.7004
15.1564    15.493199    14.7004
15.2332    15.4204    14.7004
15.256399    15.3972    14.7004
15.2932    15.3619995    14.7004
15.342    15.3124    14.7004
15.3628    15.290799    14.7004
15.384399    15.268399    14.7004
15.4036    15.2484    14.7004
15.417199    15.2372    14.7004
15.429199    15.226    14.7004
15.4572    15.2036    14.7004
15.463599    15.1988    14.7004
15.465199    15.198    14.7004
15.4676    15.1964    14.7004
15.4732    15.1924    14.7004
15.5028    15.171599    14.7004
15.5124    15.1684    14.7004
15.5532    15.1444    14.7004
15.572399    15.136399    14.7004
15.61    15.1108    14.7004
15.6348    15.097199    14.7004
15.648399    15.0876    14.7004
15.665199    15.0764    14.7004
15.6692    15.0724    14.7004
15.693199    15.0571995    14.7004
15.7092    15.046    14.7004
15.7355995    15.033199    14.7004
15.752399    15.0227995    14.7004
15.7548    15.021199    14.7004
15.8012    15.0004    14.7004
15.8236    14.9916    14.7004
15.8476    14.9828    14.7004
15.882799    14.969999    14.7004
15.935599    14.9556    14.7004
15.9396    14.9548    14.7004
15.9492    14.952399    14.7004
15.9908    14.941199    14.7004
16.01    14.9388    14.7004
16.0492    14.9332    14.7004
16.0836    14.929999    14.7004
16.094799    14.9284    14.7004
16.1092    14.9276    14.7004
16.1356    14.926    14.7004
16.1524    14.926    14.7004
16.1884    14.929199    14.7004
16.1988    14.9268    14.7004
16.2204    14.9044    14.7004
16.2284    14.889999    14.7004
16.23    14.871599    14.7004
16.23    14.854    14.7004
16.2276    14.844399    14.7004
16.221199    14.820399    14.7004
16.219599    14.8116    14.7004
16.2108    14.7755995    14.7004
16.2076    14.7596    14.7004
16.2068    14.745199    14.7004
16.202    14.7084    14.7004
16.2012    14.694799    14.7004
16.202    14.681999    14.7004
16.2052    14.6668    14.7004
16.21    14.659599    14.7004
16.2292    14.630799    14.7004
16.236399    14.6276    14.7004
16.260399    14.618    14.7004
16.2628    14.6172    14.7004
16.2644    14.6164    14.7004
16.2652    14.6164    14.7004
16.2676    14.6164    14.7004
16.306799    14.6124    14.7004
16.3252    14.613999    14.7004
16.351599    14.6164    14.7004
16.358    14.6164    14.7004
16.3612    14.6172    14.7004
16.403599    14.625999    14.7004
16.4084    14.6268    14.7004
16.41    14.6268    14.7004
16.4124    14.6276    14.7004
16.472399    14.642799    14.7004
16.5348    14.6644    14.7004
16.5444    14.6676    14.7004
16.5604    14.6732    14.7004
16.576399    14.6779995    14.7004
16.5804    14.6796    14.7004
16.615599    14.6956    14.7004
16.661999    14.717199    14.7004
16.673199    14.722799    14.7004
16.6796    14.7268    14.7004
16.6932    14.7332    14.7004
16.726    14.751599    14.7004
16.7628    14.7716    14.7004
16.8204    14.8076    14.7004
16.8396    14.820399    14.7004
16.869999    14.8412    14.7004
16.8892    14.854799    14.7004
16.918    14.8764    14.7004
16.9844    14.929999    14.7004
17.0036    14.9444    14.7004
17.0292    14.9668    14.7004
17.035599    14.970799    14.7004
17.062    14.992399    14.7004
17.117199    15.0404    14.7004
17.156399    15.0764    14.7004
17.1716    15.0876    14.7004
17.2052    15.118799    14.7004
17.2588    15.1692    14.7004
17.2724    15.182799    14.7004
17.2748    15.1852    14.7004
17.282    15.1924    14.7004
17.340399    15.254    14.7004
17.3876    15.303599    14.7004
17.4236    15.342    14.7004
17.494799    15.418799    14.7004
17.5084    15.4332    14.7004
17.542    15.469999    14.7004
17.565199    15.4972    14.7004
17.598    15.533199    14.7004
17.639599    15.5803995    14.7004
17.685999    15.6324    14.7004
17.7372    15.693999    14.7004
17.774    15.7388    14.7004
17.8172    15.7932    14.7004
17.8364    15.8188    14.7004
17.8444    15.8308    14.7004
17.862799    15.855599    14.7004
17.8724    15.8708    14.7004
17.879599    15.882799    14.7004
17.8748    15.888399    14.7004
17.862799    15.8924    14.7004
17.851599    15.8932    14.7004
17.8468    15.894799    14.7004
17.7988    15.9092    14.7004
17.760399    15.922    14.7004
17.7388    15.9284    14.7004
17.7316    15.9307995    14.7004
17.7164    15.934799    14.7004
17.6908    15.9436    14.7004
17.6724    15.953199    14.7004
17.663599    15.958799    14.7004
17.6604    15.974799    14.7004
17.6548    15.993199    14.7004
17.663599    16.007599    14.7004
17.6684    16.024399    14.7004
17.678799    16.0404    14.7004
17.6932    16.0636    14.7004
17.7012    16.0756    14.7004
17.7092    16.09    14.7004
17.7388    16.1444    14.7004
17.749199    16.1652    14.7004
17.762    16.194    14.7004
17.7692    16.2132    14.7004
17.7708    16.2204    14.7004
17.7804    16.2404    14.7004
17.7812    16.2524    14.7004
17.786    16.2692    14.7004
17.784399    16.2756    14.7004
17.7852    16.2972    14.7004
17.7788    16.3188    14.7004
17.7764    16.3244    14.7004
17.7644    16.3484    14.7004
17.753199    16.368399    14.7004
17.737999    16.3884    14.7004
17.7244    16.4084    14.7004
17.718    16.414799    14.7004
17.6996    16.4308    14.7004
17.6876    16.4396    14.7004
17.6652    16.455599    14.7004
17.656399    16.4604    14.7004
17.6548    16.461199    14.7004
17.6516    16.4628    14.7004
17.614    16.4764    14.7004
17.5972    16.4812    14.7004
17.5844    16.486    14.7004
17.569199    16.489199    14.7004
17.548399    16.494799    14.7004
17.542799    16.4956    14.7004
17.494    16.501999    14.7004
17.442799    16.5068    14.7004
17.425999    16.5084    14.7004
17.402    16.507599    14.7004
17.3676    16.506    14.7004
17.323599    16.5044    14.7004
17.3156    16.5052    14.7004
17.3036    16.5124    14.7004
17.2908    16.5196    14.7004
17.2932    16.541199    14.7004
17.295599    16.5452    14.7004
17.295599    16.548399    14.7004
17.310799    16.5756    14.7004
17.3332    16.6164    14.7004
17.340399    16.6316    14.7004
17.3668    16.6908    14.7004
17.3892    16.741999    14.7004
17.394    16.754    14.7004
17.4364    16.857199    14.7004
17.458    16.914799    14.7004
17.500399    17.0252    14.7004
17.548399    17.156399    14.7004
17.548399    17.1572    14.7004
17.6028    17.3148    14.7004
17.605999    17.322    14.7004
17.654    17.4588    14.7004
17.6868    17.5452    14.7004
17.7052    17.5956    14.7004
17.7156    17.6252    14.7004
17.7764    17.7948    14.7004
17.810799    17.8892    14.7004
17.858799    18.0204    14.7004
17.906    18.1516    14.7004
17.9404    18.249199    14.7004
17.9572    18.301199    14.7004
17.9972    18.416399    14.7004
18.018799    18.479599    14.7004
18.0508    18.5788    14.7004
18.093199    18.7044    14.7004
18.1028    18.7356    14.7004
18.1148    18.7732    14.7004
18.1612    18.9252    14.7004
18.1764    18.9772    14.7004
18.2108    19.094799    14.7004
18.2164    19.118    14.7004
18.249199    19.2356    14.7004
18.260399    19.2756    14.7004
18.2636    19.2868    14.7004
18.2724    19.3212    14.7004
18.2868    19.378    14.7004
18.2892    19.3828    14.7004
18.289999    19.3884    14.7004
18.298    19.4252    14.7004
18.2988    19.4308    14.7004
18.306    19.4564    14.7004
18.3076    19.4604    14.7004
18.3084    19.4644    14.7004
18.3204    19.5124    14.7004
18.3228    19.5228    14.7004
18.3308    19.5548    14.7004
18.3452    19.6196    14.7004
18.3468    19.626799    14.7004
18.3556    19.6524    14.7004
18.3564    19.6548    14.7004
18.379599    19.67    14.7004
18.3844    19.674    14.7004
18.4004    19.6492    14.7004
18.4004    19.6484    14.7004
18.4084    19.622799    14.7004
18.409199    19.6188    14.7004
18.420399    19.594    14.7004
18.4212    19.5892    14.7004
18.431599    19.570799    14.7004
18.433199    19.563599    14.7004
18.4492    19.542799    14.7004
18.4492    19.538    14.7004
18.462    19.517199    14.7004
18.4604    19.5108    14.7004
18.4636    19.4828    14.7004
18.438799    19.438    14.7004
18.416399    19.3892    14.7004
18.409199    19.3732    14.7004
18.403599    19.3564    14.7004
18.3828    19.302    14.7004
18.373999    19.2708    14.7004
18.3596    19.226    14.7004
18.3556    19.213999    14.7004
18.342    19.161999    14.7004
18.326    19.1012    14.7004
18.3044    19.0044    14.7004
18.293999    18.9596    14.7004
18.277199    18.8772    14.7004
18.2748    18.866    14.7004
18.271599    18.8548    14.7004
18.258    18.7876    14.7004
18.2452    18.7236    14.7004
18.234    18.6604    14.7004
18.219599    18.570799    14.7004
18.2116    18.5268    14.7004
18.202799    18.4636    14.7004
18.2052    18.403599    14.7004
18.2052    18.397999    14.7004
18.2052    18.3932    14.7004
18.208399    18.3676    14.7004
18.219599    18.3484    14.7004
18.221199    18.3468    14.7004
18.2228    18.3452    14.7004
18.226799    18.3412    14.7004
18.237999    18.3316    14.7004
18.243599    18.3284    14.7004
18.2668    18.3212    14.7004
18.2812    18.3212    14.7004
18.2964    18.3172    14.7004
18.3092    18.3188    14.7004
18.3228    18.3188    14.7004
18.3324    18.3196    14.7004
18.3492    18.3244    14.7004
18.379599    18.334799    14.7004
18.3828    18.3356    14.7004
18.3964    18.342    14.7004
18.4084    18.3484    14.7004
18.4236    18.362    14.7004
18.438    18.3732    14.7004
18.4548    18.3964    14.7004
18.4564    18.3988    14.7004
18.466    18.4188    14.7004
18.4844    18.4548    14.7004
18.496399    18.482    14.7004
18.500399    18.49    14.7004
18.5228    18.553999    14.7004
18.5276    18.565199    14.7004
18.541199    18.598    14.7004
18.5532    18.6204    14.7004
18.5676    18.650799    14.7004
18.5756    18.6644    14.7004
18.5812    18.674799    14.7004
18.587599    18.6908    14.7004
18.598799    18.706    14.7004
18.6036    18.7108    14.7004
18.632399    18.7204    14.7004
18.6492    18.7292    14.7004
18.6596    18.7292    14.7004
18.6764    18.7292    14.7004
18.685999    18.7228    14.7004
18.698    18.7204    14.7004
18.7148    18.719599    14.7004
18.7236    18.722    14.7004
18.741999    18.722    14.7004
18.7524    18.7284    14.7004
18.7676    18.730799    14.7004
18.784399    18.7348    14.7004
18.7988    18.746    14.7004
18.8076    18.746    14.7004
18.827599    18.746    14.7004
18.8388    18.7452    14.7004
18.8596    18.7388    14.7004
18.8636    18.7372    14.7004
18.882    18.725199    14.7004
18.897999    18.719599    14.7004
18.9124    18.7124    14.7004
18.9268    18.701199    14.7004
18.938799    18.6924    14.7004
18.9492    18.6828    14.7004
18.9692    18.669199    14.7004
18.9716    18.666    14.7004
18.9924    18.6492    14.7004
18.9996    18.6436    14.7004
19.024399    18.621199    14.7004
19.031599    18.614    14.7004
19.0572    18.5892    14.7004
19.074    18.570799    14.7004
19.0892    18.5556    14.7004
19.1124    18.5252    14.7004
19.1148    18.5228    14.7004
19.1188    18.5172    14.7004
19.1332    18.496399    14.7004
19.15    18.4716    14.7004
19.1604    18.454    14.7004
19.174    18.4404    14.7004
19.195599    18.416399    14.7004
19.202    18.409199    14.7004
19.2132    18.3948    14.7004
19.2228    18.3836    14.7004
19.2276    18.375599    14.7004
19.2516    18.345999    14.7004
19.2524    18.3444    14.7004
19.2556    18.342    14.7004
19.2756    18.326    14.7004
19.282799    18.3228    14.7004
19.3004    18.3116    14.7004
19.310799    18.3076    14.7004
19.3316    18.2988    14.7004
19.345999    18.2964    14.7004
19.358    18.2932    14.7004
19.362    18.293999    14.7004
19.3836    18.2916    14.7004
19.414    18.298    14.7004
19.4212    18.299599    14.7004
19.4452    18.3116    14.7004
19.4564    18.3212    14.7004
19.4692    18.3396    14.7004
19.477999    18.3556    14.7004
19.4812    18.3676    14.7004
19.483599    18.3996    14.7004
19.483599    18.4084    14.7004
19.4844    18.4244    14.7004
19.485199    18.4516    14.7004
19.4828    18.4684    14.7004
19.4764    18.5028    14.7004
19.47    18.5396    14.7004
19.4588    18.5996    14.7004
19.4516    18.6364    14.7004
19.442799    18.6764    14.7004
19.4268    18.7372    14.7004
19.4228    18.749199    14.7004
19.418    18.764399    14.7004
19.4116    18.784399    14.7004
19.4124    18.812399    14.7004
19.4132    18.8148    14.7004
19.446    18.8444    14.7004
19.448399    18.8468    14.7004
19.473999    18.8284    14.7004
19.479599    18.8244    14.7004
19.500399    18.7948    14.7004
19.5084    18.7868    14.7004
19.5124    18.782    14.7004
19.5452    18.7444    14.7004
19.5996    18.685999    14.7004
19.6124    18.6716    14.7004
19.6348    18.6492    14.7004
19.639599    18.645199    14.7004
19.6708    18.622    14.7004
19.6996    18.6052    14.7004
19.7004    18.6052    14.7004
19.702799    18.604399    14.7004
19.7284    18.5996    14.7004
19.741999    18.5972    14.7004
19.7524    18.5964    14.7004
19.7652    18.5972    14.7004
19.7748    18.598    14.7004
19.7836    18.600399    14.7004
19.806799    18.609999    14.7004
19.816399    18.6148    14.7004
19.826    18.6244    14.7004
19.8388    18.645199    14.7004
19.840399    18.6484    14.7004
19.840399    18.6548    14.7004
19.8428    18.673199    14.7004
19.8428    18.682    14.7004
19.8396    18.71    14.7004
19.8364    18.732399    14.7004
19.8308    18.754799    14.7004
19.829199    18.758799    14.7004
19.833199    18.778    14.7004
19.8324    18.7876    14.7004
19.854    18.8028    14.7004
19.8604    18.8076    14.7004
19.8636    18.8076    14.7004
19.8932    18.806    14.7004
19.925999    18.795599    14.7004
19.938799    18.7924    14.7004
19.986    18.7812    14.7004
19.9972    18.7788    14.7004
20.005999    18.777199    14.7004
20.0348    18.7732    14.7004
20.0844    18.7668    14.7004
20.122    18.764399    14.7004
20.1316    18.7652    14.7004
20.137999    18.764399    14.7004
20.157999    18.7652    14.7004
20.1964    18.7676    14.7004
20.2052    18.7692    14.7004
20.247599    18.777199    14.7004
20.2668    18.782799    14.7004
20.3004    18.7948    14.7004
20.3228    18.8028    14.7004
20.345999    18.8156    14.7004
20.358    18.821999    14.7004
20.3732    18.8308    14.7004
20.4012    18.85    14.7004
20.409199    18.8556    14.7004
20.449999    18.886    14.7004
20.462    18.8964    14.7004
20.4772    18.91    14.7004
20.4876    18.920399    14.7004
20.531599    18.9636    14.7004
20.548399    18.982    14.7004
20.576399    19.014    14.7004
20.6092    19.0556    14.7004
20.617199    19.066    14.7004
20.6412    19.100399    14.7004
20.656399    19.1236    14.7004
20.6828    19.1612    14.7004
20.702799    19.1948    14.7004
20.7348    19.25    14.7004
20.743599    19.265999    14.7004
20.762    19.299599    14.7004
20.788399    19.351599    14.7004
20.8188    19.418    14.7004
20.8316    19.446    14.7004
20.8468    19.4844    14.7004
20.858799    19.5148    14.7004
20.866    19.531599    14.7004
20.896399    19.6124    14.7004
20.933199    19.7156    14.7004
20.9364    19.7236    14.7004
20.9364    19.725199    14.7004
20.938    19.7292    14.7004
20.966    19.823599    14.7004
20.977999    19.8732    14.7004
20.9876    19.91    14.7004
21.007599    19.9972    14.7004
21.0084    19.9996    14.7004
21.0092    20.005999    14.7004
21.026    20.094    14.7004
21.034    20.143599    14.7004
21.0396    20.1876    14.7004
21.046    20.241999    14.7004
21.048399    20.2636    14.7004
21.052399    20.295599    14.7004
21.0564    20.3252    14.7004
21.0556    20.35    14.7004
21.0556    20.3548    14.7004
21.053999    20.3604    14.7004
21.0516    20.375599    14.7004
21.0444    20.392399    14.7004
21.037199    20.4052    14.7004
21.0324    20.4132    14.7004
21.013199    20.4324    14.7004
21.0028    20.4412    14.7004
20.990799    20.4516    14.7004
20.9732    20.4652    14.7004
20.9532    20.4788    14.7004
20.9252    20.4972    14.7004
20.881199    20.5236    14.7004
20.8436    20.546    14.7004
20.7612    20.5996    14.7004
20.734    20.617199    14.7004
20.6516    20.6708    14.7004
20.645199    20.6756    14.7004
20.633999    20.6836    14.7004
20.570799    20.7284    14.7004
20.535599    20.754    14.7004
20.5044    20.7788    14.7004
20.4572    20.8148    14.7004
20.4364    20.8324    14.7004
20.3804    20.881199    14.7004
20.3612    20.897999    14.7004
20.3116    20.9404    14.7004
20.2964    20.9564    14.7004
20.2524    20.9972    14.7004
20.2348    21.0148    14.7004
20.2044    21.0444    14.7004
20.1548    21.0972    14.7004
20.132399    21.122    14.7004
20.1028    21.157999    14.7004
20.0844    21.1796    14.7004
20.0772    21.1876    14.7004
20.0452    21.2316    14.7004
20.041199    21.236399    14.7004
19.9972    21.2972    14.7004
19.9924    21.305199    14.7004
19.986    21.314    14.7004
19.9788    21.3252    14.7004
19.979599    21.334799    14.7004
19.9756    21.358    14.7004
19.9916    21.3748    14.7004
20.000399    21.381199    14.7004
20.0212    21.3916    14.7004
20.0308    21.396399    14.7004
20.048399    21.4132    14.7004
20.0508    21.416399    14.7004
20.052399    21.420399    14.7004
20.0612    21.442    14.7004
20.065199    21.4628    14.7004
20.065199    21.465199    14.7004
20.065199    21.4676    14.7004
20.0588    21.4956    14.7004
20.0492    21.529999    14.7004
20.048399    21.5308    14.7004
20.048399    21.531599    14.7004
20.018799    21.598799    14.7004
20.0036    21.6308    14.7004
19.9676    21.7052    14.7004
19.9588    21.722    14.7004
19.9284    21.7908    14.7004
19.9196    21.8076    14.7004
19.9012    21.8524    14.7004
19.881199    21.901999    14.7004
19.8492    21.979599    14.7004
19.8364    22.0108    14.7004
19.829199    22.031599    14.7004
19.8212    22.0532    14.7004
19.8204    22.0572    14.7004
19.8132    22.0812    14.7004
19.8116    22.09    14.7004
19.806799    22.111599    14.7004
19.806799    22.13    14.7004
19.805199    22.142    14.7004
19.806    22.1612    14.7004
19.806    22.1964    14.7004
19.806    22.2228    14.7004
19.805199    22.2244    14.7004
19.799599    22.2452    14.7004
19.799599    22.2468    14.7004
19.795599    22.253199    14.7004
19.7812    22.278    14.7004
19.769999    22.2964    14.7004
19.7572    22.316399    14.7004
19.7452    22.3316    14.7004
19.718    22.3612    14.7004
19.7076    22.3692    14.7004
19.697199    22.3764    14.7004
19.689999    22.3804    14.7004
19.6836    22.3804    14.7004
19.666    22.3892    14.7004
19.6556    22.3884    14.7004
19.6388    22.3892    14.7004
19.622    22.3884    14.7004
19.6036    22.3884    14.7004
19.593199    22.3884    14.7004
19.5684    22.386    14.7004
19.5556    22.3836    14.7004
19.546    22.3844    14.7004
19.526    22.382    14.7004
19.5068    22.3876    14.7004
19.4972    22.394    14.7004
19.473999    22.4044    14.7004
19.4684    22.4068    14.7004
19.4628    22.410799    14.7004
19.4628    22.4156    14.7004
19.4524    22.4476    14.7004
19.4596    22.4548    14.7004
19.4708    22.4812    14.7004
19.4732    22.4828    14.7004
19.496399    22.5012    14.7004
19.4972    22.501999    14.7004
19.5028    22.505999    14.7004
19.5588    22.546    14.7004
19.5676    22.552399    14.7004
19.59    22.569199    14.7004
19.621199    22.594    14.7004
19.6292    22.6028    14.7004
19.6388    22.618    14.7004
19.642    22.6348    14.7004
19.6428    22.642    14.7004
19.6412    22.654    14.7004
19.6404    22.674    14.7004
19.642    22.678799    14.7004
19.656399    22.7044    14.7004
19.6828    22.730799    14.7004
19.684399    22.732399    14.7004
19.684399    22.7332    14.7004
19.702    22.7564    14.7004
19.7108    22.778    14.7004
19.7116    22.7804    14.7004
19.7116    22.7836    14.7004
19.7148    22.8028    14.7004
19.7092    22.834799    14.7004
19.706    22.8428    14.7004
19.6444    22.990799    14.7004
19.6412    22.9988    14.7004
19.63    23.0252    14.7004
19.6244    23.0348    14.7004
19.6148    23.046    14.7004
19.6108    23.05    14.7004
19.6052    23.0548    14.7004
19.5972    23.057999    14.7004
19.5812    23.0684    14.7004
19.5556    23.076399    14.7004
19.546    23.0796    14.7004
19.535599    23.081999    14.7004
19.5012    23.0892    14.7004
19.4532    23.0964    14.7004
19.431599    23.100399    14.7004
19.4012    23.104399    14.7004
19.3892    23.1052    14.7004
19.386    23.104399    14.7004
19.364399    23.102    14.7004
19.3548    23.098799    14.7004
19.3436    23.091599    14.7004
19.3252    23.0844    14.7004
19.310799    23.078    14.7004
19.289999    23.059599    14.7004
19.2876    23.0572    14.7004
19.2868    23.0564    14.7004
19.247599    23.0164    14.7004
19.237999    23.007599    14.7004
19.23    22.9996    14.7004
19.2164    22.994    14.7004
19.1988    22.9804    14.7004
19.1908    22.979599    14.7004
19.169199    22.979599    14.7004
19.1612    22.9844    14.7004
19.1484    22.9772    14.7004
19.1308    22.965199    14.7004
19.117199    22.9644    14.7004
19.1012    22.9604    14.7004
19.0852    22.966    14.7004
19.0788    22.97    14.7004
19.0716    22.972399    14.7004
19.0668    22.9876    14.7004
19.0612    23.0052    14.7004
19.062    23.0084    14.7004
19.063599    23.017199    14.7004
19.0628    23.039598    14.7004
19.0452    23.111599    14.7004
19.0364    23.157999    14.7004
19.026    23.225199    14.7004
19.01    23.3116    14.7004
19.0036    23.3468    14.7004
19.0012    23.3508    14.7004
18.994    23.358799    14.7004
18.9596    23.3804    14.7004
18.944399    23.396399    14.7004
18.9212    23.414    14.7004
18.9012    23.4244    14.7004
18.869999    23.4324    14.7004
18.858    23.4324    14.7004
18.8356    23.4324    14.7004
18.8148    23.4308    14.7004
18.801199    23.4236    14.7004
18.782    23.414    14.7004
18.7724    23.403599    14.7004
18.77    23.401999    14.7004
18.754799    23.3972    14.7004
18.732399    23.378    14.7004
18.725199    23.368399    14.7004
18.7092    23.321999    14.7004
18.6996    23.295599    14.7004
18.6988    23.286    14.7004
18.695599    23.2748    14.7004
18.691599    23.247599    14.7004
18.7244    23.173199    14.7004
18.7356    23.1484    14.7004
18.7412    23.1356    14.7004
18.774    23.0588    14.7004
18.788399    23.022    14.7004
18.81    22.973999    14.7004
18.8196    22.962    14.7004
18.827599    22.9532    14.7004
18.8388    22.946    14.7004
18.823599    22.9292    14.7004
18.817999    22.910799    14.7004
18.793999    22.9004    14.7004
18.7852    22.886    14.7004
18.7652    22.8724    14.7004
18.758799    22.8724    14.7004
18.743599    22.8724    14.7004
18.737999    22.8668    14.7004
18.7188    22.8668    14.7004
18.6996    22.8668    14.7004
18.6932    22.8636    14.7004
18.6868    22.862799    14.7004
18.661999    22.8636    14.7004
18.657999    22.864399    14.7004
18.6556    22.864399    14.7004
18.6532    22.8652    14.7004
18.622799    22.868399    14.7004
18.5892    22.864399    14.7004
18.587599    22.864399    14.7004
18.5572    22.8524    14.7004
18.548399    22.849998    14.7004
18.5348    22.8412    14.7004
18.5196    22.834799    14.7004
18.4924    22.8156    14.7004
18.482    22.8092    14.7004
18.4692    22.7964    14.7004
18.4548    22.782799    14.7004
18.442799    22.774    14.7004
18.421999    22.774    14.7004
18.4124    22.7692    14.7004
18.4044    22.771599    14.7004
18.386799    22.7796    14.7004
18.3652    22.786798    14.7004
18.3564    22.7892    14.7004
18.326    22.7932    14.7004
18.3196    22.7932    14.7004
18.3076    22.793999    14.7004
18.282    22.7964    14.7004
18.258    22.7964    14.7004
18.2468    22.7964    14.7004
18.218    22.802    14.7004
18.2124    22.8036    14.7004
18.2092    22.806799    14.7004
18.1812    22.833199    14.7004
18.1796    22.8356    14.7004
18.1612    22.8668    14.7004
18.1524    22.903599    14.7004
18.1388    22.944399    14.7004
18.1244    22.9868    14.7004
18.098799    23.0492    14.7004
18.0908    23.07    14.7004
18.0836    23.087599    14.7004
18.046799    23.167599    14.7004
18.0348    23.195599    14.7004
17.9876    23.2892    14.7004
17.9772    23.3084    14.7004
17.9708    23.3204    14.7004
17.934    23.394    14.7004
17.931599    23.3988    14.7004
17.8948    23.4628    14.7004
17.8324    23.5684    14.7004
17.8316    23.570799    14.7004
17.83    23.5724    14.7004
17.7756    23.6532    14.7004
17.774    23.654799    14.7004
17.7692    23.661999    14.7004
17.721199    23.7276    14.7004
17.7044    23.7508    14.7004
17.684399    23.7764    14.7004
17.6556    23.81    14.7004
17.6372    23.8316    14.7004
17.632399    23.838799    14.7004
17.6132    23.8708    14.7004
17.6132    23.8724    14.7004
17.6124    23.873999    14.7004
17.6084    23.9028    14.7004
17.611599    23.918    14.7004
17.6132    23.934    14.7004
17.614    23.9356    14.7004
17.6148    23.9412    14.7004
17.6188    23.9604    14.7004
17.622799    23.981998    14.7004
17.626    24.0068    14.7004
17.6276    24.014    14.7004
17.63    24.0588    14.7004
17.63    24.0604    14.7004
17.628399    24.1052    14.7004
17.626    24.1364    14.7004
17.6244    24.1468    14.7004
17.6244    24.149199    14.7004
17.622799    24.1524    14.7004
17.615599    24.174    14.7004
17.6148    24.1764    14.7004
17.5908    24.2036    14.7004
17.5884    24.2052    14.7004
17.566    24.222    14.7004
17.5276    24.2444    14.7004
17.4844    24.2676    14.7004
17.4468    24.286798    14.7004
17.4076    24.3076    14.7004
17.3308    24.347599    14.7004
17.301199    24.362    14.7004
17.2372    24.392399    14.7004
17.178    24.4212    14.7004
17.1404    24.438    14.7004
17.1244    24.444399    14.7004
17.070799    24.4676    14.7004
17.0684    24.4684    14.7004
17.046    24.4812    14.7004
17.0404    24.483599    14.7004
17.0196    24.5044    14.7004
17.007599    24.513199    14.7004
17.000399    24.5268    14.7004
16.9868    24.5404    14.7004
16.9756    24.5572    14.7004
16.966799    24.5668    14.7004
16.9508    24.587599    14.7004
16.944399    24.5964    14.7004
16.9212    24.6164    14.7004
16.9132    24.6252    14.7004
16.886    24.6444    14.7004
16.873999    24.654799    14.7004
16.8324    24.6828    14.7004
16.826    24.6868    14.7004
16.8252    24.6868    14.7004
16.8004    24.701199    14.7004
16.7444    24.732399    14.7004
16.6924    24.7564    14.7004
16.666    24.7684    14.7004
16.6476    24.7804    14.7004
16.638    24.788399    14.7004
16.6076    24.83    14.7004
16.6068    24.8308    14.7004
16.5908    24.8492    14.7004
16.586    24.8524    14.7004
16.5588    24.8676    14.7004
16.5476    24.8724    14.7004
16.541199    24.8748    14.7004
16.477999    24.8996    14.7004
16.3988    24.9308    14.7004
16.357199    24.946    14.7004
16.2732    24.9756    14.7004
16.2172    24.994799    14.7004
16.169199    25.011599    14.7004
16.117199    25.028399    14.7004
16.0748    25.042    14.7004
16.0052    25.063599    14.7004
15.952399    25.0796    14.7004
15.9036    25.093199    14.7004
15.83    25.1124    14.7004
15.746799    25.1348    14.7004
15.721999    25.1412    14.7004
15.6964    25.1468    14.7004
15.613999    25.165998    14.7004
15.5492    25.180399    14.7004
15.493199    25.1924    14.7004
15.3916    25.2108    14.7004
15.378799    25.2132    14.7004
15.374    25.213999    14.7004
15.257199    25.2356    14.7004
15.2436    25.237999    14.7004
15.1572    25.2508    14.7004
15.119599    25.2564    14.7004
15.0636    25.2652    14.7004
15.0244    25.2684    14.7004
15.015599    25.2692    14.7004
15.002    25.2692    14.7004
14.966    25.2724    14.7004
14.9492    25.271599    14.7004
14.922    25.271599    14.7004
14.9084    25.269999    14.7004
14.877199    25.2692    14.7004
14.866799    25.2676    14.7004
14.8276    25.264399    14.7004
14.808399    25.262    14.7004
14.782    25.258    14.7004
14.7612    25.2524    14.7004
14.710799    25.2428    14.7004
14.7012    25.2396    14.7004
14.6348    25.2228    14.7004
14.579599    25.2076    14.7004
14.538    25.1948    14.7004
14.4724    25.173199    14.7004
14.429199    25.157999    14.7004
14.3972    25.1476    14.7004
14.383599    25.1428    14.7004
14.326799    25.1244    14.7004
14.245199    25.093199    14.7004
14.2268    25.087599    14.7004
14.211599    25.081999    14.7004
14.202    25.078    14.7004
13.9892    24.989199    14.7004
13.929999    24.9628    14.7004
13.901199    24.9516    14.7004
13.814799    24.9196    14.7004
13.7876    24.91    14.7004
13.7644    24.8996    14.7004
13.750799    24.8948    14.7004
13.723599    24.8828    14.7004
13.7076    24.8764    14.7004
13.6964    24.8724    14.7004
13.654799    24.862799    14.7004
13.6412    24.8676    14.7004
13.624399    24.8636    14.7004
13.613199    24.869999    14.7004
13.5948    24.869999    14.7004
13.5828    24.873999    14.7004
13.5692    24.8748    14.7004
13.545199    24.8788    14.7004
13.4956    24.9004    14.7004
13.4916    24.9028    14.7004
13.486    24.906    14.7004
13.4548    24.9252    14.7004
13.4332    24.937199    14.7004
13.4228    24.9452    14.7004
13.366799    24.9788    14.7004
13.3244    25.0052    14.7004
13.302799    25.017199    14.7004
13.2212    25.0628    14.7004
13.1988    25.074799    14.7004
13.1452    25.1036    14.7004
13.141999    25.1052    14.7004
13.082    25.1332    14.7004
13.0644    25.1404    14.7004
13.033199    25.154799    14.7004
13.018    25.1612    14.7004
12.938    25.1932    14.7004
12.8907995    25.21    14.7004
12.849999    25.2244    14.7004
12.8228    25.2316    14.7004
12.7716    25.246    14.7004
12.763599    25.2484    14.7004
12.7276    25.258799    14.7004
12.6844    25.2668    14.7004
12.67    25.269999    14.7004
12.660399    25.271599    14.7004
12.607599    25.282    14.7004
12.6052    25.282    14.7004
12.6004    25.282799    14.7004
12.561999    25.2892    14.7004
12.5252    25.293999    14.7004
12.5068    25.295599    14.7004
12.5036    25.295599    14.7004
12.4684    25.3004    14.7004
12.464399    25.3004    14.7004
12.412399    25.3036    14.7004
12.3828    25.305199    14.7004
12.3675995    25.306    14.7004
12.344399    25.306799    14.7004
12.302    25.306799    14.7004
12.269199    25.305199    14.7004
12.252399    25.3036    14.7004
12.2364    25.302    14.7004
12.1988    25.2988    14.7004
12.174    25.2948    14.7004
12.1556    25.2932    14.7004
12.1276    25.2876    14.7004
12.11    25.284399    14.7004
12.0828    25.277199    14.7004
