15.438    30.258799    8.1004
15.434799    30.258    8.1004
15.3476    30.226799    8.1004
15.344399    30.225199    8.1004
15.302    30.205198    8.1004
15.2676    30.1876    8.1004
15.2604    30.1836    8.1004
15.245999    30.174    8.1004
15.21    30.149199    8.1004
15.1988    30.1412    8.1004
15.193999    30.137999    8.1004
15.183599    30.126799    8.1004
15.153999    30.097198    8.1004
15.141999    30.0812    8.1004
15.107599    30.031599    8.1004
15.1044    30.026    8.1004
15.0988    30.0164    8.1004
15.0708    29.9564    8.1004
15.0548    29.9236    8.1004
15.0476    29.901999    8.1004
15.028399    29.849998    8.1004
15.0116    29.7852    8.1004
15.0068    29.7692    8.1004
15.0028    29.7412    8.1004
14.998799    29.706799    8.1004
14.998799    29.6924    8.1004
15.0028    29.633999    8.1004
15.004399    29.622799    8.1004
15.009999    29.594799    8.1004
15.0124    29.5892    8.1004
15.0316    29.542    8.1004
15.049999    29.498    8.1004
15.0548    29.487598    8.1004
15.062799    29.4692    8.1004
15.0868    29.420399    8.1004
15.094    29.406    8.1004
15.1036    29.3844    8.1004
15.11    29.354    8.1004
15.11    29.3524    8.1004
15.11    29.351599    8.1004
15.1068    29.3268    8.1004
15.0692    29.2596    8.1004
15.061999    29.2452    8.1004
15.0596    29.2396    8.1004
15.0548    29.222    8.1004
15.0524    29.2148    8.1004
15.0515995    29.212399    8.1004
15.0404    29.1668    8.1004
15.0404    29.145199    8.1004
15.0412    29.1108    8.1004
15.0412    29.0772    8.1004
15.0428    29.0516    8.1004
15.049999    29.0012    8.1004
15.058    28.9604    8.1004
15.0588    28.9572    8.1004
15.0588    28.9564    8.1004
15.0596    28.9524    8.1004
15.0636    28.938799    8.1004
15.0892    28.8396    8.1004
15.0892    28.8188    8.1004
15.0892    28.805199    8.1004
15.085199    28.7916    8.1004
15.0532    28.7724    8.1004
15.026    28.764399    8.1004
15.016399    28.762    8.1004
15.0116    28.762    8.1004
14.957999    28.754799    8.1004
14.952399    28.754799    8.1004
14.901199    28.751598    8.1004
14.8916    28.751598    8.1004
14.849199    28.753199    8.1004
14.8348    28.754799    8.1004
14.809199    28.758    8.1004
14.7956    28.758799    8.1004
14.745999    28.7652    8.1004
14.7252    28.7668    8.1004
14.65    28.7804    8.1004
14.527599    28.8004    8.1004
14.516399    28.802    8.1004
14.5092    28.8028    8.1004
14.4436    28.8132    8.1004
14.434    28.814    8.1004
14.3932    28.8188    8.1004
14.3692    28.8228    8.1004
14.3292    28.8252    8.1004
14.3228    28.8252    8.1004
14.297199    28.8244    8.1004
14.2788    28.821999    8.1004
14.251599    28.8196    8.1004
14.238    28.8172    8.1004
14.183599    28.81    8.1004
14.1668    28.8076    8.1004
14.162    28.806799    8.1004
14.134    28.7948    8.1004
14.1036    28.782799    8.1004
14.091599    28.777199    8.1004
14.061999    28.754799    8.1004
14.054    28.7484    8.1004
14.046    28.7372    8.1004
14.0348    28.722    8.1004
14.021199    28.6876    8.1004
14.0204    28.6836    8.1004
14.0204    28.682798    8.1004
14.0196    28.6812    8.1004
14.016399    28.669199    8.1004
14.0132    28.654    8.1004
14.0132    28.6244    8.1004
14.0124    28.621199    8.1004
14.0171995    28.598799    8.1004
14.0196    28.5828    8.1004
14.026    28.561998    8.1004
14.0308    28.55    8.1004
14.033199    28.541199    8.1004
14.038799    28.5332    8.1004
14.045199    28.5124    8.1004
14.0468    28.511599    8.1004
14.0644    28.4868    8.1004
14.0652    28.486    8.1004
14.0859995    28.4628    8.1004
14.11    28.4396    8.1004
14.1268    28.421999    8.1004
14.137199    28.41    8.1004
14.1396    28.4084    8.1004
14.141999    28.406    8.1004
14.19    28.364399    8.1004
14.2132    28.3412    8.1004
14.233999    28.326    8.1004
14.2908    28.278    8.1004
14.303599    28.2676    8.1004
14.321199    28.249199    8.1004
14.3364    28.2372    8.1004
14.349999    28.219599    8.1004
14.3636    28.2092    8.1004
14.365999    28.206799    8.1004
14.371599    28.193998    8.1004
14.3764    28.1796    8.1004
14.3708    28.156399    8.1004
14.3452    28.1444    8.1004
14.337199    28.1412    8.1004
14.334    28.1404    8.1004
14.332399    28.1404    8.1004
14.3284    28.1388    8.1004
14.246799    28.1204    8.1004
14.193999    28.1052    8.1004
14.141999    28.093199    8.1004
14.1284    28.0884    8.1004
14.091599    28.076399    8.1004
14.0644    28.056398    8.1004
14.062799    28.0556    8.1004
14.0571995    28.0492    8.1004
14.045199    28.035599    8.1004
14.044399    28.0332    8.1004
14.0436    28.026    8.1004
14.038799    27.996399    8.1004
14.0356    27.942    8.1004
14.0356    27.941198    8.1004
14.0356    27.9404    8.1004
14.0436    27.8748    8.1004
14.0492    27.8412    8.1004
14.0596    27.7972    8.1004
14.073199    27.75    8.1004
14.0868    27.7076    8.1004
14.107599    27.645199    8.1004
14.13    27.587599    8.1004
14.1412    27.5612    8.1004
14.1684    27.498    8.1004
14.181999    27.466799    8.1004
14.1932    27.442799    8.1004
14.2132    27.4068    8.1004
14.2324    27.3836    8.1004
14.2355995    27.3788    8.1004
14.2604    27.344398    8.1004
14.2612    27.3428    8.1004
14.2772    27.326    8.1004
14.280399    27.321999    8.1004
14.29    27.314    8.1004
14.3124    27.2988    8.1004
14.3508    27.277199    8.1004
14.3619995    27.271599    8.1004
14.3684    27.2684    8.1004
14.377999    27.2628    8.1004
14.417999    27.2444    8.1004
14.462    27.226    8.1004
14.5092    27.2052    8.1004
14.533999    27.195599    8.1004
14.573999    27.180399    8.1004
14.6172    27.1644    8.1004
14.6412    27.156399    8.1004
14.700399    27.1356    8.1004
14.7324    27.1244    8.1004
14.7492    27.1188    8.1004
14.797999    27.1052    8.1004
14.8452    27.0892    8.1004
14.8476    27.0884    8.1004
14.848399    27.0884    8.1004
14.849199    27.0884    8.1004
14.938    27.0644    8.1004
14.947599    27.061998    8.1004
15.0068    27.0444    8.1004
15.032399    27.035599    8.1004
15.078    27.0212    8.1004
15.1356    27.0028    8.1004
15.193999    26.983599    8.1004
15.2076    26.977999    8.1004
15.2436    26.9684    8.1004
15.251599    26.965199    8.1004
15.29    26.9508    8.1004
15.291599    26.949999    8.1004
15.344399    26.9284    8.1004
15.4196    26.892399    8.1004
15.426    26.89    8.1004
15.4324    26.886    8.1004
15.521999    26.838    8.1004
15.578    26.81    8.1004
15.629999    26.784399    8.1004
15.6612    26.7692    8.1004
15.6779995    26.7612    8.1004
15.7316    26.7372    8.1004
15.7772    26.7188    8.1004
15.8468    26.6868    8.1004
15.8692    26.677198    8.1004
15.947599    26.6484    8.1004
15.9595995    26.6444    8.1004
15.964399    26.6428    8.1004
16.037199    26.619598    8.1004
16.05    26.615599    8.1004
16.1444    26.5828    8.1004
16.1612    26.5788    8.1004
16.322    26.537199    8.1004
16.3332    26.533998    8.1004
16.342    26.531599    8.1004
16.617199    26.453999    8.1004
16.6348    26.448399    8.1004
16.6532    26.442799    8.1004
16.7852    26.403599    8.1004
16.8436    26.386799    8.1004
16.8564    26.3828    8.1004
16.9044    26.3676    8.1004
16.9732    26.345999    8.1004
17.138    26.2972    8.1004
17.166    26.2892    8.1004
17.178    26.286    8.1004
17.3004    26.2516    8.1004
17.378    26.229198    8.1004
17.4492    26.21    8.1004
17.574    26.1796    8.1004
17.680399    26.154    8.1004
17.758    26.1348    8.1004
17.938    26.087599    8.1004
17.9652    26.080399    8.1004
17.986    26.074799    8.1004
18.013199    26.0684    8.1004
18.100399    26.046799    8.1004
18.1356    26.0404    8.1004
18.1852    26.0308    8.1004
18.260399    26.018799    8.1004
18.2668    26.018    8.1004
18.3732    26.0052    8.1004
18.394    26.0028    8.1004
18.3956    26.0028    8.1004
18.4756    25.9956    8.1004
18.485199    25.994    8.1004
18.5164    25.9924    8.1004
18.562    25.989199    8.1004
18.586    25.987598    8.1004
18.6476    25.987598    8.1004
18.6604    25.9884    8.1004
18.7276    25.990799    8.1004
18.7612    25.9924    8.1004
18.7764    25.993198    8.1004
18.834799    25.994799    8.1004
18.8436    25.994799    8.1004
18.851599    25.994799    8.1004
18.864399    25.993198    8.1004
18.8804    25.993198    8.1004
18.9252    25.989199    8.1004
18.9588    25.979599    8.1004
18.9732    25.977999    8.1004
19.0276    25.961199    8.1004
19.034    25.959599    8.1004
19.0396    25.958    8.1004
19.139599    25.929998    8.1004
19.1668    25.9228    8.1004
19.1988    25.914    8.1004
19.241999    25.9028    8.1004
19.2652    25.8972    8.1004
19.3044    25.8884    8.1004
19.368399    25.8764    8.1004
19.3716    25.8764    8.1004
19.3732    25.875599    8.1004
19.4292    25.866798    8.1004
19.4524    25.864399    8.1004
19.483599    25.861198    8.1004
19.5052    25.8596    8.1004
19.5396    25.857199    8.1004
19.5668    25.8564    8.1004
19.605999    25.855598    8.1004
19.642    25.855598    8.1004
19.6532    25.8564    8.1004
19.6604    25.857199    8.1004
19.697199    25.8596    8.1004
19.7132    25.8636    8.1004
19.7612    25.8716    8.1004
19.7692    25.873999    8.1004
19.8428    25.8996    8.1004
19.8844    25.9172    8.1004
19.9228    25.931599    8.1004
19.9764    25.9548    8.1004
19.9828    25.958    8.1004
20.0124    25.9716    8.1004
20.046799    25.9884    8.1004
20.0508    25.990799    8.1004
20.0628    25.998    8.1004
20.1084    26.028399    8.1004
20.142    26.048399    8.1004
20.1884    26.0844    8.1004
20.213999    26.1052    8.1004
20.254799    26.139599    8.1004
20.2708    26.1588    8.1004
20.2804    26.1708    8.1004
20.3156    26.2108    8.1004
20.3492    26.2676    8.1004
20.35    26.2684    8.1004
20.375599    26.321999    8.1004
20.3836    26.3428    8.1004
20.3892    26.362799    8.1004
20.3892    26.3692    8.1004
20.3892    26.3764    8.1004
20.392399    26.401999    8.1004
20.3844    26.4396    8.1004
20.378    26.458    8.1004
20.3748    26.470798    8.1004
20.357199    26.5148    8.1004
20.334    26.552399    8.1004
20.3188    26.5756    8.1004
20.2836    26.6236    8.1004
20.230799    26.6932    8.1004
20.206    26.726    8.1004
20.174799    26.7676    8.1004
20.1684    26.7764    8.1004
20.167599    26.7788    8.1004
20.1652    26.781199    8.1004
20.1468    26.81    8.1004
20.139599    26.8268    8.1004
20.142    26.8484    8.1004
20.15    26.866    8.1004
20.1588    26.8772    8.1004
20.1724    26.886    8.1004
20.1932    26.894    8.1004
20.2076    26.8972    8.1004
20.2388    26.906    8.1004
20.2444    26.907598    8.1004
20.262    26.909199    8.1004
20.3764    26.918    8.1004
20.403599    26.920399    8.1004
20.4404    26.933199    8.1004
20.4452    26.9364    8.1004
20.4772    26.9548    8.1004
20.500399    26.970798    8.1004
20.5124    26.9804    8.1004
20.5196    26.989199    8.1004
20.5548    27.037199    8.1004
20.5604    27.045198    8.1004
20.587599    27.0964    8.1004
20.593199    27.1068    8.1004
20.6164    27.167599    8.1004
20.6164    27.17    8.1004
20.63    27.219599    8.1004
20.632399    27.2332    8.1004
20.633999    27.282    8.1004
20.633999    27.301199    8.1004
20.632399    27.355598    8.1004
20.6276    27.385199    8.1004
20.6188    27.4252    8.1004
20.615599    27.4364    8.1004
20.6028    27.4756    8.1004
20.598    27.487598    8.1004
20.581999    27.5236    8.1004
20.578    27.529999    8.1004
20.553999    27.566    8.1004
20.538    27.593199    8.1004
20.518    27.6204    8.1004
20.4844    27.661999    8.1004
20.4772    27.6708    8.1004
20.473999    27.674799    8.1004
20.43    27.721199    8.1004
20.3564    27.8004    8.1004
20.3324    27.827599    8.1004
20.3268    27.834    8.1004
20.314    27.847599    8.1004
20.2972    27.8716    8.1004
20.2972    27.8836    8.1004
20.3084    27.890799    8.1004
20.3156    27.8948    8.1004
20.3548    27.885199    8.1004
20.386799    27.8844    8.1004
20.4172    27.8788    8.1004
20.4636    27.866798    8.1004
20.4988    27.858    8.1004
20.511599    27.853199    8.1004
20.524399    27.8508    8.1004
20.5348    27.8492    8.1004
20.5628    27.842    8.1004
20.6484    27.827599    8.1004
20.6524    27.827599    8.1004
20.6556    27.827599    8.1004
20.674799    27.8284    8.1004
20.697199    27.8252    8.1004
20.7332    27.823599    8.1004
20.758799    27.827599    8.1004
20.782    27.834    8.1004
20.7932    27.8356    8.1004
20.8076    27.8412    8.1004
20.821999    27.866    8.1004
20.827599    27.872398    8.1004
20.829199    27.882    8.1004
20.8324    27.910799    8.1004
20.817999    27.9564    8.1004
20.814    27.966    8.1004
20.8116    27.970798    8.1004
20.7804    28.038    8.1004
20.7796    28.039598    8.1004
20.7508    28.087599    8.1004
20.736399    28.109999    8.1004
20.7092    28.142    8.1004
20.706    28.1468    8.1004
20.663599    28.1996    8.1004
20.650799    28.213999    8.1004
20.646    28.222    8.1004
20.6276    28.2508    8.1004
20.6084    28.2804    8.1004
20.6084    28.2852    8.1004
20.6364    28.351599    8.1004
20.6364    28.3548    8.1004
20.6356    28.369999    8.1004
20.6316    28.390799    8.1004
20.6036    28.446    8.1004
20.6028    28.4476    8.1004
20.6012    28.449999    8.1004
20.5404    28.5236    8.1004
20.4996    28.5756    8.1004
20.449999    28.630798    8.1004
20.4364    28.6476    8.1004
20.3948    28.6924    8.1004
20.3764    28.712399    8.1004
20.364399    28.7244    8.1004
20.3364    28.7508    8.1004
20.2892    28.793999    8.1004
20.262    28.8196    8.1004
20.2172    28.864399    8.1004
20.167599    28.910799    8.1004
20.139599    28.935598    8.1004
20.0812    28.986    8.1004
20.0052    29.0436    8.1004
19.998    29.05    8.1004
19.982    29.061998    8.1004
19.826    29.174799    8.1004
19.816399    29.1812    8.1004
19.7684    29.2156    8.1004
19.5532    29.366    8.1004
19.4684    29.425999    8.1004
19.3844    29.483599    8.1004
19.3524    29.5052    8.1004
19.185999    29.6164    8.1004
19.1644    29.63    8.1004
19.078    29.6852    8.1004
18.948399    29.7676    8.1004
18.9268    29.7804    8.1004
18.8732    29.814    8.1004
18.793999    29.862    8.1004
18.7628    29.8804    8.1004
18.663599    29.938799    8.1004
18.600399    29.9756    8.1004
18.5052    30.028399    8.1004
18.4412    30.063599    8.1004
18.402    30.0852    8.1004
18.3556    30.1108    8.1004
18.2732    30.1556    8.1004
18.21    30.1868    8.1004
18.1348    30.222    8.1004
18.093199    30.2412    8.1004
18.046    30.2636    8.1004
17.994799    30.288399    8.1004
17.9172    30.321999    8.1004
17.8948    30.331598    8.1004
17.8732    30.3412    8.1004
17.8212    30.362799    8.1004
17.7372    30.394798    8.1004
17.7172    30.4028    8.1004
17.604399    30.4404    8.1004
17.5908    30.4452    8.1004
17.5868    30.446798    8.1004
17.454    30.489199    8.1004
17.4268    30.4972    8.1004
17.3788    30.5108    8.1004
17.301199    30.5308    8.1004
17.278    30.5364    8.1004
17.2708    30.538    8.1004
17.218    30.548399    8.1004
17.2004    30.5572    8.1004
17.1892    30.5628    8.1004
17.1772    30.5716    8.1004
17.174799    30.574799    8.1004
17.1716    30.5796    8.1004
17.157999    30.593199    8.1004
17.1524    30.600399    8.1004
17.15    30.602    8.1004
17.1364    30.632399    8.1004
17.1252    30.6556    8.1004
17.1188    30.6644    8.1004
17.1108    30.682798    8.1004
17.0996    30.712399    8.1004
17.074    30.7708    8.1004
17.0644    30.7972    8.1004
17.038    30.8564    8.1004
17.0324    30.869999    8.1004
17.026    30.885199    8.1004
17.0068    30.9284    8.1004
17.000399    30.941198    8.1004
16.982    30.9788    8.1004
16.9788    30.9844    8.1004
16.9652    31.0068    8.1004
16.9436    31.0404    8.1004
16.938    31.050798    8.1004
16.9356    31.053999    8.1004
16.9188    31.080399    8.1004
16.8892    31.1236    8.1004
16.8772    31.1388    8.1004
16.8604    31.163599    8.1004
16.8468    31.1876    8.1004
16.8396    31.1964    8.1004
16.8228    31.225199    8.1004
16.8156    31.234798    8.1004
16.8116    31.2444    8.1004
16.7948    31.282799    8.1004
16.7868    31.2964    8.1004
16.7684    31.3412    8.1004
16.7636    31.347599    8.1004
16.7572    31.3604    8.1004
16.741999    31.39    8.1004
16.7244    31.420399    8.1004
16.7068    31.4548    8.1004
16.6924    31.485199    8.1004
16.666    31.5348    8.1004
16.6308    31.604399    8.1004
16.5996    31.6588    8.1004
16.5892    31.678    8.1004
16.548399    31.743599    8.1004
16.5436    31.7524    8.1004
16.5052    31.8132    8.1004
16.498    31.8268    8.1004
16.4692    31.8692    8.1004
16.433199    31.9196    8.1004
16.3916    31.972399    8.1004
16.317999    32.0636    8.1004
16.31    32.0732    8.1004
16.2644    32.127598    8.1004
16.2596    32.134    8.1004
16.254    32.1404    8.1004
16.2468    32.1484    8.1004
16.2044    32.202    8.1004
16.19    32.2196    8.1004
16.1612    32.2564    8.1004
16.1276    32.309998    8.1004
16.1268    32.3108    8.1004
16.114    32.3348    8.1004
16.109999    32.3396    8.1004
16.1068    32.3476    8.1004
16.094799    32.374798    8.1004
16.0724    32.4156    8.1004
16.0628    32.4348    8.1004
16.0476    32.467598    8.1004
16.029999    32.5036    8.1004
16.0012    32.562798    8.1004
15.998799    32.5676    8.1004
15.9964    32.571598    8.1004
15.993199    32.578    8.1004
15.9548    32.6484    8.1004
15.9372    32.682    8.1004
15.9228    32.7068    8.1004
15.9156    32.718    8.1004
15.900399    32.742    8.1004
15.886    32.7628    8.1004
15.882    32.77    8.1004
15.8532    32.8204    8.1004
15.838799    32.843597    8.1004
15.837199    32.846798    8.1004
15.8132    32.8812    8.1004
15.808399    32.8884    8.1004
15.779599    32.9284    8.1004
15.7764    32.9324    8.1004
15.7411995    32.9772    8.1004
15.740399    32.978    8.1004
15.710799    33.014    8.1004
15.7084    33.0172    8.1004
15.6636    33.065998    8.1004
15.6628    33.0676    8.1004
15.5892    33.1356    8.1004
15.5884    33.1364    8.1004
15.5884    33.1372    8.1004
15.544399    33.174    8.1004
15.5356    33.1804    8.1004
15.526    33.1868    8.1004
15.486    33.211597    8.1004
15.4772    33.2164    8.1004
15.436399    33.2388    8.1004
15.4212    33.2468    8.1004
15.4052    33.253998    8.1004
15.372399    33.2692    8.1004
15.3692    33.270798    8.1004
15.3572    33.2756    8.1004
15.2964    33.298798    8.1004
15.2596    33.3116    8.1004
15.240399    33.318    8.1004
15.21    33.3236    8.1004
15.177199    33.326797    8.1004
15.153999    33.3252    8.1004
15.131599    33.318    8.1004
15.120399    33.314    8.1004
15.1036    33.3004    8.1004
15.0876    33.2924    8.1004
15.0764    33.2788    8.1004
15.0588    33.2564    8.1004
15.0468    33.245197    8.1004
15.039599    33.2436    8.1004
15.027599    33.2356    8.1004
15.0252    33.2356    8.1004
14.997999    33.2276    8.1004
14.9948    33.228397    8.1004
14.9716    33.2324    8.1004
14.9668    33.2332    8.1004
14.966    33.2332    8.1004
14.940399    33.2412    8.1004
14.9251995    33.2476    8.1004
14.91    33.2556    8.1004
14.895599    33.262    8.1004
14.8804    33.2692    8.1004
14.854799    33.2828    8.1004
14.8532    33.2828    8.1004
14.8508    33.2836    8.1004
14.803599    33.3124    8.1004
14.7964    33.3164    8.1004
14.791599    33.3196    8.1004
14.7788    33.3276    8.1004
14.7604    33.342    8.1004
14.7067995    33.378    8.1004
14.618799    33.4356    8.1004
14.602799    33.446    8.1004
14.596399    33.4492    8.1004
14.5708    33.4628    8.1004
14.5468    33.4764    8.1004
14.503599    33.4964    8.1004
14.5028    33.4964    8.1004
14.499599    33.4972    8.1004
14.470799    33.502    8.1004
14.426    33.5092    8.1004
14.4172    33.5092    8.1004
14.386    33.51    8.1004
14.374    33.5092    8.1004
14.3164    33.5052    8.1004
14.3124    33.5044    8.1004
14.306    33.5028    8.1004
14.2892    33.497997    8.1004
14.266    33.489998    8.1004
14.2596    33.4852    8.1004
14.25    33.4716    8.1004
14.239599    33.454    8.1004
14.233999    33.4316    8.1004
14.2324    33.4164    8.1004
14.2316    33.408398    8.1004
14.228399    33.3956    8.1004
14.221999    33.3732    8.1004
14.202    33.3532    8.1004
14.200399    33.35    8.1004
14.198    33.3476    8.1004
14.1804    33.3364    8.1004
14.1644    33.3236    8.1004
14.160399    33.322    8.1004
14.154799    33.318798    8.1004
14.1444    33.3108    8.1004
14.118799    33.2908    8.1004
14.1124    33.2828    8.1004
14.1036    33.2644    8.1004
14.101999    33.242    8.1004
14.101999    33.2404    8.1004
14.102799    33.231598    8.1004
14.1052    33.2052    8.1004
14.1068    33.202    8.1004
14.1172    33.183598    8.1004
14.122    33.1732    8.1004
14.13    33.1548    8.1004
14.1396    33.1404    8.1004
14.148399    33.126    8.1004
14.15    33.1228    8.1004
14.1516    33.1204    8.1004
14.158799    33.1124    8.1004
14.186    33.086    8.1004
14.2148    33.062798    8.1004
14.229199    33.0492    8.1004
14.2548    33.0308    8.1004
14.2892    33.006    8.1004
14.342    32.9636    8.1004
14.374    32.9388    8.1004
14.3932    32.925198    8.1004
14.413199    32.9108    8.1004
14.414    32.91    8.1004
14.4156    32.908398    8.1004
14.434    32.8892    8.1004
14.446799    32.8796    8.1004
14.457999    32.871597    8.1004
14.486799    32.849197    8.1004
14.4883995    32.8444    8.1004
14.497999    32.834    8.1004
14.5028    32.824398    8.1004
14.5076    32.8204    8.1004
14.5252    32.7924    8.1004
14.5252    32.7908    8.1004
14.5132    32.770798    8.1004
14.4804    32.7644    8.1004
14.4748    32.762    8.1004
14.4724    32.7612    8.1004
14.441199    32.7564    8.1004
14.3756    32.7468    8.1004
14.3331995    32.7388    8.1004
14.3276    32.7364    8.1004
14.3236    32.733997    8.1004
14.302799    32.705997    8.1004
14.302    32.7044    8.1004
14.302    32.703598    8.1004
14.2932    32.674    8.1004
14.294    32.6692    8.1004
14.2956    32.6516    8.1004
14.2964    32.6452    8.1004
14.302    32.6252    8.1004
14.302799    32.6204    8.1004
14.3076    32.6068    8.1004
14.3116    32.5948    8.1004
14.3124    32.5932    8.1004
14.3172    32.573997    8.1004
14.3196    32.5668    8.1004
14.325999    32.5396    8.1004
14.325999    32.5388    8.1004
14.325999    32.5116    8.1004
14.3236    32.51    8.1004
14.302799    32.5004    8.1004
14.2996    32.501198    8.1004
14.2732    32.501198    8.1004
14.2708    32.501198    8.1004
14.222799    32.5156    8.1004
14.217999    32.5172    8.1004
14.217199    32.5172    8.1004
14.21    32.5204    8.1004
14.1692    32.538    8.1004
14.1468    32.5428    8.1004
14.125999    32.545998    8.1004
14.1004    32.5468    8.1004
14.094    32.5468    8.1004
14.089999    32.545998    8.1004
14.078    32.5396    8.1004
14.062799    32.529198    8.1004
14.0524    32.5076    8.1004
14.0412    32.4876    8.1004
14.033999    32.4572    8.1004
14.033199    32.4548    8.1004
14.033199    32.454    8.1004
14.032399    32.450798    8.1004
14.0236    32.4092    8.1004
14.0236    32.3788    8.1004
14.0236    32.374798    8.1004
14.0244    32.37    8.1004
14.026799    32.3228    8.1004
14.0356    32.294    8.1004
14.0364    32.2884    8.1004
14.039599    32.2748    8.1004
14.046    32.2548    8.1004
14.061999    32.2196    8.1004
14.0884    32.17    8.1004
14.1052    32.1396    8.1004
14.125199    32.101997    8.1004
14.1284    32.0972    8.1004
14.137199    32.0748    8.1004
14.141999    32.068398    8.1004
14.148399    32.0484    8.1004
14.158    32.034    8.1004
14.158799    32.0308    8.1004
14.165199    32.017998    8.1004
14.1684    32.0116    8.1004
14.170799    32.006798    8.1004
14.1748    31.985199    8.1004
14.1788    31.970798    8.1004
14.177199    31.952398    8.1004
14.17    31.925999    8.1004
14.1644    31.918798    8.1004
14.146    31.8876    8.1004
14.131599    31.862799    8.1004
14.125999    31.842    8.1004
14.125199    31.8244    8.1004
14.1268    31.806799    8.1004
14.1276    31.805199    8.1004
14.1276    31.782799    8.1004
14.1292    31.7788    8.1004
14.138    31.7612    8.1004
14.138    31.758799    8.1004
14.1444    31.7412    8.1004
14.1516    31.725199    8.1004
14.153199    31.723598    8.1004
14.158799    31.713999    8.1004
14.1668    31.7044    8.1004
14.1668    31.702    8.1004
14.1779995    31.6876    8.1004
14.189199    31.6724    8.1004
14.1916    31.67    8.1004
14.2188    31.643599    8.1004
14.2324    31.630798    8.1004
14.2428    31.622799    8.1004
14.2444    31.621199    8.1004
14.2492    31.6164    8.1004
14.286799    31.585999    8.1004
14.2964    31.5772    8.1004
14.3052    31.57    8.1004
14.3188    31.5604    8.1004
14.355599    31.535599    8.1004
14.3796    31.518799    8.1004
14.4164    31.4956    8.1004
14.4436    31.479599    8.1004
14.463599    31.4692    8.1004
14.486    31.455599    8.1004
14.493199    31.4532    8.1004
14.5316    31.433199    8.1004
14.538799    31.4308    8.1004
14.595599    31.407598    8.1004
14.6444    31.389198    8.1004
14.6684    31.381199    8.1004
14.7388    31.3564    8.1004
14.762    31.3508    8.1004
14.792399    31.340399    8.1004
14.8004    31.337198    8.1004
14.806    31.334799    8.1004
14.8628    31.317999    8.1004
14.872399    31.3132    8.1004
14.9164    31.295599    8.1004
14.918799    31.293999    8.1004
14.9332    31.288399    8.1004
14.946    31.2836    8.1004
14.947599    31.282799    8.1004
14.9508    31.282    8.1004
14.9883995    31.257198    8.1004
14.9956    31.2524    8.1004
14.9964    31.2524    8.1004
15.033199    31.2284    8.1004
15.038799    31.2244    8.1004
15.0644    31.208399    8.1004
15.0772    31.199598    8.1004
15.079599    31.198    8.1004
15.125999    31.167599    8.1004
15.164399    31.141998    8.1004
15.2388    31.094799    8.1004
15.2436    31.0924    8.1004
15.2484    31.09    8.1004
15.294    31.065199    8.1004
15.319599    31.052399    8.1004
15.3748    31.026    8.1004
15.395599    31.017199    8.1004
15.417999    31.0092    8.1004
15.470799    30.989199    8.1004
15.526    30.97    8.1004
15.5803995    30.9516    8.1004
15.6276    30.933199    8.1004
15.670799    30.918    8.1004
15.7084    30.907598    8.1004
15.752399    30.8956    8.1004
15.7932    30.882    8.1004
15.8076    30.8772    8.1004
15.8364    30.8716    8.1004
15.884399    30.8596    8.1004
15.9148    30.851599    8.1004
15.978    30.8396    8.1004
15.986    30.838    8.1004
16.024399    30.8308    8.1004
16.0996    30.8188    8.1004
16.1196    30.8172    8.1004
16.17    30.809198    8.1004
16.1796    30.8076    8.1004
16.1892    30.8076    8.1004
16.2404    30.801199    8.1004
16.2708    30.801199    8.1004
16.326    30.801199    8.1004
16.3428    30.802    8.1004
16.3852    30.799599    8.1004
16.4212    30.7988    8.1004
16.427599    30.797998    8.1004
16.438    30.7972    8.1004
16.479599    30.793999    8.1004
16.5036    30.7876    8.1004
16.5164    30.784399    8.1004
16.529999    30.7788    8.1004
16.563599    30.7652    8.1004
16.656399    30.7204    8.1004
16.6652    30.7164    8.1004
16.682    30.708399    8.1004
16.6892    30.697199    8.1004
16.713999    30.680399    8.1004
16.7148    30.674    8.1004
16.7204    30.6724    8.1004
16.7356    30.6444    8.1004
16.7356    30.639599    8.1004
16.7388    30.622799    8.1004
16.7404    30.6108    8.1004
16.7428    30.608398    8.1004
16.747599    30.598799    8.1004
16.7444    30.5756    8.1004
16.7412    30.5668    8.1004
16.7372    30.565199    8.1004
16.7188    30.5588    8.1004
16.7124    30.5604    8.1004
16.6876    30.5588    8.1004
16.6204    30.550798    8.1004
16.6068    30.548399    8.1004
16.5332    30.535599    8.1004
16.5156    30.5332    8.1004
16.4756    30.522799    8.1004
16.4252    30.509998    8.1004
16.4044    30.5052    8.1004
16.3436    30.4884    8.1004
16.329199    30.4844    8.1004
16.2804    30.4684    8.1004
16.23    30.4508    8.1004
16.222    30.448399    8.1004
16.1612    30.418    8.1004
16.1428    30.406    8.1004
16.118    30.39    8.1004
16.0852    30.366    8.1004
16.074    30.354    8.1004
16.0436    30.321999    8.1004
16.0332    30.314798    8.1004
16.0164    30.305199    8.1004
16.0028    30.295599    8.1004
15.9828    30.2948    8.1004
15.976399    30.2932    8.1004
15.9548    30.2932    8.1004
15.9539995    30.2932    8.1004
15.934    30.2948    8.1004
15.9251995    30.295599    8.1004
15.894799    30.3004    8.1004
15.846    30.306    8.1004
15.825199    30.31    8.1004
15.791599    30.3132    8.1004
15.785999    30.314798    8.1004
15.7556    30.3172    8.1004
15.754    30.317999    8.1004
15.7428    30.317999    8.1004
15.7196    30.316399    8.1004
15.7036    30.3156    8.1004
15.699599    30.3156    8.1004
15.693199    30.314798    8.1004
15.613199    30.3004    8.1004
15.5884    30.2948    8.1004
15.572399    30.292398    8.1004
15.5244    30.2836    8.1004
15.4428    30.2596    8.1004
15.4396    30.2596    8.1004
15.438    30.258799    8.1004
