6.2556    15.8628    14.4004
6.2524    15.848399    14.4004
6.2516    15.8468    14.4004
6.25    15.837199    14.4004
6.2116    15.6812    14.4004
6.1844    15.567599    14.4004
6.17    15.5068    14.4004
6.1612    15.470799    14.4004
6.1396    15.383599    14.4004
6.1155996    15.285999    14.4004
6.1043997    15.239599    14.4004
6.098    15.2123995    14.4004
6.078    15.1332    14.4004
6.0731997    15.1124    14.4004
6.0564    15.0412    14.4004
6.0348    14.9508    14.4004
6.0116    14.854    14.4004
6.0044    14.8244    14.4004
5.9923997    14.762799    14.4004
5.9811997    14.710799    14.4004
5.9732    14.6723995    14.4004
5.9596    14.6044    14.4004
5.9547997    14.5812    14.4004
5.9516    14.566799    14.4004
5.9356    14.481199    14.4004
5.9347997    14.476399    14.4004
5.9228    14.405999    14.4004
5.9164    14.373199    14.4004
5.9052    14.3004    14.4004
5.8996    14.262799    14.4004
5.8956    14.23    14.4004
5.8859997    14.154799    14.4004
5.8844    14.1444    14.4004
5.8835998    14.1388    14.4004
5.8715997    14.015599    14.4004
5.8708    14.0084    14.4004
5.8603997    13.8924    14.4004
5.858    13.873199    14.4004
5.8564    13.843599    14.4004
5.8483996    13.7067995    14.4004
5.8476    13.677199    14.4004
5.8403997    13.561999    14.4004
5.8396    13.4964    14.4004
5.838    13.4148    14.4004
5.8364    13.3331995    14.4004
5.8356    13.257199    14.4004
5.8339996    13.1524    14.4004
5.8315997    13.062799    14.4004
5.8308    12.981999    14.4004
5.8283997    12.894    14.4004
5.8283997    12.8764    14.4004
5.8283997    12.872399    14.4004
5.8259997    12.802799    14.4004
5.8252    12.7987995    14.4004
5.822    12.7596    14.4004
5.818    12.7092    14.4004
5.8171997    12.702    14.4004
5.8156    12.6756    14.4004
5.8108    12.6212    14.4004
5.8004    12.533999    14.4004
5.798    12.5116    14.4004
5.7915998    12.438    14.4004
5.7851996    12.377999    14.4004
5.7795997    12.309999    14.4004
5.778    12.291599    14.4004
5.7716    12.2028    14.4004
5.77    12.176399    14.4004
5.7683997    12.148399    14.4004
5.7683997    12.125199    14.4004
5.7683997    12.1244    14.4004
5.7683997    12.1147995    14.4004
5.7683997    12.108399    14.4004
5.7636    12.091599    14.4004
5.7612    12.073999    14.4004
5.7516    12.0596    14.4004
5.7404    12.0515995    14.4004
5.7212    12.038799    14.4004
5.7084    12.0316    14.4004
5.698    12.027599    14.4004
5.6851997    12.0188    14.4004
5.6604    12.004399    14.4004
5.6484    11.9956    14.4004
5.626    11.9796    14.4004
5.6116    11.9692    14.4004
5.5828    11.946    14.4004
5.5755997    11.9396    14.4004
5.5523996    11.9196    14.4004
5.5436    11.9116    14.4004
5.5372    11.9044    14.4004
5.5084    11.874    14.4004
5.4996    11.854    14.4004
5.4972    11.8372    14.4004
5.494    11.83    14.4004
5.4955997    11.8043995    14.4004
5.4948    11.802    14.4004
5.4948    11.7964    14.4004
5.4996    11.7716    14.4004
5.5092    11.740399    14.4004
5.5099998    11.7388    14.4004
5.5148    11.7244    14.4004
5.522    11.7028    14.4004
5.5235996    11.6988    14.4004
5.5235996    11.698    14.4004
5.526    11.69    14.4004
5.5284    11.682799    14.4004
5.5523996    11.613199    14.4004
5.5636    11.5836    14.4004
5.5804    11.5428    14.4004
5.586    11.528399    14.4004
5.598    11.502    14.4004
5.6164    11.464399    14.4004
5.6308    11.435599    14.4004
5.65    11.3963995    14.4004
5.6724    11.3508    14.4004
5.6884    11.3196    14.4004
5.7075996    11.2836    14.4004
5.7275996    11.25    14.4004
5.738    11.2316    14.4004
5.7395997    11.229199    14.4004
5.7604    11.1972    14.4004
5.7788    11.1676    14.4004
5.7924    11.1508    14.4004
5.798    11.1412    14.4004
5.8036    11.1324    14.4004
5.8083997    11.1172    14.4004
5.822    11.0988    14.4004
5.8227997    11.0884    14.4004
5.8292    11.0708    14.4004
5.8268    11.0604    14.4004
5.8244    11.042    14.4004
5.8195996    11.0244    14.4004
5.8156    11.0012    14.4004
5.8059998    10.9595995    14.4004
5.7964    10.9028    14.4004
5.7907996    10.8748    14.4004
5.7876    10.854    14.4004
5.7827997    10.7996    14.4004
5.7764    10.751599    14.4004
5.7764    10.7508    14.4004
5.7764    10.7476    14.4004
5.7764    10.6876    14.4004
5.7764    10.683599    14.4004
5.7771997    10.6644    14.4004
5.778    10.6532    14.4004
5.786    10.6228    14.4004
5.798    10.582    14.4004
5.8004    10.5692    14.4004
5.8115997    10.5372    14.4004
5.8188    10.514    14.4004
5.8283997    10.4844    14.4004
5.8427997    10.4444    14.4004
5.8556    10.4116    14.4004
5.8612    10.3963995    14.4004
5.8876    10.334    14.4004
5.8891997    10.3284    14.4004
5.8971996    10.3116    14.4004
5.9156    10.2732    14.4004
5.9284    10.246799    14.4004
5.9388    10.228399    14.4004
5.954    10.205999    14.4004
5.9667997    10.189199    14.4004
5.9779997    10.1748    14.4004
5.9867997    10.165199    14.4004
6.0164    10.1348    14.4004
6.026    10.125999    14.4004
6.046    10.108399    14.4004
6.0796    10.079599    14.4004
6.114    10.054    14.4004
6.1499996    10.028399    14.4004
6.174    10.010799    14.4004
6.2292    9.975599    14.4004
6.2563996    9.958    14.4004
6.2763996    9.9452    14.4004
6.282    9.941999    14.4004
6.2868    9.9396    14.4004
6.3083997    9.9284    14.4004
6.3188    9.926    14.4004
6.3308    9.9196    14.4004
6.3332    9.9196    14.4004
6.3564    9.914    14.4004
6.3668    9.914    14.4004
6.3876    9.912399    14.4004
6.3971996    9.912399    14.4004
6.4372    9.9156    14.4004
6.4603996    9.9172    14.4004
6.5332    9.926    14.4004
6.5596    9.9292    14.4004
6.5931997    9.936399    14.4004
6.6172    9.941199    14.4004
6.6299996    9.9436    14.4004
6.6612    9.95    14.4004
6.6836    9.9564    14.4004
6.7124    9.9636    14.4004
6.7395997    9.9716    14.4004
6.7627997    9.9804    14.4004
6.7836    9.9892    14.4004
6.7939997    9.9939995    14.4004
6.8259997    10.0156    14.4004
6.838    10.0252    14.4004
6.85    10.039599    14.4004
6.8571997    10.0548    14.4004
6.8636    10.0708    14.4004
6.8756    10.102799    14.4004
6.8764    10.1068    14.4004
6.8771996    10.1092    14.4004
6.8932    10.1868    14.4004
6.8964    10.2092    14.4004
6.902    10.2444    14.4004
6.902    10.2484    14.4004
6.9027996    10.251599    14.4004
6.9068    10.2908    14.4004
6.9084    10.326    14.4004
6.9084    10.3412    14.4004
6.9084    10.3508    14.4004
6.9068    10.3636    14.4004
6.9035997    10.3916    14.4004
6.9012    10.398    14.4004
6.8956    10.4172    14.4004
6.8908    10.4348    14.4004
6.882    10.458    14.4004
6.8683996    10.4883995    14.4004
6.862    10.5004    14.4004
6.8492    10.5227995    14.4004
6.8356    10.544399    14.4004
6.8292    10.554    14.4004
6.8259997    10.558    14.4004
6.8164    10.578    14.4004
6.8051996    10.5932    14.4004
6.7948    10.6124    14.4004
6.7924    10.625199    14.4004
6.7892    10.6435995    14.4004
6.7915998    10.653999    14.4004
6.7956    10.6684    14.4004
6.798    10.6779995    14.4004
6.8188    10.7204    14.4004
6.8188    10.7212    14.4004
6.8188    10.722799    14.4004
6.842    10.79    14.4004
6.8532    10.8316    14.4004
6.8595996    10.854799    14.4004
6.8627996    10.8716    14.4004
6.8724    10.913199    14.4004
6.8756    10.929999    14.4004
6.8835998    10.9724    14.4004
6.8844    10.976399    14.4004
6.8908    11.0084    14.4004
6.9012    11.0668    14.4004
6.91    11.1244    14.4004
6.9179997    11.1804    14.4004
6.9244    11.2252    14.4004
6.9388    11.3292    14.4004
6.942    11.3524    14.4004
6.9444    11.3684    14.4004
6.9676    11.5436    14.4004
6.9772    11.6052    14.4004
6.9867997    11.6723995    14.4004
6.9972    11.7308    14.4004
7.0044    11.774799    14.4004
7.0188    11.8619995    14.4004
7.0276    11.907599    14.4004
7.0443997    11.987599    14.4004
7.0555997    12.0524    14.4004
7.0731997    12.1356    14.4004
7.0875998    12.2012    14.4004
7.106    12.2836    14.4004
7.1236    12.355599    14.4004
7.146    12.4539995    14.4004
7.1716    12.5604    14.4004
7.2019997    12.686    14.4004
7.2307997    12.8012    14.4004
7.2572    12.906    14.4004
7.2675996    12.9484    14.4004
7.2876    13.033199    14.4004
7.302    13.089999    14.4004
7.3171997    13.153999    14.4004
7.33    13.211599    14.4004
7.3395996    13.2548    14.4004
7.35    13.302799    14.4004
7.362    13.358    14.4004
7.3812    13.457999    14.4004
7.3883996    13.4948    14.4004
7.3947997    13.5292    14.4004
7.4059997    13.6012    14.4004
7.4132    13.6491995    14.4004
7.4179997    13.6812    14.4004
7.4235997    13.7324    14.4004
7.4291997    13.7644    14.4004
7.4364    13.838799    14.4004
7.4388    13.854799    14.4004
7.4428    13.9164    14.4004
7.4435997    13.9276    14.4004
7.4515996    14.0092    14.4004
7.454    14.0356    14.4004
7.4564    14.098    14.4004
7.4579997    14.13    14.4004
7.4579997    14.194799    14.4004
7.4596    14.2212    14.4004
7.4588    14.2836    14.4004
7.4596    14.321199    14.4004
7.4571996    14.384399    14.4004
7.4564    14.412399    14.4004
7.454    14.4684    14.4004
7.4523997    14.5012    14.4004
7.4508    14.532399    14.4004
7.4452    14.601999    14.4004
7.4428    14.658    14.4004
7.4379997    14.7156    14.4004
7.4268    14.815599    14.4004
7.4227996    14.8596    14.4004
7.41    14.997999    14.4004
7.4027996    15.097199    14.4004
7.4027996    15.102799    14.4004
7.4012    15.1332    14.4004
7.3964    15.2252    14.4004
7.3964    15.2411995    14.4004
7.3947997    15.349999    14.4004
7.398    15.435599    14.4004
7.398    15.441999    14.4004
7.398    15.4444    14.4004
7.4027996    15.5227995    14.4004
7.4076    15.584399    14.4004
7.4115996    15.6284    14.4004
7.4147997    15.658    14.4004
7.4156    15.665999    14.4004
7.4244    15.739599    14.4004
7.4371996    15.849999    14.4004
7.4396    15.8684    14.4004
7.4428    15.898    14.4004
7.4556    16.026    14.4004
7.4788    16.225199    14.4004
7.4788    16.226    14.4004
7.4788    16.2284    14.4004
7.4852    16.3196    14.4004
7.4916    16.4004    14.4004
7.4923997    16.406    14.4004
7.4972    16.4812    14.4004
7.4979997    16.4884    14.4004
7.5003996    16.557999    14.4004
7.5003996    16.5612    14.4004
7.502    16.642    14.4004
7.5028    16.650799    14.4004
7.502    16.6556    14.4004
7.5011997    16.7372    14.4004
7.5003996    16.7684    14.4004
7.4972    16.8252    14.4004
7.4972    16.8284    14.4004
7.4923997    16.91    14.4004
7.4908    16.921999    14.4004
7.4891996    16.933199    14.4004
7.4828    17.0012    14.4004
7.4796    17.0308    14.4004
7.4756    17.052399    14.4004
7.4652    17.1204    14.4004
7.4564    17.1644    14.4004
7.4467998    17.221199    14.4004
7.4396    17.2556    14.4004
7.4356    17.2724    14.4004
7.4164    17.3308    14.4004
7.3947997    17.392399    14.4004
7.3924    17.3988    14.4004
7.3876    17.4156    14.4004
7.3803997    17.438    14.4004
7.3668    17.4652    14.4004
7.3547997    17.4932    14.4004
7.3315997    17.535599    14.4004
7.3139997    17.569199    14.4004
7.3076    17.5772    14.4004
7.2924    17.6012    14.4004
7.2851996    17.6124    14.4004
7.2812    17.6308    14.4004
7.2788    17.6364    14.4004
7.2876    17.6668    14.4004
7.2868    17.673199    14.4004
7.2963996    17.697199    14.4004
7.2963996    17.7052    14.4004
7.298    17.7092    14.4004
7.2995996    17.7132    14.4004
7.3068    17.7292    14.4004
7.3156    17.746    14.4004
7.3251996    17.7676    14.4004
7.3547997    17.83    14.4004
7.3796    17.886    14.4004
7.3859997    17.9012    14.4004
7.4132    17.9676    14.4004
7.4179997    17.9804    14.4004
7.4227996    17.9972    14.4004
7.4291997    18.0236    14.4004
7.4364    18.0476    14.4004
7.4412    18.0732    14.4004
7.4435997    18.1196    14.4004
7.4435997    18.1388    14.4004
7.442    18.1484    14.4004
7.4388    18.178    14.4004
7.4284    18.241999    14.4004
7.4276    18.2428    14.4004
7.4212    18.2916    14.4004
7.4179997    18.3036    14.4004
7.41    18.3396    14.4004
7.39    18.3988    14.4004
7.3835998    18.418    14.4004
7.3724    18.4492    14.4004
7.3556    18.4924    14.4004
7.3403997    18.5204    14.4004
7.3324    18.5284    14.4004
7.3059998    18.546799    14.4004
7.2395997    18.5732    14.4004
7.2251997    18.5788    14.4004
7.2124    18.5836    14.4004
7.1596    18.6036    14.4004
7.0987997    18.6236    14.4004
7.0355997    18.642    14.4004
7.0011997    18.6532    14.4004
6.9691997    18.663599    14.4004
6.9444    18.6708    14.4004
6.894    18.6836    14.4004
6.8683996    18.689999    14.4004
6.8603997    18.6908    14.4004
6.8124    18.6932    14.4004
6.8059998    18.6932    14.4004
6.7788    18.6876    14.4004
6.7771997    18.6868    14.4004
6.7756    18.685999    14.4004
6.77    18.6828    14.4004
6.7212    18.656399    14.4004
6.7051997    18.6492    14.4004
6.6972    18.6444    14.4004
6.6699996    18.6276    14.4004
6.6531997    18.6148    14.4004
6.6324    18.6012    14.4004
6.6204    18.5916    14.4004
6.5587997    18.5452    14.4004
6.5508    18.5388    14.4004
6.5411997    18.5308    14.4004
6.514    18.5084    14.4004
6.4835997    18.479599    14.4004
6.4611998    18.4604    14.4004
6.4364    18.437199    14.4004
6.3996    18.4012    14.4004
6.3868    18.3884    14.4004
6.3852    18.386    14.4004
6.3827996    18.3828    14.4004
6.3788    18.378    14.4004
6.3283997    18.3212    14.4004
6.3108    18.295599    14.4004
6.2988    18.2804    14.4004
6.286    18.258    14.4004
6.2732    18.241999    14.4004
6.27    18.234    14.4004
6.2492    18.1908    14.4004
6.2356    18.156399    14.4004
6.2292    18.1356    14.4004
6.2075996    18.0796    14.4004
6.194    18.037199    14.4004
6.1804    17.9916    14.4004
6.1707997    17.958    14.4004
6.1668    17.9404    14.4004
6.1548    17.894    14.4004
6.1443996    17.85    14.4004
6.1443996    17.8468    14.4004
6.1436    17.8428    14.4004
6.1419997    17.8332    14.4004
6.1131997    17.673199    14.4004
6.1116    17.656399    14.4004
6.1092    17.6348    14.4004
6.1068    17.618    14.4004
6.106    17.5868    14.4004
6.1108    17.5516    14.4004
6.1108    17.546799    14.4004
6.1148    17.5196    14.4004
6.126    17.4404    14.4004
6.1452    17.3332    14.4004
6.1516    17.2964    14.4004
6.1931996    17.0812    14.4004
6.194    17.078    14.4004
6.1948    17.0748    14.4004
6.2163997    16.9588    14.4004
6.2219996    16.931599    14.4004
6.2307997    16.878    14.4004
6.238    16.8492    14.4004
6.2412    16.8356    14.4004
6.246    16.823599    14.4004
6.2539997    16.8076    14.4004
6.2651997    16.789999    14.4004
6.2707996    16.7836    14.4004
6.3051996    16.762    14.4004
6.3156    16.7572    14.4004
6.3371997    16.746    14.4004
6.3668    16.73    14.4004
6.3852    16.725199    14.4004
6.3883996    16.7244    14.4004
6.4179997    16.7124    14.4004
6.43    16.7012    14.4004
6.4308    16.6908    14.4004
6.434    16.6764    14.4004
6.4284    16.645199    14.4004
6.4252    16.6404    14.4004
6.4259996    16.6356    14.4004
6.4212    16.6204    14.4004
6.4196    16.5996    14.4004
6.4171996    16.5916    14.4004
6.4052    16.541199    14.4004
6.3844    16.4492    14.4004
6.3844    16.4484    14.4004
6.382    16.438    14.4004
6.3588    16.334    14.4004
6.3412    16.2524    14.4004
6.3356    16.2244    14.4004
6.31    16.1076    14.4004
6.2939997    16.034    14.4004
6.2556    15.8628    14.4004
