9.844399    28.725199    17.1004
9.8428    28.6764    17.1004
9.843599    28.6596    17.1004
9.843599    28.639599    17.1004
9.843599    28.6148    17.1004
9.8468    28.567598    17.1004
9.8468    28.5668    17.1004
9.832399    28.541199    17.1004
9.8292    28.5404    17.1004
9.8052    28.542799    17.1004
9.802    28.545198    17.1004
9.7844    28.5684    17.1004
9.7828    28.57    17.1004
9.7828    28.570799    17.1004
9.769199    28.6068    17.1004
9.7684    28.6132    17.1004
9.7652    28.6188    17.1004
9.7476    28.6484    17.1004
9.746799    28.650799    17.1004
9.745999    28.6532    17.1004
9.7276    28.6764    17.1004
9.7252    28.682    17.1004
9.7148    28.7044    17.1004
9.7076    28.712399    17.1004
9.6932    28.736399    17.1004
9.6788    28.758799    17.1004
9.677199    28.7596    17.1004
9.6756    28.7612    17.1004
9.6764    28.762    17.1004
9.6764    28.795599    17.1004
9.677199    28.797998    17.1004
9.6796    28.8156    17.1004
9.689199    28.8412    17.1004
9.69    28.8492    17.1004
9.7156    28.8948    17.1004
9.7188    28.8996    17.1004
9.722799    28.907598    17.1004
9.73    28.920399    17.1004
9.7436    28.942799    17.1004
9.7668    28.9756    17.1004
9.7964    29.018    17.1004
9.8124    29.042799    17.1004
9.8164    29.046799    17.1004
9.834    29.073198    17.1004
9.8364    29.074799    17.1004
9.838799    29.0788    17.1004
9.8484    29.0956    17.1004
9.8812    29.121199    17.1004
9.886    29.1188    17.1004
9.901999    29.102798    17.1004
9.901199    29.100399    17.1004
9.901199    29.098799    17.1004
9.8963995    29.0716    17.1004
9.8932    29.0516    17.1004
9.8916    29.0404    17.1004
9.883599    29.0204    17.1004
9.8828    29.014    17.1004
9.8764    28.987598    17.1004
9.8716    28.958    17.1004
9.87    28.9508    17.1004
9.8596    28.886    17.1004
9.855599    28.858799    17.1004
9.8532    28.8372    17.1004
9.849999    28.792398    17.1004
9.8468    28.7652    17.1004
9.844399    28.725199    17.1004
