17.7732    21.6028    17.1004
17.7676    21.580399    17.1004
17.7444    21.557999    17.1004
17.737999    21.552399    17.1004
17.7108    21.528399    17.1004
17.6892    21.514    17.1004
17.6836    21.5084    17.1004
17.667599    21.5028    17.1004
17.663599    21.4956    17.1004
17.6572    21.477999    17.1004
17.6548    21.473999    17.1004
17.65    21.473999    17.1004
17.6444    21.479599    17.1004
17.6412    21.489199    17.1004
17.6356    21.5268    17.1004
17.6332    21.5308    17.1004
17.632399    21.5332    17.1004
17.632399    21.537199    17.1004
17.6276    21.574799    17.1004
17.615599    21.6932    17.1004
17.6092    21.7412    17.1004
17.604399    21.7916    17.1004
17.5964    21.853199    17.1004
17.5956    21.8604    17.1004
17.5964    21.866    17.1004
17.593199    21.8804    17.1004
17.5916    21.8956    17.1004
17.593199    21.9196    17.1004
17.5916    21.925999    17.1004
17.593199    21.9468    17.1004
17.5924    21.949999    17.1004
17.5972    21.9572    17.1004
17.600399    21.9468    17.1004
17.632399    21.93    17.1004
17.6364    21.9244    17.1004
17.6492    21.9044    17.1004
17.6684    21.8692    17.1004
17.669199    21.8668    17.1004
17.6996    21.81    17.1004
17.7036    21.8004    17.1004
17.71    21.7892    17.1004
17.721199    21.7636    17.1004
17.736399    21.7284    17.1004
17.7404    21.719599    17.1004
17.7404    21.7188    17.1004
17.741999    21.7164    17.1004
17.7668    21.666    17.1004
17.7748    21.643599    17.1004
17.777199    21.6276    17.1004
17.778    21.611599    17.1004
17.7732    21.6028    17.1004
