15.41    10.2612    1.5004
15.4108    10.2604    1.5004
15.411599    10.2596    1.5004
15.4612    10.2276    1.5004
15.509199    10.1988    1.5004
15.518    10.193999    1.5004
15.5196    10.1932    1.5004
15.5716    10.165999    1.5004
15.5748    10.1644    1.5004
15.5836    10.1612    1.5004
15.6108    10.1524    1.5004
15.6228    10.1476    1.5004
15.6412    10.1404    1.5004
15.6612    10.134    1.5004
15.686    10.125999    1.5004
15.688399    10.125199    1.5004
15.7268    10.1164    1.5004
15.734799    10.113999    1.5004
15.7644    10.108399    1.5004
15.7772    10.1076    1.5004
15.803599    10.1044    1.5004
15.832399    10.1012    1.5004
15.8468    10.0996    1.5004
15.8628    10.0988    1.5004
15.894    10.097199    1.5004
15.917999    10.0988    1.5004
15.934    10.0988    1.5004
15.975599    10.101999    1.5004
15.9883995    10.1036    1.5004
16.0004    10.1052    1.5004
16.0508    10.1124    1.5004
16.0676    10.1156    1.5004
16.1092    10.125999    1.5004
16.126    10.130799    1.5004
16.166    10.142799    1.5004
16.1708    10.1444    1.5004
16.21    10.158    1.5004
16.2124    10.1588    1.5004
16.2668    10.1796    1.5004
16.2684    10.1804    1.5004
16.3276    10.2076    1.5004
16.3332    10.21    1.5004
16.3564    10.222    1.5004
16.3796    10.234    1.5004
16.4412    10.2652    1.5004
16.444399    10.2668    1.5004
16.4492    10.269199    1.5004
16.5092    10.3068    1.5004
16.524399    10.3172    1.5004
16.5692    10.3476    1.5004
16.598799    10.3692    1.5004
16.614    10.3804    1.5004
16.645199    10.4044    1.5004
16.6604    10.4156    1.5004
16.6644    10.418799    1.5004
16.702799    10.45    1.5004
16.722    10.4676    1.5004
16.7556    10.498799    1.5004
16.7796    10.5204    1.5004
16.810799    10.5532    1.5004
16.8212    10.5652    1.5004
16.8716    10.625999    1.5004
16.875599    10.630799    1.5004
16.8836    10.6412    1.5004
16.9076    10.6732    1.5004
16.9212    10.6924    1.5004
16.938    10.717199    1.5004
16.958    10.7492    1.5004
16.9716    10.7708    1.5004
17.007599    10.8316    1.5004
17.0172    10.849999    1.5004
17.0492    10.9148    1.5004
17.0516    10.9196    1.5004
17.052399    10.9204    1.5004
17.0844    10.998799    1.5004
17.0852    11.0004    1.5004
17.104399    11.0604    1.5004
17.1076    11.0724    1.5004
17.118    11.1132    1.5004
17.1252    11.1388    1.5004
17.13    11.1612    1.5004
17.1372    11.2012    1.5004
17.1428    11.2396    1.5004
17.1444    11.252399    1.5004
17.145199    11.2564    1.5004
17.15    11.3252    1.5004
17.150799    11.3284    1.5004
17.15    11.3756    1.5004
17.1492    11.3876    1.5004
17.1484    11.41    1.5004
17.146    11.4396    1.5004
17.139599    11.4836    1.5004
17.139599    11.4844    1.5004
17.139599    11.4852    1.5004
17.139599    11.486799    1.5004
17.138    11.4964    1.5004
17.1292    11.549999    1.5004
17.1236    11.5724    1.5004
17.1164    11.601999    1.5004
17.1148    11.6068    1.5004
17.111599    11.6188    1.5004
17.0972    11.6628    1.5004
17.0956    11.6676    1.5004
17.094799    11.6692    1.5004
17.076399    11.7148    1.5004
17.062    11.746799    1.5004
17.0548    11.762799    1.5004
17.0228    11.825999    1.5004
17.0228    11.826799    1.5004
16.994    11.8756    1.5004
16.9788    11.8996    1.5004
16.966    11.9172    1.5004
16.946    11.9452    1.5004
16.9356    11.958799    1.5004
16.9172    11.9836    1.5004
16.894    12.009999    1.5004
16.8876    12.0188    1.5004
16.8668    12.0436    1.5004
16.851599    12.058    1.5004
16.822    12.0859995    1.5004
16.7868    12.118    1.5004
16.77    12.131599    1.5004
16.749199    12.1468    1.5004
16.7092    12.174    1.5004
16.6708    12.199599    1.5004
16.6444    12.2148    1.5004
16.6108    12.2332    1.5004
16.5676    12.2556    1.5004
16.5492    12.2652    1.5004
16.5452    12.2668    1.5004
16.5364    12.2708    1.5004
16.4972    12.286799    1.5004
16.4924    12.2876    1.5004
16.4564    12.3012    1.5004
16.4244    12.314799    1.5004
16.386    12.3276    1.5004
16.3828    12.3292    1.5004
16.3716    12.3331995    1.5004
16.3316    12.3468    1.5004
16.3284    12.3484    1.5004
16.282799    12.3636    1.5004
16.2764    12.3652    1.5004
16.222    12.382    1.5004
16.2164    12.383599    1.5004
16.1532    12.4052    1.5004
16.145199    12.406799    1.5004
16.09    12.418799    1.5004
16.0804    12.4204    1.5004
16.022    12.4307995    1.5004
15.9844    12.4332    1.5004
15.964399    12.4348    1.5004
15.9212    12.4332    1.5004
15.9052    12.4324    1.5004
15.882799    12.429199    1.5004
15.860399    12.426    1.5004
15.8404    12.4228    1.5004
15.8012    12.413199    1.5004
15.7996    12.413199    1.5004
15.778    12.4052    1.5004
15.7548    12.398    1.5004
15.7436    12.394    1.5004
15.7084    12.382    1.5004
15.7028    12.3796    1.5004
15.698799    12.377999    1.5004
15.658799    12.3628    1.5004
15.658    12.3628    1.5004
15.6516    12.360399    1.5004
15.595599    12.342    1.5004
15.5892    12.3404    1.5004
15.5859995    12.3396    1.5004
15.545199    12.326799    1.5004
15.5196    12.3164    1.5004
15.4883995    12.303599    1.5004
15.4396    12.281199    1.5004
15.41    12.266    1.5004
15.386    12.251599    1.5004
15.353999    12.23    1.5004
15.3124    12.2012    1.5004
15.2948    12.19    1.5004
15.2652    12.165999    1.5004
15.2244    12.13    1.5004
15.2148    12.1212    1.5004
15.2036    12.1108    1.5004
15.1732    12.0803995    1.5004
15.165999    12.0724    1.5004
15.146    12.0484    1.5004
15.1276    12.0268    1.5004
15.0876    11.9772    1.5004
15.0812    11.9676    1.5004
15.0748    11.958799    1.5004
15.0412    11.9036    1.5004
15.0348    11.8924    1.5004
15.0084    11.8428    1.5004
15.004399    11.8348    1.5004
14.9836    11.786799    1.5004
14.9796    11.7788    1.5004
14.9595995    11.723599    1.5004
14.9572    11.717199    1.5004
14.946799    11.6844    1.5004
14.934799    11.6396    1.5004
14.9268    11.6012    1.5004
14.9164    11.5484    1.5004
14.913199    11.5308    1.5004
14.9108    11.509999    1.5004
14.9044    11.4595995    1.5004
14.9028    11.4276    1.5004
14.901199    11.394    1.5004
14.900399    11.372399    1.5004
14.8996    11.3316    1.5004
14.901199    11.297999    1.5004
14.9028    11.262799    1.5004
14.905999    11.2188    1.5004
14.91    11.1812    1.5004
14.9156    11.146    1.5004
14.926    11.0884    1.5004
14.9284    11.0748    1.5004
14.940399    11.0268    1.5004
14.947599    10.999599    1.5004
14.9548    10.974    1.5004
14.9684    10.9292    1.5004
14.975599    10.907599    1.5004
14.993199    10.8572    1.5004
15.0012    10.8331995    1.5004
15.006    10.821199    1.5004
15.03    10.7652    1.5004
15.0492    10.7196    1.5004
15.0588    10.698    1.5004
15.0772    10.662    1.5004
15.0803995    10.6556    1.5004
15.091599    10.6332    1.5004
15.101999    10.6147995    1.5004
15.1044    10.61    1.5004
15.1332    10.5636    1.5004
15.1412    10.550799    1.5004
15.1612    10.521999    1.5004
15.181999    10.4916    1.5004
15.188399    10.4828    1.5004
15.223599    10.4388    1.5004
15.2364    10.422    1.5004
15.239599    10.418799    1.5004
15.262799    10.3932    1.5004
15.280399    10.374    1.5004
15.2828    10.3716    1.5004
15.2844    10.3708    1.5004
15.3132    10.342    1.5004
15.348399    10.309199    1.5004
15.358    10.3004    1.5004
15.41    10.2612    1.5004
