12.0948    30.5276    18.6004
12.1156    30.5548    18.6004
12.119599    30.563599    18.6004
12.1228    30.578    18.6004
12.125199    30.5812    18.6004
12.1292    30.5908    18.6004
12.1324    30.608398    18.6004
12.1332    30.6204    18.6004
12.1172    30.6484    18.6004
12.098    30.6556    18.6004
12.0876    30.665998    18.6004
12.0764    30.654799    18.6004
12.056399    30.6244    18.6004
12.0532    30.5956    18.6004
12.0532    30.5908    18.6004
12.054    30.587599    18.6004
12.0556    30.5836    18.6004
12.0604    30.557999    18.6004
12.0636    30.552399    18.6004
12.0708    30.5364    18.6004
12.090799    30.528399    18.6004
12.0948    30.5276    18.6004
