9.0708    17.1532    10.8004
9.068399    17.139599    10.8004
9.0348    16.996399    10.8004
9.0324    16.986    10.8004
9.0036    16.8564    10.8004
8.99    16.7964    10.8004
8.9796    16.7468    10.8004
8.964399    16.6796    10.8004
8.9307995    16.5204    10.8004
8.9268    16.5036    10.8004
8.9148    16.444399    10.8004
8.8963995    16.3548    10.8004
8.8932    16.3388    10.8004
8.884399    16.295599    10.8004
8.8675995    16.2148    10.8004
8.858    16.169199    10.8004
8.8316    16.0436    10.8004
8.8132    15.957999    10.8004
8.8052    15.9148    10.8004
8.7844    15.8132    10.8004
8.7684    15.740399    10.8004
8.7484    15.6435995    10.8004
8.7284    15.5436    10.8004
8.6779995    15.2956    10.8004
8.665999    15.2355995    10.8004
8.6644    15.226    10.8004
8.658    15.198    10.8004
8.5324    14.598    10.8004
8.478    14.3364    10.8004
8.4628    14.2676    10.8004
8.4284    14.1036    10.8004
8.414    14.0316    10.8004
8.4092    14.006    10.8004
8.3948    13.934    10.8004
8.3804    13.8628    10.8004
8.3764    13.843599    10.8004
8.3684    13.7987995    10.8004
8.3675995    13.797199    10.8004
8.366799    13.792399    10.8004
8.3548    13.710799    10.8004
8.3532    13.7044    10.8004
8.3516    13.6988    10.8004
8.3484    13.6924    10.8004
8.343599    13.67    10.8004
8.3396    13.6636    10.8004
8.3292    13.6388    10.8004
8.318    13.620399    10.8004
8.3116    13.6116    10.8004
8.2964    13.5859995    10.8004
8.2956    13.585199    10.8004
8.2908    13.578    10.8004
8.281199    13.566    10.8004
8.269199    13.550799    10.8004
8.2476    13.5236    10.8004
8.238    13.510799    10.8004
8.2316    13.5028    10.8004
8.2123995    13.4788    10.8004
8.1924    13.453199    10.8004
8.1356    13.3772    10.8004
8.0772    13.297199    10.8004
8.046    13.257199    10.8004
8.01    13.2092    10.8004
7.9876    13.1804    10.8004
7.9628    13.146    10.8004
7.9603996    13.142799    10.8004
7.9588    13.1412    10.8004
7.9571996    13.138    10.8004
7.93    13.098    10.8004
7.9235997    13.085199    10.8004
7.9044    13.054    10.8004
7.8932    13.033199    10.8004
7.8859997    13.016399    10.8004
7.8556    12.9539995    10.8004
7.8468    12.9332    10.8004
7.8203998    12.873199    10.8004
7.7812    12.785999    10.8004
7.75    12.714    10.8004
7.7212    12.646    10.8004
7.6884    12.5652    10.8004
7.6804    12.546    10.8004
7.6684    12.515599    10.8004
7.6092    12.361199    10.8004
7.5923996    12.315599    10.8004
7.5652    12.2436    10.8004
7.5491996    12.194799    10.8004
7.5355997    12.1524    10.8004
7.534    12.1491995    10.8004
7.5116    12.078    10.8004
7.5067997    12.061999    10.8004
7.4828    11.987599    10.8004
7.4772    11.9724    10.8004
7.4588    11.9052    10.8004
7.454    11.886    10.8004
7.4444    11.842    10.8004
7.4356    11.8004    10.8004
7.434    11.7964    10.8004
7.434    11.7884    10.8004
7.4315996    11.778    10.8004
7.4308    11.769199    10.8004
7.4315996    11.7588    10.8004
7.4347997    11.738    10.8004
7.4396    11.7044    10.8004
7.4491997    11.6612    10.8004
7.4547997    11.6356    10.8004
7.4635997    11.6036    10.8004
7.5188    11.4092    10.8004
7.5388    11.3364    10.8004
7.5996    11.1444    10.8004
7.6052    11.1276    10.8004
7.6092    11.1132    10.8004
7.6555996    10.9748    10.8004
7.7219996    10.7948    10.8004
7.7316    10.7684    10.8004
7.7372    10.754    10.8004
7.7492    10.722    10.8004
7.7876    10.6188    10.8004
7.8019996    10.5756    10.8004
7.8483996    10.434    10.8004
7.8547997    10.413199    10.8004
7.8915997    10.2852    10.8004
7.8947997    10.274    10.8004
7.9147997    10.198    10.8004
7.922    10.1684    10.8004
7.9484    10.0596    10.8004
7.9547997    10.0324    10.8004
7.9764    9.9388    10.8004
7.9852    9.8932    10.8004
8.0036    9.792399    10.8004
8.0068    9.774    10.8004
8.0084    9.7668    10.8004
8.0227995    9.6844    10.8004
8.0244    9.6796    10.8004
8.0244    9.677199    10.8004
8.026    9.6684    10.8004
8.038    9.5844    10.8004
8.038    9.5836    10.8004
8.0388    9.582    10.8004
8.039599    9.5756    10.8004
8.0556    9.4516    10.8004
8.0652    9.3692    10.8004
8.07    9.3284    10.8004
8.0764    9.2652    10.8004
8.0884    9.1852    10.8004
8.0932    9.1532    10.8004
8.0964    9.1356    10.8004
8.113999    9.0404    10.8004
8.1236    8.9964    10.8004
8.13    8.9628    10.8004
8.1308    8.9612    10.8004
8.1388    8.9348    10.8004
8.1404    8.929999    10.8004
8.1564    8.8884    10.8004
8.1708    8.8596    10.8004
8.1779995    8.846    10.8004
8.1868    8.8348    10.8004
8.2012    8.8164    10.8004
8.2084    8.809999    10.8004
8.2428    8.786    10.8004
8.2444    8.7852    10.8004
8.2452    8.7852    10.8004
8.2788    8.769199    10.8004
8.297999    8.766    10.8004
8.315599    8.762    10.8004
8.3684    8.7572    10.8004
8.3764    8.757999    10.8004
8.401999    8.7596    10.8004
8.4436    8.763599    10.8004
8.4508    8.7644    10.8004
8.4636    8.7699995    10.8004
8.4972    8.7796    10.8004
8.510799    8.786    10.8004
8.5236    8.7972    10.8004
8.5364    8.8068    10.8004
8.554    8.8292    10.8004
8.5812    8.8588    10.8004
8.5932    8.8748    10.8004
8.6052    8.886    10.8004
8.622    8.9044    10.8004
8.6404    8.9092    10.8004
8.654799    8.9124    10.8004
8.6796    8.9164    10.8004
8.686    8.9164    10.8004
8.6988    8.9164    10.8004
8.7108    8.9196    10.8004
8.7268    8.9084    10.8004
8.7388    8.9036    10.8004
8.745999    8.8972    10.8004
8.7508    8.8884    10.8004
8.766    8.8628    10.8004
8.774799    8.8468    10.8004
8.7796    8.8404    10.8004
8.7908    8.818    10.8004
8.794    8.8124    10.8004
8.7932    8.8108    10.8004
8.7932    8.780399    10.8004
8.7796    8.763599    10.8004
8.7676    8.7484    10.8004
8.7564    8.729199    10.8004
8.75    8.7204    10.8004
8.740399    8.6956    10.8004
8.7396    8.694799    10.8004
8.7355995    8.6708    10.8004
8.734    8.648399    10.8004
8.734    8.6468    10.8004
8.7324    8.6332    10.8004
8.7276    8.5732    10.8004
8.729199    8.5252    10.8004
8.729199    8.5132    10.8004
8.73    8.4924    10.8004
8.7308    8.4508    10.8004
8.734799    8.4036    10.8004
8.7355995    8.3852    10.8004
8.7411995    8.332399    10.8004
8.746799    8.2996    10.8004
8.75    8.282    10.8004
8.752399    8.2684    10.8004
8.7684    8.2108    10.8004
8.7708    8.2012    10.8004
8.7772    8.177199    10.8004
8.786799    8.1396    10.8004
8.7916    8.1244    10.8004
8.7964    8.1108    10.8004
8.8012    8.1052    10.8004
8.814799    8.082    10.8004
8.8196    8.0764    10.8004
8.834    8.0556    10.8004
8.8476    8.0444    10.8004
8.858    8.033999    10.8004
8.8996    8.0004    10.8004
8.901199    7.9996    10.8004
8.9036    7.9972    10.8004
8.9548    7.962    10.8004
8.9972    7.934    10.8004
9.01    7.9259996    10.8004
9.0212    7.9196    10.8004
9.068399    7.8915997    10.8004
9.082    7.8835998    10.8004
9.119599    7.8627996    10.8004
9.1491995    7.8483996    10.8004
9.1748    7.8348    10.8004
9.205999    7.8212    10.8004
9.2212    7.8148    10.8004
9.2428    7.8059998    10.8004
9.2699995    7.7956    10.8004
9.294    7.7883997    10.8004
9.303599    7.7851996    10.8004
9.342    7.7756    10.8004
9.3619995    7.7707996    10.8004
9.3876    7.7675996    10.8004
9.418799    7.7668    10.8004
9.441199    7.7644    10.8004
9.4636    7.766    10.8004
9.4748    7.766    10.8004
9.4892    7.7683997    10.8004
9.5084    7.7707996    10.8004
9.556399    7.7763996    10.8004
9.5588    7.7763996    10.8004
9.5636    7.778    10.8004
9.6164    7.7907996    10.8004
9.6476    7.798    10.8004
9.6692    7.8051996    10.8004
9.6796    7.8083997    10.8004
9.688399    7.8107996    10.8004
9.7028    7.8156    10.8004
9.751599    7.8315997    10.8004
9.794    7.8476    10.8004
9.822    7.8588    10.8004
9.849999    7.87    10.8004
9.8572    7.8732    10.8004
9.8692    7.8788    10.8004
9.9292    7.9076    10.8004
9.9372    7.9108    10.8004
9.9692    7.9259996    10.8004
9.9732    7.9276    10.8004
10.009999    7.9491997    10.8004
10.033199    7.9691997    10.8004
10.039599    7.9756    10.8004
10.0668    8.0028    10.8004
10.079599    8.016399    10.8004
10.085199    8.0244    10.8004
10.0948    8.0356    10.8004
10.159599    8.1164    10.8004
10.202    8.174    10.8004
10.2084    8.182    10.8004
10.2484    8.2396    10.8004
10.2668    8.2668    10.8004
10.2755995    8.2796    10.8004
10.3076    8.326799    10.8004
10.3292    8.3588    10.8004
10.346    8.3852    10.8004
10.37    8.4204    10.8004
10.4028    8.4748    10.8004
10.4172    8.498799    10.8004
10.418799    8.5028    10.8004
10.4204    8.5068    10.8004
10.4276    8.5348    10.8004
10.429999    8.5524    10.8004
10.4292    8.5556    10.8004
10.4236    8.5836    10.8004
10.412399    8.6348    10.8004
10.4044    8.677199    10.8004
10.3972    8.7036    10.8004
10.3924    8.7204    10.8004
10.3892    8.7284    10.8004
10.3812    8.7484    10.8004
10.374    8.763599    10.8004
10.372399    8.7676    10.8004
10.37    8.7732    10.8004
10.344399    8.8196    10.8004
10.334    8.8372    10.8004
10.3244    8.8516    10.8004
10.306    8.872399    10.8004
10.294    8.884399    10.8004
10.2876    8.8916    10.8004
10.274    8.9092    10.8004
10.2676    8.914    10.8004
10.2676    8.9196    10.8004
10.2612    8.9492    10.8004
10.2628    8.9844    10.8004
10.2628    8.999599    10.8004
10.262    9.018    10.8004
10.257199    9.102    10.8004
10.251599    9.158    10.8004
10.246799    9.2108    10.8004
10.229199    9.3508    10.8004
10.217999    9.4436    10.8004
10.211599    9.5084    10.8004
10.205999    9.5644    10.8004
10.2028    9.590799    10.8004
10.1988    9.6556    10.8004
10.1972    9.6676    10.8004
10.194799    9.742    10.8004
10.194799    9.7444    10.8004
10.1908    9.814    10.8004
10.19    9.8236    10.8004
10.189199    9.8532    10.8004
10.1876    9.946    10.8004
10.1868    10.0324    10.8004
10.1852    10.0884    10.8004
10.182799    10.160399    10.8004
10.1779995    10.3028    10.8004
10.177199    10.315599    10.8004
10.177199    10.3252    10.8004
10.1684    10.4268    10.8004
10.1636    10.4804    10.8004
10.142    10.6476    10.8004
10.1356    10.6964    10.8004
10.1324    10.722    10.8004
10.1276    10.7484    10.8004
10.1036    10.9044    10.8004
10.085199    11.0068    10.8004
10.0652    11.1164    10.8004
10.0596    11.1524    10.8004
10.0436    11.246799    10.8004
10.0372    11.2836    10.8004
10.027599    11.3356    10.8004
10.0252    11.3572    10.8004
10.0212    11.389199    10.8004
10.0171995    11.423599    10.8004
10.0116    11.487599    10.8004
10.0116    11.4908    10.8004
10.010799    11.498799    10.8004
10.0068    11.585199    10.8004
10.006    11.6108    10.8004
10.005199    11.630799    10.8004
10.0036    11.6636    10.8004
10.004399    11.698    10.8004
10.005199    11.739599    10.8004
10.004399    11.745999    10.8004
10.006    11.7892    10.8004
10.0076    11.8276    10.8004
10.0092    11.861199    10.8004
10.010799    11.9108    10.8004
10.016399    11.987599    10.8004
10.018    12.0116    10.8004
10.0196    12.033999    10.8004
10.0252    12.0956    10.8004
10.0308    12.138    10.8004
10.0348    12.186    10.8004
10.0428    12.252399    10.8004
10.0476    12.2932    10.8004
10.0556    12.354    10.8004
10.066    12.435599    10.8004
10.0708    12.474    10.8004
10.0876    12.5748    10.8004
10.09    12.591599    10.8004
10.1132    12.7411995    10.8004
10.1404    12.9092    10.8004
10.1476    12.9539995    10.8004
10.1476    12.9564    10.8004
10.1491995    12.9628    10.8004
10.194799    13.222799    10.8004
10.2044    13.279599    10.8004
10.2268    13.407599    10.8004
10.2436    13.506    10.8004
10.2732    13.67    10.8004
10.2852    13.734799    10.8004
10.3004    13.826799    10.8004
10.314799    13.9116    10.8004
10.3356    14.021999    10.8004
10.346    14.0828    10.8004
10.3588    14.159599    10.8004
10.3692    14.2268    10.8004
10.3852    14.314799    10.8004
10.406    14.4572    10.8004
10.414    14.5076    10.8004
10.4268    14.5948    10.8004
10.4396    14.6684    10.8004
10.453199    14.757199    10.8004
10.4548    14.768399    10.8004
10.4556    14.7716    10.8004
10.4676    14.889999    10.8004
10.470799    14.911599    10.8004
10.476399    14.9556    10.8004
10.49    15.0692    10.8004
10.499599    15.1491995    10.8004
10.504399    15.199599    10.8004
10.5068    15.2252    10.8004
10.5212    15.353999    10.8004
10.5227995    15.3812    10.8004
10.5292    15.446799    10.8004
10.5316    15.4668    10.8004
10.5324    15.4716    10.8004
10.546    15.596399    10.8004
10.5484    15.6172    10.8004
10.554    15.6668    10.8004
10.5636    15.7772    10.8004
10.566    15.809199    10.8004
10.57    15.8596    10.8004
10.573199    15.8932    10.8004
10.579599    15.9732    10.8004
10.5803995    15.9772    10.8004
10.5812    15.986799    10.8004
10.594    16.118    10.8004
10.597199    16.156399    10.8004
10.602799    16.2396    10.8004
10.6052    16.2684    10.8004
10.61    16.3084    10.8004
10.6284    16.466    10.8004
10.6356    16.5212    10.8004
10.6476    16.6052    10.8004
10.6532    16.6428    10.8004
10.6564    16.6668    10.8004
10.6644    16.730799    10.8004
10.6732    16.784399    10.8004
10.702    16.9412    10.8004
10.7028    16.946    10.8004
10.7036    16.9492    10.8004
10.7052    16.9596    10.8004
10.754    17.185999    10.8004
10.7564    17.194    10.8004
10.769199    17.2396    10.8004
10.8084    17.3804    10.8004
10.8452    17.494799    10.8004
10.855599    17.5252    10.8004
10.858    17.5332    10.8004
10.8748    17.587599    10.8004
10.8796    17.600399    10.8004
10.8852    17.6164    10.8004
10.9156    17.691599    10.8004
10.941999    17.7644    10.8004
10.9444    17.7692    10.8004
10.946    17.7732    10.8004
10.9676    17.821999    10.8004
11.046    18.0092    10.8004
11.0492    18.0148    10.8004
11.0515995    18.0212    10.8004
11.068399    18.0548    10.8004
11.1004    18.115599    10.8004
11.1036    18.121199    10.8004
11.122    18.1556    10.8004
11.131599    18.174799    10.8004
11.134    18.178799    10.8004
11.153999    18.2188    10.8004
11.154799    18.219599    10.8004
11.154799    18.2204    10.8004
11.21    18.3148    10.8004
11.2108    18.3156    10.8004
11.2108    18.316399    10.8004
11.2476    18.3732    10.8004
11.25    18.3772    10.8004
11.306    18.437199    10.8004
11.3132    18.4508    10.8004
11.322    18.4524    10.8004
11.3292    18.454    10.8004
11.3476    18.4644    10.8004
11.3652    18.4772    10.8004
11.401999    18.5044    10.8004
11.417999    18.5196    10.8004
11.4492    18.542799    10.8004
11.4964    18.5812    10.8004
11.5548    18.6244    10.8004
11.6147995    18.661999    10.8004
11.653999    18.6868    10.8004
11.682    18.7036    10.8004
11.7452    18.7412    10.8004
11.7884    18.7676    10.8004
11.820399    18.7852    10.8004
11.854799    18.798    10.8004
11.8884    18.814    10.8004
11.9372    18.834799    10.8004
11.947599    18.8396    10.8004
11.9564    18.8452    10.8004
12.0436    18.897999    10.8004
12.079599    18.9244    10.8004
12.0803995    18.9252    10.8004
12.082    18.925999    10.8004
12.1444    18.966    10.8004
12.1732    18.9932    10.8004
12.2067995    19.0196    10.8004
12.239599    19.048399    10.8004
12.2796    19.0868    10.8004
12.33    19.1388    10.8004
12.343599    19.1516    10.8004
12.349199    19.156399    10.8004
12.3716    19.1796    10.8004
12.417999    19.2284    10.8004
12.429999    19.2428    10.8004
12.4595995    19.2724    10.8004
12.4604    19.2732    10.8004
12.462    19.2748    10.8004
12.5148    19.3316    10.8004
12.521199    19.338    10.8004
12.5252    19.3428    10.8004
12.5292    19.347599    10.8004
12.590799    19.4188    10.8004
12.6244    19.4532    10.8004
12.674    19.505999    10.8004
12.6876    19.5236    10.8004
12.69    19.5252    10.8004
12.6924    19.5292    10.8004
12.740399    19.586    10.8004
12.7755995    19.626    10.8004
12.786799    19.6404    10.8004
12.797999    19.6532    10.8004
12.8756    19.7508    10.8004
12.913199    19.798    10.8004
12.9307995    19.8204    10.8004
12.941199    19.8324    10.8004
12.9732    19.8732    10.8004
12.986799    19.8892    10.8004
13.0244    19.9308    10.8004
13.0308    19.937199    10.8004
13.07    19.979599    10.8004
13.113999    20.029999    10.8004
13.1348    20.0548    10.8004
13.162    20.0884    10.8004
13.1932    20.1292    10.8004
13.2604    20.2204    10.8004
13.3308    20.3084    10.8004
13.3468    20.3284    10.8004
13.361199    20.345999    10.8004
13.4748    20.494799    10.8004
13.53    20.5628    10.8004
13.5932    20.6388    10.8004
13.6564    20.722    10.8004
13.6844    20.7572    10.8004
13.717999    20.798    10.8004
13.7332    20.816399    10.8004
13.7652    20.854    10.8004
13.9036    21.018    10.8004
13.9972    21.126    10.8004
14.004399    21.133999    10.8004
14.006    21.1356    10.8004
14.010799    21.1404    10.8004
14.1444    21.2892    10.8004
14.2484    21.406    10.8004
14.263599    21.4236    10.8004
14.418799    21.5924    10.8004
14.475599    21.6556    10.8004
14.526799    21.71    10.8004
14.618    21.8044    10.8004
14.682799    21.8724    10.8004
14.7092    21.9004    10.8004
14.7699995    21.961199    10.8004
14.8076    21.998    10.8004
14.8636    22.0516    10.8004
14.9284    22.109999    10.8004
15.0188    22.197199    10.8004
15.037999    22.2156    10.8004
15.0515995    22.2276    10.8004
15.134    22.301199    10.8004
15.1796    22.3412    10.8004
15.257999    22.41    10.8004
15.3132    22.4564    10.8004
15.355599    22.49    10.8004
15.4044    22.529999    10.8004
15.458799    22.5724    10.8004
15.516399    22.6164    10.8004
15.568399    22.6556    10.8004
15.622    22.6948    10.8004
15.6556    22.717999    10.8004
15.7076    22.754    10.8004
15.717999    22.760399    10.8004
15.723599    22.7628    10.8004
15.7476    22.7764    10.8004
15.7836    22.793999    10.8004
15.785199    22.7948    10.8004
15.808399    22.8004    10.8004
15.8132    22.801199    10.8004
15.8364    22.8028    10.8004
15.8524    22.8028    10.8004
15.8636    22.805199    10.8004
15.8756    22.806    10.8004
15.882799    22.806799    10.8004
15.9052    22.810799    10.8004
15.911599    22.812399    10.8004
15.966    22.826    10.8004
15.981999    22.829199    10.8004
16.0052    22.8308    10.8004
16.0756    22.834799    10.8004
16.086    22.8356    10.8004
16.1684    22.840399    10.8004
16.178799    22.8412    10.8004
16.1908    22.8412    10.8004
16.302    22.8452    10.8004
16.317999    22.8452    10.8004
16.329199    22.845999    10.8004
16.427599    22.8468    10.8004
16.5324    22.8484    10.8004
16.546799    22.8492    10.8004
16.6524    22.8564    10.8004
16.6644    22.857199    10.8004
16.6868    22.8604    10.8004
16.726799    22.8668    10.8004
16.7468    22.8708    10.8004
16.762    22.873999    10.8004
16.8244    22.8884    10.8004
16.826    22.8884    10.8004
16.8268    22.8892    10.8004
16.9068    22.913198    10.8004
16.9684    22.931599    10.8004
17.018    22.9468    10.8004
17.0884    22.9692    10.8004
17.1772    22.9988    10.8004
17.2076    23.01    10.8004
17.2284    23.018799    10.8004
17.254799    23.0292    10.8004
17.317999    23.053999    10.8004
17.366    23.076399    10.8004
17.4044    23.0964    10.8004
17.4172    23.1028    10.8004
17.47    23.133999    10.8004
17.501999    23.1532    10.8004
17.570799    23.1964    10.8004
17.5996    23.2148    10.8004
17.614    23.2244    10.8004
17.6468    23.2468    10.8004
17.6524    23.2508    10.8004
17.6572    23.253199    10.8004
17.6812    23.2676    10.8004
17.6948    23.2724    10.8004
17.708399    23.275599    10.8004
17.7228    23.2764    10.8004
17.7428    23.2748    10.8004
17.7564    23.275599    10.8004
17.7812    23.277199    10.8004
17.8748    23.2988    10.8004
17.878    23.299599    10.8004
17.8788    23.299599    10.8004
17.879599    23.299599    10.8004
17.9596    23.3196    10.8004
17.9916    23.3284    10.8004
18.022    23.338    10.8004
18.09    23.358799    10.8004
18.1316    23.3732    10.8004
18.1772    23.3876    10.8004
18.222    23.401999    10.8004
18.2356    23.407598    10.8004
18.2596    23.418    10.8004
18.289999    23.434    10.8004
18.3132    23.4492    10.8004
18.3196    23.455599    10.8004
18.3492    23.485199    10.8004
18.3524    23.4884    10.8004
18.3548    23.4916    10.8004
18.4004    23.542    10.8004
18.416399    23.559599    10.8004
18.454    23.602798    10.8004
18.4748    23.626799    10.8004
18.5148    23.673199    10.8004
18.534    23.697199    10.8004
18.5628    23.737999    10.8004
18.6164    23.8148    10.8004
18.6332    23.840399    10.8004
18.6436    23.855598    10.8004
18.666    23.8932    10.8004
18.674    23.906    10.8004
18.6772    23.914    10.8004
18.678799    23.9172    10.8004
18.6836    23.9284    10.8004
18.701199    23.9644    10.8004
18.71    23.9924    10.8004
18.7124    24.0012    10.8004
18.7132    24.005999    10.8004
18.7148    24.011599    10.8004
18.721199    24.0548    10.8004
18.725199    24.098    10.8004
18.7276    24.111599    10.8004
18.7284    24.122    10.8004
18.7284    24.1372    10.8004
18.7284    24.21    10.8004
18.725199    24.2388    10.8004
18.721199    24.2932    10.8004
18.718    24.312399    10.8004
18.7124    24.3596    10.8004
18.7116    24.3676    10.8004
18.7044    24.3948    10.8004
18.702799    24.4012    10.8004
18.6988    24.416399    10.8004
18.697199    24.421999    10.8004
18.6892    24.444399    10.8004
18.6884    24.446    10.8004
18.6868    24.448399    10.8004
18.6852    24.4524    10.8004
18.669199    24.4756    10.8004
18.663599    24.4812    10.8004
18.6316    24.517199    10.8004
18.6236    24.5252    10.8004
18.6164    24.531599    10.8004
18.5604    24.5852    10.8004
18.518    24.622799    10.8004
18.49    24.6476    10.8004
18.462    24.6708    10.8004
18.434    24.6924    10.8004
18.4052    24.713999    10.8004
18.3708    24.7372    10.8004
18.3412    24.7572    10.8004
18.3356    24.762    10.8004
18.3228    24.7708    10.8004
18.302    24.781199    10.8004
18.298    24.782799    10.8004
18.2932    24.784399    10.8004
18.27    24.7892    10.8004
18.2516    24.7916    10.8004
18.2452    24.7932    10.8004
18.2356    24.7916    10.8004
18.218    24.7876    10.8004
18.1524    24.7724    10.8004
18.1492    24.771599    10.8004
18.1484    24.771599    10.8004
18.1476    24.7708    10.8004
18.0836    24.747599    10.8004
18.0748    24.7444    10.8004
18.069199    24.7428    10.8004
18.046799    24.732399    10.8004
18.0284    24.726    10.8004
17.9988    24.7092    10.8004
17.990799    24.7044    10.8004
17.9484    24.680399    10.8004
17.938    24.671598    10.8004
17.921999    24.657999    10.8004
17.9132    24.650799    10.8004
17.9028    24.6372    10.8004
17.8972    24.63    10.8004
17.8852    24.608398    10.8004
17.8636    24.574799    10.8004
17.851599    24.5604    10.8004
17.8388    24.5476    10.8004
17.8244    24.529999    10.8004
17.805199    24.524399    10.8004
17.788399    24.518799    10.8004
17.7692    24.5276    10.8004
17.758799    24.5324    10.8004
17.732399    24.546    10.8004
17.7316    24.546799    10.8004
17.730799    24.546799    10.8004
17.73    24.5476    10.8004
17.7292    24.5476    10.8004
17.650799    24.5756    10.8004
17.6132    24.587599    10.8004
17.559599    24.5996    10.8004
17.466    24.615599    10.8004
17.4524    24.618    10.8004
17.3564    24.628399    10.8004
17.3524    24.6292    10.8004
17.3228    24.6292    10.8004
17.2564    24.6308    10.8004
17.253199    24.6308    10.8004
17.2348    24.63    10.8004
17.1644    24.626    10.8004
17.157999    24.626    10.8004
17.109999    24.6196    10.8004
17.098799    24.6188    10.8004
17.0668    24.614    10.8004
17.057999    24.6132    10.8004
17.0284    24.608398    10.8004
16.9812    24.600399    10.8004
16.9644    24.5964    10.8004
16.931599    24.5884    10.8004
16.8804    24.5772    10.8004
16.862799    24.5732    10.8004
16.823599    24.562    10.8004
16.774    24.5492    10.8004
16.753199    24.542799    10.8004
16.694    24.5236    10.8004
16.6596    24.513199    10.8004
16.6348    24.5036    10.8004
16.6108    24.494799    10.8004
16.5884    24.486    10.8004
16.548399    24.47    10.8004
16.4996    24.4516    10.8004
16.414799    24.4172    10.8004
16.394    24.4084    10.8004
16.3676    24.396399    10.8004
16.2796    24.357199    10.8004
16.1164    24.282799    10.8004
16.0676    24.2612    10.8004
16.0516    24.254799    10.8004
15.9883995    24.226799    10.8004
15.9268    24.202799    10.8004
15.923599    24.201199    10.8004
15.8924    24.189999    10.8004
15.889999    24.1892    10.8004
15.866799    24.184399    10.8004
15.8524    24.1876    10.8004
15.8356    24.1884    10.8004
15.8284    24.1892    10.8004
15.8164    24.194    10.8004
15.802799    24.1964    10.8004
15.745199    24.2172    10.8004
15.738    24.2188    10.8004
15.700399    24.236399    10.8004
15.625999    24.271599    10.8004
15.5588    24.306    10.8004
15.487599    24.338799    10.8004
15.413199    24.375599    10.8004
15.37    24.396399    10.8004
15.331599    24.414    10.8004
15.2836    24.433199    10.8004
15.234799    24.448399    10.8004
15.2067995    24.4572    10.8004
15.1444    24.4716    10.8004
15.125199    24.476398    10.8004
15.113199    24.477999    10.8004
15.044399    24.4884    10.8004
14.9852    24.494799    10.8004
14.9564    24.4972    10.8004
14.9148    24.496399    10.8004
14.87    24.496399    10.8004
14.837199    24.4956    10.8004
14.7699995    24.494    10.8004
14.6852    24.485199    10.8004
14.6676    24.483599    10.8004
14.618    24.4748    10.8004
14.566    24.466799    10.8004
14.4948    24.4588    10.8004
14.4092    24.446    10.8004
14.3884    24.442799    10.8004
14.3868    24.442799    10.8004
14.3812    24.442    10.8004
14.302799    24.4324    10.8004
14.2612    24.4284    10.8004
14.2484    24.4268    10.8004
14.194799    24.421999    10.8004
14.1524    24.420399    10.8004
14.113999    24.418    10.8004
14.066    24.4228    10.8004
14.0476    24.4236    10.8004
14.0316    24.4268    10.8004
14.021999    24.427599    10.8004
13.981199    24.438    10.8004
13.9796    24.438    10.8004
13.976399    24.438799    10.8004
13.9492    24.446    10.8004
13.9404    24.4508    10.8004
13.9052    24.462    10.8004
13.894    24.4692    10.8004
13.8468    24.5092    10.8004
13.842    24.513199    10.8004
13.8348    24.522799    10.8004
13.8076    24.553999    10.8004
13.786799    24.587599    10.8004
13.7828    24.594799    10.8004
13.768399    24.632399    10.8004
13.7596    24.6516    10.8004
13.7588    24.6556    10.8004
13.742    24.7172    10.8004
13.733999    24.754    10.8004
13.7268    24.7892    10.8004
13.7196    24.8244    10.8004
13.710799    24.8772    10.8004
13.698    24.927599    10.8004
13.6812    25.0236    10.8004
13.6748    25.0572    10.8004
13.670799    25.080399    10.8004
13.6396    25.246    10.8004
13.6276    25.302    10.8004
13.6108    25.375599    10.8004
13.6036    25.409199    10.8004
13.5836    25.487598    10.8004
13.578    25.507599    10.8004
13.5532    25.5884    10.8004
13.533199    25.6428    10.8004
13.5196    25.6812    10.8004
13.493199    25.7508    10.8004
13.492399    25.7516    10.8004
13.492399    25.7524    10.8004
13.441999    25.849998    10.8004
13.4164    25.8916    10.8004
13.3588    25.9748    10.8004
13.3331995    26.007599    10.8004
13.294    26.052399    10.8004
13.242    26.1036    10.8004
13.2268    26.1148    10.8004
13.2012    26.1332    10.8004
13.165999    26.1588    10.8004
13.146    26.173199    10.8004
13.062799    26.2116    10.8004
13.056399    26.2148    10.8004
13.050799    26.2164    10.8004
12.9684    26.2412    10.8004
12.882    26.2572    10.8004
12.878799    26.258    10.8004
12.8764    26.258799    10.8004
12.872399    26.258799    10.8004
12.7844    26.2652    10.8004
12.7067995    26.264399    10.8004
12.6908    26.2628    10.8004
12.682799    26.262    10.8004
12.63    26.2564    10.8004
12.6044    26.254    10.8004
12.596399    26.2516    10.8004
12.5124    26.232399    10.8004
12.478    26.2228    10.8004
12.417999    26.2044    10.8004
12.3748    26.1908    10.8004
12.331599    26.1764    10.8004
12.2772    26.1524    10.8004
12.2492    26.139599    10.8004
12.233999    26.132399    10.8004
12.1564    26.094    10.8004
12.1396    26.085999    10.8004
12.0556    26.039598    10.8004
12.033999    26.026    10.8004
11.9372    25.966    10.8004
11.9348    25.9644    10.8004
11.918799    25.9508    10.8004
11.8364    25.885199    10.8004
11.8348    25.8844    10.8004
11.826799    25.8772    10.8004
11.7268    25.793999    10.8004
11.698    25.7668    10.8004
11.625199    25.6948    10.8004
11.594    25.661999    10.8004
11.5171995    25.5788    10.8004
11.5148    25.576399    10.8004
11.464399    25.511599    10.8004
11.4212    25.4604    10.8004
11.401999    25.433199    10.8004
11.3924    25.4196    10.8004
11.3764    25.397999    10.8004
11.3132    25.312399    10.8004
11.2644    25.2388    10.8004
11.2244    25.178799    10.8004
11.1723995    25.094    10.8004
11.1348    25.033998    10.8004
11.0492    24.886799    10.8004
11.0356    24.862    10.8004
11.028399    24.8484    10.8004
11.0204    24.834799    10.8004
10.941199    24.6932    10.8004
10.929999    24.6684    10.8004
10.924399    24.657999    10.8004
10.877999    24.574    10.8004
10.8644    24.548399    10.8004
10.8596    24.538    10.8004
10.854799    24.5276    10.8004
10.8028    24.418798    10.8004
10.7588    24.333199    10.8004
10.7452    24.306    10.8004
10.7428    24.3004    10.8004
10.7396    24.293999    10.8004
10.7364    24.286    10.8004
10.7324    24.277199    10.8004
10.6916    24.182    10.8004
10.682    24.1628    10.8004
10.662    24.118    10.8004
10.6188    24.0268    10.8004
10.5892    23.961199    10.8004
10.5716    23.9252    10.8004
10.533199    23.838    10.8004
10.5316    23.834    10.8004
10.5308    23.8316    10.8004
10.4948    23.747599    10.8004
10.435599    23.6148    10.8004
10.4148    23.566    10.8004
10.3996    23.5252    10.8004
10.354799    23.418    10.8004
10.3396    23.382    10.8004
10.302    23.293999    10.8004
10.297999    23.2852    10.8004
10.2684    23.2076    10.8004
10.262    23.1924    10.8004
10.25    23.1628    10.8004
10.2268    23.1012    10.8004
10.2132    23.066    10.8004
10.186    22.996399    10.8004
10.160399    22.9252    10.8004
10.159599    22.9244    10.8004
10.118    22.8092    10.8004
10.1068    22.775599    10.8004
10.0444    22.5892    10.8004
10.0212    22.518799    10.8004
9.9836    22.3996    10.8004
9.9595995    22.3204    10.8004
9.95    22.2892    10.8004
9.9372    22.2452    10.8004
9.9116    22.1556    10.8004
9.8628    21.9876    10.8004
9.849199    21.937199    10.8004
9.786799    21.706799    10.8004
9.7844    21.698    10.8004
9.782    21.689999    10.8004
9.7428    21.541199    10.8004
9.7388    21.524399    10.8004
9.7355995    21.513199    10.8004
9.702    21.3604    10.8004
9.6988    21.347599    10.8004
9.6972    21.3412    10.8004
9.6723995    21.2204    10.8004
9.6708    21.212399    10.8004
9.67    21.2116    10.8004
9.6692    21.206    10.8004
9.6491995    21.0956    10.8004
9.6284    20.9564    10.8004
9.625199    20.9364    10.8004
9.6236    20.9236    10.8004
9.6068    20.7748    10.8004
9.5988    20.6964    10.8004
9.5876    20.6028    10.8004
9.5868    20.5964    10.8004
9.585199    20.574799    10.8004
9.5844    20.5012    10.8004
9.5836    20.479599    10.8004
9.582    20.4452    10.8004
9.5788    20.3748    10.8004
9.5788    20.2932    10.8004
9.5772    20.237999    10.8004
9.5772    20.2188    10.8004
9.578    20.213999    10.8004
9.579599    20.1516    10.8004
9.579599    20.142    10.8004
9.5844    20.0588    10.8004
9.5876    20.0324    10.8004
9.5948    19.938799    10.8004
9.6044    19.862    10.8004
9.6156    19.7708    10.8004
9.625999    19.680399    10.8004
9.63    19.6308    10.8004
9.6324    19.5756    10.8004
9.6364    19.5196    10.8004
9.637199    19.483599    10.8004
9.6388    19.438    10.8004
9.6396    19.379599    10.8004
9.6396    19.3716    10.8004
9.6396    19.3692    10.8004
9.637199    19.2932    10.8004
9.637199    19.284399    10.8004
9.6332    19.2236    10.8004
9.6332    19.2156    10.8004
9.6244    19.1372    10.8004
9.6228    19.1164    10.8004
9.613999    19.0604    10.8004
9.6124    19.0476    10.8004
9.606    19.0156    10.8004
9.5996    18.9732    10.8004
9.598    18.962    10.8004
9.5932    18.934    10.8004
9.5868    18.9052    10.8004
9.5788    18.868399    10.8004
9.5692    18.8284    10.8004
9.5604    18.7892    10.8004
9.5548    18.7652    10.8004
9.550799    18.7484    10.8004
9.5364    18.691599    10.8004
9.528399    18.6596    10.8004
9.5212    18.632399    10.8004
9.5076    18.5892    10.8004
9.5036    18.5756    10.8004
9.498    18.557999    10.8004
9.4732    18.4812    10.8004
9.465199    18.455599    10.8004
9.4564    18.4268    10.8004
9.438    18.3724    10.8004
9.4236    18.3316    10.8004
9.3852    18.2148    10.8004
9.3756    18.185999    10.8004
9.3236    18.0268    10.8004
9.3228    18.024399    10.8004
9.322    18.0236    10.8004
9.2684    17.8548    10.8004
9.251599    17.801199    10.8004
9.2316    17.7348    10.8004
9.2132    17.6756    10.8004
9.1932    17.614    10.8004
9.159599    17.4884    10.8004
9.1572    17.4812    10.8004
9.1556    17.4772    10.8004
9.1468    17.4436    10.8004
9.1212    17.3556    10.8004
9.1092    17.3076    10.8004
9.0803995    17.191599    10.8004
9.073999    17.163599    10.8004
9.0708    17.1532    10.8004
