22.201199    22.892399    12.0004
22.2596    22.840399    12.0004
22.260399    22.840399    12.0004
22.260399    22.8396    12.0004
22.262    22.838799    12.0004
22.2876    22.821999    12.0004
22.2932    22.8204    12.0004
22.3132    22.8172    12.0004
22.3188    22.816399    12.0004
22.3228    22.816399    12.0004
22.3468    22.814    12.0004
22.358799    22.8148    12.0004
22.3892    22.8148    12.0004
22.394    22.8148    12.0004
22.401999    22.816399    12.0004
22.421999    22.816399    12.0004
22.4284    22.816399    12.0004
22.4308    22.816399    12.0004
22.4532    22.8212    12.0004
22.4788    22.8372    12.0004
22.4844    22.838    12.0004
22.5108    22.866    12.0004
22.522799    22.8772    12.0004
22.531599    22.890799    12.0004
22.542    22.901999    12.0004
22.5476    22.9124    12.0004
22.5612    22.9412    12.0004
22.570799    22.9564    12.0004
22.574    22.9628    12.0004
22.576399    22.9692    12.0004
22.580399    22.979599    12.0004
22.614    23.066    12.0004
22.6244    23.0924    12.0004
22.6484    23.1596    12.0004
22.6588    23.1892    12.0004
22.666    23.212399    12.0004
22.674799    23.246    12.0004
22.6764    23.253199    12.0004
22.6772    23.2564    12.0004
22.6796    23.2932    12.0004
22.6796    23.2964    12.0004
22.6796    23.3228    12.0004
22.6812    23.4516    12.0004
22.684399    23.5036    12.0004
22.689999    23.5956    12.0004
22.6908    23.6236    12.0004
22.6908    23.6524    12.0004
22.6884    23.6764    12.0004
22.6884    23.706799    12.0004
22.685999    23.729198    12.0004
22.6852    23.7428    12.0004
22.6796    23.7724    12.0004
22.673199    23.801199    12.0004
22.6684    23.816399    12.0004
22.660398    23.8364    12.0004
22.6572    23.847599    12.0004
22.650799    23.858799    12.0004
22.63    23.881199    12.0004
22.626799    23.8828    12.0004
22.615599    23.882    12.0004
22.6036    23.8828    12.0004
22.585999    23.8788    12.0004
22.57    23.8716    12.0004
22.5516    23.862    12.0004
22.535599    23.853199    12.0004
22.4916    23.8244    12.0004
22.4732    23.810799    12.0004
22.449999    23.7948    12.0004
22.438799    23.786798    12.0004
22.4364    23.786    12.0004
22.433199    23.784399    12.0004
22.4068    23.7732    12.0004
22.401999    23.774    12.0004
22.379599    23.778    12.0004
22.3748    23.7804    12.0004
22.364399    23.7852    12.0004
22.3596    23.788399    12.0004
22.3148    23.81    12.0004
22.3076    23.812399    12.0004
22.2916    23.8196    12.0004
22.2692    23.826    12.0004
22.2652    23.826    12.0004
22.2444    23.8268    12.0004
22.2348    23.827599    12.0004
22.217999    23.8268    12.0004
22.2108    23.8252    12.0004
22.1876    23.8196    12.0004
22.1828    23.817999    12.0004
22.1812    23.817999    12.0004
22.1628    23.806    12.0004
22.156399    23.802    12.0004
22.1292    23.7852    12.0004
22.1132    23.774    12.0004
22.0724    23.743599    12.0004
22.05    23.7316    12.0004
22.0476    23.73    12.0004
22.0396    23.7316    12.0004
22.007599    23.736399    12.0004
21.996399    23.749199    12.0004
21.9812    23.7724    12.0004
21.9684    23.7892    12.0004
21.961199    23.7988    12.0004
21.9412    23.8284    12.0004
21.9244    23.8484    12.0004
21.9084    23.8604    12.0004
21.8972    23.869999    12.0004
21.890799    23.873999    12.0004
21.868399    23.8892    12.0004
21.8452    23.9004    12.0004
21.8188    23.916399    12.0004
21.8092    23.921999    12.0004
21.7868    23.9324    12.0004
21.771599    23.938    12.0004
21.7596    23.942799    12.0004
21.747599    23.9452    12.0004
21.7372    23.9476    12.0004
21.7228    23.9476    12.0004
21.7108    23.9492    12.0004
21.694    23.9476    12.0004
21.6756    23.9452    12.0004
21.654799    23.9412    12.0004
21.6484    23.9396    12.0004
21.6412    23.938    12.0004
21.6244    23.933199    12.0004
21.6076    23.9268    12.0004
21.598    23.9244    12.0004
21.5884    23.9172    12.0004
21.5724    23.9028    12.0004
21.5628    23.8916    12.0004
21.55    23.873999    12.0004
21.542    23.862    12.0004
21.529999    23.8396    12.0004
21.518    23.8196    12.0004
21.4932    23.771599    12.0004
21.483599    23.7524    12.0004
21.4676    23.726799    12.0004
21.466    23.725199    12.0004
21.4636    23.7228    12.0004
21.453999    23.71    12.0004
21.4412    23.694    12.0004
21.4404    23.6932    12.0004
21.437199    23.689999    12.0004
21.41    23.6644    12.0004
21.3772    23.6356    12.0004
21.366    23.622799    12.0004
21.3468    23.597198    12.0004
21.338    23.5852    12.0004
21.3284    23.57    12.0004
21.3212    23.553999    12.0004
21.314    23.5308    12.0004
21.3132    23.522799    12.0004
21.312399    23.5156    12.0004
21.3092    23.4924    12.0004
21.312399    23.462    12.0004
21.3132    23.4532    12.0004
21.314    23.444399    12.0004
21.3188    23.4212    12.0004
21.3228    23.4052    12.0004
21.3268    23.3956    12.0004
21.333199    23.375599    12.0004
21.35    23.345999    12.0004
21.353199    23.338    12.0004
21.3556    23.334    12.0004
21.3556    23.333199    12.0004
21.357199    23.3308    12.0004
21.362799    23.321999    12.0004
21.4028    23.258    12.0004
21.416399    23.2348    12.0004
21.418    23.230799    12.0004
21.4284    23.201199    12.0004
21.43    23.195599    12.0004
21.4676    23.07    12.0004
21.4716    23.057999    12.0004
21.4812    23.0364    12.0004
21.4884    23.0196    12.0004
21.4924    23.013199    12.0004
21.496399    23.0084    12.0004
21.5108    22.9916    12.0004
21.517199    22.982    12.0004
21.5332    22.962    12.0004
21.5588    22.9284    12.0004
21.605999    22.8668    12.0004
21.618    22.851599    12.0004
21.622    22.845999    12.0004
21.6244    22.8428    12.0004
21.6316    22.834799    12.0004
21.656399    22.806    12.0004
21.667599    22.8004    12.0004
21.6764    22.793999    12.0004
21.682    22.7924    12.0004
21.701199    22.788399    12.0004
21.726799    22.786    12.0004
21.754799    22.784399    12.0004
21.7732    22.782799    12.0004
21.775599    22.782    12.0004
21.8004    22.782799    12.0004
21.8228    22.782799    12.0004
21.8412    22.786798    12.0004
21.8468    22.786798    12.0004
21.851599    22.7876    12.0004
21.858    22.788399    12.0004
21.869999    22.7908    12.0004
21.8804    22.795599    12.0004
21.9004    22.8036    12.0004
21.9196    22.814    12.0004
21.925999    22.817999    12.0004
21.934    22.823599    12.0004
21.9524    22.838    12.0004
21.989199    22.8692    12.0004
21.996399    22.8748    12.0004
21.9988    22.878    12.0004
22.0364    22.9156    12.0004
22.0572    22.93    12.0004
22.065199    22.938    12.0004
22.0828    22.9436    12.0004
22.098799    22.9524    12.0004
22.105999    22.9492    12.0004
22.122    22.9452    12.0004
22.1292    22.944399    12.0004
22.1356    22.9412    12.0004
22.142    22.937199    12.0004
22.154    22.927599    12.0004
22.180399    22.909199    12.0004
22.1948    22.8988    12.0004
22.201199    22.892399    12.0004
