6.3251996    14.321199    15.6004
6.3427997    14.4572    15.6004
6.362    14.6156    15.6004
6.3796    14.7699995    15.6004
6.3827996    14.7948    15.6004
6.394    14.8996    15.6004
6.3988    14.9452    15.6004
6.4035997    15.0076    15.6004
6.4059997    15.062799    15.6004
6.41    15.1044    15.6004
6.414    15.15    15.6004
6.4164    15.193199    15.6004
6.4188    15.2355995    15.6004
6.4203997    15.280399    15.6004
6.4196    15.3364    15.6004
6.4203997    15.377199    15.6004
6.4196    15.4276    15.6004
6.4188    15.457999    15.6004
6.4188    15.4908    15.6004
6.4164    15.5644    15.6004
6.4124    15.606    15.6004
6.41    15.6508    15.6004
6.4012    15.71    15.6004
6.3971996    15.7492    15.6004
6.3891997    15.79    15.6004
6.3835998    15.821199    15.6004
6.3771996    15.8524    15.6004
6.3683996    15.8876    15.6004
6.35    15.9492    15.6004
6.338    15.986    15.6004
6.322    16.0308    15.6004
6.3108    16.0516    15.6004
6.3051996    16.062    15.6004
6.25    16.1524    15.6004
6.2468    16.156399    15.6004
6.2427998    16.1604    15.6004
6.2307997    16.1852    15.6004
6.2356    16.1956    15.6004
6.2356    16.2156    15.6004
6.2427998    16.23    15.6004
6.2468    16.247599    15.6004
6.2627997    16.2788    15.6004
6.2707996    16.2964    15.6004
6.2771997    16.3076    15.6004
6.2804    16.314    15.6004
6.2892    16.3316    15.6004
6.3051996    16.3716    15.6004
6.3132    16.3996    15.6004
6.318    16.421999    15.6004
6.3212    16.434    15.6004
6.3244    16.4492    15.6004
6.3259997    16.466799    15.6004
6.3283997    16.5068    15.6004
6.33    16.5996    15.6004
6.33    16.615599    15.6004
6.3268    16.6668    15.6004
6.3268    16.67    15.6004
6.3268    16.673199    15.6004
6.3259997    16.674    15.6004
6.318    16.7316    15.6004
6.3076    16.7836    15.6004
6.2948    16.858    15.6004
6.2883997    16.881199    15.6004
6.2748    16.914799    15.6004
6.2739997    16.916399    15.6004
6.258    16.9356    15.6004
6.2492    16.944399    15.6004
6.23    16.9588    15.6004
6.2195997    16.9652    15.6004
6.2044    16.9748    15.6004
6.1731997    16.994    15.6004
6.1324    17.0172    15.6004
6.1155996    17.0268    15.6004
6.0987997    17.035599    15.6004
6.0235996    17.070799    15.6004
5.986    17.0868    15.6004
5.9284    17.111599    15.6004
5.8603997    17.139599    15.6004
5.85    17.1436    15.6004
5.7836    17.1708    15.6004
5.7812    17.1716    15.6004
5.7795997    17.1716    15.6004
5.7436    17.1796    15.6004
5.7204    17.182    15.6004
5.694    17.182    15.6004
5.6868    17.1796    15.6004
5.6524    17.167599    15.6004
5.6331997    17.1612    15.6004
5.6228    17.156399    15.6004
5.5852    17.133999    15.6004
5.5636    17.122    15.6004
5.526    17.100399    15.6004
5.5132    17.0924    15.6004
5.4644    17.0628    15.6004
5.4628    17.062    15.6004
5.4579997    17.059599    15.6004
5.3868    17.013199    15.6004
5.3212    16.9628    15.6004
5.3203998    16.962    15.6004
5.3188    16.9604    15.6004
5.2572    16.91    15.6004
5.238    16.8932    15.6004
5.206    16.8636    15.6004
5.1628    16.826    15.6004
5.1299996    16.7916    15.6004
5.1075997    16.7692    15.6004
5.0948    16.7516    15.6004
5.0828    16.7372    15.6004
5.0643997    16.7156    15.6004
5.0436    16.6908    15.6004
5.0188    16.654    15.6004
5.002    16.6308    15.6004
4.99    16.6092    15.6004
4.9756    16.5852    15.6004
4.9356    16.5124    15.6004
4.9347997    16.5116    15.6004
4.9347997    16.5108    15.6004
4.934    16.5108    15.6004
4.934    16.51    15.6004
4.898    16.4404    15.6004
4.878    16.397999    15.6004
4.8571997    16.358799    15.6004
4.8412    16.3276    15.6004
4.8244    16.2932    15.6004
4.8083997    16.258    15.6004
4.7883997    16.2172    15.6004
4.7676    16.1708    15.6004
4.742    16.1148    15.6004
4.7388    16.1084    15.6004
4.7356    16.100399    15.6004
4.7019997    16.018    15.6004
4.6916    15.9939995    15.6004
4.6419997    15.8684    15.6004
4.6404    15.8628    15.6004
4.6372    15.854799    15.6004
4.6243997    15.8172    15.6004
4.6099997    15.768399    15.6004
4.6099997    15.7676    15.6004
4.6099997    15.7668    15.6004
4.5931997    15.693199    15.6004
4.5916    15.6812    15.6004
4.5811996    15.5604    15.6004
4.574    15.4684    15.6004
4.5724    15.446799    15.6004
4.5708    15.4316    15.6004
4.5596    15.3172    15.6004
4.5476    15.223599    15.6004
4.5452    15.202    15.6004
4.5364    15.0948    15.6004
4.5355997    15.0884    15.6004
4.5355997    15.0868    15.6004
4.5164    14.997999    15.6004
4.5084    14.952399    15.6004
4.5028    14.91    15.6004
4.4852    14.822    15.6004
4.4764    14.7764    15.6004
4.4684    14.7428    15.6004
4.4628    14.6972    15.6004
4.4556    14.6636    15.6004
4.45    14.6292    15.6004
4.4444    14.6036    15.6004
4.4404    14.5652    15.6004
4.4412    14.526799    15.6004
4.4372    14.5068    15.6004
4.4356    14.4284    15.6004
4.4347997    14.424399    15.6004
4.4347997    14.413199    15.6004
4.4444    14.3924    15.6004
4.4523997    14.373199    15.6004
4.4547997    14.37    15.6004
4.4684    14.3692    15.6004
4.49    14.3684    15.6004
4.4988    14.372399    15.6004
4.5476    14.3884    15.6004
4.578    14.4028    15.6004
4.5852    14.4084    15.6004
4.5916    14.41    15.6004
4.6243997    14.426    15.6004
4.6572    14.4307995    15.6004
4.6587996    14.4268    15.6004
4.6684    14.3988    15.6004
4.6668    14.395599    15.6004
4.6524    14.3524    15.6004
4.646    14.3356    15.6004
4.638    14.3172    15.6004
4.6228    14.285999    15.6004
4.6108    14.2596    15.6004
4.594    14.217999    15.6004
4.5828    14.1924    15.6004
4.5731997    14.165999    15.6004
4.5548    14.118799    15.6004
4.526    14.0532    15.6004
4.514    14.021199    15.6004
4.4867997    13.946    15.6004
4.4804    13.9284    15.6004
4.4564    13.8619995    15.6004
4.4379997    13.8116    15.6004
4.3932    13.67    15.6004
4.3812    13.6356    15.6004
4.3796    13.618    15.6004
4.3691998    13.57    15.6004
4.3532    13.5292    15.6004
4.3452    13.5171995    15.6004
4.3188    13.4692    15.6004
4.318    13.4684    15.6004
4.3164    13.4684    15.6004
4.2651997    13.4724    15.6004
4.2451997    13.481999    15.6004
4.2339997    13.4804    15.6004
4.1419997    13.4916    15.6004
4.0748    13.504399    15.6004
4.0676    13.505199    15.6004
4.0604    13.5068    15.6004
3.9187999    13.5356    15.6004
3.8579998    13.5532    15.6004
3.7644    13.578799    15.6004
3.5907998    13.6324    15.6004
3.5795999    13.6356    15.6004
3.5676    13.6388    15.6004
3.3739998    13.6988    15.6004
3.3179998    13.7196    15.6004
3.2196    13.757999    15.6004
3.174    13.7772    15.6004
3.1499999    13.7884    15.6004
3.0988    13.802799    15.6004
3.0548    13.814799    15.6004
3.01    13.8331995    15.6004
2.9859998    13.842799    15.6004
2.9436    13.846    15.6004
2.9148    13.8452    15.6004
2.8892    13.8364    15.6004
2.8611999    13.83    15.6004
2.8523998    13.825999    15.6004
2.8307998    13.818    15.6004
2.7316    13.778    15.6004
2.5892    13.7188    15.6004
2.5707998    13.710799    15.6004
2.514    13.6852    15.6004
2.4587998    13.660399    15.6004
2.398    13.6276    15.6004
2.3876    13.622    15.6004
2.3436    13.5948    15.6004
2.2996    13.5668    15.6004
2.2668    13.5436    15.6004
2.202    13.499599    15.6004
2.1771998    13.4796    15.6004
2.1292    13.4404    15.6004
2.118    13.426    15.6004
2.1132    13.417999    15.6004
2.098    13.3884    15.6004
2.0908    13.37    15.6004
2.0884    13.3596    15.6004
2.0867999    13.3364    15.6004
2.102    13.318    15.6004
2.1148    13.302799    15.6004
2.1283998    13.279599    15.6004
2.1492    13.2564    15.6004
2.1516    13.2532    15.6004
2.2115998    13.2188    15.6004
2.246    13.200399    15.6004
2.3148    13.1668    15.6004
2.366    13.1412    15.6004
2.4484    13.0996    15.6004
2.5244    13.061999    15.6004
2.5419998    13.054    15.6004
2.5923998    13.0292    15.6004
2.6339998    13.0092    15.6004
2.714    12.9692    15.6004
2.8156    12.9204    15.6004
2.9212    12.8684    15.6004
3.1652    12.7484    15.6004
3.3251998    12.6612    15.6004
3.5044    12.5644    15.6004
3.5788    12.521999    15.6004
3.6204    12.498799    15.6004
3.7347999    12.429999    15.6004
3.8051999    12.3876    15.6004
3.8091998    12.3852    15.6004
3.8332    12.3692    15.6004
3.85    12.3564    15.6004
3.9868    12.263599    15.6004
4.0292    12.233999    15.6004
4.1331997    12.158    15.6004
4.2156    12.0924    15.6004
4.2708    12.0484    15.6004
4.2908    12.0316    15.6004
4.3196    12.0084    15.6004
4.334    11.9939995    15.6004
4.3636    11.9676    15.6004
4.3652    11.966    15.6004
4.4203997    11.9172    15.6004
4.4596    11.8812    15.6004
4.5011997    11.8412    15.6004
4.5236    11.822    15.6004
4.5587997    11.7884    15.6004
4.5852    11.7604    15.6004
4.6204    11.728399    15.6004
4.6444    11.705999    15.6004
4.6628    11.6876    15.6004
4.6868    11.6692    15.6004
4.7107997    11.65    15.6004
4.7444    11.6236    15.6004
4.7683997    11.602799    15.6004
4.7716    11.6004    15.6004
4.7964    11.5812    15.6004
4.8276    11.5588    15.6004
4.834    11.5532    15.6004
4.8483996    11.542    15.6004
4.8891997    11.510799    15.6004
4.9579997    11.4636    15.6004
4.9588    11.4628    15.6004
5.0411997    11.4084    15.6004
5.114    11.3636    15.6004
5.1148    11.3628    15.6004
5.1187997    11.360399    15.6004
5.1875997    11.3172    15.6004
5.1963997    11.3124    15.6004
5.2292    11.294    15.6004
5.2388    11.2884    15.6004
5.2468    11.2836    15.6004
5.2636    11.274799    15.6004
5.298    11.2564    15.6004
5.31    11.2508    15.6004
5.3236    11.245999    15.6004
5.3508    11.2388    15.6004
5.3659997    11.233999    15.6004
5.3964    11.229199    15.6004
5.4076    11.228399    15.6004
5.41    11.228399    15.6004
5.4164    11.2276    15.6004
5.4828    11.222799    15.6004
5.522    11.2164    15.6004
5.6028    11.211599    15.6004
5.6228    11.2108    15.6004
5.6412    11.211599    15.6004
5.7163997    11.2092    15.6004
5.7756    11.2148    15.6004
5.8051996    11.217999    15.6004
5.8724    11.2268    15.6004
5.8947997    11.229199    15.6004
5.9035997    11.2308    15.6004
5.9084    11.2324    15.6004
5.9379997    11.2428    15.6004
5.9628    11.2564    15.6004
5.99    11.2796    15.6004
5.9923997    11.282    15.6004
5.9932    11.2836    15.6004
6.006    11.3164    15.6004
6.0091996    11.3244    15.6004
6.0179996    11.3516    15.6004
6.0299997    11.413199    15.6004
6.0355997    11.45    15.6004
6.0404    11.4948    15.6004
6.0404    11.498799    15.6004
6.0404    11.5004    15.6004
6.0404    11.533199    15.6004
6.0411997    11.568399    15.6004
6.0404    11.5692    15.6004
6.0404    11.573999    15.6004
6.034    11.6228    15.6004
6.0299997    11.6435995    15.6004
6.0235996    11.658    15.6004
6.0188    11.677199    15.6004
6.0044    11.71    15.6004
6.0044    11.7108    15.6004
5.9852    11.746799    15.6004
5.9804    11.7596    15.6004
5.9788    11.7699995    15.6004
5.9732    11.79    15.6004
5.9747996    11.797199    15.6004
5.9747996    11.818    15.6004
5.9804    11.8284    15.6004
5.9916    11.846    15.6004
6.0011997    11.866    15.6004
6.0035996    11.8716    15.6004
6.026    11.9212    15.6004
6.0388    11.958799    15.6004
6.0508    11.9948    15.6004
6.0908    12.125199    15.6004
6.0931997    12.134    15.6004
6.094    12.136399    15.6004
6.0948    12.1396    15.6004
6.1108    12.2123995    15.6004
6.1172    12.2428    15.6004
6.1284    12.2948    15.6004
6.1363997    12.3348    15.6004
6.1428    12.3772    15.6004
6.1548    12.441199    15.6004
6.1619997    12.4828    15.6004
6.174    12.555599    15.6004
6.1787996    12.5892    15.6004
6.1948    12.7012    15.6004
6.1963997    12.717999    15.6004
6.2036    12.773999    15.6004
6.2107997    12.8404    15.6004
6.2195997    12.975599    15.6004
6.2219996    13.006    15.6004
6.2307997    13.120399    15.6004
6.2348    13.181999    15.6004
6.2412    13.3068    15.6004
6.25    13.4892    15.6004
6.25    13.4964    15.6004
6.2507997    13.5012    15.6004
6.2507997    13.509999    15.6004
6.2595997    13.6435995    15.6004
6.2619996    13.716399    15.6004
6.2627997    13.722    15.6004
6.2636    13.742    15.6004
6.2683997    13.803599    15.6004
6.2756    13.8796    15.6004
6.2763996    13.8924    15.6004
6.278    13.901199    15.6004
6.302    14.1388    15.6004
6.3092    14.1868    15.6004
6.3148    14.239599    15.6004
6.3251996    14.321199    15.6004
