18.310799    21.3708    17.7004
18.277199    21.3692    17.7004
18.2428    21.3676    17.7004
18.2052    21.358799    17.7004
18.202799    21.358    17.7004
18.156399    21.3284    17.7004
18.1556    21.3252    17.7004
18.150799    21.2932    17.7004
18.1548    21.2812    17.7004
18.1668    21.2484    17.7004
18.178799    21.2332    17.7004
18.1892    21.222    17.7004
18.2004    21.2148    17.7004
18.2148    21.206    17.7004
18.2284    21.2004    17.7004
18.247599    21.1932    17.7004
18.2636    21.1892    17.7004
18.27    21.1868    17.7004
18.2972    21.1812    17.7004
18.3172    21.1764    17.7004
18.326    21.1764    17.7004
18.385199    21.174    17.7004
18.403599    21.178    17.7004
18.4524    21.1924    17.7004
18.4548    21.194    17.7004
18.4788    21.219599    17.7004
18.489199    21.2388    17.7004
18.4916    21.2484    17.7004
18.49    21.269999    17.7004
18.49    21.2748    17.7004
18.4788    21.298    17.7004
18.477999    21.299599    17.7004
18.4772    21.3004    17.7004
18.4756    21.302    17.7004
18.448399    21.329199    17.7004
18.4308    21.340399    17.7004
18.3836    21.3548    17.7004
18.375599    21.3564    17.7004
18.369999    21.357199    17.7004
18.323599    21.3652    17.7004
18.310799    21.3708    17.7004
