11.677199    23.0324    11.7004
11.67    23.0252    11.7004
11.653999    23.0036    11.7004
11.6468    23.0028    11.7004
11.638    22.994    11.7004
11.6212    22.9876    11.7004
11.5948    22.986    11.7004
11.5876    23.0068    11.7004
11.5924    23.013199    11.7004
11.6124    23.081999    11.7004
11.613199    23.0828    11.7004
11.613999    23.0852    11.7004
11.6156    23.085999    11.7004
11.6452    23.0772    11.7004
11.6852    23.078    11.7004
11.6844    23.063599    11.7004
11.6852    23.0492    11.7004
11.6812    23.0388    11.7004
11.677199    23.0324    11.7004
