17.8036    32.1844    18.6004
17.85    32.203598    18.6004
17.8564    32.2068    18.6004
17.8636    32.21    18.6004
17.9116    32.233997    18.6004
17.927599    32.2436    18.6004
17.972399    32.2692    18.6004
17.998    32.2836    18.6004
18.0212    32.298798    18.6004
18.037199    32.313198    18.6004
18.0388    32.3148    18.6004
18.041199    32.3164    18.6004
18.042    32.318798    18.6004
18.0628    32.343597    18.6004
18.0684    32.3532    18.6004
18.0796    32.3684    18.6004
18.0868    32.3924    18.6004
18.094    32.4092    18.6004
18.1052    32.454    18.6004
18.1076    32.464397    18.6004
18.109999    32.4772    18.6004
18.1148    32.5108    18.6004
18.1164    32.5284    18.6004
18.1204    32.5612    18.6004
18.1188    32.577198    18.6004
18.117199    32.6068    18.6004
18.1148    32.6204    18.6004
18.1068    32.6548    18.6004
18.0956    32.694798    18.6004
18.094799    32.6972    18.6004
18.093199    32.700397    18.6004
18.0804    32.731598    18.6004
18.0748    32.7388    18.6004
18.0644    32.7532    18.6004
18.0572    32.762    18.6004
18.0364    32.7844    18.6004
18.0164    32.802    18.6004
18.0028    32.8124    18.6004
17.9828    32.8252    18.6004
17.9412    32.849197    18.6004
17.8988    32.87    18.6004
17.8852    32.8764    18.6004
17.8524    32.8884    18.6004
17.8212    32.9004    18.6004
17.8036    32.906    18.6004
17.754    32.9188    18.6004
17.722    32.926    18.6004
17.7068    32.930798    18.6004
17.666    32.938    18.6004
17.617199    32.9444    18.6004
17.598    32.9468    18.6004
17.5668    32.9492    18.6004
17.5348    32.9516    18.6004
17.494    32.953197    18.6004
17.4524    32.953197    18.6004
17.4044    32.9524    18.6004
17.3892    32.9524    18.6004
17.347599    32.9484    18.6004
17.31    32.945198    18.6004
17.2684    32.941998    18.6004
17.2428    32.939598    18.6004
17.202799    32.934    18.6004
17.128399    32.9228    18.6004
17.115599    32.9212    18.6004
17.1052    32.919598    18.6004
17.087599    32.9164    18.6004
16.982    32.8956    18.6004
16.910799    32.8796    18.6004
16.8852    32.874    18.6004
16.8492    32.865997    18.6004
16.810799    32.857998    18.6004
16.774    32.8484    18.6004
16.650799    32.818798    18.6004
16.6356    32.8148    18.6004
16.6276    32.8124    18.6004
16.5308    32.7836    18.6004
16.4804    32.7684    18.6004
16.444399    32.758    18.6004
16.402    32.7444    18.6004
16.3388    32.7236    18.6004
16.2596    32.6956    18.6004
16.1892    32.6708    18.6004
16.1524    32.6564    18.6004
16.1204    32.6452    18.6004
16.0956    32.6348    18.6004
16.0476    32.6148    18.6004
15.987599    32.588398    18.6004
15.986799    32.5876    18.6004
15.9316    32.5604    18.6004
15.9044    32.545998    18.6004
15.886    32.538    18.6004
15.871599    32.5276    18.6004
15.848399    32.5148    18.6004
15.834    32.506798    18.6004
15.790799    32.478    18.6004
15.7884    32.4764    18.6004
15.7876    32.475597    18.6004
15.786799    32.475597    18.6004
15.757199    32.4524    18.6004
15.7364    32.43    18.6004
15.729199    32.4228    18.6004
15.7196    32.41    18.6004
15.7123995    32.3988    18.6004
15.711599    32.397198    18.6004
15.710799    32.3892    18.6004
15.705199    32.3556    18.6004
15.7012    32.3148    18.6004
15.700399    32.309998    18.6004
15.7036    32.2908    18.6004
15.7036    32.276398    18.6004
15.7156    32.246    18.6004
15.734799    32.2156    18.6004
15.7596    32.1828    18.6004
15.7755995    32.1644    18.6004
15.883599    32.078    18.6004
15.8868    32.0748    18.6004
15.898    32.0676    18.6004
15.969999    32.029198    18.6004
16.0004    32.0204    18.6004
16.0628    32.0156    18.6004
16.0748    32.0132    18.6004
16.0828    32.012398    18.6004
16.1348    32.01    18.6004
16.1596    32.0084    18.6004
16.202    32.0108    18.6004
16.246    32.0116    18.6004
16.3268    32.0132    18.6004
16.3652    32.0132    18.6004
16.4124    32.0116    18.6004
16.4468    32.0116    18.6004
16.5548    32.014    18.6004
16.59    32.0132    18.6004
16.609999    32.0148    18.6004
16.6812    32.0164    18.6004
16.7132    32.0156    18.6004
16.7452    32.0164    18.6004
16.823599    32.0188    18.6004
16.8892    32.0212    18.6004
16.903599    32.022    18.6004
16.958    32.0252    18.6004
17.0396    32.0308    18.6004
17.0628    32.0324    18.6004
17.105999    32.0356    18.6004
17.1324    32.0388    18.6004
17.1836    32.0436    18.6004
17.232399    32.0484    18.6004
17.2796    32.0524    18.6004
17.3396    32.058    18.6004
17.368399    32.062    18.6004
17.392399    32.065998    18.6004
17.4196    32.07    18.6004
17.4604    32.078    18.6004
17.4652    32.0788    18.6004
17.5108    32.0892    18.6004
17.5252    32.0932    18.6004
17.5396    32.0972    18.6004
17.59    32.1116    18.6004
17.6308    32.1228    18.6004
17.6588    32.1316    18.6004
17.708399    32.149998    18.6004
17.734    32.1588    18.6004
17.7852    32.1772    18.6004
17.8036    32.1844    18.6004
