13.837199    10.907599    12.6004
13.8572    10.9948    12.6004
13.8764    11.0836    12.6004
13.9052    11.2076    12.6004
13.922    11.2844    12.6004
13.9332    11.3308    12.6004
13.9732    11.509999    12.6004
13.976399    11.5244    12.6004
13.981999    11.546    12.6004
14.0316    11.7564    12.6004
14.0524    11.8356    12.6004
14.078    11.9388    12.6004
14.1068    12.0428    12.6004
14.1147995    12.073199    12.6004
14.1228    12.101999    12.6004
14.147599    12.189199    12.6004
14.1508    12.2028    12.6004
14.17    12.2724    12.6004
14.187599    12.3348    12.6004
14.2067995    12.4148    12.6004
14.214    12.435599    12.6004
14.221999    12.470799    12.6004
14.2244    12.4796    12.6004
14.2364    12.5468    12.6004
14.2372    12.5476    12.6004
14.2428    12.5803995    12.6004
14.2428    12.585199    12.6004
14.2308    12.607599    12.6004
14.2148    12.618    12.6004
14.210799    12.6147995    12.6004
14.181999    12.613199    12.6004
14.1444    12.6052    12.6004
14.102799    12.5836    12.6004
14.0876    12.578799    12.6004
14.0308    12.5468    12.6004
14.0244    12.5428    12.6004
14.0196    12.538799    12.6004
13.958799    12.4883995    12.6004
13.934    12.4636    12.6004
13.8748    12.4028    12.6004
13.8348    12.3564    12.6004
13.8116    12.3331995    12.6004
13.746799    12.2476    12.6004
13.734799    12.2316    12.6004
13.6812    12.154799    12.6004
13.671599    12.1412    12.6004
13.6668    12.1348    12.6004
13.5996    12.0324    12.6004
13.539599    11.941999    12.6004
13.5236    11.9156    12.6004
13.4964    11.872399    12.6004
13.3924    11.705199    12.6004
13.360399    11.6532    12.6004
13.3484    11.6332    12.6004
13.2948    11.5404    12.6004
13.2372    11.4388    12.6004
13.2188    11.401999    12.6004
13.1564    11.2716    12.6004
13.1404    11.2388    12.6004
13.079599    11.1052    12.6004
13.067599    11.078799    12.6004
13.0668    11.0772    12.6004
13.014    10.9436    12.6004
12.975599    10.8524    12.6004
12.966    10.8276    12.6004
12.9548    10.7987995    12.6004
12.9284    10.7204    12.6004
12.8876    10.598    12.6004
12.8828    10.5836    12.6004
12.8756    10.5604    12.6004
12.8404    10.438    12.6004
12.8244    10.373199    12.6004
12.821199    10.3596    12.6004
12.803599    10.2788    12.6004
12.7956    10.2308    12.6004
12.7828    10.1564    12.6004
12.7764    10.0571995    12.6004
12.7755995    10.038    12.6004
12.774799    10.0204    12.6004
12.7716    9.964399    12.6004
12.7716    9.922    12.6004
12.7724    9.8508    12.6004
12.773999    9.7956    12.6004
12.7796    9.665999    12.6004
12.7796    9.662    12.6004
12.7796    9.660399    12.6004
12.8004    9.5132    12.6004
12.803599    9.49    12.6004
12.821199    9.3524    12.6004
12.834    9.2788    12.6004
12.8508    9.1924    12.6004
12.860399    9.1491995    12.6004
12.8684    9.1156    12.6004
12.8748    9.0956    12.6004
12.889199    9.0571995    12.6004
12.9052    9.0204    12.6004
12.9516    8.9276    12.6004
12.9668    8.898    12.6004
12.978    8.8772    12.6004
13.0244    8.7836    12.6004
13.054    8.7308    12.6004
13.073999    8.7028    12.6004
13.096399    8.6708    12.6004
13.118    8.6396    12.6004
13.1268    8.631599    12.6004
13.134    8.6236    12.6004
13.1612    8.5988    12.6004
13.182799    8.5812    12.6004
13.217999    8.5571995    12.6004
13.2196    8.556399    12.6004
13.2204    8.5556    12.6004
13.2772    8.5348    12.6004
13.2828    8.533199    12.6004
13.2852    8.533199    12.6004
13.3164    8.527599    12.6004
13.321199    8.527599    12.6004
13.3484    8.5252    12.6004
13.349999    8.5268    12.6004
13.3708    8.5348    12.6004
13.377999    8.556399    12.6004
13.378799    8.5588    12.6004
13.384399    8.573999    12.6004
13.3972    8.622    12.6004
13.401199    8.6388    12.6004
13.4148    8.6876    12.6004
13.4404    8.7836    12.6004
13.457999    8.8468    12.6004
13.4604    8.8532    12.6004
13.4676    8.8748    12.6004
13.4883995    8.9372    12.6004
13.5012    8.9716    12.6004
13.526799    9.0468    12.6004
13.5428    9.0892    12.6004
13.5476    9.1012    12.6004
13.568399    9.153999    12.6004
13.573999    9.165999    12.6004
13.613999    9.2564    12.6004
13.6348    9.2987995    12.6004
13.6452    9.3204    12.6004
13.6491995    9.3276    12.6004
13.6588    9.3476    12.6004
13.689199    9.406    12.6004
13.7076    9.441999    12.6004
13.711599    9.45    12.6004
13.717999    9.4636    12.6004
13.740399    9.51    12.6004
13.7444    9.5236    12.6004
13.7492    9.538    12.6004
13.7548    9.5732    12.6004
13.7556    9.585199    12.6004
13.754    9.6004    12.6004
13.745999    9.6572    12.6004
13.7372    9.7076    12.6004
13.723599    9.8132    12.6004
13.722    9.8276    12.6004
13.7188    9.8588    12.6004
13.7148    9.9116    12.6004
13.71    9.9724    12.6004
13.7092    9.9828    12.6004
13.7092    10.006    12.6004
13.7092    10.0772    12.6004
13.71    10.1124    12.6004
13.716399    10.2036    12.6004
13.717199    10.2164    12.6004
13.722799    10.2732    12.6004
13.7355995    10.3716    12.6004
13.7364    10.378799    12.6004
13.739599    10.3963995    12.6004
13.7676    10.5668    12.6004
13.7772    10.6188    12.6004
13.8043995    10.7484    12.6004
13.837199    10.907599    12.6004
