13.6412    9.165999    9.0004
13.620399    9.142    9.0004
13.601999    9.118    9.0004
13.578799    9.090799    9.0004
13.5532    9.0548    9.0004
13.5436    9.042    9.0004
13.5404    9.0364    9.0004
13.5308    9.0227995    9.0004
13.5028    8.9812    9.0004
13.4788    8.947599    9.0004
13.4508    8.901999    9.0004
13.434799    8.8636    9.0004
13.4251995    8.8412    9.0004
13.3988    8.7884    9.0004
13.389999    8.766    9.0004
13.3764    8.726    9.0004
13.366799    8.6908    9.0004
13.354799    8.6532    9.0004
13.3484    8.613999    9.0004
13.3396    8.5788    9.0004
13.3356    8.542    9.0004
13.3308    8.4748    9.0004
13.3292    8.4548    9.0004
13.33    8.398    9.0004
13.3292    8.3868    9.0004
13.33    8.3812    9.0004
13.331599    8.373199    9.0004
13.3404    8.326799    9.0004
13.344399    8.3068    9.0004
13.3476    8.2996    9.0004
13.358    8.282    9.0004
13.3988    8.2508    9.0004
13.3996    8.25    9.0004
13.400399    8.2492    9.0004
13.441999    8.2252    9.0004
13.469999    8.2132    9.0004
13.509999    8.1972    9.0004
13.5476    8.1852    9.0004
13.598    8.1684    9.0004
13.647599    8.148399    9.0004
13.7123995    8.1268    9.0004
13.7132    8.1268    9.0004
13.714    8.1268    9.0004
13.7564    8.1116    9.0004
13.7964    8.0988    9.0004
13.821199    8.09    9.0004
13.8396    8.0844    9.0004
13.8884    8.0708    9.0004
13.9316    8.0612    9.0004
13.9396    8.0596    9.0004
13.9428    8.0588    9.0004
13.95    8.058    9.0004
14.0084    8.0476    9.0004
14.021999    8.0468    9.0004
14.0764    8.0444    9.0004
14.0836    8.0444    9.0004
14.0876    8.0444    9.0004
14.125199    8.0436    9.0004
14.153199    8.046    9.0004
14.176399    8.0484    9.0004
14.2268    8.0524    9.0004
14.2316    8.0524    9.0004
14.246799    8.0548    9.0004
14.3196    8.0636    9.0004
14.33    8.0652    9.0004
14.3619995    8.07    9.0004
14.4372    8.0803995    9.0004
14.481999    8.0884    9.0004
14.5476    8.1012    9.0004
14.601999    8.1108    9.0004
14.6236    8.1164    9.0004
14.641999    8.119599    9.0004
14.646    8.1212    9.0004
14.6723995    8.1292    9.0004
14.677199    8.1308    9.0004
14.716399    8.15    9.0004
14.7276    8.1572    9.0004
14.7732    8.1932    9.0004
14.778    8.198    9.0004
14.7836    8.2052    9.0004
14.8052    8.2284    9.0004
14.809199    8.234799    9.0004
14.832399    8.2628    9.0004
14.838799    8.2772    9.0004
14.860399    8.321199    9.0004
14.871599    8.3484    9.0004
14.895599    8.4124    9.0004
14.906799    8.4436    9.0004
14.9372    8.5268    9.0004
14.941199    8.5364    9.0004
14.9436    8.5436    9.0004
14.9484    8.5604    9.0004
14.976399    8.648399    9.0004
14.981999    8.6708    9.0004
15.0012    8.7388    9.0004
15.0028    8.75    9.0004
15.0068    8.7724    9.0004
15.0171995    8.8252    9.0004
15.0171995    8.826    9.0004
15.021199    8.8572    9.0004
15.021999    8.87    9.0004
15.026799    8.901999    9.0004
15.026799    8.9084    9.0004
15.026799    8.936399    9.0004
15.0252    8.953199    9.0004
15.021199    9.01    9.0004
15.0188    9.0412    9.0004
15.006    9.09    9.0004
15.004399    9.096399    9.0004
15.003599    9.098    9.0004
14.993199    9.137199    9.0004
14.9772    9.19    9.0004
14.9724    9.2044    9.0004
14.958799    9.2372    9.0004
14.946799    9.266    9.0004
14.9444    9.2708    9.0004
14.922    9.318    9.0004
14.8963995    9.3716    9.0004
14.8916    9.3804    9.0004
14.872399    9.418    9.0004
14.8508    9.458    9.0004
14.846    9.4668    9.0004
14.8244    9.5004    9.0004
14.8043995    9.526    9.0004
14.7956    9.539599    9.0004
14.7724    9.5604    9.0004
14.766    9.566    9.0004
14.754    9.5732    9.0004
14.7436    9.5803995    9.0004
14.7244    9.5836    9.0004
14.716399    9.5859995    9.0004
14.7084    9.5868    9.0004
14.689199    9.5892    9.0004
14.647599    9.5876    9.0004
14.6156    9.5844    9.0004
14.5716    9.5803995    9.0004
14.5196    9.5748    9.0004
14.515599    9.573999    9.0004
14.510799    9.5732    9.0004
14.4539995    9.5652    9.0004
14.4108    9.554    9.0004
14.361199    9.5412    9.0004
14.33    9.533999    9.0004
14.263599    9.510799    9.0004
14.2588    9.5092    9.0004
14.245999    9.504399    9.0004
14.1868    9.4836    9.0004
14.1732    9.478    9.0004
14.113999    9.4516    9.0004
14.0588    9.4268    9.0004
14.028399    9.4116    9.0004
13.9852    9.3892    9.0004
13.9116    9.349199    9.0004
13.906799    9.3468    9.0004
13.8052    9.2852    9.0004
13.769199    9.2628    9.0004
13.7436    9.245999    9.0004
13.6844    9.2036    9.0004
13.6732    9.1956    9.0004
13.665199    9.19    9.0004
13.6564    9.182799    9.0004
13.6524    9.1796    9.0004
13.6412    9.165999    9.0004
