0.0788    41.8948    24.0004
0.0788    41.8932    24.0004
0.089999996    41.8404    24.0004
0.099599995    41.798    24.0004
0.1028    41.7804    24.0004
0.118    41.7236    24.0004
0.1252    41.6988    24.0004
0.1268    41.6916    24.0004
0.1396    41.6508    24.0004
0.1564    41.6004    24.0004
0.15879999    41.5916    24.0004
0.1628    41.582    24.0004
0.1988    41.494    24.0004
0.2092    41.4716    24.0004
0.23959999    41.4036    24.0004
0.25079998    41.382    24.0004
0.2604    41.3612    24.0004
0.27879998    41.3292    24.0004
0.2828    41.3236    24.0004
0.2828    41.3228    24.0004
0.3044    41.2852    24.0004
0.3044    41.284397    24.0004
0.32999998    41.2476    24.0004
0.3348    41.242798    24.0004
0.338    41.238    24.0004
0.35    41.2252    24.0004
0.36519998    41.2012    24.0004
0.3748    41.1884    24.0004
0.3836    41.1764    24.0004
0.4012    41.152397    24.0004
0.4172    41.1308    24.0004
0.5164    41.0028    24.0004
0.53    40.9852    24.0004
0.5324    40.982    24.0004
0.538    40.975597    24.0004
0.5668    40.9444    24.0004
0.5916    40.913998    24.0004
0.594    40.9116    24.0004
0.59639996    40.908398    24.0004
0.60679996    40.8956    24.0004
0.662    40.832397    24.0004
0.666    40.8284    24.0004
0.6676    40.826    24.0004
0.682    40.8108    24.0004
0.7012    40.7916    24.0004
0.7236    40.7684    24.0004
0.72999996    40.7612    24.0004
0.7356    40.756397    24.0004
0.7436    40.7476    24.0004
0.7532    40.738    24.0004
0.8092    40.6868    24.0004
0.83159995    40.666    24.0004
0.8548    40.646797    24.0004
0.90919995    40.6036    24.0004
0.9596    40.5644    24.0004
0.97319996    40.554    24.0004
0.9852    40.5444    24.0004
1.0172    40.5228    24.0004
1.0516    40.501198    24.0004
1.0699999    40.489998    24.0004
1.0916    40.4772    24.0004
1.1068    40.467598    24.0004
1.1092    40.466    24.0004
1.118    40.4596    24.0004
1.1372    40.450798    24.0004
1.142    40.453197    24.0004
1.1428    40.4612    24.0004
1.1508    40.4796    24.0004
1.1516    40.486797    24.0004
1.1508    40.4916    24.0004
1.1452    40.582798    24.0004
1.1444    40.598    24.0004
1.1388    40.717197    24.0004
1.138    40.7244    24.0004
1.138    40.7332    24.0004
1.1364    40.874    24.0004
1.1356    40.893997    24.0004
1.1372    40.9724    24.0004
1.1403999    41.1092    24.0004
1.1395999    41.133198    24.0004
1.1395999    41.2084    24.0004
1.138    41.357998    24.0004
1.1348    41.466    24.0004
1.1331999    41.5788    24.0004
1.1323999    41.642    24.0004
1.1323999    41.6516    24.0004
1.1292    41.742798    24.0004
1.1284    41.798    24.0004
1.1251999    41.8388    24.0004
1.1251999    41.8676    24.0004
1.1212    41.938    24.0004
1.1212    41.9516    24.0004
1.1172    42.0308    24.0004
1.1172    42.034798    24.0004
1.1108    42.142    24.0004
1.1108    42.1428    24.0004
1.1108    42.144398    24.0004
1.1043999    42.2668    24.0004
1.1036    42.3348    24.0004
1.102    42.405197    24.0004
1.102    42.433197    24.0004
1.1036    42.5156    24.0004
1.1051999    42.55    24.0004
1.1076    42.711597    24.0004
1.1084    42.7324    24.0004
1.11    42.843597    24.0004
1.1132    42.9516    24.0004
1.1132    42.973198    24.0004
1.1132    42.9772    24.0004
1.1195999    43.059597    24.0004
1.1204    43.071598    24.0004
1.1403999    43.2436    24.0004
1.1436    43.2748    24.0004
1.1524    43.3388    24.0004
1.1708    43.473198    24.0004
1.1844    43.5676    24.0004
1.1876    43.59    24.0004
1.1996    43.694798    24.0004
1.2004    43.6988    24.0004
1.2004    43.6996    24.0004
1.2284    43.9092    24.0004
1.2332    43.946    24.0004
1.2476    44.048397    24.0004
1.258    44.1308    24.0004
1.2628    44.169197    24.0004
1.27    44.2276    24.0004
1.2875999    44.3452    24.0004
1.2908    44.371597    24.0004
1.2924    44.380398    24.0004
1.318    44.545998    24.0004
1.3492    44.742798    24.0004
1.35    44.7492    24.0004
1.3515999    44.7588    24.0004
1.354    44.7748    24.0004
1.3556    44.781998    24.0004
1.3571999    44.7884    24.0004
1.3676    44.862    24.0004
1.3684    44.8676    24.0004
1.3764    44.916397    24.0004
1.3859999    44.9436    24.0004
1.3892    44.967598    24.0004
1.3931999    45.0044    24.0004
1.3956    45.0188    24.0004
1.406    45.0548    24.0004
1.4067999    45.058    24.0004
1.4067999    45.0876    24.0004
1.41    45.1028    24.0004
1.4147999    45.114    24.0004
1.4147999    45.1172    24.0004
1.4204    45.161198    24.0004
1.4204    45.1652    24.0004
1.4244    45.1988    24.0004
1.4244    45.200397    24.0004
1.43    45.228397    24.0004
1.4308    45.2324    24.0004
1.4291999    45.239597    24.0004
1.4324    45.2548    24.0004
1.4324    45.284397    24.0004
1.4388    45.3276    24.0004
1.4419999    45.3444    24.0004
1.446    45.369198    24.0004
1.4516    45.3956    24.0004
1.4563999    45.4284    24.0004
1.4596    45.4612    24.0004
1.4596    45.486797    24.0004
1.4524    45.5252    24.0004
1.4499999    45.5332    24.0004
1.4491999    45.537197    24.0004
1.4388    45.568398    24.0004
1.4347999    45.5812    24.0004
1.41    45.6508    24.0004
1.398    45.6868    24.0004
1.3795999    45.738    24.0004
1.3643999    45.781998    24.0004
1.3428    45.843597    24.0004
1.3348    45.862    24.0004
1.3307999    45.8708    24.0004
1.3116    45.874    24.0004
1.3108    45.874    24.0004
1.3083999    45.8732    24.0004
1.3044    45.8708    24.0004
1.1611999    45.7892    24.0004
1.1508    45.7836    24.0004
1.146    45.7804    24.0004
1.138    45.776398    24.0004
1.106    45.7516    24.0004
1.1043999    45.75    24.0004
1.0884    45.7308    24.0004
1.0868    45.73    24.0004
1.0843999    45.722    24.0004
1.0619999    45.6572    24.0004
1.0164    45.538    24.0004
1.01    45.520397    24.0004
1.0052    45.5084    24.0004
1.0012    45.497997    24.0004
0.96999997    45.418    24.0004
0.9084    45.2588    24.0004
0.89479995    45.2236    24.0004
0.866    45.1476    24.0004
0.8444    45.0956    24.0004
0.82919997    45.058    24.0004
0.8124    45.020397    24.0004
0.7804    44.945198    24.0004
0.7748    44.9348    24.0004
0.76519996    44.91    24.0004
0.7428    44.8516    24.0004
0.738    44.834    24.0004
0.7324    44.8052    24.0004
0.7284    44.778    24.0004
0.726    44.761997    24.0004
0.7132    44.7076    24.0004
0.7036    44.6564    24.0004
0.70199996    44.6484    24.0004
0.7012    44.646    24.0004
0.6788    44.5564    24.0004
0.6764    44.5492    24.0004
0.6732    44.5396    24.0004
0.654    44.4884    24.0004
0.6412    44.453197    24.0004
0.6292    44.4188    24.0004
0.6116    44.3796    24.0004
0.59639996    44.3476    24.0004
0.5692    44.2916    24.0004
0.55079997    44.2588    24.0004
0.498    44.155598    24.0004
0.4244    44.0212    24.0004
0.41799998    44.01    24.0004
0.4132    44.0004    24.0004
0.39319998    43.953197    24.0004
0.3868    43.9412    24.0004
0.366    43.902    24.0004
0.3548    43.8764    24.0004
0.35    43.865997    24.0004
0.3292    43.8252    24.0004
0.29799998    43.7468    24.0004
0.2716    43.6812    24.0004
0.2708    43.6788    24.0004
0.2636    43.662    24.0004
0.254    43.638798    24.0004
0.2244    43.562    24.0004
0.2172    43.5444    24.0004
0.2092    43.5228    24.0004
0.18439999    43.458797    24.0004
0.1692    43.416397    24.0004
0.15879999    43.3836    24.0004
0.1532    43.3676    24.0004
0.1476    43.35    24.0004
0.1236    43.274    24.0004
0.118    43.2532    24.0004
0.113199994    43.238    24.0004
0.108399995    43.2196    24.0004
0.098    43.1716    24.0004
0.0892    43.1372    24.0004
0.081999995    43.1028    24.0004
0.0788    43.088398    24.0004
0.0756    43.068398    24.0004
0.07    43.034798    24.0004
0.0668    43.014    24.0004
0.0556    42.933197    24.0004
0.0532    42.9132    24.0004
0.0468    42.860397    24.0004
0.042799998    42.814    24.0004
0.0396    42.7692    24.0004
0.0348    42.7044    24.0004
0.0324    42.6764    24.0004
0.03    42.635597    24.0004
0.029199999    42.616398    24.0004
0.0276    42.5708    24.0004
0.0268    42.55    24.0004
0.0268    42.5132    24.0004
0.0268    42.454    24.0004
0.0276    42.4412    24.0004
0.0276    42.427597    24.0004
0.03    42.3484    24.0004
0.0308    42.346    24.0004
0.0348    42.2604    24.0004
0.0348    42.2548    24.0004
0.0396    42.186    24.0004
0.0468    42.116398    24.0004
0.0524    42.0612    24.0004
0.056399997    42.023598    24.0004
0.063599996    41.975597    24.0004
0.0668    41.9556    24.0004
0.077199996    41.9004    24.0004
0.078    41.8956    24.0004
0.0788    41.8948    24.0004
