13.378799    0.51159996    15.0004
13.504399    0.5148    15.0004
13.5828    0.5164    15.0004
13.7588    0.5212    15.0004
14.13    0.5308    15.0004
14.377199    0.53639996    15.0004
14.509999    0.5396    15.0004
14.5244    0.5396    15.0004
14.546    0.5388    15.0004
14.5492    0.5396    15.0004
14.5532    0.5452    15.0004
14.5652    0.5628    15.0004
14.5772    0.594    15.0004
14.578799    0.5988    15.0004
14.579599    0.60359997    15.0004
14.5828    0.61399996    15.0004
14.61    0.7244    15.0004
14.6164    0.7524    15.0004
14.6292    0.8156    15.0004
14.631599    0.82919997    15.0004
14.636399    0.8548    15.0004
14.648399    0.9244    15.0004
14.6508    0.94439995    15.0004
14.659599    1.0188    15.0004
14.6612    1.0324    15.0004
14.665999    1.1028    15.0004
14.670799    1.1564    15.0004
14.6732    1.1908    15.0004
14.6756    1.2468    15.0004
14.677199    1.2988    15.0004
14.677199    1.3435999    15.0004
14.6779995    1.3876    15.0004
14.676399    1.4571999    15.0004
14.6748    1.522    15.0004
14.671599    1.5676    15.0004
14.6684    1.6268    15.0004
14.6628    1.6675999    15.0004
14.658799    1.6908    15.0004
14.654799    1.7148    15.0004
14.646    1.7476    15.0004
14.6396    1.7667999    15.0004
14.6284    1.8036    15.0004
14.624399    1.8132    15.0004
14.6147995    1.8363999    15.0004
14.573199    1.9404    15.0004
14.562799    1.9691999    15.0004
14.5524    1.9987999    15.0004
14.5484    2.0132    15.0004
14.5412    2.0379999    15.0004
14.5348    2.07    15.0004
14.532399    2.082    15.0004
14.5188    2.1436    15.0004
14.516399    2.154    15.0004
14.516399    2.1555998    15.0004
14.5068    2.214    15.0004
14.5004    2.25    15.0004
14.49    2.3156    15.0004
14.4668    2.4659998    15.0004
14.4668    2.4675999    15.0004
14.4668    2.4684    15.0004
14.466    2.4708    15.0004
14.4516    2.5684    15.0004
14.4436    2.6348    15.0004
14.4372    2.6755998    15.0004
14.4228    2.766    15.0004
14.418799    2.794    15.0004
14.414    2.8188    15.0004
14.407599    2.8611999    15.0004
14.394799    2.9155998    15.0004
14.3924    2.9284    15.0004
14.3907995    2.934    15.0004
14.377999    2.9884    15.0004
14.355599    3.0732    15.0004
14.3516    3.0876    15.0004
14.346    3.1044    15.0004
14.3348    3.1516    15.0004
14.326799    3.1859999    15.0004
14.3228    3.1996    15.0004
14.3196    3.2131999    15.0004
14.308399    3.2619998    15.0004
14.3004    3.3107998    15.0004
14.2956    3.3388    15.0004
14.2724    3.4684    15.0004
14.2708    3.4731998    15.0004
14.252399    3.5684    15.0004
14.2492    3.5851998    15.0004
14.245199    3.6051998    15.0004
14.229199    3.6883998    15.0004
14.211599    3.7716    15.0004
14.2076    3.79    15.0004
14.1812    3.9067998    15.0004
14.1723995    3.9468    15.0004
14.1636    3.9812    15.0004
14.136399    4.0787997    15.0004
14.13    4.098    15.0004
14.101999    4.186    15.0004
14.0859995    4.23    15.0004
14.055599    4.31    15.0004
14.0515995    4.318    15.0004
14.0364    4.3492    15.0004
14.0132    4.3956    15.0004
14.0116    4.3996    15.0004
14.0092    4.4035997    15.0004
13.986799    4.4452    15.0004
13.986    4.4491997    15.0004
13.975599    4.4691997    15.0004
13.964399    4.4948    15.0004
13.964399    4.4996    15.0004
13.9539995    4.5228    15.0004
13.953199    4.5316    15.0004
13.9396    4.5564    15.0004
13.9396    4.558    15.0004
13.9372    4.5676    15.0004
13.935599    4.5868    15.0004
13.934    4.5892    15.0004
13.9284    4.6412    15.0004
13.9268    4.6444    15.0004
13.9268    4.6692    15.0004
13.926    4.6724    15.0004
13.926    4.6956    15.0004
13.9251995    4.7019997    15.0004
13.922    4.7388    15.0004
13.9212    4.7427998    15.0004
13.905999    4.7732    15.0004
13.9052    4.7756    15.0004
13.9044    4.7756    15.0004
13.9044    4.7764    15.0004
13.9044    4.7771997    15.0004
13.8564    4.8588    15.0004
13.837199    4.89    15.0004
13.825999    4.9084    15.0004
13.763599    4.9988    15.0004
13.7411995    5.0308    15.0004
13.7308    5.046    15.0004
13.6988    5.0924    15.0004
13.671599    5.1324    15.0004
13.662    5.146    15.0004
13.608399    5.2283998    15.0004
13.578    5.2804    15.0004
13.5756    5.2836    15.0004
13.562799    5.3092    15.0004
13.550799    5.3348    15.0004
13.5468    5.3427997    15.0004
13.5404    5.3691998    15.0004
13.5372    5.3764    15.0004
13.521999    5.398    15.0004
13.5196    5.4028    15.0004
13.516399    5.4228    15.0004
13.514    5.4268    15.0004
13.5132    5.4547997    15.0004
13.5124    5.4572    15.0004
13.509999    5.4908    15.0004
13.509999    5.4916    15.0004
13.510799    5.5411997    15.0004
13.509999    5.5452    15.0004
13.5092    5.5499997    15.0004
13.5124    5.6419997    15.0004
13.5132    5.6563997    15.0004
13.516399    5.6995997    15.0004
13.5196    5.7532    15.0004
13.5196    5.7604    15.0004
13.521199    5.8139997    15.0004
13.521199    5.818    15.0004
13.5204    5.83    15.0004
13.5188    5.8636    15.0004
13.5171995    5.882    15.0004
13.5132    5.9203997    15.0004
13.5124    5.9291997    15.0004
13.510799    5.9403996    15.0004
13.5076    5.9691997    15.0004
13.505199    5.9932    15.0004
13.502    6.0323997    15.0004
13.5004    6.066    15.0004
13.5012    6.098    15.0004
13.5036    6.1412    15.0004
13.5036    6.1604    15.0004
13.5132    6.3059998    15.0004
13.514    6.3156    15.0004
13.5204    6.4315996    15.0004
13.521199    6.442    15.0004
13.526799    6.5411997    15.0004
13.5308    6.6019998    15.0004
13.538    6.6907997    15.0004
13.5412    6.7283998    15.0004
13.5412    6.7388    15.0004
13.549999    6.8668    15.0004
13.5604    7.0404    15.0004
13.561199    7.0532    15.0004
13.561999    7.0635996    15.0004
13.5644    7.1004    15.0004
13.573999    7.2524    15.0004
13.582    7.37    15.0004
13.596399    7.5516    15.0004
13.598    7.5723996    15.0004
13.6052    7.6604    15.0004
13.6108    7.7092    15.0004
13.618    7.7692    15.0004
13.63    7.8524    15.0004
13.6404    7.9283996    15.0004
13.6804    8.2324    15.0004
13.688399    8.2964    15.0004
13.700399    8.3796    15.0004
13.716399    8.5124    15.0004
13.716399    8.5156    15.0004
13.7252    8.5988    15.0004
13.769199    9.0076    15.0004
13.7716    9.028399    15.0004
13.782    9.1452    15.0004
13.786799    9.1964    15.0004
13.794    9.294    15.0004
13.7956    9.3252    15.0004
13.8012    9.434    15.0004
13.8043995    9.53    15.0004
13.8052    9.5492    15.0004
13.8043995    9.5724    15.0004
13.8043995    9.6412    15.0004
13.8052    9.6788    15.0004
13.8043995    9.754    15.0004
13.802    9.8164    15.0004
13.7996    9.8588    15.0004
13.797199    9.895599    15.0004
13.792399    9.9692    15.0004
13.7844    10.0556    15.0004
13.782    10.0859995    15.0004
13.781199    10.096399    15.0004
13.7772    10.134    15.0004
13.7652    10.238    15.0004
13.7596    10.282    15.0004
13.740399    10.426    15.0004
13.7355995    10.466    15.0004
13.723599    10.5428    15.0004
13.7123995    10.61    15.0004
13.710799    10.6164    15.0004
13.7092    10.6228    15.0004
13.7036    10.6435995    15.0004
13.6964    10.671599    15.0004
13.6932    10.6812    15.0004
13.686    10.6908    15.0004
13.6788    10.7067995    15.0004
13.6564    10.7364    15.0004
13.6524    10.7388    15.0004
13.6268    10.752399    15.0004
13.622    10.757199    15.0004
13.608399    10.7668    15.0004
13.5803995    10.782    15.0004
13.567599    10.7876    15.0004
13.554    10.802    15.0004
13.5412    10.8164    15.0004
13.538    10.822    15.0004
13.5308    10.8476    15.0004
13.5308    10.8484    15.0004
13.527599    10.8748    15.0004
13.528399    10.8796    15.0004
13.533999    10.906    15.0004
13.5372    10.917999    15.0004
13.545199    10.95    15.0004
13.561999    11.0204    15.0004
13.5748    11.07    15.0004
13.5772    11.079599    15.0004
13.5828    11.1092    15.0004
13.6108    11.263599    15.0004
13.6164    11.3012    15.0004
13.618    11.3236    15.0004
13.622    11.3596    15.0004
13.6212    11.389199    15.0004
13.619599    11.406    15.0004
13.618    11.418799    15.0004
13.61    11.4636    15.0004
13.6044    11.49    15.0004
13.589999    11.5484    15.0004
13.5859995    11.5644    15.0004
13.5812    11.582    15.0004
13.5748    11.6147995    15.0004
13.5668    11.6452    15.0004
13.562799    11.6636    15.0004
13.561199    11.6804    15.0004
13.556399    11.71    15.0004
13.555599    11.7252    15.0004
13.554    11.7411995    15.0004
13.554    11.7732    15.0004
13.554    11.7844    15.0004
13.5548    11.8116    15.0004
13.5548    11.818    15.0004
13.5596    11.8748    15.0004
13.561999    11.9052    15.0004
13.5636    11.923599    15.0004
13.578    12.0348    15.0004
13.579599    12.0468    15.0004
13.5803995    12.0524    15.0004
13.5859995    12.1812    15.0004
13.5859995    12.1932    15.0004
13.585199    12.228399    15.0004
13.579599    12.3164    15.0004
13.578799    12.343599    15.0004
13.578    12.3804    15.0004
13.578    12.407599    15.0004
13.578799    12.4212    15.0004
13.579599    12.4428    15.0004
13.5868    12.487599    15.0004
13.5868    12.4883995    15.0004
13.5868    12.4892    15.0004
13.5996    12.527599    15.0004
13.6124    12.5571995    15.0004
13.6147995    12.562799    15.0004
13.6164    12.566    15.0004
13.648399    12.625199    15.0004
13.674    12.671599    15.0004
13.69    12.6964    15.0004
13.7084    12.7188    15.0004
13.7123995    12.726    15.0004
13.7372    12.7484    15.0004
13.7388    12.7508    15.0004
13.7411995    12.751599    15.0004
13.769199    12.7596    15.0004
13.785999    12.762799    15.0004
13.794    12.762    15.0004
13.7987995    12.763599    15.0004
13.802    12.766    15.0004
13.818    12.7755995    15.0004
13.8364    12.802799    15.0004
13.8404    12.809199    15.0004
13.8452    12.814799    15.0004
13.8564    12.8356    15.0004
13.8684    12.8588    15.0004
13.8907995    12.901199    15.0004
13.9028    12.9228    15.0004
13.906799    12.9316    15.0004
13.929199    12.9788    15.0004
13.9508    13.03    15.0004
13.975599    13.090799    15.0004
14.002    13.1516    15.0004
14.026    13.217199    15.0004
14.0316    13.2332    15.0004
14.039599    13.2556    15.0004
14.0756    13.3572    15.0004
14.096399    13.4204    15.0004
14.106    13.447599    15.0004
14.1236    13.5028    15.0004
14.13    13.521999    15.0004
14.1388    13.550799    15.0004
14.1779995    13.683599    15.0004
14.2044    13.774799    15.0004
14.2244    13.844399    15.0004
14.233999    13.882    15.0004
14.252399    13.9564    15.0004
14.2588    13.981199    15.0004
14.273999    14.0428    15.0004
14.2788    14.0644    15.0004
14.279599    14.0692    15.0004
14.280399    14.073199    15.0004
14.2828    14.084399    15.0004
14.2948    14.1444    15.0004
14.303599    14.2076    15.0004
14.3076    14.2372    15.0004
14.3132    14.294    15.0004
14.318    14.3508    15.0004
14.320399    14.389999    15.0004
14.3252    14.469199    15.0004
14.325999    14.516399    15.0004
14.33    14.622    15.0004
14.331599    14.6684    15.0004
14.334    14.6916    15.0004
14.3348    14.717999    15.0004
14.3412    14.7596    15.0004
14.342    14.7644    15.0004
14.349999    14.7908    15.0004
14.3508    14.7956    15.0004
14.3588    14.8188    15.0004
14.3596    14.821199    15.0004
14.3748    14.8404    15.0004
14.3764    14.8452    15.0004
14.3812    14.8532    15.0004
14.398    14.873199    15.0004
14.434    14.9052    15.0004
14.458799    14.9268    15.0004
14.462    14.929999    15.0004
14.4788    14.95    15.0004
14.4964    14.9716    15.0004
14.502    14.9796    15.0004
14.5204    15.0076    15.0004
14.544399    15.0468    15.0004
14.544399    15.0476    15.0004
14.567599    15.095599    15.0004
14.597199    15.1572    15.0004
14.608399    15.182799    15.0004
14.6228    15.2188    15.0004
14.6412    15.2668    15.0004
14.665199    15.332399    15.0004
14.676399    15.3652    15.0004
14.6908    15.41    15.0004
14.7067995    15.465199    15.0004
14.7196    15.5148    15.0004
14.7411995    15.6052    15.0004
14.751599    15.6491995    15.0004
14.7716    15.738    15.0004
14.782    15.791599    15.0004
14.7932    15.844399    15.0004
14.803599    15.9052    15.0004
14.8116    15.947599    15.0004
14.8164    15.978    15.0004
14.8172    15.9908    15.0004
14.8228    16.013199    15.0004
14.8236    16.0164    15.0004
14.8284    16.042    15.0004
14.8292    16.0508    15.0004
14.834    16.0916    15.0004
14.834    16.094799    15.0004
14.837999    16.133999    15.0004
14.837199    16.1356    15.0004
14.837199    16.1372    15.0004
14.844399    16.198    15.0004
14.844399    16.202799    15.0004
14.8468    16.2564    15.0004
14.8468    16.2636    15.0004
14.8468    16.2684    15.0004
14.8532    16.342    15.0004
14.8532    16.351599    15.0004
14.8532    16.358    15.0004
14.8628    16.5204    15.0004
14.8636    16.5364    15.0004
14.8652    16.5692    15.0004
14.871599    16.661999    15.0004
14.872399    16.7156    15.0004
14.8748    16.7404    15.0004
14.8748    16.746    15.0004
14.8796    16.7708    15.0004
14.8796    16.7756    15.0004
14.8868    16.799599    15.0004
14.8876    16.805199    15.0004
14.889199    16.8132    15.0004
14.9044    16.8316    15.0004
14.905999    16.840399    15.0004
14.917999    16.858799    15.0004
14.941199    16.8324    15.0004
14.947599    16.8268    15.0004
14.9564    16.8076    15.0004
14.970799    16.77    15.0004
14.9732    16.7636    15.0004
14.9732    16.762    15.0004
14.976399    16.754799    15.0004
14.9939995    16.7164    15.0004
14.9972    16.7116    15.0004
15.0116    16.6828    15.0004
15.027599    16.6532    15.0004
15.0428    16.622799    15.0004
15.066799    16.5804    15.0004
15.0836    16.553999    15.0004
15.0948    16.5364    15.0004
15.1116    16.5124    15.0004
15.1332    16.4812    15.0004
15.1491995    16.4588    15.0004
15.1796    16.4172    15.0004
15.193199    16.4004    15.0004
15.2316    16.3548    15.0004
15.2355995    16.35    15.0004
15.2548    16.3276    15.0004
15.2724    16.3092    15.0004
15.290799    16.289999    15.0004
15.309199    16.271599    15.0004
15.3468    16.2372    15.0004
15.3692    16.2172    15.0004
15.389199    16.2012    15.0004
15.4251995    16.174799    15.0004
15.447599    16.1596    15.0004
15.4916    16.128399    15.0004
15.4964    16.1252    15.0004
15.5171995    16.114    15.0004
15.5604    16.0908    15.0004
15.568399    16.086    15.0004
15.597199    16.0732    15.0004
15.636399    16.0556    15.0004
15.653999    16.048399    15.0004
15.705999    16.0292    15.0004
15.7428    16.0172    15.0004
15.768399    16.0092    15.0004
15.780399    16.0068    15.0004
15.820399    15.9948    15.0004
15.8356    15.992399    15.0004
15.8804    15.986    15.0004
15.8932    15.9836    15.0004
15.946799    15.9788    15.0004
15.963599    15.978    15.0004
16.0172    15.976399    15.0004
16.052399    15.974799    15.0004
16.078    15.975599    15.0004
16.174    15.987599    15.0004
16.174799    15.987599    15.0004
16.1756    15.987599    15.0004
16.1772    15.9883995    15.0004
16.234    16.0004    15.0004
16.246    15.9939995    15.0004
16.2612    15.9828    15.0004
16.2644    15.9628    15.0004
16.2628    15.9595995    15.0004
16.2588    15.9324    15.0004
16.2596    15.9284    15.0004
16.2628    15.906799    15.0004
16.2628    15.9052    15.0004
16.2612    15.9028    15.0004
16.234    15.844399    15.0004
16.23    15.8331995    15.0004
16.222    15.8172    15.0004
16.21    15.7996    15.0004
16.2044    15.790799    15.0004
16.1836    15.7588    15.0004
16.1812    15.7556    15.0004
16.1596    15.728399    15.0004
16.1484    15.7123995    15.0004
16.1364    15.698799    15.0004
16.1292    15.6868    15.0004
16.1124    15.665999    15.0004
16.09    15.636399    15.0004
16.062    15.601999    15.0004
16.0492    15.5859995    15.0004
16.0108    15.5348    15.0004
16.0052    15.526799    15.0004
15.9676    15.478    15.0004
15.962    15.469199    15.0004
15.953199    15.4539995    15.0004
15.9324    15.4204    15.0004
15.9212    15.3988    15.0004
15.911599    15.377199    15.0004
15.9092    15.3684    15.0004
15.900399    15.3404    15.0004
15.8988    15.33    15.0004
15.898    15.2996    15.0004
15.8972    15.292399    15.0004
15.8988    15.279599    15.0004
15.901999    15.269199    15.0004
15.9108    15.2532    15.0004
15.917999    15.239599    15.0004
15.9251995    15.2332    15.0004
15.9284    15.228399    15.0004
15.934799    15.222799    15.0004
15.9388    15.2204    15.0004
15.958799    15.2092    15.0004
15.9788    15.2012    15.0004
15.9796    15.2012    15.0004
15.981199    15.200399    15.0004
16.018799    15.193999    15.0004
16.0452    15.1924    15.0004
16.059599    15.193199    15.0004
16.0908    15.1924    15.0004
16.138    15.193999    15.0004
16.1572    15.1956    15.0004
16.1932    15.200399    15.0004
16.222    15.205199    15.0004
16.2764    15.214    15.0004
16.2932    15.216399    15.0004
16.33    15.2244    15.0004
16.3492    15.227599    15.0004
16.3948    15.2388    15.0004
16.4132    15.2428    15.0004
16.421999    15.245999    15.0004
16.4692    15.2612    15.0004
16.4916    15.269199    15.0004
16.518799    15.280399    15.0004
16.535599    15.285199    15.0004
16.5452    15.29    15.0004
16.5612    15.2987995    15.0004
16.5724    15.302799    15.0004
16.594    15.2932    15.0004
16.594799    15.292399    15.0004
16.594    15.291599    15.0004
16.598799    15.2612    15.0004
16.598    15.2596    15.0004
16.5908    15.245999    15.0004
16.5756    15.2212    15.0004
16.5668    15.202    15.0004
16.5516    15.1796    15.0004
16.5436    15.164399    15.0004
16.5324    15.15    15.0004
16.529999    15.1444    15.0004
16.5212    15.1276    15.0004
16.518    15.120399    15.0004
16.5172    15.118    15.0004
16.5148    15.113999    15.0004
16.51    15.1004    15.0004
16.5028    15.091599    15.0004
16.4988    15.0828    15.0004
16.489199    15.0652    15.0004
16.489199    15.0604    15.0004
16.483599    15.0404    15.0004
16.4844    15.0372    15.0004
16.4828    15.016399    15.0004
16.507599    14.997999    15.0004
16.514    14.9948    15.0004
16.522    14.9939995    15.0004
16.5388    14.9908    15.0004
16.5668    14.993199    15.0004
16.5692    14.9939995    15.0004
16.57    14.9939995    15.0004
16.578    14.9956    15.0004
16.6124    15.002    15.0004
16.6196    15.004399    15.0004
16.622    15.005199    15.0004
16.682    15.0252    15.0004
16.6924    15.0292    15.0004
16.7044    15.033999    15.0004
16.7284    15.042    15.0004
16.762    15.058    15.0004
16.784399    15.067599    15.0004
16.823599    15.0892    15.0004
16.8284    15.091599    15.0004
16.8324    15.094    15.0004
16.8908    15.1276    15.0004
16.9004    15.1332    15.0004
16.944399    15.1636    15.0004
16.9572    15.1723995    15.0004
16.961199    15.1748    15.0004
16.9708    15.1812    15.0004
17.0476    15.2364    15.0004
17.0908    15.2676    15.0004
17.105999    15.279599    15.0004
17.1372    15.306    15.0004
17.1796    15.3412    15.0004
17.2012    15.360399    15.0004
17.226799    15.3852    15.0004
17.3212    15.478    15.0004
17.3452    15.502    15.0004
17.3724    15.5292    15.0004
17.409199    15.5652    15.0004
17.4172    15.573999    15.0004
17.425999    15.5828    15.0004
17.4572    15.6172    15.0004
17.47    15.630799    15.0004
17.490799    15.654799    15.0004
17.5044    15.6692    15.0004
17.526    15.693999    15.0004
17.542799    15.7132    15.0004
17.546799    15.7188    15.0004
17.55    15.7308    15.0004
17.553999    15.734799    15.0004
17.5476    15.739599    15.0004
17.522    15.746799    15.0004
17.489199    15.756399    15.0004
17.477999    15.7588    15.0004
17.4284    15.7724    15.0004
17.421999    15.774799    15.0004
17.382    15.7836    15.0004
17.3556    15.7892    15.0004
17.347599    15.79    15.0004
17.306799    15.7948    15.0004
17.3004    15.7964    15.0004
17.2908    15.8004    15.0004
17.278    15.802    15.0004
17.2564    15.819599    15.0004
17.2556    15.820399    15.0004
17.2564    15.820399    15.0004
17.2748    15.855599    15.0004
17.2812    15.8619995    15.0004
17.2988    15.883599    15.0004
17.3212    15.905999    15.0004
17.334    15.917999    15.0004
17.3364    15.9212    15.0004
17.3596    15.947599    15.0004
17.362    15.9492    15.0004
17.362799    15.95    15.0004
17.3668    15.9556    15.0004
17.392399    15.9892    15.0004
17.4268    16.037199    15.0004
17.431599    16.0444    15.0004
17.4348    16.05    15.0004
17.454    16.0812    15.0004
17.4588    16.093199    15.0004
17.4628    16.1036    15.0004
17.4652    16.117199    15.0004
17.47    16.1348    15.0004
17.466799    16.1556    15.0004
17.466799    16.156399    15.0004
17.466799    16.157999    15.0004
17.449999    16.198    15.0004
17.446    16.2068    15.0004
17.416399    16.247599    15.0004
17.414799    16.25    15.0004
17.409199    16.254799    15.0004
17.373999    16.282799    15.0004
17.3444    16.299599    15.0004
17.3332    16.305199    15.0004
17.329199    16.306799    15.0004
17.3244    16.3076    15.0004
17.284399    16.3156    15.0004
17.2788    16.3164    15.0004
17.2452    16.3252    15.0004
17.230799    16.3268    15.0004
17.2204    16.3276    15.0004
17.163599    16.33    15.0004
17.1628    16.33    15.0004
17.161999    16.33    15.0004
17.105999    16.329199    15.0004
17.0532    16.3252    15.0004
17.0348    16.323599    15.0004
17.0268    16.323599    15.0004
17.018    16.3228    15.0004
17.013199    16.322    15.0004
16.9596    16.3172    15.0004
16.9244    16.3156    15.0004
16.902    16.3076    15.0004
16.8996    16.3076    15.0004
16.897999    16.306799    15.0004
16.8708    16.306    15.0004
16.864399    16.305199    15.0004
16.840399    16.3212    15.0004
16.83    16.314    15.0004
16.834799    16.3252    15.0004
16.8396    16.329199    15.0004
16.8468    16.347599    15.0004
16.851599    16.357199    15.0004
16.8604    16.3652    15.0004
16.8724    16.3732    15.0004
16.886    16.3876    15.0004
16.914799    16.414    15.0004
16.9188    16.418    15.0004
16.944399    16.446    15.0004
16.9628    16.4684    15.0004
16.966    16.4708    15.0004
17.0084    16.522    15.0004
17.042799    16.563599    15.0004
17.094    16.6316    15.0004
17.094799    16.6332    15.0004
17.1356    16.6932    15.0004
17.1652    16.7412    15.0004
17.1964    16.7916    15.0004
17.2036    16.8036    15.0004
17.222    16.834    15.0004
17.243599    16.8732    15.0004
17.258    16.897999    15.0004
17.2732    16.9268    15.0004
17.2876    16.9508    15.0004
17.310799    16.9956    15.0004
17.3332    17.0364    15.0004
17.3828    17.1324    15.0004
17.3956    17.156399    15.0004
17.3996    17.1644    15.0004
17.4132    17.191599    15.0004
17.438799    17.2452    15.0004
17.461199    17.2916    15.0004
17.4924    17.3548    15.0004
17.5204    17.4156    15.0004
17.5612    17.5044    15.0004
17.5716    17.5252    15.0004
17.5804    17.5436    15.0004
17.6436    17.6836    15.0004
17.673199    17.7484    15.0004
17.6932    17.7948    15.0004
17.7172    17.85    15.0004
17.762    17.954    15.0004
17.7964    18.0324    15.0004
17.8748    18.218    15.0004
17.8932    18.262    15.0004
17.8956    18.2684    15.0004
17.9172    18.3196    15.0004
17.966799    18.442799    15.0004
17.982    18.4804    15.0004
18.0324    18.611599    15.0004
18.0716    18.7156    15.0004
18.078    18.7316    15.0004
18.0844    18.749199    15.0004
18.1308    18.8836    15.0004
18.138    18.9028    15.0004
18.145199    18.914    15.0004
18.150799    18.9196    15.0004
18.1652    18.9052    15.0004
18.167599    18.903599    15.0004
18.174799    18.8788    15.0004
18.174799    18.875599    15.0004
18.174799    18.8604    15.0004
18.1724    18.7924    15.0004
18.1716    18.774    15.0004
18.1684    18.706    15.0004
18.1652    18.6012    15.0004
18.163599    18.542799    15.0004
18.1628    18.3988    15.0004
18.1628    18.3964    15.0004
18.166    18.369999    15.0004
18.1716    18.334799    15.0004
18.174799    18.3188    15.0004
18.1764    18.312399    15.0004
18.1796    18.306    15.0004
18.1884    18.2868    15.0004
18.202799    18.2748    15.0004
18.2116    18.2636    15.0004
18.2396    18.253199    15.0004
18.2428    18.2524    15.0004
18.243599    18.2516    15.0004
18.27    18.2468    15.0004
18.282    18.246    15.0004
18.2932    18.2468    15.0004
18.2964    18.2468    15.0004
18.3148    18.25    15.0004
18.354    18.260399    15.0004
18.3596    18.2628    15.0004
18.3836    18.2748    15.0004
18.3908    18.2788    15.0004
18.4028    18.2868    15.0004
18.41    18.2932    15.0004
18.4252    18.310799    15.0004
18.4364    18.334799    15.0004
18.4396    18.340399    15.0004
18.4436    18.351599    15.0004
18.4596    18.3972    15.0004
18.4636    18.4172    15.0004
18.466    18.4396    15.0004
18.4716    18.485199    15.0004
18.473999    18.5044    15.0004
18.4748    18.5108    15.0004
18.4764    18.538    15.0004
18.4772    18.541199    15.0004
18.4868    18.5564    15.0004
18.4884    18.5588    15.0004
18.489199    18.5588    15.0004
18.5228    18.566    15.0004
18.5404    18.541199    15.0004
18.542799    18.5396    15.0004
18.5444    18.538    15.0004
18.5452    18.5308    15.0004
18.5476    18.507599    15.0004
18.55    18.486    15.0004
18.552399    18.4604    15.0004
18.5556    18.4228    15.0004
18.570799    18.3076    15.0004
18.5756    18.2748    15.0004
18.5828    18.232399    15.0004
18.594    18.17    15.0004
18.6012    18.1492    15.0004
18.611599    18.122799    15.0004
18.617199    18.1108    15.0004
18.6308    18.086    15.0004
18.6404    18.078    15.0004
18.6556    18.065199    15.0004
18.663599    18.0612    15.0004
18.6884    18.048399    15.0004
18.6932    18.0476    15.0004
18.698    18.046799    15.0004
18.7148    18.0452    15.0004
18.7284    18.0452    15.0004
18.754    18.046    15.0004
18.7636    18.046    15.0004
18.7724    18.046799    15.0004
18.778    18.0476    15.0004
18.798    18.0516    15.0004
18.817999    18.0572    15.0004
18.829199    18.059599    15.0004
18.8388    18.063599    15.0004
18.853199    18.069199    15.0004
18.8596    18.070799    15.0004
18.879599    18.0796    15.0004
18.8876    18.0828    15.0004
18.9084    18.0924    15.0004
18.9124    18.0956    15.0004
18.9596    18.1188    15.0004
18.9636    18.121199    15.0004
18.9756    18.1244    15.0004
18.996399    18.1308    15.0004
19.0036    18.1332    15.0004
19.0108    18.133999    15.0004
19.041199    18.1412    15.0004
19.0788    18.146    15.0004
19.0796    18.146    15.0004
19.0836    18.146    15.0004
19.1196    18.1484    15.0004
19.1252    18.1476    15.0004
19.1468    18.1476    15.0004
19.1772    18.15    15.0004
19.182    18.150799    15.0004
19.2244    18.1532    15.0004
19.234    18.1548    15.0004
19.253199    18.156399    15.0004
19.2988    18.1652    15.0004
19.3004    18.1652    15.0004
19.314    18.17    15.0004
19.3284    18.174799    15.0004
19.33    18.1756    15.0004
19.3412    18.1796    15.0004
19.353199    18.184399    15.0004
19.354    18.184399    15.0004
19.3788    18.2036    15.0004
19.3804    18.2044    15.0004
19.382    18.206    15.0004
19.3988    18.226    15.0004
19.4028    18.230799    15.0004
19.403599    18.232399    15.0004
19.410799    18.2484    15.0004
19.4132    18.2524    15.0004
19.4268    18.305199    15.0004
19.427599    18.306    15.0004
19.4284    18.310799    15.0004
19.434    18.345999    15.0004
19.4348    18.3884    15.0004
19.4348    18.438799    15.0004
19.4348    18.529999    15.0004
19.433199    18.546799    15.0004
19.433199    18.5612    15.0004
19.43    18.5908    15.0004
19.431599    18.593199    15.0004
19.4364    18.622799    15.0004
19.438799    18.626    15.0004
19.4628    18.656399    15.0004
19.4644    18.6596    15.0004
19.4988    18.661999    15.0004
19.5044    18.661999    15.0004
19.511599    18.6556    15.0004
19.5332    18.639599    15.0004
19.5508    18.621199    15.0004
19.5628    18.611599    15.0004
19.59    18.5828    15.0004
19.626799    18.542    15.0004
19.6428    18.5268    15.0004
19.6612    18.514    15.0004
19.6684    18.5092    15.0004
19.684399    18.5028    15.0004
19.695599    18.4972    15.0004
19.718    18.4916    15.0004
19.7228    18.49    15.0004
19.73    18.49    15.0004
19.747599    18.49    15.0004
19.7724    18.4972    15.0004
19.7748    18.498    15.0004
19.7764    18.4996    15.0004
19.8044    18.5124    15.0004
19.814    18.524399    15.0004
19.8252    18.538    15.0004
19.829199    18.5444    15.0004
19.8356    18.563599    15.0004
19.8356    18.5668    15.0004
19.8364    18.5716    15.0004
19.838    18.6068    15.0004
19.8388    18.632399    15.0004
19.8388    18.6476    15.0004
19.8356    18.6652    15.0004
19.8284    18.7044    15.0004
19.8172    18.760399    15.0004
19.8084    18.8028    15.0004
19.806    18.814    15.0004
19.805199    18.817999    15.0004
19.801199    18.8364    15.0004
19.793999    18.862    15.0004
19.7932    18.868399    15.0004
19.793999    18.878    15.0004
19.7964    18.9004    15.0004
19.7964    18.9044    15.0004
19.8004    18.9172    15.0004
19.816399    18.93    15.0004
19.834    18.9308    15.0004
19.8636    18.9228    15.0004
19.864399    18.9228    15.0004
19.8668    18.9228    15.0004
19.8988    18.9172    15.0004
19.906    18.9156    15.0004
19.9188    18.914    15.0004
19.9596    18.909199    15.0004
20.000399    18.906    15.0004
20.0196    18.906    15.0004
20.05    18.906    15.0004
20.0924    18.9084    15.0004
20.0972    18.909199    15.0004
20.104399    18.91    15.0004
20.1532    18.916399    15.0004
20.1892    18.9244    15.0004
20.206    18.9292    15.0004
20.232399    18.9364    15.0004
20.258    18.9436    15.0004
20.2756    18.9508    15.0004
20.3076    18.9652    15.0004
20.3436    18.983599    15.0004
20.347599    18.986    15.0004
20.3612    18.994    15.0004
20.3932    19.013199    15.0004
20.3996    19.0172    15.0004
20.4156    19.0292    15.0004
20.4436    19.05    15.0004
20.473999    19.0756    15.0004
20.483599    19.0844    15.0004
20.51    19.1084    15.0004
20.535599    19.132399    15.0004
20.55    19.1476    15.0004
20.5884    19.1908    15.0004
20.6068    19.213999    15.0004
20.646    19.2636    15.0004
20.650799    19.2692    15.0004
20.6524    19.271599    15.0004
20.702    19.3508    15.0004
20.7052    19.3556    15.0004
20.7148    19.3708    15.0004
20.7404    19.4124    15.0004
20.75    19.4292    15.0004
20.7796    19.482    15.0004
20.784399    19.490799    15.0004
20.810799    19.546    15.0004
20.8284    19.5828    15.0004
20.8316    19.59    15.0004
20.8356    19.5996    15.0004
20.8596    19.6588    15.0004
20.894    19.7396    15.0004
20.8956    19.7444    15.0004
20.8972    19.747599    15.0004
20.9356    19.8692    15.0004
20.949999    19.9188    15.0004
20.962    19.9596    15.0004
20.965199    19.972399    15.0004
20.986    20.0628    15.0004
21.000399    20.132399    15.0004
21.0068    20.174799    15.0004
21.013199    20.2148    15.0004
21.0196    20.254799    15.0004
21.022    20.2788    15.0004
21.022799    20.3004    15.0004
21.022799    20.31    15.0004
21.0204    20.3172    15.0004
21.0148    20.329199    15.0004
21.0108    20.3428    15.0004
20.9996    20.3604    15.0004
20.9844    20.373999    15.0004
20.9748    20.385199    15.0004
20.9692    20.39    15.0004
20.9644    20.3932    15.0004
20.9348    20.4156    15.0004
20.921999    20.4252    15.0004
20.8836    20.4492    15.0004
20.8356    20.477999    15.0004
20.8132    20.4924    15.0004
20.7812    20.513199    15.0004
20.726    20.5492    15.0004
20.6724    20.5852    15.0004
20.621199    20.618    15.0004
20.585999    20.643599    15.0004
20.5348    20.682    15.0004
20.4628    20.7372    15.0004
20.442    20.753199    15.0004
20.4196    20.7708    15.0004
20.354    20.8252    15.0004
20.3524    20.8268    15.0004
20.35    20.829199    15.0004
20.33    20.847599    15.0004
20.2852    20.8876    15.0004
20.2788    20.894    15.0004
20.2612    20.9124    15.0004
20.2164    20.9588    15.0004
20.185999    20.996399    15.0004
20.1628    21.0236    15.0004
20.1524    21.0364    15.0004
20.109999    21.0908    15.0004
20.09    21.122    15.0004
20.0644    21.157999    15.0004
20.048399    21.182    15.0004
20.037199    21.1988    15.0004
20.0324    21.2076    15.0004
19.996399    21.2692    15.0004
19.9956    21.2732    15.0004
19.9868    21.2988    15.0004
19.99    21.3044    15.0004
19.9996    21.3356    15.0004
20.005999    21.3396    15.0004
20.0324    21.3548    15.0004
20.0508    21.3652    15.0004
20.0548    21.3668    15.0004
20.0644    21.375599    15.0004
20.0772    21.3892    15.0004
20.0844    21.406    15.0004
20.086    21.4124    15.0004
20.087599    21.4292    15.0004
20.0884    21.4412    15.0004
20.087599    21.4492    15.0004
20.0812    21.4764    15.0004
20.074799    21.4988    15.0004
20.0532    21.557999    15.0004
20.0348    21.6068    15.0004
20.0108    21.6756    15.0004
19.97    21.7932    15.0004
19.9636    21.8116    15.0004
19.9532    21.847599    15.0004
19.9516    21.8508    15.0004
19.9452    21.8788    15.0004
19.944399    21.8892    15.0004
19.942    21.9124    15.0004
19.9396    21.942799    15.0004
19.938    21.9588    15.0004
19.9228    22.028399    15.0004
19.9172    22.0516    15.0004
19.9116    22.0844    15.0004
19.9012    22.1468    15.0004
19.8972    22.1644    15.0004
19.8844    22.2116    15.0004
19.8844    22.2132    15.0004
19.881199    22.2204    15.0004
19.8508    22.2932    15.0004
19.8452    22.3044    15.0004
19.8396    22.312399    15.0004
19.8284    22.3284    15.0004
19.8148    22.3412    15.0004
19.7988    22.3556    15.0004
19.789999    22.3596    15.0004
19.7764    22.366    15.0004
19.764399    22.3708    15.0004
19.7508    22.3748    15.0004
19.730799    22.378    15.0004
19.721199    22.3788    15.0004
19.7124    22.3788    15.0004
19.695599    22.3788    15.0004
19.678    22.3748    15.0004
19.667599    22.3716    15.0004
19.6596    22.3708    15.0004
19.632399    22.364399    15.0004
19.6196    22.3804    15.0004
19.6148    22.386799    15.0004
19.6084    22.4156    15.0004
19.6028    22.437199    15.0004
19.600399    22.4468    15.0004
19.602    22.4532    15.0004
19.605999    22.473999    15.0004
19.632399    22.494799    15.0004
19.645199    22.5052    15.0004
19.6556    22.513199    15.0004
19.689999    22.542799    15.0004
19.7108    22.5612    15.0004
19.7388    22.5924    15.0004
19.7404    22.594799    15.0004
19.7468    22.611599    15.0004
19.747599    22.614    15.0004
19.747599    22.6204    15.0004
19.747599    22.643599    15.0004
19.749199    22.661999    15.0004
19.7508    22.6708    15.0004
19.7676    22.691599    15.0004
19.769999    22.6948    15.0004
19.7748    22.7004    15.0004
19.7972    22.73    15.0004
19.8076    22.747599    15.0004
19.8116    22.7556    15.0004
19.814    22.7668    15.0004
19.816399    22.782799    15.0004
19.8156    22.7964    15.0004
19.8148    22.8116    15.0004
19.8116    22.826    15.0004
19.7836    22.914799    15.0004
19.754799    23.000399    15.0004
19.7428    23.0276    15.0004
19.7396    23.033998    15.0004
19.718    23.0532    15.0004
19.7164    23.0548    15.0004
19.7036    23.0612    15.0004
19.685999    23.070799    15.0004
19.680399    23.0732    15.0004
19.6356    23.0892    15.0004
19.604399    23.098    15.0004
19.569199    23.1068    15.0004
19.5492    23.1108    15.0004
19.5476    23.111599    15.0004
19.5236    23.1052    15.0004
19.5212    23.1052    15.0004
19.518799    23.104399    15.0004
19.5068    23.094799    15.0004
19.4924    23.0828    15.0004
19.490799    23.0812    15.0004
19.4868    23.078    15.0004
19.466    23.0556    15.0004
19.4516    23.037199    15.0004
19.444399    23.0308    15.0004
19.437199    23.0308    15.0004
19.4188    23.014    15.0004
19.410799    23.0084    15.0004
19.409199    23.01    15.0004
19.392399    23.028399    15.0004
19.3916    23.029999    15.0004
19.390799    23.0324    15.0004
19.3844    23.085999    15.0004
19.3692    23.174    15.0004
19.3652    23.197199    15.0004
19.338    23.3652    15.0004
19.3316    23.4004    15.0004
19.323599    23.421999    15.0004
19.288399    23.514    15.0004
19.2732    23.533998    15.0004
19.2724    23.5348    15.0004
19.2444    23.546799    15.0004
19.191599    23.5588    15.0004
19.1908    23.5588    15.0004
19.189999    23.5588    15.0004
19.1628    23.5572    15.0004
19.1516    23.5556    15.0004
19.1412    23.552399    15.0004
19.0716    23.5324    15.0004
19.0172    23.517199    15.0004
18.97    23.5036    15.0004
18.866    23.472399    15.0004
18.8372    23.4636    15.0004
18.8028    23.4532    15.0004
18.77    23.442799    15.0004
18.637999    23.4004    15.0004
18.611599    23.3916    15.0004
18.574    23.379599    15.0004
18.531599    23.3652    15.0004
18.5172    23.3604    15.0004
18.4876    23.3508    15.0004
18.4708    23.345999    15.0004
18.4604    23.342    15.0004
18.434    23.3284    15.0004
18.409199    23.3076    15.0004
18.4028    23.3036    15.0004
18.386799    23.2908    15.0004
18.362    23.2692    15.0004
18.35    23.2572    15.0004
18.347599    23.254799    15.0004
18.3468    23.25    15.0004
18.3388    23.2228    15.0004
18.3388    23.21    15.0004
18.3492    23.163599    15.0004
18.358799    23.1164    15.0004
18.406    23.0044    15.0004
18.4764    22.8492    15.0004
18.4772    22.8468    15.0004
18.4844    22.8212    15.0004
18.485199    22.816399    15.0004
18.4812    22.81    15.0004
18.4708    22.7908    15.0004
18.466    22.778    15.0004
18.4468    22.771599    15.0004
18.437199    22.7692    15.0004
18.420399    22.7636    15.0004
18.4076    22.760399    15.0004
18.3996    22.7564    15.0004
18.382    22.749199    15.0004
18.3732    22.741999    15.0004
18.357199    22.7276    15.0004
18.35    22.721199    15.0004
18.3284    22.6996    15.0004
18.3188    22.6876    15.0004
18.2964    22.6644    15.0004
18.293999    22.6628    15.0004
18.2644    22.6404    15.0004
18.260399    22.6444    15.0004
18.2412    22.6644    15.0004
18.2388    22.6668    15.0004
18.2332    22.6964    15.0004
18.232399    22.7044    15.0004
18.2276    22.7404    15.0004
18.221199    22.7796    15.0004
18.2052    22.8556    15.0004
18.202799    22.864399    15.0004
18.1988    22.8788    15.0004
18.1764    22.958    15.0004
18.150799    23.031599    15.0004
18.142    23.0588    15.0004
18.111599    23.1316    15.0004
18.102    23.1524    15.0004
18.098799    23.160398    15.0004
18.0964    23.1652    15.0004
18.0556    23.2524    15.0004
18.048399    23.2668    15.0004
18.0028    23.357199    15.0004
17.998    23.3652    15.0004
17.9604    23.4356    15.0004
17.944399    23.4628    15.0004
17.9012    23.5364    15.0004
17.8676    23.5892    15.0004
17.851599    23.6148    15.0004
17.834799    23.639599    15.0004
17.795599    23.697199    15.0004
17.762    23.7396    15.0004
17.754    23.75    15.0004
17.747599    23.7596    15.0004
17.7284    23.7916    15.0004
17.7284    23.792398    15.0004
17.7164    23.8228    15.0004
17.7172    23.8484    15.0004
17.736399    23.903599    15.0004
17.736399    23.9044    15.0004
17.754799    23.998    15.0004
17.7556    24.0052    15.0004
17.7572    24.046    15.0004
17.7572    24.0548    15.0004
17.754799    24.0772    15.0004
17.749199    24.133999    15.0004
17.7444    24.1772    15.0004
17.743599    24.1828    15.0004
17.7388    24.1964    15.0004
17.7316    24.2108    15.0004
17.721199    24.222    15.0004
17.7124    24.2284    15.0004
17.697199    24.2356    15.0004
17.646    24.2676    15.0004
17.6108    24.2908    15.0004
17.6092    24.2916    15.0004
17.5012    24.345999    15.0004
17.4524    24.368399    15.0004
17.394    24.3948    15.0004
17.2972    24.4348    15.0004
17.2796    24.442    15.0004
17.249199    24.453999    15.0004
17.014    24.5476    15.0004
16.8956    24.594799    15.0004
16.892399    24.5956    15.0004
16.8332    24.617199    15.0004
16.8164    24.6252    15.0004
16.7836    24.649199    15.0004
16.7812    24.650799    15.0004
16.7796    24.674799    15.0004
16.777199    24.684399    15.0004
16.8004    24.713999    15.0004
16.8036    24.7188    15.0004
16.806799    24.7228    15.0004
16.822    24.7444    15.0004
16.826    24.7612    15.0004
16.83    24.769999    15.0004
16.8164    24.7908    15.0004
16.8156    24.793999    15.0004
16.8132    24.7964    15.0004
16.7964    24.8092    15.0004
16.778    24.8188    15.0004
16.758    24.83    15.0004
16.7276    24.844398    15.0004
16.6372    24.8892    15.0004
16.6164    24.8996    15.0004
16.574    24.9196    15.0004
16.5452    24.9324    15.0004
16.466799    24.9676    15.0004
16.3956    24.9988    15.0004
16.3652    25.011599    15.0004
16.3308    25.0268    15.0004
16.236399    25.0628    15.0004
16.121199    25.1052    15.0004
16.114    25.108398    15.0004
16.1084    25.109999    15.0004
15.978    25.154799    15.0004
15.9028    25.178799    15.0004
15.872399    25.1876    15.0004
15.849999    25.194    15.0004
15.71    25.2356    15.0004
15.659599    25.2484    15.0004
15.584399    25.2668    15.0004
15.5836    25.2668    15.0004
15.578    25.2676    15.0004
15.573199    25.2684    15.0004
15.561199    25.2724    15.0004
15.5348    25.278    15.0004
15.5308    25.2788    15.0004
15.53    25.2788    15.0004
15.5004    25.2788    15.0004
15.499599    25.2788    15.0004
15.458799    25.278    15.0004
15.436399    25.274    15.0004
15.4228    25.271599    15.0004
15.418799    25.271599    15.0004
15.414    25.2708    15.0004
15.3596    25.2564    15.0004
15.349199    25.254    15.0004
15.3364    25.25    15.0004
15.309999    25.2396    15.0004
15.2436    25.2132    15.0004
15.216399    25.202799    15.0004
15.2076    25.1996    15.0004
15.200399    25.1964    15.0004
15.1068    25.154799    15.0004
15.050799    25.128399    15.0004
15.0227995    25.113998    15.0004
14.9388    25.0716    15.0004
14.9148    25.0588    15.0004
14.894799    25.048399    15.0004
14.8164    25.01    15.0004
14.762    24.9812    15.0004
14.7556    24.977999    15.0004
14.745999    24.972399    15.0004
14.7244    24.961199    15.0004
14.67    24.933199    15.0004
14.6516    24.924398    15.0004
14.598    24.897999    15.0004
14.5652    24.8804    15.0004
14.5532    24.873999    15.0004
14.5468    24.8724    15.0004
14.5028    24.8492    15.0004
14.4964    24.845999    15.0004
14.4908    24.845999    15.0004
14.4684    24.8356    15.0004
14.440399    24.8284    15.0004
14.4372    24.829199    15.0004
14.406799    24.8228    15.0004
14.4028    24.8228    15.0004
14.386    24.821999    15.0004
14.3828    24.8204    15.0004
14.3564    24.8188    15.0004
14.3284    24.816399    15.0004
14.326799    24.8156    15.0004
14.2987995    24.8228    15.0004
14.2964    24.8228    15.0004
14.294    24.823599    15.0004
14.2556    24.834799    15.0004
14.245999    24.834799    15.0004
14.210799    24.842    15.0004
14.2028    24.844398    15.0004
14.193999    24.847599    15.0004
14.1292    24.8636    15.0004
14.1036    24.8692    15.0004
14.0404    24.8876    15.0004
14.0364    24.8884    15.0004
14.0356    24.8892    15.0004
13.970799    24.910799    15.0004
13.95    24.918798    15.0004
13.9116    24.934    15.0004
13.8876    24.942    15.0004
13.844399    24.962    15.0004
13.8188    24.9748    15.0004
13.7836    24.990799    15.0004
13.7204    25.0236    15.0004
13.717199    25.0252    15.0004
13.7148    25.026    15.0004
13.7076    25.029999    15.0004
13.6268    25.074799    15.0004
13.578799    25.1036    15.0004
13.5204    25.1388    15.0004
13.441999    25.185999    15.0004
13.4251995    25.1964    15.0004
13.4196    25.2004    15.0004
13.4044    25.21    15.0004
13.334    25.254799    15.0004
13.279599    25.2916    15.0004
13.262799    25.301199    15.0004
13.2388    25.3172    15.0004
13.210799    25.334799    15.0004
13.198    25.344398    15.0004
13.162    25.3652    15.0004
13.147599    25.373999    15.0004
13.120399    25.390799    15.0004
13.0996    25.4044    15.0004
13.067599    25.4212    15.0004
13.0524    25.4284    15.0004
13.0196    25.4452    15.0004
13.002    25.453999    15.0004
12.9732    25.465199    15.0004
12.9516    25.473999    15.0004
12.929999    25.4812    15.0004
12.901199    25.4924    15.0004
12.8963995    25.4932    15.0004
12.8796    25.496399    15.0004
12.831599    25.505999    15.0004
12.8116    25.5092    15.0004
12.7708    25.514    15.0004
12.7588    25.5164    15.0004
12.7308    25.517199    15.0004
12.7092    25.518799    15.0004
12.6676    25.5164    15.0004
12.6516    25.5164    15.0004
12.618799    25.5156    15.0004
12.6147995    25.5156    15.0004
12.5716    25.514    15.0004
12.5524    25.5124    15.0004
12.5148    25.511599    15.0004
12.5068    25.5108    15.0004
12.4612    25.5084    15.0004
12.458799    25.507599    15.0004
12.45    25.5068    15.0004
12.4204    25.5052    15.0004
12.4164    25.5052    15.0004
12.389199    25.5028    15.0004
12.3748    25.501999    15.0004
12.349199    25.4988    15.0004
12.314799    25.4972    15.0004
12.302    25.4956    15.0004
12.280399    25.4924    15.0004
12.266    25.490799    15.0004
12.2476    25.4884    15.0004
12.2196    25.485199    15.0004
12.1812    25.4772    15.0004
12.1668    25.4748    15.0004
12.1212    25.465199    15.0004
12.1156    25.4636    15.0004
12.0652    25.4532    15.0004
12.0644    25.4524    15.0004
12.0227995    25.4404    15.0004
11.986    25.4268    15.0004
11.9724    25.421999    15.0004
11.9716    25.421999    15.0004
11.9212    25.401999    15.0004
11.9148    25.3996    15.0004
11.877999    25.382    15.0004
11.8708    25.3788    15.0004
11.8308    25.358    15.0004
11.8172    25.351599    15.0004
11.7876    25.3364    15.0004
11.7588    25.3196    15.0004
11.7444    25.310799    15.0004
11.7244    25.2988    15.0004
11.6844    25.271599    15.0004
11.6588    25.254    15.0004
11.6444    25.2444    15.0004
11.6332    25.2356    15.0004
11.6147995    25.222    15.0004
11.6004    25.2108    15.0004
11.5652    25.1836    15.0004
11.542    25.163599    15.0004
11.5004    25.128399    15.0004
11.487599    25.117199    15.0004
11.4428    25.076399    15.0004
11.4324    25.0668    15.0004
11.4292    25.063599    15.0004
11.3948    25.0268    15.0004
11.355599    24.986    15.0004
11.3524    24.9828    15.0004
11.3292    24.9572    15.0004
11.3188    24.946    15.0004
11.318    24.9452    15.0004
11.2708    24.885199    15.0004
11.2508    24.8604    15.0004
11.2092    24.806799    15.0004
11.1876    24.777199    15.0004
11.160399    24.7372    15.0004
11.137199    24.7036    15.0004
11.107599    24.6572    15.0004
11.0932    24.6356    15.0004
11.068399    24.5964    15.0004
11.0372    24.5436    15.0004
11.0356    24.5404    15.0004
11.033199    24.5364    15.0004
11.0084    24.5052    15.0004
11.0084    24.5044    15.0004
10.976399    24.4828    15.0004
10.975599    24.481998    15.0004
10.9444    24.4756    15.0004
10.9372    24.476398    15.0004
10.91    24.477999    15.0004
10.8812    24.479599    15.0004
10.8452    24.4804    15.0004
10.7652    24.4788    15.0004
10.728399    24.4788    15.0004
10.7012    24.4772    15.0004
10.674    24.4748    15.0004
10.6396    24.4692    15.0004
10.6132    24.466    15.0004
10.6012    24.4628    15.0004
10.585199    24.459599    15.0004
10.5612    24.4508    15.0004
10.5588    24.449999    15.0004
10.5308    24.4308    15.0004
10.510799    24.409199    15.0004
10.5036    24.403599    15.0004
10.499599    24.3996    15.0004
10.458    24.353199    15.0004
10.3756    24.2572    15.0004
10.3636    24.2428    15.0004
10.3588    24.2372    15.0004
10.349999    24.226799    15.0004
10.242    24.091599    15.0004
10.1796    24.005999    15.0004
10.119599    23.9252    15.0004
10.091599    23.8836    15.0004
10.0036    23.7556    15.0004
9.987599    23.729198    15.0004
9.978    23.706    15.0004
9.976399    23.7036    15.0004
9.974    23.6876    15.0004
9.9732    23.680399    15.0004
9.9812    23.660398    15.0004
9.9852    23.654799    15.0004
10.0028    23.637999    15.0004
10.0092    23.628399    15.0004
10.0244    23.6084    15.0004
10.0244    23.602798    15.0004
10.0204    23.5668    15.0004
10.0196    23.5644    15.0004
10.014    23.5548    15.0004
10.0012    23.5364    15.0004
10.0012    23.5324    15.0004
9.998    23.5276    15.0004
9.99    23.518799    15.0004
9.9612    23.483599    15.0004
9.9564    23.4772    15.0004
9.953199    23.472399    15.0004
9.9524    23.465199    15.0004
9.947599    23.458    15.0004
9.946    23.4524    15.0004
9.946799    23.4284    15.0004
9.95    23.416399    15.0004
9.9564    23.392399    15.0004
9.9612    23.3748    15.0004
9.9788    23.323599    15.0004
9.9804    23.3188    15.0004
9.9804    23.3148    15.0004
9.9828    23.289999    15.0004
9.9812    23.282799    15.0004
9.975599    23.2428    15.0004
9.974    23.2356    15.0004
9.9724    23.2164    15.0004
9.9724    23.202799    15.0004
9.9724    23.197199    15.0004
9.974    23.1756    15.0004
9.9796    23.1588    15.0004
9.9804    23.1556    15.0004
9.9964    23.122799    15.0004
10.0004    23.1148    15.0004
10.0028    23.111599    15.0004
10.027599    23.069199    15.0004
10.0436    23.046    15.0004
10.0492    23.039598    15.0004
10.066    23.0268    15.0004
10.0803995    23.0148    15.0004
10.0844    23.0124    15.0004
10.108399    22.9996    15.0004
10.136399    22.9876    15.0004
10.1396    22.986    15.0004
10.160399    22.966    15.0004
10.1692    22.958    15.0004
10.17    22.955599    15.0004
10.17    22.9548    15.0004
10.1756    22.93    15.0004
10.1764    22.9244    15.0004
10.17    22.896399    15.0004
10.17    22.890799    15.0004
10.165199    22.8764    15.0004
10.1556    22.842    15.0004
10.122    22.7108    15.0004
10.108399    22.6588    15.0004
10.106    22.6484    15.0004
10.0836    22.5588    15.0004
10.0548    22.437199    15.0004
10.039599    22.375599    15.0004
10.0227995    22.3044    15.0004
9.9916    22.178    15.0004
9.9564    22.0404    15.0004
9.946799    22.0028    15.0004
9.9428    21.99    15.0004
9.9372    21.9644    15.0004
9.9196    21.8876    15.0004
9.906799    21.8372    15.0004
9.886    21.746    15.0004
9.8692    21.6724    15.0004
9.8588    21.622    15.0004
9.843599    21.5452    15.0004
9.842    21.535599    15.0004
9.8404    21.5252    15.0004
9.83    21.458    15.0004
9.8276    21.4404    15.0004
9.820399    21.3772    15.0004
9.794    21.149199    15.0004
9.7828    21.0516    15.0004
9.774    20.965199    15.0004
9.7724    20.949999    15.0004
9.7644    20.8596    15.0004
9.7628    20.8252    15.0004
9.7604    20.7868    15.0004
9.7556    20.6556    15.0004
9.7508    20.546    15.0004
9.7484    20.485199    15.0004
9.7484    20.4172    15.0004
9.746799    20.2628    15.0004
9.746799    20.1708    15.0004
9.745999    20.065199    15.0004
9.746799    19.9804    15.0004
9.7476    19.8932    15.0004
9.7508    19.834    15.0004
9.752399    19.7724    15.0004
9.7548    19.706799    15.0004
9.7564    19.682    15.0004
9.7604    19.6188    15.0004
9.7652    19.553999    15.0004
9.7668    19.535599    15.0004
9.7755995    19.438799    15.0004
9.7836    19.3764    15.0004
9.7932    19.301199    15.0004
9.7987995    19.2596    15.0004
9.821199    19.1188    15.0004
9.8252    19.0924    15.0004
9.8284    19.0756    15.0004
9.849999    18.9516    15.0004
9.8764    18.8252    15.0004
9.884399    18.7836    15.0004
9.8876    18.7684    15.0004
9.9268    18.5812    15.0004
9.929999    18.566    15.0004
9.9539995    18.448399    15.0004
9.9924    18.274    15.0004
9.9939995    18.2676    15.0004
9.9964    18.258799    15.0004
10.046    18.041199    15.0004
10.056399    17.9972    15.0004
10.056399    17.9956    15.0004
10.0652    17.958    15.0004
10.1068    17.7684    15.0004
10.1092    17.7556    15.0004
10.1524    17.57    15.0004
10.1676    17.5036    15.0004
10.1972    17.3764    15.0004
10.2188    17.298    15.0004
10.2452    17.1988    15.0004
10.278    17.0796    15.0004
10.2987995    17.006    15.0004
10.344399    16.8548    15.0004
10.3524    16.8268    15.0004
10.4204    16.5892    15.0004
10.4204    16.587599    15.0004
10.4316    16.5508    15.0004
10.526    16.226799    15.0004
10.5316    16.208399    15.0004
10.585199    16.0204    15.0004
10.5892    16.0068    15.0004
10.631599    15.8524    15.0004
10.6412    15.8164    15.0004
10.659599    15.742    15.0004
10.6644    15.7244    15.0004
10.6692    15.7084    15.0004
10.6748    15.688399    15.0004
10.6732    15.6556    15.0004
10.674    15.6516    15.0004
10.6388    15.629999    15.0004
10.636399    15.6276    15.0004
10.6092    15.6468    15.0004
10.608399    15.6468    15.0004
10.5788    15.694799    15.0004
10.5756    15.698799    15.0004
10.573999    15.702    15.0004
10.5724    15.7044    15.0004
10.545199    15.7444    15.0004
10.5244    15.7716    15.0004
10.5236    15.7724    15.0004
10.521999    15.773999    15.0004
10.504399    15.790799    15.0004
10.498    15.797199    15.0004
10.475599    15.8188    15.0004
10.4724    15.821199    15.0004
10.4572    15.831599    15.0004
10.422    15.855599    15.0004
10.41    15.8644    15.0004
10.3852    15.877999    15.0004
10.354    15.8924    15.0004
10.334    15.901999    15.0004
10.3236    15.905999    15.0004
10.306    15.911599    15.0004
10.2772    15.922    15.0004
10.2612    15.9268    15.0004
10.240399    15.9324    15.0004
10.2316    15.934799    15.0004
10.21    15.938    15.0004
10.200399    15.9388    15.0004
10.1779995    15.935599    15.0004
10.1708    15.9332    15.0004
10.1628    15.929999    15.0004
10.159599    15.9284    15.0004
10.1388    15.91    15.0004
10.125999    15.8907995    15.0004
10.118    15.877999    15.0004
10.1164    15.874    15.0004
10.1108    15.8588    15.0004
10.108399    15.8524    15.0004
10.106    15.8276    15.0004
10.106    15.826799    15.0004
10.106    15.825999    15.0004
10.1116    15.79    15.0004
10.1172    15.7532    15.0004
10.119599    15.7411995    15.0004
10.1228    15.7268    15.0004
10.1348    15.674    15.0004
10.153999    15.6044    15.0004
10.158    15.5884    15.0004
10.1612    15.5803995    15.0004
10.1732    15.545199    15.0004
10.1732    15.514    15.0004
10.174    15.5116    15.0004
10.171599    15.5084    15.0004
10.1491995    15.4796    15.0004
10.146    15.478    15.0004
10.137199    15.475599    15.0004
10.1188    15.4676    15.0004
10.1147995    15.4676    15.0004
10.1036    15.465199    15.0004
10.079599    15.458799    15.0004
10.0636    15.4539995    15.0004
10.0515995    15.4492    15.0004
10.0268    15.434799    15.0004
10.0236    15.4324    15.0004
10.028399    15.4148    15.0004
10.0348    15.3996    15.0004
10.0444    15.3804    15.0004
10.0532    15.3572    15.0004
10.0636    15.3292    15.0004
10.0756    15.2987995    15.0004
10.090799    15.2652    15.0004
10.1212    15.1956    15.0004
10.130799    15.174    15.0004
10.17    15.096399    15.0004
10.174    15.0884    15.0004
10.177199    15.0812    15.0004
10.2148    15.004399    15.0004
10.2164    15.0012    15.0004
10.251599    14.941199    15.0004
10.263599    14.922    15.0004
10.2724    14.907599    15.0004
10.2764    14.9036    15.0004
10.2972    14.877199    15.0004
10.315599    14.860399    15.0004
10.321199    14.854799    15.0004
10.326799    14.8524    15.0004
10.3348    14.848399    15.0004
10.3564    14.842799    15.0004
10.3619995    14.842    15.0004
10.3804    14.8412    15.0004
10.384399    14.8404    15.0004
10.3907995    14.8412    15.0004
10.414    14.8468    15.0004
10.4284    14.8452    15.0004
10.441999    14.8468    15.0004
10.4444    14.8468    15.0004
10.446    14.846    15.0004
10.474    14.8236    15.0004
10.4796    14.819599    15.0004
10.4804    14.8188    15.0004
10.481199    14.818    15.0004
10.4948    14.791599    15.0004
10.498799    14.7836    15.0004
10.514    14.752399    15.0004
10.5956    14.5868    15.0004
10.598    14.5812    15.0004
10.6404    14.4892    15.0004
10.6723995    14.4148    15.0004
10.6812    14.394799    15.0004
10.686    14.3804    15.0004
10.7196    14.286799    15.0004
10.722    14.280399    15.0004
10.7428    14.2123995    15.0004
10.7532    14.1812    15.0004
10.754    14.1779995    15.0004
10.7716    14.1147995    15.0004
10.79    14.0484    15.0004
10.7908    14.044399    15.0004
10.7932    14.0372    15.0004
10.820399    13.9268    15.0004
10.8348    13.8636    15.0004
10.855599    13.7676    15.0004
10.8652    13.7252    15.0004
10.87    13.7028    15.0004
10.889999    13.591599    15.0004
10.8907995    13.5884    15.0004
10.9116    13.465199    15.0004
10.9164    13.438    15.0004
10.9228    13.3907995    15.0004
10.936399    13.2956    15.0004
10.9436    13.229199    15.0004
10.958799    13.096399    15.0004
10.9636    13.0476    15.0004
10.9724    12.9804    15.0004
10.974    12.970799    15.0004
10.974    12.9684    15.0004
10.974    12.9668    15.0004
10.975599    12.9595995    15.0004
10.9844    12.9156    15.0004
10.987599    12.9044    15.0004
10.9956    12.8804    15.0004
11.004399    12.8564    15.0004
11.0068    12.849999    15.0004
11.0084    12.8468    15.0004
11.0212    12.814799    15.0004
11.0316    12.7932    15.0004
11.045199    12.7676    15.0004
11.0812    12.7067995    15.0004
11.1108    12.6572    15.0004
11.118    12.642799    15.0004
11.134    12.613199    15.0004
11.1435995    12.5932    15.0004
11.15    12.5772    15.0004
11.158    12.558    15.0004
11.1628    12.5412    15.0004
11.171599    12.518    15.0004
11.1756    12.4939995    15.0004
11.1779995    12.4788    15.0004
11.1804    12.4604    15.0004
11.182    12.4404    15.0004
11.1812    12.4212    15.0004
11.1812    12.412399    15.0004
11.1788    12.389999    15.0004
11.1779995    12.384399    15.0004
11.1723995    12.3452    15.0004
11.1723995    12.344399    15.0004
11.165199    12.302    15.0004
11.159599    12.263599    15.0004
11.1588    12.2556    15.0004
11.1572    12.245999    15.0004
11.1516    12.223599    15.0004
11.1468    12.2028    15.0004
11.1444    12.188399    15.0004
11.138    12.1723995    15.0004
11.137199    12.165199    15.0004
11.1284    12.1348    15.0004
11.1268    12.13    15.0004
11.1164    12.1092    15.0004
11.1156    12.108399    15.0004
11.1132    12.1044    15.0004
11.0948    12.0668    15.0004
11.0892    12.0571995    15.0004
11.0556    12.0068    15.0004
11.0524    12.0012    15.0004
10.9956    11.918799    15.0004
10.9924    11.9148    15.0004
10.9732    11.882    15.0004
10.9716    11.877999    15.0004
10.9564    11.8532    15.0004
10.9539995    11.8476    15.0004
10.9436    11.8228    15.0004
10.941199    11.792399    15.0004
10.941199    11.7908    15.0004
10.9372    11.7676    15.0004
10.9372    11.766    15.0004
10.9388    11.7532    15.0004
10.941199    11.734799    15.0004
10.941999    11.699599    15.0004
10.9428    11.6964    15.0004
10.9484    11.6268    15.0004
10.9539995    11.5652    15.0004
10.9612    11.4916    15.0004
10.964399    11.4604    15.0004
10.9668    11.4388    15.0004
10.9748    11.3916    15.0004
10.975599    11.389999    15.0004
10.9844    11.3652    15.0004
10.9844    11.3619995    15.0004
10.993199    11.3428    15.0004
10.9972    11.3331995    15.0004
11.0028    11.322    15.0004
11.0116    11.3052    15.0004
11.027599    11.2796    15.0004
11.0324    11.2716    15.0004
11.0364    11.262799    15.0004
11.0468    11.2484    15.0004
11.0532    11.2372    15.0004
11.0588    11.222    15.0004
11.061999    11.2123995    15.0004
11.0612    11.2028    15.0004
11.058    11.1844    15.0004
11.058    11.1804    15.0004
11.0571995    11.1764    15.0004
11.0412    11.1532    15.0004
11.033199    11.142799    15.0004
11.0068    11.130799    15.0004
11.005199    11.130799    15.0004
11.0036    11.13    15.0004
10.9972    11.1292    15.0004
10.9444    11.1172    15.0004
10.9348    11.1147995    15.0004
10.9204    11.1092    15.0004
10.9108    11.0988    15.0004
10.8988    11.0859995    15.0004
10.8876    11.0644    15.0004
10.883599    11.054    15.0004
10.8764    11.0268    15.0004
10.874    11.0171995    15.0004
10.8652    10.987599    15.0004
10.8604    10.9668    15.0004
10.849199    10.901999    15.0004
10.846    10.884399    15.0004
10.837999    10.837999    15.0004
10.826799    10.763599    15.0004
10.8172    10.693999    15.0004
10.8132    10.6524    15.0004
10.806    10.578    15.0004
10.803599    10.545199    15.0004
10.7987995    10.4956    15.0004
10.7964    10.4595995    15.0004
10.7948    10.4212    15.0004
10.792399    10.3116    15.0004
10.792399    10.3108    15.0004
10.792399    10.309199    15.0004
10.7964    10.1924    15.0004
10.8004    10.1412    15.0004
10.8028    10.106    15.0004
10.8068    10.038    15.0004
10.8084    10.021999    15.0004
10.814    9.9812    15.0004
10.8252    9.9028    15.0004
10.8292    9.877999    15.0004
10.8524    9.757199    15.0004
10.8532    9.751599    15.0004
10.854    9.746799    15.0004
10.886    9.613999    15.0004
10.8907995    9.5948    15.0004
10.917999    9.498    15.0004
10.9212    9.487599    15.0004
10.922    9.4852    15.0004
10.924399    9.476399    15.0004
10.965199    9.349199    15.0004
10.978    9.3108    15.0004
11.0148    9.2084    15.0004
11.0316    9.162    15.0004
11.0644    9.078    15.0004
11.0836    9.028399    15.0004
11.1004    8.987599    15.0004
11.1412    8.8892    15.0004
11.1628    8.838799    15.0004
11.1956    8.763599    15.0004
11.229199    8.689199    15.0004
11.257199    8.625999    15.0004
11.3356    8.458799    15.0004
11.4028    8.3148    15.0004
11.458799    8.19    15.0004
11.4748    8.153999    15.0004
11.4916    8.113999    15.0004
11.556399    7.9676    15.0004
11.594    7.8835998    15.0004
11.6268    7.8124    15.0004
11.6732    7.7084    15.0004
11.699599    7.6475997    15.0004
11.717999    7.6067996    15.0004
11.7612    7.5108    15.0004
11.79    7.4484    15.0004
11.8108    7.3988    15.0004
11.8468    7.322    15.0004
11.884399    7.2372    15.0004
11.9251995    7.1484    15.0004
11.9724    7.0435996    15.0004
12.0132    6.954    15.0004
12.0492    6.8724    15.0004
12.0716    6.8227997    15.0004
12.0988    6.7604    15.0004
12.134    6.6836    15.0004
12.154799    6.6404    15.0004
12.199599    6.5508    15.0004
12.226    6.4964    15.0004
12.238    6.4732    15.0004
12.266    6.4212    15.0004
12.2676    6.4179997    15.0004
12.2716    6.41    15.0004
12.3004    6.3571997    15.0004
12.3308    6.3012    15.0004
12.3364    6.2907996    15.0004
12.3396    6.286    15.0004
12.4284    6.1292    15.0004
12.4324    6.1219997    15.0004
12.465199    6.0667996    15.0004
12.4732    6.0523996    15.0004
12.5084    5.9923997    15.0004
12.5204    5.974    15.0004
12.5356    5.9435997    15.0004
12.5588    5.9076    15.0004
12.5803995    5.8676    15.0004
12.59    5.8515997    15.0004
12.6228    5.7915998    15.0004
12.638    5.766    15.0004
12.6692    5.7092    15.0004
12.6748    5.6988    15.0004
12.717999    5.6172    15.0004
12.722799    5.6084    15.0004
12.745999    5.562    15.0004
12.752399    5.5508    15.0004
12.7604    5.5316    15.0004
12.792399    5.4635997    15.0004
12.7964    5.4532    15.0004
12.7956    5.4491997    15.0004
12.8004    5.4252    15.0004
12.7996    5.4203997    15.0004
12.8052    5.3956    15.0004
12.8132    5.374    15.0004
12.8124    5.3708    15.0004
12.8116    5.3427997    15.0004
12.8108    5.3396    15.0004
12.802799    5.3148    15.0004
12.7987995    5.2988    15.0004
12.7788    5.226    15.0004
12.7716    5.2051997    15.0004
12.7444    5.1036    15.0004
12.7428    5.0964    15.0004
12.742    5.094    15.0004
12.734799    5.0596    15.0004
12.728399    5.026    15.0004
12.7276    5.022    15.0004
12.7212    4.9811997    15.0004
12.7212    4.9716    15.0004
12.7164    4.9156    15.0004
12.7164    4.9091997    15.0004
12.717999    4.8188    15.0004
12.717999    4.7812    15.0004
12.7188    4.766    15.0004
12.726    4.6819997    15.0004
12.7276    4.6684    15.0004
12.728399    4.6604    15.0004
12.7372    4.6268    15.0004
12.7444    4.5972    15.0004
12.745999    4.5931997    15.0004
12.7588    4.5652    15.0004
12.768399    4.5484    15.0004
12.7892    4.5067997    15.0004
12.7908    4.5036    15.0004
12.792399    4.4996    15.0004
12.8116    4.4723997    15.0004
12.8116    4.4708    15.0004
12.8228    4.446    15.0004
12.8228    4.4435997    15.0004
12.837199    4.4212    15.0004
12.838799    4.4188    15.0004
12.8404    4.414    15.0004
12.846    4.3915997    15.0004
12.8452    4.3908    15.0004
12.8452    4.378    15.0004
12.844399    4.3644    15.0004
12.8452    4.362    15.0004
12.8404    4.3388    15.0004
12.8404    4.3292    15.0004
12.8348    4.302    15.0004
12.834    4.2956    15.0004
12.8292    4.2716    15.0004
12.820399    4.2244    15.0004
12.8164    4.1956    15.0004
12.8043995    4.1275997    15.0004
12.792399    4.0348    15.0004
12.791599    4.0308    15.0004
12.7908    4.0267997    15.0004
12.7772    3.9404    15.0004
12.7716    3.8916    15.0004
12.769199    3.8788    15.0004
12.766    3.8532    15.0004
12.7596    3.806    15.0004
12.7508    3.7284    15.0004
12.7492    3.714    15.0004
12.746799    3.6996    15.0004
12.728399    3.5756    15.0004
12.714    3.4947999    15.0004
12.7076    3.4564    15.0004
12.6908    3.3636    15.0004
12.6844    3.3276    15.0004
12.67    3.258    15.0004
12.6491995    3.1604    15.0004
12.6356    3.0988    15.0004
12.5692    2.7996    15.0004
12.5571995    2.7491999    15.0004
12.538    2.666    15.0004
12.5244    2.606    15.0004
12.5188    2.5836    15.0004
12.4939995    2.4836    15.0004
12.4844    2.4452    15.0004
12.457999    2.33    15.0004
12.4556    2.3179998    15.0004
12.4452    2.2508    15.0004
12.4428    2.238    15.0004
12.4428    2.2356    15.0004
12.441999    2.2331998    15.0004
12.441999    2.2316    15.0004
12.434    2.1715999    15.0004
12.434    2.1604    15.0004
12.429999    2.1132    15.0004
12.4284    2.0468    15.0004
12.4284    2.0428    15.0004
12.429199    2.0356    15.0004
12.4372    1.8948    15.0004
12.4372    1.8804    15.0004
12.436399    1.8476    15.0004
12.435599    1.8011999    15.0004
12.4307995    1.7428    15.0004
12.4284    1.7116    15.0004
12.423599    1.6403999    15.0004
12.4204    1.5835999    15.0004
12.4196    1.5619999    15.0004
12.4196    1.4843999    15.0004
12.418799    1.4627999    15.0004
12.4204    1.3884    15.0004
12.422    1.3604    15.0004
12.4268    1.2587999    15.0004
12.4276    1.25    15.0004
12.4276    1.2468    15.0004
12.4284    1.2404    15.0004
12.435599    1.1484    15.0004
12.4444    1.0572    15.0004
12.446799    1.0332    15.0004
12.4572    0.95479995    15.0004
12.462    0.91959995    15.0004
12.470799    0.86439997    15.0004
12.4844    0.7988    15.0004
12.492399    0.76119995    15.0004
12.4972    0.7396    15.0004
12.5076    0.6996    15.0004
12.5196    0.6604    15.0004
12.5244    0.64599997    15.0004
12.542    0.602    15.0004
12.546    0.5924    15.0004
12.5468    0.5908    15.0004
12.5548    0.5692    15.0004
12.556399    0.56839997    15.0004
12.5716    0.5476    15.0004
12.585199    0.538    15.0004
12.594    0.5316    15.0004
12.6236    0.5148    15.0004
12.6284    0.5132    15.0004
12.631599    0.51159996    15.0004
12.6524    0.5044    15.0004
12.653999    0.5036    15.0004
12.676399    0.4964    15.0004
12.6796    0.4964    15.0004
12.7028    0.49719998    15.0004
12.7067995    0.4964    15.0004
12.71    0.4964    15.0004
12.726    0.4956    15.0004
12.7596    0.4964    15.0004
13.285999    0.51    15.0004
13.331599    0.5108    15.0004
13.378799    0.51159996    15.0004
