22.4028    25.2508    10.8004
22.4004    25.2516    10.8004
22.3988    25.2524    10.8004
22.378    25.258799    10.8004
22.3716    25.258799    10.8004
22.358799    25.258799    10.8004
22.3508    25.258    10.8004
22.3228    25.2516    10.8004
22.295599    25.2404    10.8004
22.2836    25.23    10.8004
22.2684    25.2116    10.8004
22.253199    25.191599    10.8004
22.2412    25.163599    10.8004
22.2388    25.1588    10.8004
22.237999    25.1556    10.8004
22.2244    25.1252    10.8004
22.2164    25.1052    10.8004
22.208399    25.0836    10.8004
22.194    25.05    10.8004
22.1924    25.0476    10.8004
22.1868    25.0388    10.8004
22.1708    25.011599    10.8004
22.1604    25.000399    10.8004
22.1428    24.9884    10.8004
22.126799    24.977999    10.8004
22.111599    24.9716    10.8004
22.0908    24.9588    10.8004
22.0724    24.948399    10.8004
22.0604    24.942    10.8004
22.011599    24.9116    10.8004
21.998    24.903599    10.8004
21.9924    24.9004    10.8004
21.9756    24.892399    10.8004
21.9572    24.8844    10.8004
21.9492    24.881199    10.8004
21.93    24.875599    10.8004
21.907598    24.8732    10.8004
21.9044    24.8724    10.8004
21.9012    24.8724    10.8004
21.8724    24.8724    10.8004
21.8596    24.8748    10.8004
21.8452    24.8772    10.8004
21.8308    24.882    10.8004
21.8132    24.8892    10.8004
21.8028    24.8956    10.8004
21.7836    24.906    10.8004
21.765999    24.9156    10.8004
21.7204    24.9404    10.8004
21.7044    24.9492    10.8004
21.682    24.9604    10.8004
21.673199    24.9644    10.8004
21.663599    24.966799    10.8004
21.6476    24.972399    10.8004
21.6204    24.9772    10.8004
21.6196    24.9772    10.8004
21.5956    24.9756    10.8004
21.5868    24.9748    10.8004
21.5628    24.9676    10.8004
21.553999    24.9644    10.8004
21.546799    24.962    10.8004
21.477999    24.934    10.8004
21.466799    24.9292    10.8004
21.414    24.906    10.8004
21.396399    24.897999    10.8004
21.386    24.892399    10.8004
21.378    24.8884    10.8004
21.3652    24.8788    10.8004
21.3548    24.8676    10.8004
21.3412    24.851599    10.8004
21.334799    24.845999    10.8004
21.33    24.8396    10.8004
21.3076    24.8092    10.8004
21.2988    24.7972    10.8004
21.2916    24.786    10.8004
21.2788    24.7628    10.8004
21.274    24.7516    10.8004
21.2596    24.721199    10.8004
21.253199    24.706    10.8004
21.2396    24.671598    10.8004
21.234    24.660398    10.8004
21.226799    24.649199    10.8004
21.206799    24.6244    10.8004
21.206    24.622799    10.8004
21.1796    24.6036    10.8004
21.174    24.598799    10.8004
21.1572    24.5892    10.8004
21.1388    24.5812    10.8004
21.1204    24.570799    10.8004
21.104399    24.557999    10.8004
21.0924    24.55    10.8004
21.0884    24.546    10.8004
21.07    24.528399    10.8004
21.0684    24.5276    10.8004
21.0668    24.526    10.8004
21.0508    24.5036    10.8004
21.037199    24.479599    10.8004
21.035599    24.4756    10.8004
21.0332    24.47    10.8004
21.018799    24.4324    10.8004
21.0156    24.4252    10.8004
21.007599    24.3932    10.8004
21.000399    24.3612    10.8004
20.996399    24.342    10.8004
20.994799    24.3268    10.8004
20.994799    24.3252    10.8004
21.000399    24.2948    10.8004
21.0068    24.288399    10.8004
21.0148    24.2708    10.8004
21.018799    24.2676    10.8004
21.042799    24.241999    10.8004
21.0716    24.217999    10.8004
21.0756    24.2148    10.8004
21.0788    24.2116    10.8004
21.0852    24.206799    10.8004
21.126799    24.1724    10.8004
21.150799    24.150799    10.8004
21.174    24.128399    10.8004
21.1852    24.117199    10.8004
21.1924    24.1076    10.8004
21.2108    24.0852    10.8004
21.226799    24.0612    10.8004
21.241999    24.038    10.8004
21.2676    23.998    10.8004
21.269999    23.994799    10.8004
21.2924    23.9644    10.8004
21.306799    23.9492    10.8004
21.3268    23.9308    10.8004
21.3452    23.9156    10.8004
21.354    23.909199    10.8004
21.3604    23.9052    10.8004
21.3988    23.8788    10.8004
21.410799    23.869999    10.8004
21.438    23.851599    10.8004
21.4476    23.8452    10.8004
21.466799    23.8324    10.8004
21.486    23.8196    10.8004
21.522799    23.7972    10.8004
21.5332    23.789999    10.8004
21.553999    23.778    10.8004
21.5716    23.7676    10.8004
21.5828    23.7636    10.8004
21.598    23.7564    10.8004
21.6092    23.7556    10.8004
21.6188    23.7556    10.8004
21.6372    23.758    10.8004
21.649199    23.7596    10.8004
21.6796    23.764399    10.8004
21.7412    23.7788    10.8004
21.746    23.7796    10.8004
21.777199    23.7876    10.8004
21.816399    23.8004    10.8004
21.8452    23.8116    10.8004
21.862    23.817999    10.8004
21.909199    23.838799    10.8004
21.9196    23.8428    10.8004
21.9268    23.845999    10.8004
21.9604    23.8596    10.8004
21.9804    23.869999    10.8004
21.996399    23.8788    10.8004
22.0092    23.886799    10.8004
22.0212    23.8948    10.8004
22.035599    23.9068    10.8004
22.080399    23.9508    10.8004
22.1084    23.9804    10.8004
22.121199    23.9932    10.8004
22.1372    24.0044    10.8004
22.150799    24.0124    10.8004
22.169199    24.018799    10.8004
22.1852    24.024399    10.8004
22.2228    24.035599    10.8004
22.236399    24.039598    10.8004
22.2396    24.0404    10.8004
22.2628    24.0508    10.8004
22.282    24.0604    10.8004
22.295599    24.0676    10.8004
22.3484    24.098    10.8004
22.364399    24.1068    10.8004
22.369999    24.1108    10.8004
22.4236    24.1428    10.8004
22.4292    24.145199    10.8004
22.4564    24.154    10.8004
22.462    24.156399    10.8004
22.4732    24.156399    10.8004
22.4868    24.154799    10.8004
22.4924    24.1524    10.8004
22.514    24.142    10.8004
22.548399    24.126    10.8004
22.566    24.1164    10.8004
22.5724    24.1148    10.8004
22.576399    24.1132    10.8004
22.598    24.109999    10.8004
22.6148    24.109999    10.8004
22.6244    24.109999    10.8004
22.6524    24.111599    10.8004
22.7132    24.118    10.8004
22.726    24.1204    10.8004
22.7332    24.121199    10.8004
22.7452    24.122799    10.8004
22.758799    24.126    10.8004
22.7668    24.1276    10.8004
22.778    24.133999    10.8004
22.7924    24.1468    10.8004
22.8116    24.1596    10.8004
22.8244    24.174799    10.8004
22.8364    24.185999    10.8004
22.842    24.1924    10.8004
22.8492    24.1996    10.8004
22.8636    24.2204    10.8004
22.886    24.2508    10.8004
22.901999    24.2836    10.8004
22.9068    24.2916    10.8004
22.9084    24.295599    10.8004
22.91    24.3004    10.8004
22.9244    24.342    10.8004
22.9396    24.396399    10.8004
22.942799    24.409199    10.8004
22.944399    24.4172    10.8004
22.9476    24.4308    10.8004
22.9588    24.477999    10.8004
22.961199    24.501999    10.8004
22.965199    24.528399    10.8004
22.966799    24.552399    10.8004
22.9676    24.562    10.8004
22.9676    24.581999    10.8004
22.966    24.593199    10.8004
22.965199    24.602798    10.8004
22.961199    24.622    10.8004
22.955599    24.642    10.8004
22.942    24.685999    10.8004
22.9244    24.7404    10.8004
22.9196    24.7564    10.8004
22.916399    24.7668    10.8004
22.9012    24.829199    10.8004
22.9004    24.8316    10.8004
22.8892    24.886    10.8004
22.8708    24.9628    10.8004
22.862799    24.9988    10.8004
22.858799    25.0148    10.8004
22.8508    25.0348    10.8004
22.840399    25.057999    10.8004
22.8356    25.0716    10.8004
22.8156    25.1068    10.8004
22.8132    25.1108    10.8004
22.8092    25.117199    10.8004
22.7892    25.15    10.8004
22.786798    25.1524    10.8004
22.7732    25.1668    10.8004
22.758799    25.1812    10.8004
22.7444    25.191599    10.8004
22.736399    25.197199    10.8004
22.7292    25.1996    10.8004
22.7108    25.2036    10.8004
22.6932    25.202    10.8004
22.685999    25.201199    10.8004
22.682    25.201199    10.8004
22.6716    25.2004    10.8004
22.650799    25.198    10.8004
22.6132    25.1884    10.8004
22.6076    25.1876    10.8004
22.600399    25.1852    10.8004
22.569199    25.178799    10.8004
22.5452    25.178    10.8004
22.542799    25.178    10.8004
22.5396    25.1796    10.8004
22.513199    25.189999    10.8004
22.4828    25.208399    10.8004
22.455599    25.226    10.8004
22.4476    25.230799    10.8004
22.4244    25.2452    10.8004
22.416399    25.247599    10.8004
22.4028    25.2508    10.8004
