17.983599    32.666798    18.9004
17.9756    32.686    18.9004
17.9684    32.6996    18.9004
17.9628    32.709198    18.9004
17.944399    32.7332    18.9004
17.9236    32.7628    18.9004
17.920399    32.766    18.9004
17.9172    32.7692    18.9004
17.878    32.8004    18.9004
17.864399    32.809998    18.9004
17.8412    32.8196    18.9004
17.8308    32.824398    18.9004
17.8204    32.8276    18.9004
17.7692    32.8428    18.9004
17.7596    32.8452    18.9004
17.734    32.8484    18.9004
17.6812    32.854797    18.9004
17.646    32.8556    18.9004
17.621199    32.8572    18.9004
17.600399    32.8564    18.9004
17.5444    32.852398    18.9004
17.5124    32.85    18.9004
17.4748    32.846798    18.9004
17.4116    32.837997    18.9004
17.402    32.8364    18.9004
17.3916    32.8332    18.9004
17.2988    32.8108    18.9004
17.298    32.8108    18.9004
17.202799    32.781998    18.9004
17.1924    32.778    18.9004
17.1796    32.774    18.9004
17.1492    32.7604    18.9004
17.1372    32.7564    18.9004
17.0956    32.737198    18.9004
17.0804    32.7308    18.9004
17.0268    32.7012    18.9004
17.026    32.700397    18.9004
17.0252    32.6996    18.9004
17.0084    32.6852    18.9004
16.989199    32.6748    18.9004
16.9652    32.6484    18.9004
16.9636    32.6468    18.9004
16.962    32.6452    18.9004
16.9516    32.6268    18.9004
16.9436    32.61    18.9004
16.937199    32.5916    18.9004
16.927599    32.562    18.9004
16.9244    32.545998    18.9004
16.9244    32.5372    18.9004
16.9196    32.502    18.9004
16.9292    32.473198    18.9004
16.9324    32.4636    18.9004
16.934    32.4596    18.9004
16.946    32.4412    18.9004
16.9604    32.4228    18.9004
16.998    32.385998    18.9004
17.0388    32.3428    18.9004
17.0668    32.3204    18.9004
17.087599    32.3084    18.9004
17.102    32.3004    18.9004
17.1428    32.2836    18.9004
17.178    32.27    18.9004
17.1956    32.2636    18.9004
17.202799    32.2628    18.9004
17.206    32.2628    18.9004
17.2388    32.259598    18.9004
17.2508    32.259598    18.9004
17.3116    32.258    18.9004
17.4076    32.2572    18.9004
17.4132    32.258    18.9004
17.414799    32.258    18.9004
17.4172    32.258    18.9004
17.4484    32.2588    18.9004
17.4516    32.2588    18.9004
17.5388    32.262    18.9004
17.5396    32.262    18.9004
17.5628    32.266    18.9004
17.6036    32.27    18.9004
17.645199    32.2748    18.9004
17.6868    32.281998    18.9004
17.7348    32.29    18.9004
17.747599    32.2924    18.9004
17.7508    32.293198    18.9004
17.7644    32.2972    18.9004
17.7876    32.306    18.9004
17.8356    32.322    18.9004
17.8548    32.329998    18.9004
17.8828    32.3452    18.9004
17.8884    32.35    18.9004
17.921999    32.3724    18.9004
17.9228    32.3732    18.9004
17.942    32.3988    18.9004
17.942799    32.3996    18.9004
17.966    32.4556    18.9004
17.9788    32.4804    18.9004
17.979599    32.4828    18.9004
17.9812    32.486    18.9004
17.989199    32.5164    18.9004
17.996399    32.5332    18.9004
17.9988    32.5556    18.9004
17.9996    32.5676    18.9004
18.000399    32.5892    18.9004
18.000399    32.601997    18.9004
17.996399    32.618    18.9004
17.9868    32.6588    18.9004
17.983599    32.666798    18.9004
