19.9916    30.41    23.7004
20.0012    30.409199    23.7004
20.0052    30.409199    23.7004
20.029999    30.410799    23.7004
20.0668    30.4196    23.7004
20.069199    30.4196    23.7004
20.070799    30.4212    23.7004
20.109999    30.438    23.7004
20.1276    30.449999    23.7004
20.174799    30.4828    23.7004
20.1796    30.4868    23.7004
20.1836    30.49    23.7004
20.1892    30.4956    23.7004
20.2228    30.5292    23.7004
20.225199    30.5332    23.7004
20.2284    30.535599    23.7004
20.2404    30.556398    23.7004
20.25    30.5644    23.7004
20.265999    30.585999    23.7004
20.2764    30.597198    23.7004
20.288399    30.6148    23.7004
20.301199    30.63    23.7004
20.3084    30.6412    23.7004
20.3132    30.6468    23.7004
20.329199    30.6668    23.7004
20.3468    30.691599    23.7004
20.353199    30.701199    23.7004
20.358    30.705198    23.7004
20.369999    30.722    23.7004
20.3836    30.736399    23.7004
20.3876    30.7412    23.7004
20.39    30.743599    23.7004
20.41    30.7692    23.7004
20.4124    30.771599    23.7004
20.437199    30.802    23.7004
20.449999    30.8156    23.7004
20.47    30.840399    23.7004
20.489199    30.868399    23.7004
20.5044    30.89    23.7004
20.524399    30.924398    23.7004
20.541199    30.959599    23.7004
20.570799    31.024399    23.7004
20.581999    31.0532    23.7004
20.598    31.093199    23.7004
20.6108    31.141998    23.7004
20.622    31.180399    23.7004
20.6468    31.2652    23.7004
20.6572    31.2948    23.7004
20.685999    31.3788    23.7004
20.6948    31.400398    23.7004
20.7092    31.442    23.7004
20.7132    31.4516    23.7004
20.7228    31.4868    23.7004
20.7316    31.518    23.7004
20.7356    31.5308    23.7004
20.7388    31.550798    23.7004
20.7428    31.5828    23.7004
20.746    31.625198    23.7004
20.746    31.6292    23.7004
20.7444    31.6412    23.7004
20.7404    31.667599    23.7004
20.7372    31.6756    23.7004
20.7276    31.697199    23.7004
20.7244    31.7036    23.7004
20.7116    31.723598    23.7004
20.7052    31.73    23.7004
20.684399    31.747599    23.7004
20.6796    31.7524    23.7004
20.656399    31.7668    23.7004
20.646    31.7724    23.7004
20.604399    31.7932    23.7004
20.6012    31.7948    23.7004
20.57    31.806    23.7004
20.5628    31.8084    23.7004
20.537199    31.812399    23.7004
20.531599    31.814    23.7004
20.505999    31.814798    23.7004
20.494    31.814    23.7004
20.4772    31.8132    23.7004
20.449999    31.8076    23.7004
20.4356    31.8044    23.7004
20.3932    31.7892    23.7004
20.392399    31.788399    23.7004
20.354    31.7692    23.7004
20.3508    31.7668    23.7004
20.3148    31.7428    23.7004
20.295599    31.7276    23.7004
20.2764    31.713999    23.7004
20.2564    31.6948    23.7004
20.2276    31.6684    23.7004
20.2004    31.639599    23.7004
20.185999    31.6236    23.7004
20.1612    31.591599    23.7004
20.1372    31.559599    23.7004
20.114    31.524399    23.7004
20.1036    31.5084    23.7004
20.081999    31.470798    23.7004
20.059599    31.4236    23.7004
20.0516    31.406    23.7004
20.046    31.392399    23.7004
20.0364    31.3676    23.7004
20.0268    31.337198    23.7004
20.0204    31.3132    23.7004
20.0124    31.278    23.7004
20.0084    31.254799    23.7004
20.0068    31.234798    23.7004
20.0068    31.208399    23.7004
20.0068    31.1932    23.7004
20.0036    31.174799    23.7004
20.0036    31.161999    23.7004
20.001999    31.1524    23.7004
19.982    31.098    23.7004
19.977999    31.0868    23.7004
19.966    31.0404    23.7004
19.955599    30.994    23.7004
19.9452    30.948399    23.7004
19.9404    30.920399    23.7004
19.934    30.877998    23.7004
19.920399    30.812399    23.7004
19.9156    30.769999    23.7004
19.910799    30.7396    23.7004
19.91    30.712399    23.7004
19.9044    30.684399    23.7004
19.9044    30.665998    23.7004
19.902    30.604399    23.7004
19.9044    30.5812    23.7004
19.9044    30.573198    23.7004
19.909199    30.542799    23.7004
19.914    30.5052    23.7004
19.9212    30.483599    23.7004
19.927599    30.473999    23.7004
19.9452    30.448399    23.7004
19.9588    30.4324    23.7004
19.9748    30.416399    23.7004
19.9916    30.41    23.7004
