15.659599    27.8044    13.2004
15.636399    27.816399    13.2004
15.6332    27.817999    13.2004
15.561199    27.8492    13.2004
15.5524    27.853199    13.2004
15.5515995    27.853199    13.2004
15.5468    27.8548    13.2004
15.4908    27.872398    13.2004
15.4844    27.8748    13.2004
15.4372    27.885199    13.2004
15.3924    27.892399    13.2004
15.3796    27.894    13.2004
15.2876    27.903599    13.2004
15.2324    27.9052    13.2004
15.0924    27.914    13.2004
15.0124    27.918798    13.2004
14.9484    27.9236    13.2004
14.906799    27.9284    13.2004
14.8412    27.9404    13.2004
14.834    27.942    13.2004
14.7908    27.9564    13.2004
14.774799    27.962    13.2004
14.7484    27.9732    13.2004
14.7196    27.987598    13.2004
14.7084    27.994    13.2004
14.6988    28.000399    13.2004
14.665199    28.024399    13.2004
14.638    28.0436    13.2004
14.6236    28.0556    13.2004
14.5924    28.0828    13.2004
14.585199    28.09    13.2004
14.5532    28.125198    13.2004
14.5484    28.13    13.2004
14.5468    28.1316    13.2004
14.544399    28.1348    13.2004
14.5188    28.1708    13.2004
14.499599    28.1964    13.2004
14.4908    28.2108    13.2004
14.487599    28.2156    13.2004
14.458799    28.2692    13.2004
14.458799    28.269999    13.2004
14.4572    28.271599    13.2004
14.4564    28.274    13.2004
14.4044    28.386    13.2004
14.3675995    28.473999    13.2004
14.354    28.5068    13.2004
14.349999    28.5164    13.2004
14.348399    28.5204    13.2004
14.309199    28.613998    13.2004
14.2964    28.642    13.2004
14.268399    28.706799    13.2004
14.2444    28.7676    13.2004
14.23    28.803598    13.2004
14.1924    28.8948    13.2004
14.1908    28.8988    13.2004
14.1804    28.927599    13.2004
14.15    29.0068    13.2004
14.142799    29.024399    13.2004
14.1324    29.046799    13.2004
14.1116    29.0892    13.2004
14.0868    29.137999    13.2004
14.0764    29.1588    13.2004
14.054    29.199598    13.2004
14.045199    29.2148    13.2004
14.018    29.257198    13.2004
13.997999    29.286    13.2004
13.9948    29.2908    13.2004
13.9828    29.3084    13.2004
13.9484    29.3564    13.2004
13.9444    29.361198    13.2004
13.936399    29.3716    13.2004
13.901999    29.4156    13.2004
13.877199    29.4452    13.2004
13.8684    29.4548    13.2004
13.8412    29.4844    13.2004
13.8404    29.485199    13.2004
13.7755995    29.5436    13.2004
13.766    29.5516    13.2004
13.757199    29.559599    13.2004
13.7355995    29.5788    13.2004
13.69    29.6148    13.2004
13.654799    29.637999    13.2004
13.607599    29.6644    13.2004
13.6004    29.669199    13.2004
13.5772    29.6812    13.2004
13.5644    29.6876    13.2004
13.526    29.7076    13.2004
13.498799    29.7188    13.2004
13.474    29.725199    13.2004
13.447599    29.734798    13.2004
13.302799    29.7764    13.2004
13.3004    29.777199    13.2004
13.2987995    29.778    13.2004
13.2028    29.812399    13.2004
13.1788    29.8228    13.2004
13.1276    29.844398    13.2004
13.0356    29.889198    13.2004
12.962    29.9236    13.2004
12.91    29.952398    13.2004
12.8764    29.970798    13.2004
12.7476    30.039598    13.2004
12.745999    30.039598    13.2004
12.7444    30.0404    13.2004
12.573199    30.130798    13.2004
12.492399    30.167599    13.2004
12.4828    30.1724    13.2004
12.4636    30.1812    13.2004
12.407599    30.205198    13.2004
12.3924    30.2108    13.2004
12.338799    30.234798    13.2004
12.2796    30.253199    13.2004
12.2564    30.260399    13.2004
12.2308    30.268398    13.2004
12.1916    30.281199    13.2004
12.1396    30.293999    13.2004
12.119599    30.2988    13.2004
12.0636    30.3116    13.2004
12.03    30.317999    13.2004
11.9772    30.325998    13.2004
11.9116    30.3364    13.2004
11.8796    30.342    13.2004
11.7908    30.354    13.2004
11.688399    30.368399    13.2004
11.6572    30.372398    13.2004
11.608399    30.3772    13.2004
11.533199    30.383598    13.2004
11.498799    30.386799    13.2004
11.422    30.3932    13.2004
11.389999    30.3956    13.2004
11.3196    30.4028    13.2004
11.2987995    30.403599    13.2004
11.286799    30.403599    13.2004
11.2596    30.401999    13.2004
11.2411995    30.4012    13.2004
11.2332    30.4004    13.2004
11.193999    30.396399    13.2004
11.1748    30.3932    13.2004
11.1468    30.385199    13.2004
11.1332    30.382    13.2004
11.1012    30.3708    13.2004
11.0932    30.368399    13.2004
11.085199    30.366    13.2004
11.058    30.3492    13.2004
11.0356    30.338    13.2004
11.0227995    30.33    13.2004
11.014    30.3228    13.2004
10.9924    30.309198    13.2004
10.970799    30.2988    13.2004
10.966    30.2988    13.2004
10.9404    30.309198    13.2004
10.9268    30.325998    13.2004
10.91    30.344398    13.2004
10.8884    30.375599    13.2004
10.874    30.396399    13.2004
10.842    30.437199    13.2004
10.8196    30.466    13.2004
10.8124    30.4748    13.2004
10.794    30.496399    13.2004
10.762    30.531599    13.2004
10.689199    30.6124    13.2004
10.688399    30.6132    13.2004
10.6692    30.630798    13.2004
10.658    30.6444    13.2004
10.642799    30.6588    13.2004
10.622    30.680399    13.2004
10.5612    30.7284    13.2004
10.5604    30.7284    13.2004
10.5596    30.729198    13.2004
10.5571995    30.73    13.2004
10.5012    30.751598    13.2004
10.4908    30.7556    13.2004
10.4748    30.758799    13.2004
10.465199    30.7596    13.2004
10.458    30.758799    13.2004
10.4092    30.7508    13.2004
10.3468    30.7428    13.2004
10.3004    30.7332    13.2004
10.245999    30.7188    13.2004
10.198    30.706    13.2004
10.131599    30.6852    13.2004
10.1108    30.677198    13.2004
10.078    30.6652    13.2004
10.033199    30.643599    13.2004
10.0028    30.6292    13.2004
9.958    30.6052    13.2004
9.9156    30.5756    13.2004
9.9108    30.5716    13.2004
9.91    30.570799    13.2004
9.8884    30.541199    13.2004
9.8828    30.5308    13.2004
9.873199    30.5012    13.2004
9.8692    30.4884    13.2004
9.8644    30.4676    13.2004
9.8564    30.437199    13.2004
9.842    30.3692    13.2004
9.837999    30.354    13.2004
9.8348    30.3356    13.2004
9.83    30.309198    13.2004
9.826799    30.2764    13.2004
9.822    30.229198    13.2004
9.821199    30.2156    13.2004
9.8228    30.1556    13.2004
9.8236    30.137999    13.2004
9.8244    30.130798    13.2004
9.8292    30.085999    13.2004
9.832399    30.074    13.2004
9.837999    30.042    13.2004
9.846    30.018    13.2004
9.849199    30.0012    13.2004
9.8604    29.9644    13.2004
9.87    29.9292    13.2004
9.884399    29.8916    13.2004
9.8996    29.8508    13.2004
9.9116    29.812399    13.2004
9.9316    29.758    13.2004
9.9436    29.723598    13.2004
9.9604    29.674799    13.2004
9.974    29.630798    13.2004
9.9836    29.5996    13.2004
9.9852    29.594799    13.2004
9.986    29.591599    13.2004
10.0012    29.553999    13.2004
10.0076    29.541199    13.2004
10.016399    29.522    13.2004
10.0212    29.507599    13.2004
10.0268    29.494799    13.2004
10.0476    29.4516    13.2004
10.05    29.446798    13.2004
10.0532    29.4404    13.2004
10.073199    29.4028    13.2004
10.097199    29.3604    13.2004
10.1116    29.329199    13.2004
10.142799    29.277199    13.2004
10.146    29.2708    13.2004
10.1692    29.23    13.2004
10.1972    29.1812    13.2004
10.214    29.1524    13.2004
10.2196    29.1444    13.2004
10.262    29.0796    13.2004
10.3172    29.0012    13.2004
10.3244    28.990799    13.2004
10.332399    28.979599    13.2004
10.3652    28.9348    13.2004
10.3852    28.9084    13.2004
10.413199    28.869999    13.2004
10.436399    28.8396    13.2004
10.475599    28.792398    13.2004
10.4836    28.7836    13.2004
10.5084    28.753199    13.2004
10.514    28.7468    13.2004
10.55    28.708399    13.2004
10.59    28.669199    13.2004
10.608399    28.65    13.2004
10.6188    28.639599    13.2004
10.6732    28.59    13.2004
10.6916    28.574799    13.2004
10.7355995    28.5364    13.2004
10.7508    28.5252    13.2004
10.781199    28.504398    13.2004
10.7932    28.4972    13.2004
10.809999    28.483599    13.2004
10.826799    28.4732    13.2004
10.842    28.4636    13.2004
10.866799    28.4532    13.2004
10.8684    28.4532    13.2004
10.8692    28.4524    13.2004
10.8948    28.441198    13.2004
10.9116    28.437199    13.2004
10.9164    28.4348    13.2004
10.9212    28.4324    13.2004
10.924399    28.4324    13.2004
10.9316    28.4324    13.2004
10.946    28.4292    13.2004
10.9636    28.429998    13.2004
10.9724    28.4284    13.2004
10.9939995    28.4364    13.2004
10.998799    28.438    13.2004
11.002    28.441198    13.2004
11.028399    28.4636    13.2004
11.0468    28.487598    13.2004
11.0524    28.4956    13.2004
11.0772    28.5212    13.2004
11.078799    28.522799    13.2004
11.0836    28.518799    13.2004
11.0948    28.507599    13.2004
11.118    28.487598    13.2004
11.1236    28.483599    13.2004
11.1356    28.4692    13.2004
11.1468    28.4508    13.2004
11.165999    28.4172    13.2004
11.171599    28.4068    13.2004
11.1748    28.401999    13.2004
11.21    28.3412    13.2004
11.223599    28.317999    13.2004
11.262799    28.247599    13.2004
11.309999    28.165998    13.2004
11.3756    28.045198    13.2004
11.406    27.9924    13.2004
11.447599    27.9212    13.2004
11.4604    27.8988    13.2004
11.493199    27.8372    13.2004
11.5364    27.762    13.2004
11.5756    27.6932    13.2004
11.6004    27.6476    13.2004
11.631599    27.587599    13.2004
11.6468    27.557999    13.2004
11.6628    27.5292    13.2004
11.722    27.420399    13.2004
11.7355995    27.392399    13.2004
11.769199    27.3364    13.2004
11.8068    27.275599    13.2004
11.815599    27.260399    13.2004
11.821199    27.2508    13.2004
11.8244    27.2452    13.2004
11.842    27.2188    13.2004
11.87    27.174799    13.2004
11.8996    27.1316    13.2004
11.9212    27.105999    13.2004
11.958799    27.0676    13.2004
11.975599    27.0516    13.2004
11.9844    27.0436    13.2004
12.0308    27.0012    13.2004
12.0668    26.9732    13.2004
12.0948    26.9524    13.2004
12.1276    26.927599    13.2004
12.141999    26.9172    13.2004
12.1564    26.9068    13.2004
12.211599    26.864399    13.2004
12.268399    26.829199    13.2004
12.269199    26.8284    13.2004
12.3396    26.782    13.2004
12.3484    26.7764    13.2004
12.3532    26.771599    13.2004
12.3748    26.7516    13.2004
12.389999    26.7388    13.2004
12.412399    26.719599    13.2004
12.4284    26.7044    13.2004
12.441199    26.691599    13.2004
12.4612    26.674    13.2004
12.466    26.67    13.2004
12.4892    26.643599    13.2004
12.4948    26.6364    13.2004
12.5076    26.622    13.2004
12.5188    26.6108    13.2004
12.521999    26.6076    13.2004
12.5308    26.597198    13.2004
12.5524    26.57    13.2004
12.5828    26.5332    13.2004
12.59    26.524399    13.2004
12.5956    26.5164    13.2004
12.608399    26.4972    13.2004
12.637199    26.4548    13.2004
12.6524    26.433199    13.2004
12.670799    26.4084    13.2004
12.694799    26.373999    13.2004
12.722    26.3372    13.2004
12.7932    26.236399    13.2004
12.797199    26.230799    13.2004
12.7987995    26.229198    13.2004
12.865999    26.133999    13.2004
12.8812    26.1132    13.2004
12.9348    26.041199    13.2004
12.962    26.0028    13.2004
12.9972    25.953999    13.2004
13.0028    25.9476    13.2004
13.0604    25.8764    13.2004
13.0748    25.8604    13.2004
13.091599    25.842    13.2004
13.1092    25.821999    13.2004
13.1435995    25.7836    13.2004
13.1516    25.775599    13.2004
13.159599    25.7668    13.2004
13.2044    25.7172    13.2004
13.245199    25.677198    13.2004
13.2492    25.674    13.2004
13.2532    25.67    13.2004
13.2987995    25.6236    13.2004
13.3356    25.5868    13.2004
13.355599    25.569199    13.2004
13.4324    25.4972    13.2004
13.4484    25.483599    13.2004
13.515599    25.421999    13.2004
13.538    25.4028    13.2004
13.5515995    25.390799    13.2004
13.601999    25.351599    13.2004
13.6356    25.3228    13.2004
13.6516    25.31    13.2004
13.6756    25.2908    13.2004
13.723599    25.25    13.2004
13.7732    25.2148    13.2004
13.794    25.1996    13.2004
13.820399    25.1836    13.2004
13.8308    25.1772    13.2004
13.834    25.174799    13.2004
13.9732    25.094799    13.2004
14.005199    25.074799    13.2004
14.067599    25.0404    13.2004
14.2411995    24.9452    13.2004
14.262    24.934    13.2004
14.297999    24.918    13.2004
14.3963995    24.869999    13.2004
14.4388    24.8484    13.2004
14.4612    24.8396    13.2004
14.514    24.8116    13.2004
14.527599    24.806    13.2004
14.5484    24.797998    13.2004
14.5532    24.7972    13.2004
14.556399    24.795599    13.2004
14.5764    24.7652    13.2004
14.5588    24.7484    13.2004
14.556399    24.7372    13.2004
14.5364    24.7316    13.2004
14.527599    24.7228    13.2004
14.510799    24.7228    13.2004
14.4939995    24.7204    13.2004
14.4595995    24.721199    13.2004
14.4396    24.7228    13.2004
14.4276    24.7188    13.2004
14.418799    24.719599    13.2004
14.348399    24.721199    13.2004
14.3292    24.722    13.2004
14.292399    24.7244    13.2004
14.279599    24.726    13.2004
14.171599    24.743599    13.2004
14.108399    24.753199    13.2004
14.062799    24.760399    13.2004
13.9892    24.7692    13.2004
13.9251995    24.7764    13.2004
13.8756    24.781199    13.2004
13.794    24.788399    13.2004
13.7372    24.7932    13.2004
13.6748    24.797998    13.2004
13.561199    24.806799    13.2004
13.4595995    24.8132    13.2004
13.378799    24.8172    13.2004
13.2411995    24.823599    13.2004
13.0612    24.827599    13.2004
13.0468    24.827599    13.2004
13.033999    24.827599    13.2004
12.87    24.826    13.2004
12.7324    24.823599    13.2004
12.5956    24.8204    13.2004
12.562799    24.8204    13.2004
12.4492    24.8204    13.2004
12.438    24.8196    13.2004
12.365999    24.8156    13.2004
12.3364    24.814    13.2004
12.332399    24.814    13.2004
12.2964    24.81    13.2004
12.1612    24.7972    13.2004
12.1332    24.7932    13.2004
12.107599    24.7892    13.2004
12.078    24.784399    13.2004
12.0652    24.7804    13.2004
12.038799    24.778    13.2004
12.021199    24.7748    13.2004
12.0068    24.771599    13.2004
11.981199    24.7636    13.2004
11.962    24.7508    13.2004
11.9564    24.749199    13.2004
11.9396    24.741999    13.2004
11.9428    24.734798    13.2004
11.95    24.7164    13.2004
11.974    24.702    13.2004
12.0092    24.6892    13.2004
12.0756    24.667599    13.2004
12.1268    24.654    13.2004
12.1524    24.6468    13.2004
12.170799    24.643599    13.2004
12.1964    24.639599    13.2004
12.2156    24.6364    13.2004
12.257999    24.6236    13.2004
12.269199    24.618    13.2004
12.2852    24.6132    13.2004
12.2964    24.598799    13.2004
12.2844    24.587599    13.2004
12.274799    24.5836    13.2004
12.2588    24.5796    13.2004
12.2268    24.5828    13.2004
12.200399    24.5844    13.2004
12.1844    24.580399    13.2004
12.1404    24.574799    13.2004
12.1268    24.574    13.2004
12.106    24.5724    13.2004
12.0924    24.562    13.2004
12.0652    24.5572    13.2004
12.038799    24.5548    13.2004
12.014    24.5508    13.2004
11.9956    24.548399    13.2004
11.9428    24.5388    13.2004
11.9284    24.535599    13.2004
11.8988    24.5292    13.2004
11.8644    24.522    13.2004
11.8348    24.514    13.2004
11.8124    24.507599    13.2004
11.7796    24.498    13.2004
11.7484    24.4868    13.2004
11.723599    24.477999    13.2004
11.688399    24.4628    13.2004
11.6524    24.4492    13.2004
11.6036    24.4252    13.2004
11.5548    24.4012    13.2004
11.4372    24.3436    13.2004
11.394    24.321999    13.2004
11.302    24.2764    13.2004
11.292399    24.271599    13.2004
11.245999    24.2524    13.2004
11.234799    24.2484    13.2004
11.2188    24.2428    13.2004
11.0988    24.201199    13.2004
11.0588    24.1884    13.2004
10.969999    24.157999    13.2004
10.941199    24.1484    13.2004
10.934    24.145199    13.2004
10.895599    24.1308    13.2004
10.8948    24.1308    13.2004
10.8932    24.1292    13.2004
10.8675995    24.1132    13.2004
10.858    24.105999    13.2004
10.8364    24.0908    13.2004
10.7956    24.0572    13.2004
10.7532    24.022    13.2004
10.6756    23.9548    13.2004
10.659599    23.9404    13.2004
10.6524    23.934    13.2004
10.642799    23.9244    13.2004
10.55    23.8364    13.2004
10.5068    23.7908    13.2004
10.453199    23.7348    13.2004
10.4372    23.717999    13.2004
10.398    23.6716    13.2004
10.3564    23.621199    13.2004
10.3484    23.6108    13.2004
10.3244    23.580399    13.2004
10.294    23.539598    13.2004
10.254    23.4804    13.2004
10.25    23.473999    13.2004
10.2476    23.470798    13.2004
10.2252    23.434    13.2004
10.214    23.410799    13.2004
10.2092    23.397999    13.2004
10.2028    23.381199    13.2004
10.199599    23.354    13.2004
10.1988    23.3436    13.2004
10.1988    23.338    13.2004
10.199599    23.333199    13.2004
10.202    23.3044    13.2004
10.2028    23.2852    13.2004
10.2084    23.246    13.2004
10.211599    23.223598    13.2004
10.2156    23.2076    13.2004
10.222799    23.1812    13.2004
10.2244    23.1764    13.2004
10.2276    23.174    13.2004
10.2484    23.154    13.2004
10.2596    23.1516    13.2004
10.2732    23.146    13.2004
10.282    23.1444    13.2004
10.3068    23.137999    13.2004
10.332399    23.1364    13.2004
10.3572    23.133999    13.2004
10.3764    23.133999    13.2004
10.4036    23.1332    13.2004
10.414    23.133999    13.2004
10.4404    23.133999    13.2004
10.4684    23.1364    13.2004
10.4908    23.137999    13.2004
10.516399    23.1428    13.2004
10.521999    23.1428    13.2004
10.5436    23.1404    13.2004
10.556399    23.1372    13.2004
10.573999    23.1204    13.2004
10.5844    23.105999    13.2004
10.585199    23.0868    13.2004
10.5836    23.074    13.2004
10.566    23.041199    13.2004
10.556399    23.024399    13.2004
10.5532    23.0196    13.2004
10.5492    23.0108    13.2004
10.5148    22.9436    13.2004
10.4636    22.8356    13.2004
10.462    22.8324    13.2004
10.4524    22.8132    13.2004
10.4276    22.762    13.2004
10.4251995    22.754799    13.2004
10.4204    22.7444    13.2004
10.3764    22.642    13.2004
10.354799    22.5844    13.2004
10.344399    22.559599    13.2004
10.334    22.5332    13.2004
10.3236    22.505999    13.2004
10.3108    22.472399    13.2004
10.2788    22.382    13.2004
10.269199    22.353199    13.2004
10.2548    22.31    13.2004
10.2411995    22.2636    13.2004
10.226    22.2148    13.2004
10.2044    22.142    13.2004
10.202    22.13    13.2004
10.1756    22.026    13.2004
10.1748    22.0252    13.2004
10.174    22.022    13.2004
10.1564    21.938    13.2004
10.1516    21.91    13.2004
10.1452    21.8764    13.2004
10.138    21.8364    13.2004
10.130799    21.781199    13.2004
10.1284    21.765999    13.2004
10.1164    21.6796    13.2004
10.1156    21.6724    13.2004
10.1124    21.6412    13.2004
10.1076    21.594799    13.2004
10.1004    21.5044    13.2004
10.0996    21.486    13.2004
10.098    21.4412    13.2004
10.097199    21.3876    13.2004
10.096399    21.340399    13.2004
10.096399    21.3004    13.2004
10.097199    21.2596    13.2004
10.1004    21.1796    13.2004
10.102799    21.09    13.2004
10.1052    21.034    13.2004
10.1068    20.977999    13.2004
10.113999    20.8492    13.2004
10.1172    20.795599    13.2004
10.1212    20.7332    13.2004
10.1332    20.611599    13.2004
10.1412    20.518799    13.2004
10.1516    20.420399    13.2004
10.1556    20.373999    13.2004
10.1684    20.2636    13.2004
10.17    20.2508    13.2004
10.1732    20.2316    13.2004
10.217199    19.9716    13.2004
10.2476    19.8324    13.2004
10.2564    19.789999    13.2004
10.2612    19.771599    13.2004
10.281199    19.6868    13.2004
10.2844    19.673199    13.2004
10.314    19.574    13.2004
10.3292    19.5252    13.2004
10.3508    19.4532    13.2004
10.3628    19.4188    13.2004
10.401999    19.3204    13.2004
10.4052    19.3132    13.2004
10.4388    19.2316    13.2004
10.4796    19.139599    13.2004
10.4844    19.128399    13.2004
10.5348    19.0228    13.2004
10.5476    18.996399    13.2004
10.566    18.962    13.2004
10.630799    18.8388    13.2004
10.638    18.8244    13.2004
10.6491995    18.805199    13.2004
10.654799    18.795599    13.2004
10.6668    18.774    13.2004
10.6748    18.7572    13.2004
10.6924    18.7284    13.2004
10.7028    18.702    13.2004
10.7067995    18.695599    13.2004
10.714    18.674799    13.2004
10.7188    18.663599    13.2004
10.7196    18.6444    13.2004
10.7252    18.632399    13.2004
10.726    18.6188    13.2004
10.7244    18.609999    13.2004
10.728399    18.5924    13.2004
10.729199    18.5716    13.2004
10.7252    18.566    13.2004
10.726    18.535599    13.2004
10.7244    18.531599    13.2004
10.7244    18.5084    13.2004
10.717999    18.4924    13.2004
10.717999    18.4756    13.2004
10.700399    18.4508    13.2004
10.6972    18.4476    13.2004
10.6676    18.410799    13.2004
10.659599    18.3988    13.2004
10.642799    18.3716    13.2004
10.6388    18.362    13.2004
10.6356    18.35    13.2004
10.625999    18.3252    13.2004
10.6147995    18.305199    13.2004
10.6116    18.2932    13.2004
10.6092    18.278    13.2004
10.5956    18.2148    13.2004
10.5932    18.1964    13.2004
10.59    18.1724    13.2004
10.5828    18.1244    13.2004
10.5803995    18.098    13.2004
10.5788    18.070799    13.2004
10.5692    18.005999    13.2004
10.5636    17.9588    13.2004
10.5556    17.8972    13.2004
10.5404    17.782799    13.2004
10.5292    17.6988    13.2004
10.5212    17.646    13.2004
10.5116    17.5892    13.2004
10.498799    17.5164    13.2004
10.4844    17.4436    13.2004
10.4692    17.3596    13.2004
10.4524    17.274    13.2004
10.4348    17.1796    13.2004
10.4156    17.0836    13.2004
10.413199    17.0684    13.2004
10.4116    17.0564    13.2004
10.4116    17.0452    13.2004
10.4084    17.026    13.2004
10.41    17.0164    13.2004
10.406    16.9996    13.2004
10.4084    16.990799    13.2004
10.4084    16.966799    13.2004
10.412399    16.9476    13.2004
10.413199    16.931599    13.2004
10.418799    16.914799    13.2004
10.4324    16.8748    13.2004
10.4732    16.7756    13.2004
10.4828    16.753199    13.2004
10.49    16.7356    13.2004
10.573999    16.5268    13.2004
10.5932    16.479599    13.2004
10.642799    16.357199    13.2004
10.6564    16.326    13.2004
10.6756    16.282799    13.2004
10.6852    16.2612    13.2004
10.7092    16.2156    13.2004
10.7164    16.202    13.2004
10.728399    16.182    13.2004
10.7476    16.1484    13.2004
10.7772    16.1028    13.2004
10.797999    16.0724    13.2004
10.806    16.0604    13.2004
10.8292    16.0332    13.2004
10.877999    15.970799    13.2004
10.9324    15.905999    13.2004
10.9788    15.8476    13.2004
11.0324    15.785199    13.2004
11.0724    15.7355995    13.2004
11.090799    15.716399    13.2004
11.1491995    15.6491995    13.2004
11.2123995    15.5828    13.2004
11.214    15.5803995    13.2004
11.2156    15.578799    13.2004
11.226    15.5716    13.2004
11.281199    15.5308    13.2004
11.2964    15.5196    13.2004
11.3764    15.464399    13.2004
11.3812    15.4604    13.2004
11.4772    15.386    13.2004
11.5292    15.342799    13.2004
11.578799    15.297999    13.2004
11.5812    15.2948    13.2004
11.619599    15.2604    13.2004
11.6388    15.239599    13.2004
11.6628    15.2036    13.2004
11.677199    15.182799    13.2004
11.683599    15.165999    13.2004
11.7028    15.113199    13.2004
11.7036    15.1116    13.2004
11.705199    15.106    13.2004
11.7196    15.056399    13.2004
11.726    15.0132    13.2004
11.734799    14.963599    13.2004
11.739599    14.918799    13.2004
11.7436    14.8924    13.2004
11.7436    14.8756    13.2004
11.7444    14.8244    13.2004
11.7476    14.79    13.2004
11.7484    14.7444    13.2004
11.752399    14.682799    13.2004
11.752399    14.660399    13.2004
11.752399    14.579599    13.2004
11.752399    14.573199    13.2004
11.7556    14.5132    13.2004
11.7556    14.505199    13.2004
11.7556    14.446799    13.2004
11.7556    14.4196    13.2004
11.7556    14.413199    13.2004
11.7564    14.285999    13.2004
11.7564    14.266    13.2004
11.751599    14.1684    13.2004
11.751599    14.119599    13.2004
11.7476    14.021999    13.2004
11.7452    13.962    13.2004
11.738    13.854    13.2004
11.7332    13.809199    13.2004
11.7308    13.782    13.2004
11.73    13.7564    13.2004
11.7188    13.5956    13.2004
11.7164    13.544399    13.2004
11.7164    13.5236    13.2004
11.7148    13.5028    13.2004
11.7123995    13.422    13.2004
11.7076    13.302    13.2004
11.7067995    13.266    13.2004
11.7076    13.2428    13.2004
11.7084    13.1244    13.2004
11.7067995    13.0532    13.2004
11.7067995    12.923599    13.2004
11.7067995    12.8876    13.2004
11.7084    12.849199    13.2004
11.714    12.729199    13.2004
11.723599    12.6236    13.2004
11.7388    12.486    13.2004
11.745999    12.4324    13.2004
11.746799    12.4284    13.2004
11.75    12.383599    13.2004
11.757999    12.29    13.2004
11.7596    12.269199    13.2004
11.762    12.1676    13.2004
11.7604    12.1276    13.2004
11.7596    12.084399    13.2004
11.757199    12.0012    13.2004
11.757199    11.993199    13.2004
11.7564    11.9883995    13.2004
11.7548    11.9372    13.2004
11.7492    11.8812    13.2004
11.746799    11.8331995    13.2004
11.740399    11.7892    13.2004
11.7316    11.7244    13.2004
11.7156    11.637199    13.2004
11.711599    11.6164    13.2004
11.7092    11.602799    13.2004
11.7044    11.5844    13.2004
11.682799    11.502    13.2004
11.6636    11.4316    13.2004
11.6556    11.401199    13.2004
11.65    11.3812    13.2004
11.642799    11.3596    13.2004
11.598    11.2484    13.2004
11.585199    11.214    13.2004
11.542    11.1036    13.2004
11.5316    11.079599    13.2004
11.498799    11.015599    13.2004
11.486    10.987599    13.2004
11.4548    10.9212    13.2004
11.438    10.8876    13.2004
11.4028    10.8276    13.2004
11.3716    10.7764    13.2004
11.349999    10.742    13.2004
11.322    10.6956    13.2004
11.2732    10.625999    13.2004
11.2564    10.6036    13.2004
11.189199    10.510799    13.2004
11.182799    10.5012    13.2004
11.153999    10.4668    13.2004
11.1092    10.4092    13.2004
11.0932    10.3892    13.2004
11.068399    10.3604    13.2004
11.0316    10.3164    13.2004
11.027599    10.3116    13.2004
10.9924    10.2699995    13.2004
10.946    10.223599    13.2004
10.9452    10.222799    13.2004
10.907599    10.1748    13.2004
10.8756    10.138    13.2004
10.8284    10.0836    13.2004
10.8164    10.07    13.2004
10.8028    10.0532    13.2004
10.7764    10.0212    13.2004
10.7708    10.0148    13.2004
10.7668    10.009999    13.2004
10.7532    9.9916    13.2004
10.7156    9.934    13.2004
10.6692    9.8619995    13.2004
10.665199    9.855599    13.2004
10.653999    9.837999    13.2004
10.608399    9.7628    13.2004
10.5492    9.6676    13.2004
10.5196    9.613999    13.2004
10.5156    9.606    13.2004
10.506    9.5812    13.2004
10.504399    9.5748    13.2004
10.504399    9.5612    13.2004
10.505199    9.546    13.2004
10.5068    9.5348    13.2004
10.5124    9.5156    13.2004
10.5171995    9.498    13.2004
10.526    9.4668    13.2004
10.5356    9.4388    13.2004
10.5532    9.382    13.2004
10.5772    9.309199    13.2004
10.5836    9.2908    13.2004
10.622    9.1916    13.2004
10.625199    9.183599    13.2004
10.63    9.17    13.2004
10.654799    9.1092    13.2004
10.665199    9.0828    13.2004
10.6748    9.0636    13.2004
10.6852    9.0356    13.2004
10.6988    9.0084    13.2004
10.705999    8.993199    13.2004
10.7188    8.970799    13.2004
10.723599    8.962    13.2004
10.728399    8.9556    13.2004
10.7388    8.9372    13.2004
10.763599    8.914    13.2004
10.769199    8.91    13.2004
10.8068    8.8868    13.2004
10.809999    8.884399    13.2004
10.8124    8.8828    13.2004
10.8132    8.8828    13.2004
10.8356    8.874    13.2004
10.8404    8.873199    13.2004
10.866799    8.866    13.2004
10.8708    8.866    13.2004
10.8963995    8.8644    13.2004
10.9236    8.8684    13.2004
10.936399    8.8708    13.2004
10.958799    8.8756    13.2004
10.9748    8.8812    13.2004
11.0268    8.898    13.2004
11.038799    8.9028    13.2004
11.082    8.9196    13.2004
11.1444    8.947599    13.2004
11.1508    8.9508    13.2004
11.153999    8.9524    13.2004
11.223599    8.9908    13.2004
11.25    9.006    13.2004
11.2755995    9.021999    13.2004
11.2956    9.0364    13.2004
11.322    9.056399    13.2004
11.3524    9.079599    13.2004
11.3772    9.1004    13.2004
11.406    9.1236    13.2004
11.441199    9.1524    13.2004
11.446    9.1572    13.2004
11.5204    9.2324    13.2004
11.5236    9.2355995    13.2004
11.5644    9.280399    13.2004
11.5844    9.303599    13.2004
11.6284    9.3532    13.2004
11.630799    9.3572    13.2004
11.6324    9.3588    13.2004
11.6684    9.406799    13.2004
11.670799    9.41    13.2004
11.6916    9.4348    13.2004
11.694799    9.4396    13.2004
11.722799    9.4524    13.2004
11.7355995    9.469999    13.2004
11.75    9.4804    13.2004
11.7668    9.4828    13.2004
11.7796    9.4939995    13.2004
11.7956    9.4916    13.2004
11.809199    9.5036    13.2004
11.8308    9.5076    13.2004
11.8596    9.510799    13.2004
11.866    9.5084    13.2004
11.866799    9.469999    13.2004
11.8652    9.4348    13.2004
11.8684    9.4028    13.2004
11.884399    9.3228    13.2004
11.8907995    9.2892    13.2004
11.8932    9.2788    13.2004
11.9212    9.1572    13.2004
11.924399    9.1491995    13.2004
11.9316    9.125999    13.2004
11.9636    9.0348    13.2004
11.9796    8.99    13.2004
12.021199    8.8876    13.2004
12.049999    8.8164    13.2004
12.1124    8.6748    13.2004
12.15    8.5948    13.2004
12.1956    8.5028    13.2004
12.2156    8.4564    13.2004
12.2332    8.4172    13.2004
12.2755995    8.3228    13.2004
12.2908    8.286799    13.2004
12.321199    8.2108    13.2004
12.3452    8.1636    13.2004
12.3644    8.1188    13.2004
12.4044    8.033999    13.2004
12.4156    8.0044    13.2004
12.4348    7.9644    13.2004
12.4748    7.8844    13.2004
12.487599    7.8668    13.2004
12.5244    7.8148    13.2004
12.538799    7.79    13.2004
12.57    7.7595997    13.2004
12.5892    7.7451997    13.2004
12.6156    7.726    13.2004
12.659599    7.71    13.2004
12.6668    7.7068    13.2004
12.671599    7.7084    13.2004
12.6796    7.7148    13.2004
12.7084    7.7572    13.2004
12.7252    7.7827997    13.2004
12.7532    7.8283997    13.2004
12.762799    7.8515997    13.2004
12.781199    7.9091997    13.2004
12.786799    7.93    13.2004
12.792399    7.9596    13.2004
12.815599    8.066    13.2004
12.846    8.2884    13.2004
12.849199    8.306    13.2004
12.8516    8.3188    13.2004
12.8636    8.395599    13.2004
12.8756    8.4772    13.2004
12.877999    8.4916    13.2004
12.877999    8.4948    13.2004
12.8828    8.5084    13.2004
12.889199    8.53    13.2004
12.901199    8.5372    13.2004
12.9268    8.5388    13.2004
12.9332    8.5364    13.2004
12.938    8.533199    13.2004
12.957999    8.521999    13.2004
12.9716    8.5236    13.2004
12.9908    8.5156    13.2004
13.0036    8.5092    13.2004
13.0196    8.5084    13.2004
13.033999    8.5076    13.2004
13.0404    8.5044    13.2004
13.0548    8.505199    13.2004
13.0588    8.5044    13.2004
13.0596    8.506    13.2004
13.061999    8.518    13.2004
13.0708    8.5356    13.2004
13.073999    8.546    13.2004
13.0812    8.5676    13.2004
13.094    8.6268    13.2004
13.094    8.6292    13.2004
13.094    8.694    13.2004
13.0948    8.694799    13.2004
13.090799    8.7268    13.2004
13.089999    8.7308    13.2004
13.0948    8.7612    13.2004
13.084399    8.8028    13.2004
13.084399    8.8068    13.2004
13.0828    8.809199    13.2004
13.078    8.8316    13.2004
13.0716    8.866799    13.2004
13.0692    8.884399    13.2004
13.0612    8.918    13.2004
13.0604    8.9228    13.2004
13.0588    8.9251995    13.2004
13.0515995    8.9444    13.2004
13.0484    8.9684    13.2004
13.0468    8.9844    13.2004
13.039599    9.0252    13.2004
13.049999    9.0476    13.2004
13.049999    9.058    13.2004
13.049999    9.0748    13.2004
13.049999    9.085199    13.2004
13.0372    9.102    13.2004
13.026799    9.113999    13.2004
13.0252    9.1292    13.2004
13.021999    9.1444    13.2004
13.0236    9.162    13.2004
13.026    9.2108    13.2004
13.0244    9.223599    13.2004
13.021999    9.2532    13.2004
13.0244    9.2684    13.2004
13.0252    9.2828    13.2004
13.0244    9.297999    13.2004
13.0236    9.321199    13.2004
13.0236    9.337999    13.2004
13.0116    9.3548    13.2004
13.0004    9.37    13.2004
12.998    9.3852    13.2004
12.9964    9.3996    13.2004
12.9939995    9.4484    13.2004
12.9908    9.506    13.2004
12.99    9.5412    13.2004
12.99    9.561999    13.2004
12.9844    9.585199    13.2004
12.9852    9.6092    13.2004
12.986799    9.637199    13.2004
12.9892    9.6932    13.2004
12.987599    9.7308    13.2004
12.992399    9.7476    13.2004
12.987599    9.7772    13.2004
12.9883995    9.7908    13.2004
12.99    9.8428    13.2004
12.998    9.8916    13.2004
13.0004    9.9116    13.2004
13.0036    9.9204    13.2004
13.0068    9.9348    13.2004
13.038    10.056399    13.2004
13.056399    10.1236    13.2004
13.0652    10.1491995    13.2004
13.067599    10.1612    13.2004
13.0956    10.269199    13.2004
13.1004    10.2884    13.2004
13.101999    10.292399    13.2004
13.102799    10.2948    13.2004
13.1068    10.3043995    13.2004
13.1556    10.4212    13.2004
13.183599    10.4844    13.2004
13.198    10.514    13.2004
13.211599    10.545199    13.2004
13.2372    10.5988    13.2004
13.2476    10.6212    13.2004
13.2508    10.63    13.2004
13.2644    10.6564    13.2004
13.360399    10.832399    13.2004
13.3636    10.8372    13.2004
13.366799    10.8428    13.2004
13.401999    10.898    13.2004
13.4732    11.010799    13.2004
13.4772    11.016399    13.2004
13.53    11.09    13.2004
13.566    11.138    13.2004
13.5876    11.165199    13.2004
13.607599    11.1916    13.2004
13.6348    11.2316    13.2004
13.6491995    11.2484    13.2004
13.6588    11.2668    13.2004
13.6796    11.2932    13.2004
13.7028    11.3236    13.2004
13.7156    11.3396    13.2004
13.73    11.361199    13.2004
13.7484    11.3924    13.2004
13.7644    11.413199    13.2004
13.778    11.438    13.2004
13.7892    11.452399    13.2004
13.802799    11.4716    13.2004
13.818    11.4948    13.2004
13.8196    11.4972    13.2004
13.822    11.5004    13.2004
13.8532    11.5492    13.2004
13.8619995    11.5612    13.2004
13.9044    11.6292    13.2004
13.9116    11.6412    13.2004
13.913199    11.6435995    13.2004
13.9172    11.6508    13.2004
13.957999    11.714    13.2004
13.9788    11.7508    13.2004
13.9964    11.778    13.2004
14.0244    11.825999    13.2004
14.0548    11.8748    13.2004
14.0884    11.936399    13.2004
14.1012    11.9595995    13.2004
14.1236    11.999599    13.2004
14.1572    12.062799    13.2004
14.1636    12.0756    13.2004
14.165999    12.0803995    13.2004
14.170799    12.0892    13.2004
14.199599    12.1468    13.2004
14.214    12.177199    13.2004
14.2364    12.2276    13.2004
14.25    12.2612    13.2004
14.2652    12.2964    13.2004
14.2876    12.3524    13.2004
14.297199    12.3796    13.2004
14.322    12.4516    13.2004
14.3476    12.526    13.2004
14.358    12.5571995    13.2004
14.3988    12.683599    13.2004
14.3988    12.6844    13.2004
14.3996    12.6868    13.2004
14.4428    12.8348    13.2004
14.4564    12.882    13.2004
14.481999    12.9732    13.2004
14.5004    13.042    13.2004
14.5148    13.0988    13.2004
14.533999    13.177199    13.2004
14.549999    13.2492    13.2004
14.5636    13.3132    13.2004
14.579599    13.389199    13.2004
14.590799    13.446    13.2004
14.6068    13.5324    13.2004
14.6156    13.589999    13.2004
14.6268    13.665999    13.2004
14.634    13.717199    13.2004
14.6435995    13.794    13.2004
14.6508    13.8484    13.2004
14.658799    13.9212    13.2004
14.6668    13.986799    13.2004
14.671599    14.042    13.2004
14.6788    14.106    13.2004
14.681999    14.142799    13.2004
14.6916    14.2244    13.2004
14.693199    14.2372    13.2004
14.693199    14.2411995    13.2004
14.693999    14.257199    13.2004
14.6972    14.309999    13.2004
14.693999    14.3228    13.2004
14.693999    14.337999    13.2004
14.69    14.360399    13.2004
14.689199    14.3692    13.2004
14.687599    14.374    13.2004
14.682799    14.3764    13.2004
14.665999    14.372399    13.2004
14.647599    14.3596    13.2004
14.6356    14.3508    13.2004
14.590799    14.3124    13.2004
14.5859995    14.3076    13.2004
14.5828    14.3043995    13.2004
14.5515995    14.2708    13.2004
14.533199    14.2492    13.2004
14.5188    14.2332    13.2004
14.4948    14.199599    13.2004
14.470799    14.1684    13.2004
14.457999    14.15    13.2004
14.435599    14.118799    13.2004
14.394    14.0571995    13.2004
14.3692    14.018    13.2004
14.3476    13.9852    13.2004
14.3164    13.935599    13.2004
14.292399    13.8996    13.2004
14.273999    13.87    13.2004
14.245199    13.821199    13.2004
14.2156    13.7732    13.2004
14.193999    13.7388    13.2004
14.1748    13.7076    13.2004
14.148399    13.659599    13.2004
14.1052    13.5828    13.2004
14.091599    13.5588    13.2004
14.0836    13.544399    13.2004
14.0532    13.4883995    13.2004
14.018    13.417999    13.2004
14.0068    13.3972    13.2004
13.99    13.3636    13.2004
13.958799    13.3004    13.2004
13.9428    13.2676    13.2004
13.924399    13.228399    13.2004
13.8884    13.154799    13.2004
13.860399    13.097199    13.2004
13.802    12.9844    13.2004
13.7844    12.95    13.2004
13.7724    12.929199    13.2004
13.7212    12.834    13.2004
13.714    12.8196    13.2004
13.642799    12.6924    13.2004
13.6348    12.6779995    13.2004
13.6324    12.6732    13.2004
13.625999    12.6628    13.2004
13.578    12.5756    13.2004
13.5244    12.4883995    13.2004
13.5084    12.4604    13.2004
13.499599    12.446    13.2004
13.4548    12.3716    13.2004
13.395599    12.2772    13.2004
13.394799    12.2772    13.2004
13.3468    12.205999    13.2004
13.3331995    12.1876    13.2004
13.3164    12.165999    13.2004
13.2908    12.134    13.2004
13.246799    12.0803995    13.2004
13.205199    12.0244    13.2004
13.118    11.912399    13.2004
13.066    11.8476    13.2004
13.0404    11.814    13.2004
12.8996    11.638    13.2004
12.8988    11.636399    13.2004
12.778    11.4828    13.2004
12.7699995    11.4716    13.2004
12.7652    11.465199    13.2004
12.7276    11.413199    13.2004
12.7148    11.395599    13.2004
12.7028    11.3812    13.2004
12.69    11.373199    13.2004
12.6812    11.3652    13.2004
12.6628    11.3628    13.2004
12.65    11.3484    13.2004
12.63    11.3764    13.2004
12.6276    11.3884    13.2004
12.630799    11.4092    13.2004
12.6276    11.4251995    13.2004
12.631599    11.4452    13.2004
12.637199    11.4716    13.2004
12.6388    11.476399    13.2004
12.647599    11.5236    13.2004
12.65    11.538    13.2004
12.6572    11.573999    13.2004
12.6844    11.717999    13.2004
12.7067995    11.8308    13.2004
12.723599    11.922    13.2004
12.7388    12.009999    13.2004
12.7492    12.078    13.2004
12.754    12.1108    13.2004
12.7564    12.1292    13.2004
12.7612    12.160399    13.2004
12.7716    12.2372    13.2004
12.7796    12.286799    13.2004
12.7844    12.3276    13.2004
12.791599    12.3852    13.2004
12.794    12.407599    13.2004
12.794    12.417999    13.2004
12.7956    12.4268    13.2004
12.8043995    12.4972    13.2004
12.8052    12.502    13.2004
12.8172    12.5644    13.2004
12.8228    12.598    13.2004
12.8404    12.688399    13.2004
12.849999    12.740399    13.2004
12.8684    12.8236    13.2004
12.877999    12.865999    13.2004
12.894    12.9284    13.2004
12.900399    12.9556    13.2004
12.9212    13.046    13.2004
12.935599    13.1092    13.2004
12.9508    13.1684    13.2004
12.9564    13.1972    13.2004
12.981199    13.302    13.2004
12.9836    13.314799    13.2004
12.986    13.3244    13.2004
13.004399    13.406799    13.2004
13.0132    13.4404    13.2004
13.015599    13.4516    13.2004
13.0171995    13.457999    13.2004
13.0492    13.573999    13.2004
13.0515995    13.584399    13.2004
13.067599    13.634    13.2004
13.0884    13.7036    13.2004
13.120399    13.806    13.2004
13.1268    13.8276    13.2004
13.130799    13.843599    13.2004
13.1564    13.9372    13.2004
13.1588    13.9516    13.2004
13.1732    14.009999    13.2004
13.1756    14.018    13.2004
13.1844    14.0524    13.2004
13.19    14.0884    13.2004
13.1972    14.118799    13.2004
13.2012    14.136399    13.2004
13.214    14.1924    13.2004
13.2244    14.2476    13.2004
13.2324    14.280399    13.2004
13.242    14.331599    13.2004
13.245199    14.349199    13.2004
13.2532    14.386    13.2004
13.2556    14.3963995    13.2004
13.257999    14.4092    13.2004
13.2612    14.429199    13.2004
13.2732    14.5028    13.2004
13.2772    14.5252    13.2004
13.2876    14.5772    13.2004
13.292399    14.608399    13.2004
13.297199    14.6284    13.2004
13.3043995    14.6612    13.2004
13.3124    14.7076    13.2004
13.315599    14.7244    13.2004
13.3188    14.740399    13.2004
13.3292    14.778    13.2004
13.337999    14.818    13.2004
13.343599    14.842799    13.2004
13.3524    14.882799    13.2004
13.354    14.889199    13.2004
13.355599    14.894799    13.2004
13.3619995    14.912399    13.2004
13.377999    14.963599    13.2004
13.3852    14.9844    13.2004
13.394799    15.018    13.2004
13.3988    15.03    13.2004
13.407599    15.061199    13.2004
13.417999    15.0996    13.2004
13.4324    15.1348    13.2004
13.4372    15.147599    13.2004
13.4396    15.153999    13.2004
13.4428    15.1636    13.2004
13.4508    15.1844    13.2004
13.453199    15.2204    13.2004
13.4572    15.2332    13.2004
13.4612    15.2428    13.2004
13.4628    15.2828    13.2004
13.464399    15.2876    13.2004
13.4716    15.3188    13.2004
13.475599    15.338799    13.2004
13.481999    15.373199    13.2004
13.4844    15.3916    13.2004
13.486    15.401199    13.2004
13.4892    15.417199    13.2004
13.499599    15.4676    13.2004
13.5028    15.4939995    13.2004
13.505199    15.516399    13.2004
13.5148    15.5748    13.2004
13.5204    15.6124    13.2004
13.5236    15.6324    13.2004
13.5227995    15.6444    13.2004
13.526799    15.6676    13.2004
13.5308    15.693199    13.2004
13.5348    15.7148    13.2004
13.5515995    15.7996    13.2004
13.5604    15.844399    13.2004
13.561999    15.853999    13.2004
13.562799    15.8628    13.2004
13.5764    15.9164    13.2004
13.5884    15.9604    13.2004
13.597199    16.0052    13.2004
13.5996    16.0172    13.2004
13.618    16.093199    13.2004
13.6276    16.1324    13.2004
13.6292    16.1372    13.2004
13.631599    16.1468    13.2004
13.658    16.2444    13.2004
13.6788    16.3172    13.2004
13.683599    16.334    13.2004
13.705999    16.4156    13.2004
13.7308    16.5044    13.2004
13.7332    16.513199    13.2004
13.7355995    16.5204    13.2004
13.781199    16.6708    13.2004
13.7987995    16.7356    13.2004
13.815599    16.7868    13.2004
13.8196    16.8004    13.2004
13.8228    16.8084    13.2004
13.8244    16.8116    13.2004
13.8276    16.8268    13.2004
13.837199    16.8596    13.2004
13.842    16.8828    13.2004
13.849199    16.9012    13.2004
13.855599    16.9268    13.2004
13.861199    16.9452    13.2004
13.884399    17.0164    13.2004
13.889999    17.0348    13.2004
13.9212    17.142    13.2004
13.946799    17.2132    13.2004
13.95    17.2228    13.2004
13.9516    17.2292    13.2004
13.9716    17.2932    13.2004
13.997999    17.3804    13.2004
14.006    17.403599    13.2004
14.0308    17.4804    13.2004
14.0412    17.51    13.2004
14.049999    17.541199    13.2004
14.061199    17.5732    13.2004
14.078799    17.628399    13.2004
14.089999    17.6596    13.2004
14.1044    17.6996    13.2004
14.138    17.801199    13.2004
14.1468    17.8268    13.2004
14.1692    17.886799    13.2004
14.1868    17.931599    13.2004
14.223599    18.0276    13.2004
14.246799    18.0812    13.2004
14.2564    18.1068    13.2004
14.2892    18.1868    13.2004
14.302799    18.2188    13.2004
14.337999    18.2972    13.2004
14.389199    18.3996    13.2004
14.3963995    18.4156    13.2004
14.4028    18.4292    13.2004
14.4164    18.454    13.2004
14.457999    18.529999    13.2004
14.4828    18.576399    13.2004
14.4908    18.59    13.2004
14.5004    18.605999    13.2004
14.5227995    18.6404    13.2004
14.561199    18.702    13.2004
14.578    18.7244    13.2004
14.6068    18.764399    13.2004
14.6164    18.777199    13.2004
14.646    18.8204    13.2004
14.6756    18.858    13.2004
14.6796    18.8652    13.2004
14.6812    18.8668    13.2004
14.73    18.9436    13.2004
14.73    18.944399    13.2004
14.7332    18.9492    13.2004
14.734799    18.9532    13.2004
14.7604    18.9924    13.2004
14.7716    19.007599    13.2004
14.7892    19.038    13.2004
14.792399    19.042    13.2004
14.797999    19.052399    13.2004
14.8124    19.07    13.2004
14.8228    19.0892    13.2004
14.8308    19.102    13.2004
14.8508    19.121199    13.2004
14.872399    19.122799    13.2004
14.8756    19.1132    13.2004
14.8756    19.094    13.2004
14.8764    19.0796    13.2004
14.8756    19.063599    13.2004
14.872399    19.037199    13.2004
14.871599    19.0204    13.2004
14.861199    18.93    13.2004
14.8452    18.7708    13.2004
14.83    18.622799    13.2004
14.8276    18.5956    13.2004
14.825999    18.5756    13.2004
14.8252    18.563599    13.2004
14.8228    18.5452    13.2004
14.8124    18.4252    13.2004
14.8043995    18.3596    13.2004
14.7996    18.3084    13.2004
14.7844    18.156399    13.2004
14.7788    18.0956    13.2004
14.7699995    18.014    13.2004
14.763599    17.937199    13.2004
14.7612    17.914    13.2004
14.757199    17.8524    13.2004
14.75    17.7564    13.2004
14.739599    17.5772    13.2004
14.739599    17.57    13.2004
14.739599    17.5668    13.2004
14.738    17.5284    13.2004
14.738    17.5124    13.2004
14.7372    17.498    13.2004
14.729199    17.4844    13.2004
14.723599    17.4652    13.2004
14.7132    17.4604    13.2004
14.693999    17.4412    13.2004
14.670799    17.4364    13.2004
14.658799    17.4356    13.2004
14.638    17.434    13.2004
14.596399    17.4308    13.2004
14.595599    17.4308    13.2004
14.5364    17.4188    13.2004
14.5236    17.4156    13.2004
14.4668    17.397999    13.2004
14.463599    17.3972    13.2004
14.435599    17.3852    13.2004
14.405999    17.3692    13.2004
14.3963995    17.3652    13.2004
14.386    17.3604    13.2004
14.3331995    17.33    13.2004
14.29    17.3036    13.2004
14.274799    17.2932    13.2004
14.268399    17.2876    13.2004
14.2564    17.2796    13.2004
14.246799    17.2724    13.2004
14.238    17.265999    13.2004
14.2044    17.237999    13.2004
14.1812    17.213999    13.2004
14.165199    17.1988    13.2004
14.158799    17.191599    13.2004
14.141999    17.167599    13.2004
14.137199    17.1572    13.2004
14.1212    17.133999    13.2004
14.1124    17.1108    13.2004
14.107599    17.0996    13.2004
14.095599    17.0644    13.2004
14.0924    17.053999    13.2004
14.090799    17.0492    13.2004
14.085199    17.007599    13.2004
14.078799    16.9804    13.2004
14.0708    16.9508    13.2004
14.0644    16.937199    13.2004
14.058    16.9292    13.2004
14.0476    16.9212    13.2004
14.042    16.906    13.2004
14.0308    16.8964    13.2004
14.009999    16.892399    13.2004
13.9892    16.886799    13.2004
13.9436    16.8764    13.2004
13.9372    16.8732    13.2004
13.9276    16.8668    13.2004
13.91    16.8652    13.2004
13.8996    16.8708    13.2004
13.8972    16.8596    13.2004
13.8996    16.8468    13.2004
13.895599    16.8244    13.2004
13.8963995    16.8084    13.2004
13.8996    16.7948    13.2004
13.8996    16.7692    13.2004
13.905999    16.7508    13.2004
13.9116    16.71    13.2004
13.914    16.694    13.2004
13.914    16.6884    13.2004
13.9212    16.6532    13.2004
13.924399    16.6356    13.2004
13.9436    16.5388    13.2004
13.9444    16.535599    13.2004
13.9444    16.5348    13.2004
13.9444    16.534    13.2004
13.9444    16.5332    13.2004
13.981999    16.39    13.2004
13.993199    16.347599    13.2004
14.002    16.3148    13.2004
14.0308    16.2292    13.2004
14.0316    16.226    13.2004
14.0436    16.1932    13.2004
14.046    16.1876    13.2004
14.0548    16.173199    13.2004
14.0764    16.1548    13.2004
14.078799    16.1524    13.2004
14.079599    16.1524    13.2004
14.1044    16.142    13.2004
14.107599    16.142    13.2004
14.1332    16.1404    13.2004
14.1524    16.145199    13.2004
14.160399    16.146    13.2004
14.1684    16.1484    13.2004
14.1852    16.1532    13.2004
14.188399    16.1532    13.2004
14.1964    16.1532    13.2004
14.217199    16.1524    13.2004
14.238    16.1364    13.2004
14.250799    16.1308    13.2004
14.2548    16.118    13.2004
14.2652    16.0956    13.2004
14.273999    16.066    13.2004
14.2772    16.0572    13.2004
14.2996    15.987599    13.2004
14.3004    15.9844    13.2004
14.3004    15.9836    13.2004
14.3012    15.981999    13.2004
14.3364    15.8756    13.2004
14.346    15.846    13.2004
14.354799    15.818    13.2004
14.373199    15.7612    13.2004
14.378799    15.7388    13.2004
14.3852    15.717199    13.2004
14.395599    15.683599    13.2004
14.401199    15.664399    13.2004
14.4148    15.6092    13.2004
14.418799    15.598    13.2004
14.4196    15.595599    13.2004
14.422    15.5868    13.2004
14.434    15.5428    13.2004
14.4452    15.499599    13.2004
14.4484    15.487599    13.2004
14.45    15.481199    13.2004
14.4668    15.41    13.2004
14.4804    15.353999    13.2004
14.486    15.33    13.2004
14.497999    15.280399    13.2004
14.5132    15.2188    13.2004
14.516399    15.2036    13.2004
14.521999    15.183599    13.2004
14.550799    15.0748    13.2004
14.5604    15.037999    13.2004
14.5924    14.9212    13.2004
14.5924    14.9204    13.2004
14.6236    14.802799    13.2004
14.642799    14.740399    13.2004
14.6444    14.7355995    13.2004
14.6452    14.7332    13.2004
14.65    14.7188    13.2004
14.6668    14.6628    13.2004
14.6684    14.6556    13.2004
14.676399    14.630799    13.2004
14.686    14.5996    13.2004
14.693199    14.5772    13.2004
14.6964    14.57    13.2004
14.702    14.558    13.2004
14.705199    14.5468    13.2004
14.7196    14.510799    13.2004
14.7212    14.503599    13.2004
14.7204    14.487599    13.2004
14.7244    14.4748    13.2004
14.7268    14.4548    13.2004
14.7332    14.441199    13.2004
14.7484    14.422    13.2004
14.7532    14.405999    13.2004
14.7588    14.389999    13.2004
14.766    14.371599    13.2004
14.797999    14.2876    13.2004
14.7996    14.2836    13.2004
14.8012    14.280399    13.2004
14.8276    14.2188    13.2004
14.846    14.1723995    13.2004
14.855599    14.1491995    13.2004
14.866799    14.125999    13.2004
14.8868    14.0868    13.2004
14.9044    14.0532    13.2004
14.9316    14.0036    13.2004
14.970799    13.934    13.2004
14.999599    13.8852    13.2004
15.0772    13.7588    13.2004
15.0924    13.7332    13.2004
15.095599    13.728399    13.2004
15.118    13.686    13.2004
15.122    13.6796    13.2004
15.1444    13.6396    13.2004
15.1508    13.6292    13.2004
15.1756    13.584399    13.2004
15.186    13.566    13.2004
15.187599    13.561999    13.2004
15.19    13.5571995    13.2004
15.2084    13.526    13.2004
15.2428    13.4676    13.2004
15.2428    13.4668    13.2004
15.2444    13.466    13.2004
15.2932    13.386    13.2004
15.3004    13.3772    13.2004
15.3348    13.3308    13.2004
15.349199    13.3124    13.2004
15.3636    13.292399    13.2004
15.3924    13.257199    13.2004
15.4092    13.2388    13.2004
15.4516    13.199599    13.2004
15.462    13.189199    13.2004
15.5068    13.153199    13.2004
15.521199    13.1412    13.2004
15.5588    13.118    13.2004
15.568399    13.1124    13.2004
15.5803995    13.1052    13.2004
15.618    13.0884    13.2004
15.6388    13.0803995    13.2004
15.6668    13.0724    13.2004
15.698799    13.0636    13.2004
15.711599    13.0612    13.2004
15.750799    13.0548    13.2004
15.757999    13.054    13.2004
15.79    13.054    13.2004
15.797199    13.054    13.2004
15.8404    13.0571995    13.2004
15.8468    13.058    13.2004
15.8804    13.0644    13.2004
15.911599    13.0692    13.2004
15.9164    13.0708    13.2004
15.963599    13.082    13.2004
15.9883995    13.0876    13.2004
15.9916    13.0892    13.2004
16.0148    13.098    13.2004
16.041199    13.108399    13.2004
16.0444    13.11    13.2004
16.0508    13.113199    13.2004
16.1028    13.138    13.2004
16.1276    13.153199    13.2004
16.1548    13.165999    13.2004
16.202    13.1956    13.2004
16.2148    13.2028    13.2004
16.2292    13.211599    13.2004
16.2588    13.23    13.2004
16.2788    13.2444    13.2004
16.306799    13.2644    13.2004
16.3356    13.2836    13.2004
16.3468    13.292399    13.2004
16.3692    13.309999    13.2004
16.4084    13.338799    13.2004
16.41    13.3404    13.2004
16.414799    13.344399    13.2004
16.449999    13.373199    13.2004
16.4708    13.3876    13.2004
16.485199    13.398    13.2004
16.538    13.4444    13.2004
16.5452    13.45    13.2004
16.548399    13.452399    13.2004
16.5556    13.4595995    13.2004
16.5996    13.5004    13.2004
16.611599    13.5092    13.2004
16.6484    13.545199    13.2004
16.6524    13.5484    13.2004
16.6532    13.5492    13.2004
16.6548    13.550799    13.2004
16.708399    13.601999    13.2004
16.7172    13.61    13.2004
16.7444    13.6396    13.2004
16.7588    13.653999    13.2004
16.7796    13.676399    13.2004
16.8036    13.705199    13.2004
16.817999    13.722    13.2004
16.834    13.7411995    13.2004
16.8484    13.7612    13.2004
16.8796    13.802799    13.2004
16.8988    13.831599    13.2004
16.9156    13.8572    13.2004
16.946    13.9084    13.2004
16.949999    13.9148    13.2004
16.9572    13.9276    13.2004
16.9684    13.946799    13.2004
16.9844    13.9724    13.2004
17.001999    14.0036    13.2004
17.0124    14.021999    13.2004
17.0396    14.061999    13.2004
17.048399    14.0756    13.2004
17.0548    14.0859995    13.2004
17.093199    14.136399    13.2004
17.1036    14.1491995    13.2004
17.1348    14.1868    13.2004
17.191599    14.257999    13.2004
17.213999    14.286799    13.2004
17.236399    14.3172    13.2004
17.2516    14.3364    13.2004
17.2644    14.355599    13.2004
17.2916    14.398    13.2004
17.3044    14.418799    13.2004
17.3244    14.4548    13.2004
17.3388    14.4796    13.2004
17.358799    14.5171995    13.2004
17.3668    14.533999    13.2004
17.3964    14.6004    13.2004
17.4044    14.6212    13.2004
17.4212    14.6612    13.2004
17.437199    14.7067995    13.2004
17.446    14.7308    13.2004
17.466    14.792399    13.2004
17.47    14.802799    13.2004
17.5044    14.9251995    13.2004
17.5052    14.929999    13.2004
17.5068    14.934799    13.2004
17.535599    15.049999    13.2004
17.537199    15.056399    13.2004
17.542799    15.0828    13.2004
17.5644    15.1779995    13.2004
17.569199    15.1972    13.2004
17.5836    15.2644    13.2004
17.5916    15.2987995    13.2004
17.604399    15.3628    13.2004
17.614    15.4092    13.2004
17.628399    15.474    13.2004
17.6492    15.566    13.2004
17.6556    15.5932    13.2004
17.661999    15.618    13.2004
17.6772    15.683599    13.2004
17.695599    15.7588    13.2004
17.702799    15.7884    13.2004
17.7092    15.813999    13.2004
17.736399    15.9204    13.2004
17.7484    15.966    13.2004
17.7676    16.0476    13.2004
17.7724    16.0716    13.2004
17.7732    16.0772    13.2004
17.782    16.0964    13.2004
17.784399    16.1076    13.2004
17.789999    16.1196    13.2004
17.805199    16.1276    13.2004
17.8172    16.1316    13.2004
17.8316    16.1332    13.2004
17.8436    16.1332    13.2004
17.8828    16.1316    13.2004
17.8852    16.1316    13.2004
17.8884    16.1324    13.2004
17.9212    16.1348    13.2004
17.934    16.138    13.2004
17.9452    16.1404    13.2004
17.9596    16.1476    13.2004
17.972399    16.156399    13.2004
17.9804    16.174799    13.2004
17.9932    16.191599    13.2004
18.0044    16.218    13.2004
18.0068    16.2236    13.2004
18.0084    16.2276    13.2004
18.0116    16.236399    13.2004
18.024399    16.284399    13.2004
18.038    16.3332    13.2004
18.0476    16.3732    13.2004
18.052399    16.394    13.2004
18.069199    16.4708    13.2004
18.069199    16.4732    13.2004
18.070799    16.4804    13.2004
18.081999    16.546799    13.2004
18.0844    16.5604    13.2004
18.094799    16.621199    13.2004
18.098    16.6404    13.2004
18.1012    16.6684    13.2004
18.102    16.682    13.2004
18.1012    16.691599    13.2004
18.0996    16.7004    13.2004
18.094    16.71    13.2004
18.076399    16.718    13.2004
18.0748    16.719599    13.2004
18.074    16.719599    13.2004
17.9956    16.741999    13.2004
17.9708    16.75    13.2004
17.9548    16.7556    13.2004
17.938799    16.7684    13.2004
17.93    16.7876    13.2004
17.9228    16.7924    13.2004
17.9172    16.798    13.2004
17.920399    16.8308    13.2004
17.920399    16.8324    13.2004
17.927599    16.897999    13.2004
17.927599    16.8996    13.2004
17.93    16.977999    13.2004
17.93    16.9812    13.2004
17.93    16.9844    13.2004
17.927599    17.0588    13.2004
17.9268    17.0684    13.2004
17.9236    17.0924    13.2004
17.9196    17.128399    13.2004
17.914    17.157999    13.2004
17.9124    17.163599    13.2004
17.9124    17.1652    13.2004
17.9012    17.1892    13.2004
17.9004    17.191599    13.2004
17.8932    17.2036    13.2004
17.8852    17.2156    13.2004
17.8836    17.218    13.2004
17.881199    17.221199    13.2004
17.8652    17.2372    13.2004
17.862799    17.2396    13.2004
17.858799    17.243599    13.2004
17.838    17.262    13.2004
17.8084    17.2836    13.2004
17.8004    17.2876    13.2004
17.7628    17.306    13.2004
17.7572    17.3084    13.2004
17.7332    17.317999    13.2004
17.7276    17.3196    13.2004
17.7012    17.3276    13.2004
17.657999    17.3372    13.2004
17.65    17.3388    13.2004
17.6444    17.3396    13.2004
17.6404    17.3396    13.2004
17.6316    17.340399    13.2004
17.600399    17.3436    13.2004
17.586    17.3412    13.2004
17.5732    17.3412    13.2004
17.5556    17.3372    13.2004
17.5444    17.3356    13.2004
17.5308    17.3316    13.2004
17.5068    17.3228    13.2004
17.486    17.314    13.2004
17.4604    17.301199    13.2004
17.4524    17.2964    13.2004
17.4452    17.2916    13.2004
17.438799    17.2892    13.2004
17.409199    17.2692    13.2004
17.4084    17.2684    13.2004
17.394    17.253199    13.2004
17.3828    17.2404    13.2004
17.364399    17.23    13.2004
17.347599    17.226799    13.2004
17.33    17.247599    13.2004
17.3244    17.2636    13.2004
17.3132    17.2644    13.2004
17.306    17.2732    13.2004
17.305199    17.2804    13.2004
17.3076    17.33    13.2004
17.3084    17.345999    13.2004
17.3092    17.35    13.2004
17.3092    17.353199    13.2004
17.3092    17.3652    13.2004
17.3116    17.4596    13.2004
17.3148    17.518    13.2004
17.3156    17.541199    13.2004
17.317999    17.5748    13.2004
17.323599    17.6484    13.2004
17.3356    17.788399    13.2004
17.3356    17.7932    13.2004
17.3364    17.795599    13.2004
17.3372    17.802    13.2004
17.3484    17.8996    13.2004
17.3564    17.9756    13.2004
17.3668    18.0668    13.2004
17.379599    18.1796    13.2004
17.3836    18.2156    13.2004
17.3892    18.262    13.2004
17.397999    18.3436    13.2004
17.4052    18.4236    13.2004
17.41    18.4756    13.2004
17.420399    18.5772    13.2004
17.4228    18.602    13.2004
17.4244    18.622799    13.2004
17.4364    18.788399    13.2004
17.437199    18.798    13.2004
17.444399    18.8884    13.2004
17.4516    19.014    13.2004
17.455599    19.1132    13.2004
17.4588    19.201199    13.2004
17.4588    19.213999    13.2004
17.4588    19.23    13.2004
17.4564    19.326    13.2004
17.4564    19.366    13.2004
17.454    19.4308    13.2004
17.4516    19.5508    13.2004
17.4508    19.5892    13.2004
17.4452    19.6612    13.2004
17.4436    19.713999    13.2004
17.4404    19.7812    13.2004
17.4404    19.7908    13.2004
17.438799    19.875599    13.2004
17.438799    19.886799    13.2004
17.438    19.902    13.2004
17.4348    19.9916    13.2004
17.4356    20.0476    13.2004
17.4364    20.1148    13.2004
17.438    20.1612    13.2004
17.4412    20.2284    13.2004
17.446    20.394    13.2004
17.4452    20.446    13.2004
17.4436    20.4972    13.2004
17.442    20.5308    13.2004
17.438    20.593199    13.2004
17.4348    20.63    13.2004
17.4292    20.6948    13.2004
17.4268    20.7092    13.2004
17.414799    20.778    13.2004
17.403599    20.8324    13.2004
17.3988    20.8492    13.2004
17.386    20.9028    13.2004
17.369999    20.9548    13.2004
17.362799    20.9748    13.2004
17.3132    21.1132    13.2004
17.310799    21.1188    13.2004
17.31    21.122799    13.2004
17.3084    21.1276    13.2004
17.27    21.2276    13.2004
17.260399    21.2652    13.2004
17.2444    21.3172    13.2004
17.234    21.3724    13.2004
17.23    21.3932    13.2004
17.226799    21.431599    13.2004
17.225199    21.4492    13.2004
17.226    21.4812    13.2004
17.2276    21.4988    13.2004
17.230799    21.524399    13.2004
17.2348    21.5676    13.2004
17.2556    21.6532    13.2004
17.2588    21.6668    13.2004
17.2636    21.6852    13.2004
17.2804    21.7508    13.2004
17.3036    21.8436    13.2004
17.312399    21.8828    13.2004
17.3212    21.93    13.2004
17.3332    22.0028    13.2004
17.334    22.0124    13.2004
17.3356    22.026    13.2004
17.3412    22.1148    13.2004
17.3412    22.189999    13.2004
17.3412    22.2116    13.2004
17.3372    22.2732    13.2004
17.334799    22.3044    13.2004
17.326    22.362    13.2004
17.3156    22.431599    13.2004
17.3148    22.4348    13.2004
17.312399    22.4468    13.2004
17.2988    22.5108    13.2004
17.295599    22.526    13.2004
17.2748    22.600399    13.2004
17.2692    22.6204    13.2004
17.241999    22.7036    13.2004
17.234    22.7228    13.2004
17.2164    22.7628    13.2004
17.1956    22.806799    13.2004
17.1828    22.8324    13.2004
17.1492    22.8948    13.2004
17.13    22.9284    13.2004
17.1164    22.9516    13.2004
17.104399    22.9692    13.2004
17.078    23.0028    13.2004
17.0476    23.046799    13.2004
17.035599    23.062    13.2004
16.966    23.139599    13.2004
16.961199    23.1444    13.2004
16.9604    23.145199    13.2004
16.8996    23.202    13.2004
16.8852    23.2156    13.2004
16.851599    23.243599    13.2004
16.829199    23.260399    13.2004
16.822    23.2668    13.2004
16.806799    23.277199    13.2004
16.801199    23.282799    13.2004
16.7916    23.298    13.2004
16.7932    23.314    13.2004
16.7932    23.3252    13.2004
16.799599    23.344398    13.2004
16.802    23.3508    13.2004
16.8036    23.3556    13.2004
16.81    23.3692    13.2004
16.829199    23.4124    13.2004
16.8372    23.434    13.2004
16.862    23.498    13.2004
16.8652    23.5068    13.2004
16.8668    23.5108    13.2004
16.8884    23.5772    13.2004
16.909199    23.6428    13.2004
16.909199    23.643599    13.2004
16.91    23.6444    13.2004
16.91    23.645199    13.2004
16.910799    23.650799    13.2004
16.9156    23.678    13.2004
16.9156    23.685999    13.2004
16.9052    23.7036    13.2004
16.8892    23.717999    13.2004
16.886799    23.719599    13.2004
16.8852    23.721199    13.2004
16.8828    23.7228    13.2004
16.858    23.7348    13.2004
16.834799    23.7452    13.2004
16.774    23.771599    13.2004
16.73    23.788399    13.2004
16.6852    23.8036    13.2004
16.6412    23.8204    13.2004
16.553999    23.847599    13.2004
16.5508    23.8484    13.2004
16.479599    23.8668    13.2004
16.4644    23.8708    13.2004
16.4012    23.885199    13.2004
16.3828    23.8892    13.2004
16.3092    23.901999    13.2004
16.2892    23.906    13.2004
16.2612    23.910799    13.2004
16.2236    23.916399    13.2004
16.1532    23.9236    13.2004
16.115599    23.9268    13.2004
16.074    23.93    13.2004
15.974    23.9348    13.2004
15.970799    23.9348    13.2004
15.9684    23.9348    13.2004
15.963599    23.9348    13.2004
15.95    23.9356    13.2004
15.8804    23.9412    13.2004
15.849999    23.944399    13.2004
15.8292    23.9468    13.2004
15.820399    23.9468    13.2004
15.7612    23.9604    13.2004
15.742    23.9644    13.2004
15.6444    23.9876    13.2004
15.638    23.989199    13.2004
15.6348    23.99    13.2004
15.5188    24.022    13.2004
15.4316    24.045198    13.2004
15.3924    24.0556    13.2004
15.3172    24.0812    13.2004
15.2699995    24.093199    13.2004
15.2588    24.0964    13.2004
15.2436    24.100399    13.2004
15.1723995    24.121199    13.2004
15.1172    24.1348    13.2004
15.095599    24.1388    13.2004
15.078799    24.1428    13.2004
15.039599    24.1532    13.2004
14.941199    24.1764    13.2004
14.9307995    24.178799    13.2004
14.9268    24.1796    13.2004
14.924399    24.1796    13.2004
14.922    24.180399    13.2004
14.8452    24.194    13.2004
14.8116    24.2004    13.2004
14.768399    24.2108    13.2004
14.7084    24.221199    13.2004
14.527599    24.2572    13.2004
14.4452    24.2708    13.2004
14.429999    24.2732    13.2004
14.4084    24.275599    13.2004
14.334    24.286798    13.2004
14.2987995    24.2908    13.2004
14.2564    24.2948    13.2004
14.238    24.298    13.2004
14.2188    24.301199    13.2004
14.165999    24.306    13.2004
14.1004    24.312399    13.2004
14.084399    24.316399    13.2004
14.0724    24.3252    13.2004
14.062799    24.3244    13.2004
14.0484    24.3268    13.2004
14.0412    24.3244    13.2004
14.0252    24.3252    13.2004
14.0124    24.326    13.2004
13.9948    24.33    13.2004
13.966    24.3356    13.2004
13.934    24.3412    13.2004
13.922    24.3436    13.2004
13.907599    24.355598    13.2004
13.882    24.3612    13.2004
13.854    24.3708    13.2004
13.843599    24.3788    13.2004
13.849999    24.397999    13.2004
13.872399    24.4044    13.2004
13.8804    24.4068    13.2004
13.9052    24.4044    13.2004
13.9116    24.406    13.2004
13.957999    24.403599    13.2004
13.969199    24.403599    13.2004
13.9836    24.4044    13.2004
14.006    24.4052    13.2004
14.098    24.409199    13.2004
14.102799    24.409199    13.2004
14.108399    24.410799    13.2004
14.113199    24.410799    13.2004
14.1644    24.4124    13.2004
14.194799    24.414799    13.2004
14.2444    24.420399    13.2004
14.3172    24.431599    13.2004
14.3684    24.4468    13.2004
14.417999    24.4628    13.2004
14.436399    24.4676    13.2004
14.4612    24.4772    13.2004
14.4836    24.490799    13.2004
14.538799    24.5236    13.2004
14.5756    24.5476    13.2004
14.589999    24.5588    13.2004
14.607599    24.5724    13.2004
14.6124    24.5772    13.2004
14.620399    24.5836    13.2004
14.642799    24.594799    13.2004
14.659599    24.5964    13.2004
14.677199    24.602798    13.2004
14.693199    24.6012    13.2004
14.7196    24.602    13.2004
14.722799    24.5996    13.2004
14.7484    24.5828    13.2004
14.750799    24.580399    13.2004
14.7604    24.5716    13.2004
14.779599    24.557999    13.2004
14.7836    24.552399    13.2004
14.8188    24.5108    13.2004
14.8292    24.4996    13.2004
14.8331995    24.494799    13.2004
14.834    24.4932    13.2004
14.837199    24.489199    13.2004
14.9212    24.386799    13.2004
14.9428    24.3636    13.2004
14.964399    24.3436    13.2004
15.026799    24.3028    13.2004
15.0492    24.2876    13.2004
15.0524    24.286798    13.2004
15.0748    24.274    13.2004
15.098    24.2684    13.2004
15.1348    24.2628    13.2004
15.1524    24.258    13.2004
15.1796    24.2524    13.2004
15.193999    24.2516    13.2004
15.2084    24.25    13.2004
15.245199    24.25    13.2004
15.280399    24.253199    13.2004
15.2828    24.253199    13.2004
15.353999    24.2612    13.2004
15.384399    24.265999    13.2004
15.4788    24.289999    13.2004
15.4836    24.2916    13.2004
15.4939995    24.2948    13.2004
15.527599    24.3084    13.2004
15.584399    24.3324    13.2004
15.596399    24.3364    13.2004
15.608399    24.342    13.2004
15.670799    24.381199    13.2004
15.69    24.3916    13.2004
15.7036    24.3996    13.2004
15.7252    24.414799    13.2004
15.778    24.4508    13.2004
15.7844    24.455599    13.2004
15.8108    24.4748    13.2004
15.831599    24.49    13.2004
15.895599    24.533998    13.2004
15.966    24.5828    13.2004
16.0124    24.618    13.2004
16.0396    24.639599    13.2004
16.0836    24.6764    13.2004
16.115599    24.702799    13.2004
16.174    24.7484    13.2004
16.178    24.7516    13.2004
16.1796    24.753199    13.2004
16.182    24.754799    13.2004
16.3004    24.8508    13.2004
16.3356    24.8764    13.2004
16.4012    24.925999    13.2004
16.4956    24.9932    13.2004
16.5028    24.998    13.2004
16.5044    24.9988    13.2004
16.5052    24.9996    13.2004
16.535599    25.014    13.2004
16.5404    25.0148    13.2004
16.5604    25.0196    13.2004
16.6084    25.0268    13.2004
16.6132    25.0276    13.2004
16.617199    25.028399    13.2004
16.6628    25.0404    13.2004
16.6708    25.042799    13.2004
16.702799    25.050798    13.2004
16.7236    25.0572    13.2004
16.7388    25.0612    13.2004
16.7572    25.063599    13.2004
16.7788    25.0644    13.2004
16.789999    25.066    13.2004
16.801199    25.066    13.2004
16.8356    25.069199    13.2004
16.8692    25.0668    13.2004
16.8708    25.0668    13.2004
16.8724    25.0668    13.2004
16.8972    25.0644    13.2004
16.9476    25.059599    13.2004
16.9636    25.0572    13.2004
17.094799    25.039598    13.2004
17.2116    25.018    13.2004
17.254799    25.01    13.2004
17.2836    25.0044    13.2004
17.4028    24.9812    13.2004
17.4412    24.9756    13.2004
17.4772    24.970798    13.2004
17.485199    24.970798    13.2004
17.5116    24.9692    13.2004
17.518    24.97    13.2004
17.548399    24.973999    13.2004
17.5588    24.9756    13.2004
17.562    24.976398    13.2004
17.6028    24.989199    13.2004
17.628399    24.9988    13.2004
17.6436    25.005999    13.2004
17.673199    25.0204    13.2004
17.6996    25.033998    13.2004
17.7116    25.0404    13.2004
17.758799    25.0716    13.2004
17.771599    25.0796    13.2004
17.7852    25.09    13.2004
17.85    25.1412    13.2004
17.8804    25.167599    13.2004
17.9476    25.2244    13.2004
17.9972    25.274    13.2004
18.0348    25.3092    13.2004
18.038    25.312399    13.2004
18.042799    25.3172    13.2004
18.0612    25.334799    13.2004
18.070799    25.3436    13.2004
18.074    25.3452    13.2004
18.0836    25.3508    13.2004
18.102    25.362799    13.2004
18.118    25.361198    13.2004
18.1316    25.358799    13.2004
18.138    25.357199    13.2004
18.157999    25.3524    13.2004
18.1708    25.3508    13.2004
18.182    25.3484    13.2004
18.1884    25.3484    13.2004
18.195599    25.3492    13.2004
18.2116    25.3492    13.2004
18.226    25.353199    13.2004
18.2428    25.358799    13.2004
18.2732    25.368399    13.2004
18.302    25.381199    13.2004
18.358    25.4068    13.2004
18.3636    25.409199    13.2004
18.3764    25.414799    13.2004
18.3996    25.4252    13.2004
18.5028    25.472399    13.2004
18.5788    25.51    13.2004
18.6348    25.537199    13.2004
18.6964    25.5684    13.2004
18.7124    25.5772    13.2004
18.719599    25.581999    13.2004
18.7316    25.5924    13.2004
18.743599    25.602    13.2004
18.7516    25.6132    13.2004
18.7628    25.6292    13.2004
18.764399    25.6308    13.2004
18.7892    25.674    13.2004
18.8204    25.732399    13.2004
18.8372    25.7636    13.2004
18.862799    25.814    13.2004
18.873999    25.838    13.2004
18.8988    25.892399    13.2004
18.8996    25.894    13.2004
18.9012    25.897999    13.2004
18.920399    25.942    13.2004
18.934    25.979599    13.2004
18.9468    26.0148    13.2004
18.9508    26.0236    13.2004
18.954    26.033998    13.2004
18.9636    26.0732    13.2004
18.966    26.085999    13.2004
18.97    26.1132    13.2004
18.9716    26.1444    13.2004
18.9716    26.156399    13.2004
18.9692    26.169199    13.2004
18.966    26.198    13.2004
18.9596    26.222    13.2004
18.9572    26.232399    13.2004
18.9364    26.2972    13.2004
18.934    26.303598    13.2004
18.9324    26.3084    13.2004
18.9028    26.3772    13.2004
18.8972    26.39    13.2004
18.8908    26.403599    13.2004
18.8676    26.4516    13.2004
18.8428    26.500399    13.2004
18.834799    26.514    13.2004
18.83    26.522    13.2004
18.8204    26.5388    13.2004
18.8188    26.542    13.2004
18.7908    26.5788    13.2004
18.7796    26.5908    13.2004
18.764399    26.604399    13.2004
18.754799    26.611599    13.2004
18.737999    26.626799    13.2004
18.698    26.654799    13.2004
18.669199    26.674799    13.2004
18.6436    26.6924    13.2004
18.6244    26.7052    13.2004
18.5844    26.7316    13.2004
18.5396    26.760399    13.2004
18.5012    26.7852    13.2004
18.4476    26.816399    13.2004
18.4396    26.8212    13.2004
18.4356    26.823599    13.2004
18.3668    26.8604    13.2004
18.3252    26.882    13.2004
18.301199    26.8948    13.2004
18.295599    26.897999    13.2004
18.2764    26.907598    13.2004
18.2676    26.91    13.2004
18.253199    26.914799    13.2004
18.2412    26.9172    13.2004
18.221199    26.9212    13.2004
18.206    26.924398    13.2004
18.2012    26.9252    13.2004
18.1964    26.924398    13.2004
18.1756    26.920399    13.2004
18.17    26.9196    13.2004
18.1556    26.916399    13.2004
18.122799    26.9068    13.2004
18.094    26.8972    13.2004
18.065199    26.886799    13.2004
18.0436    26.878    13.2004
18.0268    26.8716    13.2004
18.0012    26.857199    13.2004
17.99    26.8508    13.2004
17.9868    26.8492    13.2004
17.982    26.845999    13.2004
17.9748    26.842    13.2004
17.9436    26.8228    13.2004
17.9308    26.8156    13.2004
17.921999    26.8212    13.2004
17.8996    26.83    13.2004
17.873999    26.851599    13.2004
17.8252    26.8884    13.2004
17.7892    26.916399    13.2004
17.697199    26.983599    13.2004
17.6292    27.033998    13.2004
17.548399    27.09    13.2004
17.537199    27.098799    13.2004
17.5348    27.100399    13.2004
17.531599    27.102    13.2004
17.461199    27.1444    13.2004
17.4244    27.1628    13.2004
17.3676    27.1892    13.2004
17.342    27.1988    13.2004
17.310799    27.2108    13.2004
17.271599    27.2228    13.2004
17.2564    27.226    13.2004
17.2428    27.229198    13.2004
17.2036    27.234    13.2004
17.2004    27.234    13.2004
17.1588    27.240398    13.2004
17.1316    27.2388    13.2004
17.0836    27.234    13.2004
17.042799    27.226799    13.2004
17.0084    27.219599    13.2004
16.983599    27.212399    13.2004
16.914799    27.188398    13.2004
16.8668    27.17    13.2004
16.8028    27.145199    13.2004
16.7596    27.128399    13.2004
16.6908    27.1012    13.2004
16.682    27.097198    13.2004
16.669199    27.093199    13.2004
16.646    27.0852    13.2004
16.6412    27.0844    13.2004
16.6204    27.0844    13.2004
16.598799    27.0852    13.2004
16.593199    27.085999    13.2004
16.562    27.097198    13.2004
16.559599    27.098    13.2004
16.5364    27.105999    13.2004
16.535599    27.105999    13.2004
16.534    27.1068    13.2004
16.514    27.1164    13.2004
16.51    27.118    13.2004
16.506    27.1204    13.2004
16.4636    27.145199    13.2004
16.458    27.1484    13.2004
16.4516    27.1532    13.2004
16.4236    27.173199    13.2004
16.4188    27.1764    13.2004
16.4132    27.180399    13.2004
16.3796    27.2076    13.2004
16.3164    27.258799    13.2004
16.284399    27.2876    13.2004
16.182    27.3788    13.2004
16.154    27.4044    13.2004
16.066    27.487598    13.2004
16.046799    27.5052    13.2004
15.947599    27.5956    13.2004
15.8628    27.6708    13.2004
15.855599    27.677198    13.2004
15.7844    27.730799    13.2004
15.7836    27.7316    13.2004
15.7828    27.7316    13.2004
15.7788    27.734798    13.2004
15.71    27.778    13.2004
15.659599    27.8044    13.2004
