21.6484    22.230799    12.6004
21.650799    22.23    12.6004
21.6524    22.23    12.6004
21.674    22.2292    12.6004
21.6948    22.23    12.6004
21.6996    22.230799    12.6004
21.7004    22.23    12.6004
21.7036    22.230799    12.6004
21.7332    22.2388    12.6004
21.7556    22.247599    12.6004
21.760399    22.249199    12.6004
21.7668    22.2524    12.6004
21.781199    22.258    12.6004
21.7916    22.264399    12.6004
21.8188    22.2788    12.6004
21.8204    22.2804    12.6004
21.8484    22.2948    12.6004
21.8612    22.3044    12.6004
21.892399    22.3228    12.6004
21.8988    22.3268    12.6004
21.9228    22.3268    12.6004
21.9308    22.3284    12.6004
21.953999    22.314    12.6004
21.9604    22.31    12.6004
21.966799    22.302    12.6004
21.9732    22.293999    12.6004
21.9756    22.2908    12.6004
21.983599    22.2764    12.6004
21.998    22.2524    12.6004
22.0052    22.2372    12.6004
22.0164    22.2108    12.6004
22.029999    22.1796    12.6004
22.0404    22.161999    12.6004
22.046    22.15    12.6004
22.0588    22.132399    12.6004
22.074    22.1188    12.6004
22.0964    22.102    12.6004
22.098799    22.0996    12.6004
22.0996    22.098799    12.6004
22.1076    22.0956    12.6004
22.1276    22.0884    12.6004
22.13    22.0892    12.6004
22.1444    22.0892    12.6004
22.1524    22.0892    12.6004
22.174    22.0964    12.6004
22.1796    22.0964    12.6004
22.206799    22.1148    12.6004
22.208399    22.1164    12.6004
22.2092    22.117199    12.6004
22.241999    22.1524    12.6004
22.246    22.1596    12.6004
22.2724    22.1964    12.6004
22.2724    22.197199    12.6004
22.306799    22.2572    12.6004
22.3396    22.327599    12.6004
22.3412    22.3308    12.6004
22.3412    22.3324    12.6004
22.342    22.334    12.6004
22.3732    22.41    12.6004
22.396399    22.466799    12.6004
22.397999    22.473999    12.6004
22.4012    22.4828    12.6004
22.407598    22.5124    12.6004
22.4156    22.5516    12.6004
22.4172    22.562    12.6004
22.418    22.5724    12.6004
22.4188    22.581999    12.6004
22.4284    22.726799    12.6004
22.431599    22.7556    12.6004
22.4356    22.789999    12.6004
22.438799    22.8172    12.6004
22.4436    22.8564    12.6004
22.4492    22.91    12.6004
22.4524    22.949999    12.6004
22.4532    22.9564    12.6004
22.453999    22.9932    12.6004
22.453999    22.9988    12.6004
22.453999    23.017199    12.6004
22.453999    23.042799    12.6004
22.4524    23.0612    12.6004
22.4492    23.0852    12.6004
22.4468    23.094799    12.6004
22.4436    23.117199    12.6004
22.438    23.139599    12.6004
22.4364    23.1468    12.6004
22.4308    23.1556    12.6004
22.420399    23.1628    12.6004
22.4132    23.1668    12.6004
22.403599    23.174    12.6004
22.3948    23.178    12.6004
22.3724    23.1836    12.6004
22.368399    23.184399    12.6004
22.312399    23.1812    12.6004
22.2972    23.1796    12.6004
22.2684    23.178    12.6004
22.253199    23.1772    12.6004
22.249199    23.1772    12.6004
22.2452    23.1772    12.6004
22.2348    23.1796    12.6004
22.1716    23.195599    12.6004
22.156399    23.198    12.6004
22.142    23.198    12.6004
22.128399    23.1932    12.6004
22.1084    23.1852    12.6004
22.105999    23.184399    12.6004
22.081999    23.167599    12.6004
22.063599    23.1572    12.6004
22.048399    23.1476    12.6004
22.0324    23.1388    12.6004
22.0164    23.1332    12.6004
21.998    23.13    12.6004
21.9868    23.1276    12.6004
21.983599    23.1292    12.6004
21.962    23.139599    12.6004
21.955599    23.145199    12.6004
21.9412    23.167599    12.6004
21.927599    23.1908    12.6004
21.914    23.23    12.6004
21.9116    23.2356    12.6004
21.9116    23.2372    12.6004
21.910799    23.2396    12.6004
21.9084    23.249199    12.6004
21.89    23.312399    12.6004
21.875599    23.354    12.6004
21.873999    23.3596    12.6004
21.8716    23.3652    12.6004
21.8708    23.3676    12.6004
21.8612    23.3876    12.6004
21.8436    23.41    12.6004
21.842    23.4116    12.6004
21.8148    23.4356    12.6004
21.8116    23.438    12.6004
21.7916    23.4516    12.6004
21.784399    23.4548    12.6004
21.774    23.459599    12.6004
21.7636    23.4636    12.6004
21.758    23.4644    12.6004
21.737999    23.4644    12.6004
21.7148    23.4628    12.6004
21.6996    23.462    12.6004
21.695599    23.461199    12.6004
21.6932    23.4604    12.6004
21.649199    23.4516    12.6004
21.6468    23.4508    12.6004
21.645199    23.4508    12.6004
21.6404    23.4492    12.6004
21.622799    23.444399    12.6004
21.611599    23.4404    12.6004
21.5964    23.433199    12.6004
21.581999    23.4196    12.6004
21.5716    23.41    12.6004
21.559599    23.392399    12.6004
21.548399    23.378    12.6004
21.51    23.3148    12.6004
21.500399    23.2988    12.6004
21.489199    23.2804    12.6004
21.4764    23.2628    12.6004
21.4572    23.2356    12.6004
21.43    23.2044    12.6004
21.3884    23.156399    12.6004
21.3748    23.1388    12.6004
21.368399    23.1292    12.6004
21.3508    23.097198    12.6004
21.3436    23.0716    12.6004
21.3428    23.0668    12.6004
21.3428    23.066    12.6004
21.338    23.0404    12.6004
21.338    23.0332    12.6004
21.3372    23.018799    12.6004
21.3356    23.0028    12.6004
21.3356    22.9924    12.6004
21.3356    22.9524    12.6004
21.342    22.913198    12.6004
21.3436    22.906    12.6004
21.3564    22.8692    12.6004
21.358799    22.862799    12.6004
21.3732    22.8308    12.6004
21.3972    22.7836    12.6004
21.4132    22.75    12.6004
21.4188    22.7388    12.6004
21.4308    22.7052    12.6004
21.437199    22.6884    12.6004
21.4396    22.6796    12.6004
21.4548    22.626799    12.6004
21.4732    22.5604    12.6004
21.4764    22.552399    12.6004
21.4932    22.5124    12.6004
21.4956    22.505999    12.6004
21.5148    22.470798    12.6004
21.5324    22.437199    12.6004
21.5348    22.4308    12.6004
21.546    22.4012    12.6004
21.5588    22.3676    12.6004
21.576399    22.3204    12.6004
21.5908    22.288399    12.6004
21.5956    22.2764    12.6004
21.6076    22.258    12.6004
21.6148    22.2508    12.6004
21.6244    22.2404    12.6004
21.6484    22.230799    12.6004
