15.8468    13.464399    1.2004
15.838799    13.3868    1.2004
15.8356    13.361199    1.2004
15.8356    13.354    1.2004
15.8331995    13.3244    1.2004
15.831599    13.303599    1.2004
15.831599    13.2948    1.2004
15.8308    13.2548    1.2004
15.8308    13.2324    1.2004
15.83    13.1876    1.2004
15.83    13.1452    1.2004
15.83    13.1156    1.2004
15.831599    13.097199    1.2004
15.834    13.058    1.2004
15.8364    13.026799    1.2004
15.8396    13.0004    1.2004
15.8412    12.9772    1.2004
15.846    12.9428    1.2004
15.849199    12.9212    1.2004
15.855599    12.8924    1.2004
15.8596    12.8772    1.2004
15.8619995    12.8644    1.2004
15.87    12.846    1.2004
15.872399    12.838799    1.2004
15.873199    12.8364    1.2004
15.8804    12.818    1.2004
15.8852    12.8068    1.2004
15.8868    12.802799    1.2004
15.8988    12.782    1.2004
15.913199    12.7612    1.2004
15.9196    12.752399    1.2004
15.923599    12.7476    1.2004
15.941999    12.7252    1.2004
15.9444    12.722799    1.2004
15.9452    12.722    1.2004
15.974799    12.694799    1.2004
15.980399    12.6908    1.2004
16.0068    12.6723995    1.2004
16.0164    12.665999    1.2004
16.048399    12.646    1.2004
16.0564    12.641999    1.2004
16.0916    12.6236    1.2004
16.1012    12.618799    1.2004
16.118    12.6116    1.2004
16.1308    12.6068    1.2004
16.145199    12.6012    1.2004
16.167599    12.594    1.2004
16.180399    12.5892    1.2004
16.194    12.584399    1.2004
16.2172    12.578799    1.2004
16.234    12.573199    1.2004
16.2596    12.567599    1.2004
16.2804    12.5652    1.2004
16.299599    12.562799    1.2004
16.3084    12.5612    1.2004
16.310799    12.5612    1.2004
16.312399    12.5612    1.2004
16.3388    12.5588    1.2004
16.3436    12.5588    1.2004
16.368399    12.5604    1.2004
16.381199    12.5636    1.2004
16.3956    12.5668    1.2004
16.409199    12.5716    1.2004
16.4236    12.5772    1.2004
16.4428    12.5876    1.2004
16.4484    12.590799    1.2004
16.4508    12.5924    1.2004
16.4756    12.608399    1.2004
16.4788    12.6108    1.2004
16.5028    12.630799    1.2004
16.5116    12.6396    1.2004
16.5292    12.658    1.2004
16.5388    12.6668    1.2004
16.542    12.671599    1.2004
16.5628    12.6932    1.2004
16.566    12.6988    1.2004
16.5852    12.723599    1.2004
16.5908    12.7324    1.2004
16.6084    12.7612    1.2004
16.6132    12.769199    1.2004
16.6324    12.8068    1.2004
16.6404    12.820399    1.2004
16.656399    12.8588    1.2004
16.6644    12.8764    1.2004
16.678    12.913199    1.2004
16.6892    12.9444    1.2004
16.7036    12.9852    1.2004
16.7052    12.9892    1.2004
16.726799    13.058    1.2004
16.73    13.067599    1.2004
16.747599    13.1236    1.2004
16.7556    13.159599    1.2004
16.7596    13.171599    1.2004
16.762    13.182799    1.2004
16.7676    13.2028    1.2004
16.7748    13.2436    1.2004
16.7764    13.252399    1.2004
16.778    13.2716    1.2004
16.7788    13.279599    1.2004
16.7788    13.294    1.2004
16.7788    13.303599    1.2004
16.7732    13.325999    1.2004
16.7732    13.3308    1.2004
16.7612    13.3588    1.2004
16.7596    13.3628    1.2004
16.7588    13.3652    1.2004
16.7412    13.394    1.2004
16.732399    13.407599    1.2004
16.725199    13.417999    1.2004
16.7076    13.441999    1.2004
16.702799    13.4484    1.2004
16.6996    13.452399    1.2004
16.6964    13.4564    1.2004
16.67    13.4844    1.2004
16.650799    13.502    1.2004
16.639599    13.510799    1.2004
16.618    13.526    1.2004
16.611599    13.5316    1.2004
16.5868    13.5484    1.2004
16.586    13.5492    1.2004
16.557999    13.5668    1.2004
16.5404    13.5756    1.2004
16.51    13.5924    1.2004
16.4876    13.601999    1.2004
16.4596    13.6147995    1.2004
16.4396    13.6236    1.2004
16.4196    13.630799    1.2004
16.406    13.6348    1.2004
16.392399    13.638    1.2004
16.3748    13.641999    1.2004
16.3668    13.6435995    1.2004
16.3452    13.6435995    1.2004
16.3388    13.6435995    1.2004
16.3276    13.6444    1.2004
16.310799    13.6444    1.2004
16.282    13.641999    1.2004
16.2764    13.6412    1.2004
16.2756    13.6412    1.2004
16.2148    13.6324    1.2004
16.2044    13.631599    1.2004
16.169199    13.625199    1.2004
16.146    13.622    1.2004
16.1404    13.620399    1.2004
16.0668    13.606    1.2004
16.0548    13.602799    1.2004
15.9883995    13.5868    1.2004
15.975599    13.5828    1.2004
15.9508    13.5764    1.2004
15.9251995    13.57    1.2004
15.8996    13.5571995    1.2004
15.894    13.554    1.2004
15.872399    13.533999    1.2004
15.8684    13.5316    1.2004
15.866799    13.528399    1.2004
15.854799    13.5036    1.2004
15.8508    13.4844    1.2004
15.8468    13.464399    1.2004
