8.518    15.457999    11.1004
8.474    15.234799    11.1004
8.465199    15.1916    11.1004
8.436399    15.0476    11.1004
8.4052    14.901199    11.1004
8.401199    14.8804    11.1004
8.3884    14.821199    11.1004
8.3812    14.7892    11.1004
8.294    14.386    11.1004
8.2916    14.374    11.1004
8.2708    14.285999    11.1004
8.2668    14.2676    11.1004
8.234799    14.1108    11.1004
8.23    14.0932    11.1004
8.2196    14.042    11.1004
8.194799    13.929199    11.1004
8.1868    13.8884    11.1004
8.1779995    13.8452    11.1004
8.165999    13.785999    11.1004
8.146    13.7012    11.1004
8.1284    13.6164    11.1004
8.1236    13.5932    11.1004
8.119599    13.5692    11.1004
8.1012    13.476399    11.1004
8.0964    13.447599    11.1004
8.0876    13.3988    11.1004
8.0859995    13.3916    11.1004
8.0724    13.314799    11.1004
8.0596    13.2476    11.1004
8.054    13.217199    11.1004
8.05    13.188399    11.1004
8.0492    13.186    11.1004
8.046    13.1676    11.1004
8.0404    13.1452    11.1004
8.0404    13.136399    11.1004
8.0316    13.118799    11.1004
8.0292    13.1044    11.1004
8.0188    13.0892    11.1004
8.01    13.068399    11.1004
8.002    13.058    11.1004
7.9891996    13.038    11.1004
7.9732    13.0196    11.1004
7.9523997    12.9964    11.1004
7.9323997    12.975599    11.1004
7.898    12.9396    11.1004
7.8603997    12.8924    11.1004
7.8044    12.8292    11.1004
7.766    12.786799    11.1004
7.758    12.7772    11.1004
7.6899996    12.700399    11.1004
7.6804    12.689199    11.1004
7.6755996    12.683599    11.1004
7.6428    12.6452    11.1004
7.6148    12.607599    11.1004
7.6099997    12.601999    11.1004
7.5899997    12.5692    11.1004
7.5699997    12.5404    11.1004
7.5596    12.5188    11.1004
7.5243998    12.4388    11.1004
7.4764    12.3348    11.1004
7.4508    12.2764    11.1004
7.4003997    12.1588    11.1004
7.3996    12.1564    11.1004
7.3659997    12.068399    11.1004
7.3508    12.03    11.1004
7.3324    11.9732    11.1004
7.3076    11.901999    11.1004
7.3036    11.8852    11.1004
7.298    11.861199    11.1004
7.2948    11.8452    11.1004
7.2939997    11.8228    11.1004
7.2948    11.806    11.1004
7.2956    11.7996    11.1004
7.2971997    11.7908    11.1004
7.3027997    11.762799    11.1004
7.3227997    11.6779995    11.1004
7.3364    11.6236    11.1004
7.3444    11.5932    11.1004
7.3564    11.554    11.1004
7.3788    11.475599    11.1004
7.4132    11.3708    11.1004
7.4179997    11.3564    11.1004
7.4291997    11.3236    11.1004
7.462    11.2308    11.1004
7.4979997    11.1324    11.1004
7.5147996    11.0892    11.1004
7.5532    10.9852    11.1004
7.5667996    10.952399    11.1004
7.6355996    10.780399    11.1004
7.666    10.700399    11.1004
7.6724    10.682    11.1004
7.7012    10.6044    11.1004
7.7219996    10.5428    11.1004
7.7356    10.502    11.1004
7.7387996    10.4916    11.1004
7.7395997    10.4772    11.1004
7.746    10.462    11.1004
7.746    10.4524    11.1004
7.7524    10.4316    11.1004
7.7507997    10.4204    11.1004
7.7531996    10.4028    11.1004
7.7492    10.389999    11.1004
7.75    10.372399    11.1004
7.7307997    10.346    11.1004
7.726    10.344399    11.1004
7.6763997    10.3404    11.1004
7.6036    10.3244    11.1004
7.6028    10.3236    11.1004
7.5996    10.322    11.1004
7.5628    10.302    11.1004
7.5532    10.2948    11.1004
7.5428    10.274    11.1004
7.5396    10.2708    11.1004
7.5379996    10.2604    11.1004
7.5379996    10.257999    11.1004
7.5364    10.2324    11.1004
7.5388    10.2244    11.1004
7.5508    10.1812    11.1004
7.5548    10.162    11.1004
7.5572    10.1435995    11.1004
7.5604    10.130799    11.1004
7.5676    10.1147995    11.1004
7.5748    10.0948    11.1004
7.5955997    10.046    11.1004
7.626    9.9732    11.1004
7.6331997    9.9572    11.1004
7.7107997    9.763599    11.1004
7.718    9.746799    11.1004
7.7243996    9.7324    11.1004
7.7372    9.7028    11.1004
7.7732    9.620399    11.1004
7.8036    9.550799    11.1004
7.8171997    9.5188    11.1004
7.8508    9.45    11.1004
7.9027996    9.338799    11.1004
7.9364    9.2668    11.1004
7.9747996    9.183599    11.1004
8.0036    9.1228    11.1004
8.010799    9.1068    11.1004
8.0212    9.085199    11.1004
8.028399    9.066    11.1004
8.0348    9.0468    11.1004
8.038    9.0316    11.1004
8.0372    9.0156    11.1004
8.0388    8.9972    11.1004
8.0404    8.9548    11.1004
8.050799    8.8876    11.1004
8.066    8.802    11.1004
8.079599    8.740399    11.1004
8.097199    8.67    11.1004
8.1052    8.642    11.1004
8.1188    8.6004    11.1004
8.13    8.57    11.1004
8.1404    8.546    11.1004
8.1508    8.53    11.1004
8.1572    8.518    11.1004
8.17    8.5012    11.1004
8.1804    8.4939995    11.1004
8.1876    8.4868    11.1004
8.1932    8.4812    11.1004
8.2204    8.4716    11.1004
8.23    8.464399    11.1004
8.2444    8.4556    11.1004
8.2588    8.4516    11.1004
8.2724    8.4436    11.1004
8.274    8.4332    11.1004
8.280399    8.407599    11.1004
8.280399    8.406799    11.1004
8.280399    8.4028    11.1004
8.2852    8.3516    11.1004
8.2948    8.282    11.1004
8.297999    8.274799    11.1004
8.302    8.2676    11.1004
8.3204    8.2332    11.1004
8.3252    8.226    11.1004
8.3412    8.2012    11.1004
8.3708    8.1732    11.1004
8.394    8.1508    11.1004
8.3963995    8.1476    11.1004
8.434    8.1116    11.1004
8.4412    8.1052    11.1004
8.4748    8.0772    11.1004
8.499599    8.056399    11.1004
8.521999    8.0388    11.1004
8.5556    8.014    11.1004
8.568399    8.0044    11.1004
8.6044    7.9772    11.1004
8.648399    7.9452    11.1004
8.6644    7.9347997    11.1004
8.677199    7.9268    11.1004
8.6956    7.9156    11.1004
8.7428    7.8876    11.1004
8.7755995    7.8691998    11.1004
8.797999    7.8603997    11.1004
8.809199    7.8547997    11.1004
8.8428    7.8412    11.1004
8.866    7.8324    11.1004
8.8963995    7.822    11.1004
8.9292    7.8132    11.1004
8.9612    7.8083997    11.1004
8.9804    7.8036    11.1004
8.9868    7.8036    11.1004
9.018    7.7988    11.1004
9.038    7.798    11.1004
9.1012    7.7963996    11.1004
9.1404    7.7988    11.1004
9.1779995    7.8027997    11.1004
9.2196    7.8051996    11.1004
9.2916    7.8156    11.1004
9.2956    7.8156    11.1004
9.2987995    7.8163996    11.1004
9.3619995    7.83    11.1004
9.3828    7.8356    11.1004
9.4444    7.8532    11.1004
9.476399    7.862    11.1004
9.506    7.8708    11.1004
9.5436    7.8852    11.1004
9.561999    7.8924    11.1004
9.5756    7.8988    11.1004
9.5859995    7.9035997    11.1004
9.618    7.9227996    11.1004
9.619599    7.9244    11.1004
9.6212    7.9252    11.1004
9.634    7.9356    11.1004
9.646    7.9459996    11.1004
9.6468    7.9467998    11.1004
9.6476    7.9476    11.1004
9.686    7.9828    11.1004
9.7188    8.0188    11.1004
9.7396    8.042    11.1004
9.7492    8.0532    11.1004
9.803599    8.120399    11.1004
9.826799    8.148399    11.1004
9.8708    8.200399    11.1004
9.906799    8.2436    11.1004
9.9684    8.3252    11.1004
9.974    8.3331995    11.1004
9.986    8.3484    11.1004
10.018    8.3907995    11.1004
10.0364    8.4172    11.1004
10.067599    8.4668    11.1004
10.073999    8.476399    11.1004
10.0764    8.4796    11.1004
10.0788    8.4836    11.1004
10.0836    8.493199    11.1004
10.0868    8.502    11.1004
10.0932    8.527599    11.1004
10.094    8.5316    11.1004
10.094    8.558    11.1004
10.094    8.5588    11.1004
10.094    8.562799    11.1004
10.0932    8.5828    11.1004
10.0932    8.5836    11.1004
10.091599    8.5892    11.1004
10.078    8.6556    11.1004
10.073999    8.677199    11.1004
10.066    8.711599    11.1004
10.061999    8.723599    11.1004
10.045199    8.7644    11.1004
10.0428    8.7716    11.1004
10.021999    8.814799    11.1004
10.0132    8.8284    11.1004
10.0068    8.8348    11.1004
9.9883995    8.858    11.1004
9.966    8.8852    11.1004
9.9572    8.8932    11.1004
9.9372    8.9052    11.1004
9.9228    8.9156    11.1004
9.9052    8.9324    11.1004
9.8948    8.9428    11.1004
9.8907995    8.964399    11.1004
9.889999    8.9756    11.1004
9.8892    8.9939995    11.1004
9.8907995    9.0036    11.1004
9.8892    9.046    11.1004
9.8876    9.098    11.1004
9.883599    9.134    11.1004
9.8764    9.234    11.1004
9.8636    9.3532    11.1004
9.8572    9.4204    11.1004
9.8532    9.4772    11.1004
9.8476    9.5348    11.1004
9.8428    9.5932    11.1004
9.8404    9.653999    11.1004
9.8396    9.7012    11.1004
9.8372    9.7612    11.1004
9.837999    9.8172    11.1004
9.842    10.0484    11.1004
9.8428    10.1404    11.1004
9.8428    10.1516    11.1004
9.838799    10.318    11.1004
9.838799    10.326    11.1004
9.838799    10.3292    11.1004
9.838799    10.3348    11.1004
9.8348    10.475599    11.1004
9.8284    10.5596    11.1004
9.826799    10.59    11.1004
9.8236    10.6324    11.1004
9.8172    10.6972    11.1004
9.8124    10.7676    11.1004
9.8084    10.806    11.1004
9.803599    10.8524    11.1004
9.797999    10.8963995    11.1004
9.7956    10.9372    11.1004
9.7892    10.9916    11.1004
9.785999    11.0124    11.1004
9.782    11.0692    11.1004
9.7724    11.174    11.1004
9.7716    11.1748    11.1004
9.7716    11.1764    11.1004
9.763599    11.274799    11.1004
9.7612    11.3228    11.1004
9.7588    11.354    11.1004
9.757999    11.4004    11.1004
9.7588    11.447599    11.1004
9.7596    11.4628    11.1004
9.7628    11.5548    11.1004
9.763599    11.5884    11.1004
9.763599    11.596399    11.1004
9.763599    11.5996    11.1004
9.766    11.660399    11.1004
9.7668    11.682799    11.1004
9.7732    11.7588    11.1004
9.782    11.854799    11.1004
9.7828    11.8636    11.1004
9.7836    11.8708    11.1004
9.7908    11.9516    11.1004
9.794    11.9892    11.1004
9.794    11.9916    11.1004
9.8132    12.15    11.1004
9.815599    12.1676    11.1004
9.837999    12.3372    11.1004
9.8428    12.3764    11.1004
9.854    12.4595995    11.1004
9.8604    12.5076    11.1004
9.866799    12.554    11.1004
9.8868    12.7028    11.1004
9.906    12.8348    11.1004
9.9092    12.8596    11.1004
9.929999    13.0188    11.1004
9.9324    13.044399    11.1004
9.9428    13.125999    11.1004
9.947599    13.170799    11.1004
9.953199    13.2148    11.1004
9.9676    13.3468    11.1004
9.969999    13.378799    11.1004
9.9772    13.4284    11.1004
9.9924    13.5372    11.1004
10.0036    13.6212    11.1004
10.0212    13.79    11.1004
10.0252    13.826799    11.1004
10.028399    13.8675995    11.1004
10.0324    13.922    11.1004
10.038799    13.9772    11.1004
10.042    14.0227995    11.1004
10.0492    14.082    11.1004
10.0571995    14.1508    11.1004
10.0596    14.1779995    11.1004
10.0716    14.314799    11.1004
10.0764    14.3812    11.1004
10.0844    14.5076    11.1004
10.085199    14.5171995    11.1004
10.0859995    14.533199    11.1004
10.0892    14.6516    11.1004
10.09    14.6636    11.1004
10.091599    14.7316    11.1004
10.0924    14.766    11.1004
10.0924    14.802    11.1004
10.091599    14.922    11.1004
10.0859995    15.0364    11.1004
10.0859995    15.0428    11.1004
10.085199    15.049999    11.1004
10.0692    15.349199    11.1004
10.0612    15.5404    11.1004
10.0612    15.549999    11.1004
10.0604    15.6388    11.1004
10.0596    15.6756    11.1004
10.0596    15.6796    11.1004
10.0612    15.766    11.1004
10.0612    15.780399    11.1004
10.0636    15.8468    11.1004
10.0636    15.8516    11.1004
10.0644    15.855599    11.1004
10.07    15.9251995    11.1004
10.0756    15.965199    11.1004
10.082    16.0084    11.1004
10.0828    16.0156    11.1004
10.091599    16.07    11.1004
10.098    16.1108    11.1004
10.119599    16.194    11.1004
10.125199    16.2228    11.1004
10.1396    16.2788    11.1004
10.1476    16.306799    11.1004
10.1676    16.362    11.1004
10.1748    16.3876    11.1004
10.1988    16.462    11.1004
10.2092    16.49    11.1004
10.23    16.5452    11.1004
10.2452    16.5868    11.1004
10.266    16.646    11.1004
10.3716    16.914799    11.1004
10.374    16.921999    11.1004
10.3748    16.9228    11.1004
10.3756    16.9252    11.1004
10.470799    17.163599    11.1004
10.5148    17.2708    11.1004
10.5884    17.455599    11.1004
10.597199    17.4788    11.1004
10.6036    17.494799    11.1004
10.625199    17.5444    11.1004
10.6668    17.642    11.1004
10.7012    17.7244    11.1004
10.7308    17.7932    11.1004
10.7532    17.845999    11.1004
10.7948    17.944399    11.1004
10.802    17.962    11.1004
10.8164    17.9956    11.1004
10.846    18.063599    11.1004
10.8604    18.0972    11.1004
10.8796    18.142    11.1004
10.8996    18.1852    11.1004
10.924399    18.2388    11.1004
10.9556    18.3036    11.1004
10.9692    18.3316    11.1004
11.0244    18.442    11.1004
11.026    18.446    11.1004
11.027599    18.448399    11.1004
11.0812    18.5556    11.1004
11.101999    18.5924    11.1004
11.1124    18.609999    11.1004
11.1228    18.628399    11.1004
11.1572    18.6892    11.1004
11.19    18.747599    11.1004
11.274    18.8876    11.1004
11.274    18.8884    11.1004
11.274799    18.8884    11.1004
11.3252    18.97    11.1004
11.382    19.059599    11.1004
11.3876    19.07    11.1004
11.3972    19.0844    11.1004
11.4108    19.1036    11.1004
11.4539995    19.1684    11.1004
11.4788    19.2044    11.1004
11.5308    19.2812    11.1004
11.542    19.2964    11.1004
11.591599    19.3636    11.1004
11.5996    19.3748    11.1004
11.6004    19.375599    11.1004
11.641999    19.4356    11.1004
11.6564    19.4564    11.1004
11.6779995    19.485199    11.1004
11.7188    19.541199    11.1004
11.7732    19.6196    11.1004
11.778    19.6252    11.1004
11.814    19.6668    11.1004
11.8188    19.6716    11.1004
11.8236    19.6772    11.1004
11.826799    19.682    11.1004
11.8684    19.7332    11.1004
11.8812    19.747599    11.1004
11.907599    19.7764    11.1004
11.9452    19.8212    11.1004
11.95    19.8268    11.1004
11.9564    19.8364    11.1004
11.9676    19.85    11.1004
11.981999    19.8676    11.1004
12.004399    19.892399    11.1004
12.0268    19.9116    11.1004
12.033999    19.9188    11.1004
12.0588    19.9364    11.1004
12.062799    19.942799    11.1004
12.09    19.9636    11.1004
12.090799    19.9636    11.1004
12.096399    19.9628    11.1004
12.096399    19.9588    11.1004
12.1156    19.938    11.1004
12.1244    19.9132    11.1004
12.125199    19.909199    11.1004
12.125199    19.9084    11.1004
12.1276    19.9028    11.1004
12.147599    19.853199    11.1004
12.1388    19.8356    11.1004
12.136399    19.8196    11.1004
12.118    19.7836    11.1004
12.1108    19.769999    11.1004
12.1092    19.7628    11.1004
12.1068    19.7564    11.1004
12.0892    19.7092    11.1004
12.0876    19.706799    11.1004
12.09    19.697199    11.1004
12.1052    19.6964    11.1004
12.136399    19.7052    11.1004
12.1876    19.7156    11.1004
12.2204    19.721199    11.1004
12.2252    19.722    11.1004
12.3188    19.7564    11.1004
12.4108    19.7836    11.1004
12.486    19.8148    11.1004
12.4892    19.816399    11.1004
12.4972    19.8204    11.1004
12.5668    19.8604    11.1004
12.5948    19.8772    11.1004
12.6435995    19.909199    11.1004
12.6684    19.925999    11.1004
12.705199    19.955599    11.1004
12.769199    20.014    11.1004
12.8292    20.069199    11.1004
12.834    20.0732    11.1004
12.838799    20.0772    11.1004
12.913199    20.150799    11.1004
12.9428    20.1812    11.1004
12.9852    20.2228    11.1004
13.0204    20.258    11.1004
13.038    20.2764    11.1004
13.0468    20.2852    11.1004
13.0932    20.334799    11.1004
13.0948    20.3356    11.1004
13.096399    20.338    11.1004
13.0988    20.340399    11.1004
13.131599    20.3788    11.1004
13.1508    20.4012    11.1004
13.1924    20.4516    11.1004
13.2411995    20.511599    11.1004
13.245199    20.5156    11.1004
13.246799    20.518    11.1004
13.2716    20.546799    11.1004
13.2836    20.559599    11.1004
13.3108    20.5916    11.1004
13.3764    20.661999    11.1004
13.3932    20.680399    11.1004
13.401999    20.6908    11.1004
13.4316    20.7236    11.1004
13.463599    20.7612    11.1004
13.4732    20.7724    11.1004
13.4892    20.7932    11.1004
13.533199    20.851599    11.1004
13.550799    20.8716    11.1004
13.5892    20.9156    11.1004
13.618    20.9476    11.1004
13.6508    20.986    11.1004
13.7548    21.100399    11.1004
13.786799    21.1348    11.1004
13.802799    21.1524    11.1004
13.8244    21.1756    11.1004
13.8828    21.2404    11.1004
13.922    21.282799    11.1004
13.9628    21.3268    11.1004
14.0252    21.39    11.1004
14.0428    21.4076    11.1004
14.1124    21.4764    11.1004
14.1388    21.5028    11.1004
14.1956    21.5628    11.1004
14.245199    21.6148    11.1004
14.29    21.6612    11.1004
14.3188    21.691599    11.1004
14.3572    21.7316    11.1004
14.3692    21.743599    11.1004
14.3796    21.753199    11.1004
14.518    21.8876    11.1004
14.546    21.9156    11.1004
14.5836    21.9508    11.1004
14.6108    21.9764    11.1004
14.625999    21.9916    11.1004
14.6348    22.000399    11.1004
14.665199    22.0292    11.1004
14.67    22.034    11.1004
14.7532    22.105999    11.1004
14.8244    22.173199    11.1004
14.8396    22.1868    11.1004
14.8452    22.191599    11.1004
14.849999    22.1964    11.1004
14.938    22.274    11.1004
14.9852    22.314    11.1004
15.0292    22.3508    11.1004
15.033999    22.3556    11.1004
15.07    22.3876    11.1004
15.073999    22.39    11.1004
15.0764    22.392399    11.1004
15.078799    22.394    11.1004
15.1348    22.442    11.1004
15.194799    22.494    11.1004
15.217999    22.513199    11.1004
15.228399    22.522    11.1004
15.3188    22.594799    11.1004
15.3244    22.5996    11.1004
15.337199    22.609999    11.1004
15.474    22.7204    11.1004
15.5012    22.741999    11.1004
15.537999    22.7708    11.1004
15.6668    22.864399    11.1004
15.6924    22.8836    11.1004
15.7588    22.9284    11.1004
15.7788    22.942799    11.1004
15.7876    22.9492    11.1004
15.802    22.9588    11.1004
15.8628    22.994799    11.1004
15.900399    23.0148    11.1004
15.9092    23.0196    11.1004
15.9539995    23.042    11.1004
15.958799    23.0436    11.1004
15.9732    23.0476    11.1004
15.998799    23.0532    11.1004
16.0068    23.052399    11.1004
16.018799    23.052399    11.1004
16.0508    23.0556    11.1004
16.0636    23.057999    11.1004
16.1132    23.066    11.1004
16.1268    23.0668    11.1004
16.1524    23.07    11.1004
16.1796    23.0724    11.1004
16.2164    23.074    11.1004
16.2876    23.0756    11.1004
16.3084    23.0756    11.1004
16.3604    23.0772    11.1004
16.4428    23.0788    11.1004
16.5124    23.081999    11.1004
16.535599    23.0828    11.1004
16.6316    23.085999    11.1004
16.7284    23.09    11.1004
16.762    23.091599    11.1004
16.7972    23.0964    11.1004
16.85    23.102    11.1004
16.8676    23.1052    11.1004
16.8836    23.1076    11.1004
16.9412    23.121199    11.1004
17.006    23.139599    11.1004
17.0604    23.154799    11.1004
17.1948    23.1948    11.1004
17.1964    23.1948    11.1004
17.3028    23.2292    11.1004
17.3436    23.243599    11.1004
17.4052    23.2676    11.1004
17.4588    23.2932    11.1004
17.486    23.3076    11.1004
17.513199    23.321999    11.1004
17.5772    23.3612    11.1004
17.5804    23.362799    11.1004
17.67    23.420399    11.1004
17.6836    23.4292    11.1004
17.7372    23.4684    11.1004
17.7564    23.482    11.1004
17.782    23.5028    11.1004
17.7892    23.5068    11.1004
17.7972    23.51    11.1004
17.814    23.518799    11.1004
17.821999    23.518799    11.1004
17.8276    23.518    11.1004
17.8828    23.5196    11.1004
17.906    23.524399    11.1004
17.934    23.529999    11.1004
17.989199    23.5444    11.1004
18.0284    23.5548    11.1004
18.0644    23.566    11.1004
18.138    23.591599    11.1004
18.1716    23.602798    11.1004
18.2164    23.618    11.1004
18.306    23.6516    11.1004
18.3196    23.6572    11.1004
18.326    23.6596    11.1004
18.347599    23.667599    11.1004
18.366    23.6764    11.1004
18.3996    23.6924    11.1004
18.4044    23.6948    11.1004
18.4132    23.701199    11.1004
18.431599    23.7116    11.1004
18.4404    23.721199    11.1004
18.4604    23.7404    11.1004
18.47    23.7508    11.1004
18.49    23.774    11.1004
18.518    23.805199    11.1004
18.5588    23.8564    11.1004
18.59    23.8948    11.1004
18.639599    23.959599    11.1004
18.646    23.9684    11.1004
18.6484    23.9716    11.1004
18.6908    24.0324    11.1004
18.7316    24.0956    11.1004
18.7356    24.102    11.1004
18.7796    24.1764    11.1004
18.7908    24.1964    11.1004
18.8004    24.2156    11.1004
18.8116    24.2428    11.1004
18.8148    24.2556    11.1004
18.8228    24.2788    11.1004
18.826    24.298    11.1004
18.827599    24.3156    11.1004
18.829199    24.327599    11.1004
18.8316    24.3492    11.1004
18.834    24.378    11.1004
18.8324    24.41    11.1004
18.8324    24.4412    11.1004
18.8308    24.47    11.1004
18.8284    24.5044    11.1004
18.823599    24.539598    11.1004
18.817999    24.5772    11.1004
18.812399    24.6092    11.1004
18.8028    24.654799    11.1004
18.7948    24.6876    11.1004
18.7868    24.712399    11.1004
18.7868    24.7132    11.1004
18.7668    24.7468    11.1004
18.7468    24.769999    11.1004
18.743599    24.7732    11.1004
18.722    24.7948    11.1004
18.7068    24.810799    11.1004
18.6988    24.817999    11.1004
18.6492    24.866    11.1004
18.6052    24.9044    11.1004
18.5924    24.914799    11.1004
18.57    24.9324    11.1004
18.5308    24.9636    11.1004
18.5172    24.9748    11.1004
18.4684    25.0092    11.1004
18.4396    25.0276    11.1004
18.4244    25.0364    11.1004
18.3908    25.0564    11.1004
18.385199    25.059599    11.1004
18.3548    25.0724    11.1004
18.340399    25.074799    11.1004
18.3268    25.0756    11.1004
18.3172    25.074    11.1004
18.3004    25.074    11.1004
18.2948    25.0732    11.1004
18.2796    25.07    11.1004
18.249199    25.0628    11.1004
18.241999    25.0604    11.1004
18.2404    25.0604    11.1004
18.206    25.0492    11.1004
18.202    25.048399    11.1004
18.198    25.046799    11.1004
18.1492    25.0292    11.1004
18.118    25.013199    11.1004
18.1036    25.005999    11.1004
18.076399    24.9924    11.1004
18.062    24.981998    11.1004
18.018799    24.9524    11.1004
18.0084    24.9436    11.1004
18.001999    24.938    11.1004
17.9916    24.9268    11.1004
17.9844    24.914    11.1004
17.9732    24.9004    11.1004
17.97    24.894    11.1004
17.9548    24.8604    11.1004
17.942799    24.8396    11.1004
17.933199    24.827599    11.1004
17.9228    24.8212    11.1004
17.91    24.806    11.1004
17.8988    24.8092    11.1004
17.875599    24.8116    11.1004
17.8604    24.817999    11.1004
17.8428    24.827599    11.1004
17.8276    24.834799    11.1004
17.788399    24.8492    11.1004
17.7388    24.8676    11.1004
17.6556    24.8916    11.1004
17.6348    24.896399    11.1004
17.5996    24.9028    11.1004
17.538    24.9156    11.1004
17.5028    24.9196    11.1004
17.4436    24.9252    11.1004
17.3948    24.927599    11.1004
17.3388    24.927599    11.1004
17.3156    24.925999    11.1004
17.2404    24.9252    11.1004
17.222    24.921999    11.1004
17.202    24.9196    11.1004
17.1444    24.914    11.1004
17.114    24.9084    11.1004
17.0676    24.9004    11.1004
17.052399    24.896399    11.1004
17.05    24.896399    11.1004
17.0444    24.8948    11.1004
16.99    24.881199    11.1004
16.942    24.8676    11.1004
16.914    24.8596    11.1004
16.8932    24.8548    11.1004
16.8412    24.8364    11.1004
16.8028    24.823599    11.1004
16.7444    24.802    11.1004
16.708399    24.788399    11.1004
16.669199    24.771599    11.1004
16.594    24.7404    11.1004
16.5444    24.7188    11.1004
16.3524    24.632399    11.1004
16.345999    24.6292    11.1004
16.323599    24.6196    11.1004
16.246    24.5844    11.1004
16.1516    24.545198    11.1004
16.133999    24.538    11.1004
16.122799    24.5332    11.1004
16.0908    24.522799    11.1004
16.0884    24.522    11.1004
16.062    24.5148    11.1004
16.0516    24.514    11.1004
16.0332    24.5156    11.1004
16.0156    24.5156    11.1004
16.0068    24.518    11.1004
15.9828    24.5252    11.1004
15.9572    24.537199    11.1004
15.929999    24.5476    11.1004
15.8532    24.5884    11.1004
15.8364    24.5964    11.1004
15.826799    24.602    11.1004
15.806    24.6124    11.1004
15.670799    24.6884    11.1004
15.598    24.729198    11.1004
15.550799    24.7564    11.1004
15.532399    24.765999    11.1004
15.4908    24.786798    11.1004
15.469199    24.7972    11.1004
15.4268    24.8148    11.1004
15.3932    24.827599    11.1004
15.3356    24.847599    11.1004
15.3172    24.853199    11.1004
15.2699995    24.862    11.1004
15.23    24.8724    11.1004
15.1572    24.882    11.1004
15.153199    24.8828    11.1004
15.15    24.8828    11.1004
15.136399    24.8844    11.1004
15.0724    24.89    11.1004
15.055599    24.89    11.1004
14.9796    24.8932    11.1004
14.917999    24.890799    11.1004
14.8764    24.89    11.1004
14.8508    24.8892    11.1004
14.7668    24.886    11.1004
14.7532    24.886    11.1004
14.6748    24.8844    11.1004
14.665199    24.885199    11.1004
14.5708    24.8836    11.1004
14.568399    24.8836    11.1004
14.4796    24.886    11.1004
14.3996    24.890799    11.1004
14.3812    24.8916    11.1004
14.337199    24.896399    11.1004
14.3276    24.896399    11.1004
14.3252    24.8972    11.1004
14.2964    24.903599    11.1004
14.2788    24.9084    11.1004
14.2428    24.9196    11.1004
14.2324    24.924398    11.1004
14.2156    24.9292    11.1004
14.1972    24.9404    11.1004
14.1788    24.9508    11.1004
14.158    24.9636    11.1004
14.1236    24.9924    11.1004
14.1116    25.0028    11.1004
14.079599    25.033998    11.1004
14.0548    25.0644    11.1004
14.0468    25.0756    11.1004
14.0252    25.1196    11.1004
14.0188    25.1316    11.1004
13.999599    25.1796    11.1004
13.9892    25.2108    11.1004
13.9748    25.253199    11.1004
13.9684    25.2764    11.1004
13.952399    25.33    11.1004
13.9428    25.3668    11.1004
13.9324    25.406    11.1004
13.913199    25.4748    11.1004
13.894    25.5436    11.1004
13.8828    25.5852    11.1004
13.8396    25.734    11.1004
13.8124    25.827599    11.1004
13.8004    25.869999    11.1004
13.7699995    25.9756    11.1004
13.769199    25.9788    11.1004
13.7676    25.985199    11.1004
13.7372    26.0716    11.1004
13.7324    26.087599    11.1004
13.7196    26.122799    11.1004
13.683599    26.2004    11.1004
13.6796    26.208399    11.1004
13.6676    26.23    11.1004
13.61    26.333199    11.1004
13.590799    26.3636    11.1004
13.5724    26.3876    11.1004
13.542    26.427599    11.1004
13.5227995    26.4524    11.1004
13.4883995    26.494799    11.1004
13.441199    26.5436    11.1004
13.434799    26.548399    11.1004
13.4228    26.559599    11.1004
13.3708    26.6036    11.1004
13.3452    26.622799    11.1004
13.2772    26.6652    11.1004
13.2612    26.6756    11.1004
13.252399    26.6796    11.1004
13.2244    26.6924    11.1004
13.1588    26.722    11.1004
13.1388    26.7284    11.1004
13.0644    26.7468    11.1004
13.055599    26.7484    11.1004
12.9956    26.7596    11.1004
12.9748    26.7628    11.1004
12.9724    26.7636    11.1004
12.9676    26.764399    11.1004
12.8796    26.774    11.1004
12.8052    26.777199    11.1004
12.786799    26.778    11.1004
12.7012    26.774    11.1004
12.6916    26.7732    11.1004
12.6723995    26.7724    11.1004
12.6052    26.7668    11.1004
12.5756    26.7636    11.1004
12.518    26.7572    11.1004
12.4788    26.7524    11.1004
12.422    26.740398    11.1004
12.377999    26.730799    11.1004
12.344399    26.7228    11.1004
12.3116    26.7148    11.1004
12.2212    26.689999    11.1004
12.176399    26.6756    11.1004
12.106    26.6516    11.1004
12.085199    26.6444    11.1004
12.079599    26.642    11.1004
12.0492    26.628399    11.1004
11.9924    26.602798    11.1004
11.936399    26.5756    11.1004
11.9348    26.574799    11.1004
11.8564    26.5332    11.1004
11.818    26.5108    11.1004
11.7564    26.472399    11.1004
11.7324    26.455599    11.1004
11.71    26.438    11.1004
11.6732    26.410799    11.1004
11.646    26.3884    11.1004
11.591599    26.3396    11.1004
11.539599    26.2892    11.1004
11.5196    26.2668    11.1004
11.514    26.260399    11.1004
11.4692    26.208399    11.1004
11.4324    26.1628    11.1004
11.3996    26.1148    11.1004
11.384399    26.094    11.1004
11.374    26.0772    11.1004
11.366    26.065199    11.1004
11.3404    26.0268    11.1004
11.337999    26.022799    11.1004
11.3284    26.0084    11.1004
11.3076    25.9756    11.1004
11.302    25.9676    11.1004
11.2828    25.9396    11.1004
11.2699995    25.9348    11.1004
11.2532    25.9308    11.1004
11.2476    25.920399    11.1004
11.2276    25.938    11.1004
11.2188    25.9452    11.1004
11.2076    25.9676    11.1004
11.205199    25.981998    11.1004
11.1932    26.039598    11.1004
11.1932    26.041199    11.1004
11.1924    26.042    11.1004
11.1924    26.042799    11.1004
11.1916    26.046    11.1004
11.165999    26.13    11.1004
11.1508    26.1724    11.1004
11.137199    26.194    11.1004
11.1268    26.2044    11.1004
11.1132    26.221199    11.1004
11.085199    26.2412    11.1004
11.0844    26.241999    11.1004
11.0836    26.241999    11.1004
11.066    26.2428    11.1004
11.0571995    26.2468    11.1004
11.033199    26.2468    11.1004
11.0324    26.247599    11.1004
11.018    26.241999    11.1004
10.998799    26.234    11.1004
10.9852    26.230799    11.1004
10.981999    26.23    11.1004
10.9548    26.208399    11.1004
10.9508    26.206    11.1004
10.946    26.202799    11.1004
10.913199    26.174799    11.1004
10.8932    26.160398    11.1004
10.8644    26.1364    11.1004
10.8404    26.115599    11.1004
10.8196    26.0956    11.1004
10.785999    26.057999    11.1004
10.7788    26.05    11.1004
10.7724    26.042    11.1004
10.6988    25.948399    11.1004
10.6732    25.9156    11.1004
10.671599    25.913198    11.1004
10.658    25.8948    11.1004
10.619599    25.8412    11.1004
10.613999    25.833199    11.1004
10.5668    25.758    11.1004
10.546    25.7228    11.1004
10.505199    25.654799    11.1004
10.481999    25.609999    11.1004
10.441199    25.5324    11.1004
10.41    25.4756    11.1004
10.389999    25.438    11.1004
10.3716    25.401999    11.1004
10.3308    25.314    11.1004
10.3244    25.299599    11.1004
10.291599    25.229198    11.1004
10.2652    25.173199    11.1004
10.2532    25.149199    11.1004
10.2188    25.0732    11.1004
10.1644    24.949999    11.1004
10.142    24.896399    11.1004
10.0884    24.7692    11.1004
10.061999    24.7044    11.1004
10.0148    24.5796    11.1004
9.9883995    24.5068    11.1004
9.9748    24.47    11.1004
9.9732    24.465199    11.1004
9.9716    24.4604    11.1004
9.9196    24.3076    11.1004
9.9004    24.253199    11.1004
9.8644    24.149199    11.1004
9.8308    24.042    11.1004
9.8124    23.989199    11.1004
9.8084    23.9772    11.1004
9.8004    23.9516    11.1004
9.762    23.826    11.1004
9.7444    23.765999    11.1004
9.7284    23.706    11.1004
9.702    23.600399    11.1004
9.6844    23.5332    11.1004
9.6676    23.4564    11.1004
9.659599    23.420399    11.1004
9.65    23.368399    11.1004
9.642    23.3252    11.1004
9.6292    23.2508    11.1004
9.6228    23.2156    11.1004
9.618    23.184399    11.1004
9.61    23.1236    11.1004
9.6052    23.0812    11.1004
9.596399    23.011599    11.1004
9.5932    22.961199    11.1004
9.590799    22.897999    11.1004
9.5892    22.8428    11.1004
9.59    22.814    11.1004
9.5956    22.702799    11.1004
9.5956    22.6884    11.1004
9.6036    22.67    11.1004
9.619599    22.660398    11.1004
9.6324    22.6476    11.1004
9.6556    22.642    11.1004
9.662    22.6388    11.1004
9.682    22.643599    11.1004
9.6844    22.6428    11.1004
9.69    22.643599    11.1004
9.7196    22.6556    11.1004
9.738    22.663599    11.1004
9.7508    22.6684    11.1004
9.7732    22.678    11.1004
9.7964    22.6684    11.1004
9.802    22.6428    11.1004
9.803599    22.639599    11.1004
9.794    22.6092    11.1004
9.7932    22.604399    11.1004
9.7852    22.574    11.1004
9.782    22.5628    11.1004
9.7788    22.5556    11.1004
9.7716    22.538    11.1004
9.7699995    22.5268    11.1004
9.763599    22.5108    11.1004
9.757999    22.49    11.1004
9.7436    22.444399    11.1004
9.6972    22.2868    11.1004
9.69    22.2628    11.1004
9.6508    22.126799    11.1004
9.6404    22.0892    11.1004
9.6244    22.031599    11.1004
9.5884    21.8932    11.1004
9.5556    21.7692    11.1004
9.545199    21.732399    11.1004
9.5171995    21.622799    11.1004
9.502    21.5612    11.1004
9.498    21.546    11.1004
9.458799    21.39    11.1004
9.446    21.3396    11.1004
9.426    21.249199    11.1004
9.412399    21.1996    11.1004
9.3996    21.1372    11.1004
9.3796    21.046799    11.1004
9.3636    20.9676    11.1004
9.358    20.938799    11.1004
9.3484    20.8892    11.1004
9.3348    20.8196    11.1004
9.318    20.732399    11.1004
9.2964    20.6076    11.1004
9.2884    20.5604    11.1004
9.2716    20.458    11.1004
9.2652    20.414    11.1004
9.2556    20.35    11.1004
9.240399    20.2276    11.1004
9.234    20.1772    11.1004
9.226    20.0964    11.1004
9.222    20.057999    11.1004
9.214    19.9596    11.1004
9.2123995    19.918    11.1004
9.205999    19.8308    11.1004
9.2036    19.7932    11.1004
9.200399    19.6868    11.1004
9.1988    19.669199    11.1004
9.194799    19.557999    11.1004
9.194    19.541199    11.1004
9.1964    19.4636    11.1004
9.1964    19.4508    11.1004
9.1964    19.437199    11.1004
9.1996    19.225199    11.1004
9.1996    19.2236    11.1004
9.205999    19.0604    11.1004
9.2076    19.0172    11.1004
9.2044    18.9244    11.1004
9.2036    18.881199    11.1004
9.202    18.83    11.1004
9.198    18.7572    11.1004
9.1964    18.7292    11.1004
9.1908    18.65    11.1004
9.189199    18.6204    11.1004
9.183599    18.5532    11.1004
9.183599    18.5452    11.1004
9.182799    18.5388    11.1004
9.1812    18.524399    11.1004
9.174    18.462    11.1004
9.171599    18.4468    11.1004
9.1684    18.427599    11.1004
9.1652    18.397999    11.1004
9.162    18.373999    11.1004
9.154799    18.323599    11.1004
9.138    18.2444    11.1004
9.137199    18.237999    11.1004
9.1348    18.23    11.1004
9.1244    18.169199    11.1004
9.1188    18.1332    11.1004
9.1124    18.098799    11.1004
9.0996    18.0492    11.1004
9.090799    18.0148    11.1004
9.0764    17.9572    11.1004
9.066    17.914    11.1004
9.0571995    17.8772    11.1004
9.021999    17.758799    11.1004
9.0132    17.7276    11.1004
8.9956    17.656399    11.1004
8.987599    17.626799    11.1004
8.958799    17.5268    11.1004
8.9292    17.414    11.1004
8.9236    17.392399    11.1004
8.9212    17.3844    11.1004
8.8924    17.2748    11.1004
8.872399    17.194    11.1004
8.8412    17.0748    11.1004
8.832399    17.038    11.1004
8.8276    17.018    11.1004
8.809999    16.9452    11.1004
8.7916    16.8612    11.1004
8.7852    16.8308    11.1004
8.781199    16.8132    11.1004
8.7428    16.6356    11.1004
8.723599    16.5348    11.1004
8.7036    16.434    11.1004
8.694    16.3828    11.1004
8.6692    16.2516    11.1004
8.637199    16.0828    11.1004
8.634    16.066    11.1004
8.631599    16.052399    11.1004
8.608399    15.929999    11.1004
8.5836    15.797999    11.1004
8.5828    15.794    11.1004
8.582    15.79    11.1004
8.5812    15.7836    11.1004
8.558    15.6612    11.1004
8.5412    15.5764    11.1004
8.5268    15.5004    11.1004
8.518    15.457999    11.1004
