14.9772    10.4868    0.9004
14.9796    10.4772    0.9004
14.9956    10.429999    0.9004
15.005199    10.401999    0.9004
15.0084    10.3916    0.9004
15.0227995    10.354    0.9004
15.0364    10.322    0.9004
15.0468    10.2987995    0.9004
15.0636    10.266    0.9004
15.066799    10.2588    0.9004
15.0716    10.25    0.9004
15.0892    10.214    0.9004
15.1052    10.186    0.9004
15.1172    10.165199    0.9004
15.1356    10.1388    0.9004
15.1516    10.1147995    0.9004
15.159599    10.101999    0.9004
15.188399    10.062799    0.9004
15.202    10.042    0.9004
15.205999    10.0372    0.9004
15.2132    10.028399    0.9004
15.23    10.0084    0.9004
15.2596    9.974    0.9004
15.2644    9.9684    0.9004
15.2716    9.9604    0.9004
15.2996    9.9324    0.9004
15.315599    9.9164    0.9004
15.3508    9.8852    0.9004
15.3748    9.8644    0.9004
15.3932    9.849199    0.9004
15.407599    9.8404    0.9004
15.434    9.821199    0.9004
15.447599    9.8116    0.9004
15.487599    9.786799    0.9004
15.5012    9.7788    0.9004
15.510799    9.774    0.9004
15.5348    9.7604    0.9004
15.546    9.7556    0.9004
15.566799    9.746799    0.9004
15.5859995    9.7396    0.9004
15.6228    9.7268    0.9004
15.635599    9.722799    0.9004
15.641999    9.7212    0.9004
15.6756    9.7123995    0.9004
15.689199    9.71    0.9004
15.7067995    9.7067995    0.9004
15.738    9.7012    0.9004
15.7596    9.6996    0.9004
15.786799    9.698    0.9004
15.803599    9.6972    0.9004
15.8308    9.6972    0.9004
15.8508    9.6964    0.9004
15.886    9.698    0.9004
15.900399    9.6996    0.9004
15.918799    9.702    0.9004
15.9564    9.7067995    0.9004
16.006    9.7148    0.9004
16.013199    9.7164    0.9004
16.0276    9.7196    0.9004
16.078    9.7332    0.9004
16.0892    9.7364    0.9004
16.100399    9.7396    0.9004
16.1356    9.75    0.9004
16.1532    9.7556    0.9004
16.1684    9.762    0.9004
16.2276    9.7844    0.9004
16.2556    9.7972    0.9004
16.2812    9.8084    0.9004
16.323599    9.826    0.9004
16.3444    9.8372    0.9004
16.420399    9.8764    0.9004
16.482    9.9148    0.9004
16.535599    9.9492    0.9004
16.5644    9.9692    0.9004
16.5908    9.9892    0.9004
16.621199    10.0124    0.9004
16.638    10.026    0.9004
16.674799    10.056399    0.9004
16.697199    10.0756    0.9004
16.7292    10.106    0.9004
16.747599    10.1236    0.9004
16.7892    10.165199    0.9004
16.814    10.1916    0.9004
16.8708    10.254    0.9004
16.8796    10.2644    0.9004
16.9356    10.3348    0.9004
16.938799    10.338799    0.9004
16.9596    10.366799    0.9004
16.9812    10.3963995    0.9004
16.983599    10.3996    0.9004
17.000399    10.426    0.9004
17.0228    10.4595995    0.9004
17.0268    10.466    0.9004
17.0612    10.5236    0.9004
17.0748    10.55    0.9004
17.0916    10.579599    0.9004
17.1084    10.613999    0.9004
17.1316    10.6644    0.9004
17.1428    10.69    0.9004
17.1572    10.729199    0.9004
17.1708    10.763599    0.9004
17.1764    10.781199    0.9004
17.1948    10.838799    0.9004
17.198    10.849199    0.9004
17.2036    10.8756    0.9004
17.2124    10.914    0.9004
17.2156    10.9332    0.9004
17.226    10.981199    0.9004
17.226799    10.9924    0.9004
17.2332    11.0492    0.9004
17.2348    11.0803995    0.9004
17.236399    11.1004    0.9004
17.2356    11.125199    0.9004
17.236399    11.1476    0.9004
17.236399    11.1932    0.9004
17.2356    11.2132    0.9004
17.2348    11.223599    0.9004
17.2292    11.2844    0.9004
17.2284    11.2908    0.9004
17.2188    11.343599    0.9004
17.21    11.383599    0.9004
17.202799    11.4116    0.9004
17.191599    11.452399    0.9004
17.184399    11.476399    0.9004
17.1716    11.5124    0.9004
17.1524    11.561999    0.9004
17.1468    11.5772    0.9004
17.1404    11.5924    0.9004
17.117199    11.6435995    0.9004
17.098    11.6844    0.9004
17.0852    11.71    0.9004
17.070799    11.7364    0.9004
17.048399    11.7764    0.9004
17.0388    11.7908    0.9004
17.0196    11.8196    0.9004
17.007599    11.8372    0.9004
16.9932    11.8532    0.9004
16.9764    11.874    0.9004
16.9572    11.894799    0.9004
16.9428    11.91    0.9004
16.921999    11.9268    0.9004
16.8972    11.947599    0.9004
16.8852    11.957999    0.9004
16.8748    11.9668    0.9004
16.8596    11.9772    0.9004
16.8212    12.004399    0.9004
16.7636    12.039599    0.9004
16.7508    12.0476    0.9004
16.7412    12.054    0.9004
16.6764    12.090799    0.9004
16.6612    12.0988    0.9004
16.5924    12.134    0.9004
16.5908    12.1348    0.9004
16.507599    12.1748    0.9004
16.501999    12.177199    0.9004
16.4436    12.202    0.9004
16.41    12.2164    0.9004
16.4052    12.217999    0.9004
16.394    12.222799    0.9004
16.3148    12.254    0.9004
16.2972    12.2604    0.9004
16.2468    12.2796    0.9004
16.2036    12.2948    0.9004
16.173199    12.3052    0.9004
16.1028    12.326799    0.9004
16.07    12.3372    0.9004
16.0164    12.3516    0.9004
16.0084    12.3532    0.9004
15.998799    12.355599    0.9004
15.946799    12.3644    0.9004
15.935599    12.365999    0.9004
15.8924    12.3708    0.9004
15.873199    12.372399    0.9004
15.842    12.3748    0.9004
15.8132    12.3756    0.9004
15.792399    12.3764    0.9004
15.780399    12.3756    0.9004
15.7411995    12.373199    0.9004
15.7308    12.372399    0.9004
15.694799    12.3675995    0.9004
15.6779995    12.3644    0.9004
15.6388    12.3524    0.9004
15.6324    12.3508    0.9004
15.6292    12.349999    0.9004
15.625199    12.3484    0.9004
15.5812    12.3284    0.9004
15.57    12.3228    0.9004
15.516399    12.2932    0.9004
15.516399    12.292399    0.9004
15.515599    12.292399    0.9004
15.464399    12.2556    0.9004
15.4556    12.25    0.9004
15.4044    12.2123995    0.9004
15.3972    12.2067995    0.9004
15.346    12.1676    0.9004
15.332399    12.1556    0.9004
15.309999    12.1356    0.9004
15.294    12.1212    0.9004
15.2652    12.096399    0.9004
15.228399    12.0596    0.9004
15.2268    12.058    0.9004
15.221999    12.0524    0.9004
15.1972    12.0268    0.9004
15.181999    12.009999    0.9004
15.158799    11.9788    0.9004
15.1468    11.9628    0.9004
15.1172    11.9228    0.9004
15.113999    11.918799    0.9004
15.1052    11.906    0.9004
15.0828    11.8716    0.9004
15.0812    11.8684    0.9004
15.0772    11.861199    0.9004
15.0492    11.8108    0.9004
15.0244    11.7612    0.9004
15.021199    11.7556    0.9004
15.0004    11.71    0.9004
14.999599    11.7076    0.9004
14.9804    11.653999    0.9004
14.9788    11.6491995    0.9004
14.966    11.61    0.9004
14.9595995    11.5859995    0.9004
14.952399    11.5596    0.9004
14.940399    11.5196    0.9004
14.938    11.509999    0.9004
14.936399    11.5012    0.9004
14.9324    11.481999    0.9004
14.9228    11.429999    0.9004
14.922    11.4204    0.9004
14.912399    11.3468    0.9004
14.911599    11.338799    0.9004
14.906799    11.2852    0.9004
14.9044    11.257999    0.9004
14.901199    11.205999    0.9004
14.8988    11.1564    0.9004
14.898    11.1212    0.9004
14.898    11.090799    0.9004
14.898    11.054    0.9004
14.8988    11.016399    0.9004
14.8996    10.9804    0.9004
14.901199    10.958799    0.9004
14.9052    10.9116    0.9004
14.9108    10.8404    0.9004
14.9108    10.8364    0.9004
14.9172    10.778    0.9004
14.9196    10.7564    0.9004
14.9228    10.7388    0.9004
14.9251995    10.7244    0.9004
14.9284    10.7052    0.9004
14.938    10.648399    0.9004
14.946    10.6124    0.9004
14.9548    10.5748    0.9004
14.957999    10.5636    0.9004
14.9772    10.4868    0.9004
