22.713999    30.161999    12.6004
22.7116    30.1684    12.6004
22.698    30.1988    12.6004
22.6756    30.2444    12.6004
22.67    30.2636    12.6004
22.666    30.275599    12.6004
22.6668    30.2876    12.6004
22.669199    30.302    12.6004
22.6716    30.309198    12.6004
22.6772    30.329199    12.6004
22.678    30.3396    12.6004
22.6812    30.3596    12.6004
22.6772    30.3828    12.6004
22.6772    30.386799    12.6004
22.6716    30.3988    12.6004
22.6628    30.414799    12.6004
22.6516    30.431599    12.6004
22.645199    30.442    12.6004
22.6444    30.4436    12.6004
22.6292    30.459599    12.6004
22.6252    30.466    12.6004
22.618    30.473999    12.6004
22.6012    30.493198    12.6004
22.5884    30.5068    12.6004
22.5572    30.538    12.6004
22.5556    30.539598    12.6004
22.553999    30.5404    12.6004
22.5044    30.570799    12.6004
22.4988    30.574799    12.6004
22.4916    30.5772    12.6004
22.437199    30.6012    12.6004
22.414    30.6108    12.6004
22.3748    30.622799    12.6004
22.35    30.63    12.6004
22.3244    30.6332    12.6004
22.2868    30.636398    12.6004
22.284399    30.636398    12.6004
22.2556    30.633999    12.6004
22.249199    30.6348    12.6004
22.2444    30.633999    12.6004
22.2396    30.633999    12.6004
22.2276    30.630798    12.6004
22.1908    30.6236    12.6004
22.1828    30.621199    12.6004
22.1756    30.618    12.6004
22.1724    30.6164    12.6004
22.1388    30.602    12.6004
22.1316    30.5996    12.6004
22.122    30.598799    12.6004
22.1028    30.593199    12.6004
22.0924    30.594799    12.6004
22.0716    30.594799    12.6004
22.05    30.598    12.6004
22.0476    30.598799    12.6004
22.0348    30.6012    12.6004
22.0276    30.602    12.6004
21.998    30.605999    12.6004
21.9748    30.609999    12.6004
21.942799    30.618    12.6004
21.938    30.6188    12.6004
21.9188    30.622799    12.6004
21.8676    30.626    12.6004
21.862799    30.626799    12.6004
21.8524    30.626799    12.6004
21.8228    30.626    12.6004
21.7332    30.622799    12.6004
21.7204    30.622    12.6004
21.708399    30.621199    12.6004
21.5796    30.611599    12.6004
21.542    30.6076    12.6004
21.531599    30.605999    12.6004
21.5108    30.598799    12.6004
21.4932    30.591599    12.6004
21.465199    30.5836    12.6004
21.4476    30.574    12.6004
21.4244    30.5548    12.6004
21.414799    30.5476    12.6004
21.41    30.5444    12.6004
21.390799    30.5236    12.6004
21.3892    30.518799    12.6004
21.3876    30.498798    12.6004
21.39    30.493198    12.6004
21.3916    30.4828    12.6004
21.3956    30.473999    12.6004
21.4124    30.4396    12.6004
21.4308    30.414799    12.6004
21.4324    30.4124    12.6004
21.433199    30.410799    12.6004
21.4644    30.3692    12.6004
21.4692    30.362    12.6004
21.4884    30.3428    12.6004
21.4972    30.33    12.6004
21.5028    30.3244    12.6004
21.522    30.3028    12.6004
21.541199    30.2836    12.6004
21.563599    30.2596    12.6004
21.5724    30.249199    12.6004
21.6084    30.2172    12.6004
21.611599    30.213999    12.6004
21.6164    30.21    12.6004
21.628399    30.198    12.6004
21.6556    30.174799    12.6004
21.6644    30.165998    12.6004
21.689999    30.1444    12.6004
21.706    30.1316    12.6004
21.7092    30.1292    12.6004
21.7356    30.109999    12.6004
21.778    30.081999    12.6004
21.7836    30.078    12.6004
21.7948    30.0716    12.6004
21.8428    30.042799    12.6004
21.8708    30.028399    12.6004
21.886    30.0196    12.6004
21.914799    30.0052    12.6004
21.9476    29.989199    12.6004
21.9636    29.9828    12.6004
22.0092    29.9636    12.6004
22.0396    29.9516    12.6004
22.0564    29.944399    12.6004
22.069199    29.9404    12.6004
22.1292    29.9196    12.6004
22.178799    29.9052    12.6004
22.1892    29.901999    12.6004
22.1964    29.9004    12.6004
22.230799    29.892399    12.6004
22.253199    29.8876    12.6004
22.282    29.8828    12.6004
22.3116    29.8788    12.6004
22.321999    29.877998    12.6004
22.334    29.8764    12.6004
22.3764    29.873999    12.6004
22.3772    29.873999    12.6004
22.418    29.873999    12.6004
22.434    29.873999    12.6004
22.4588    29.873999    12.6004
22.4748    29.8772    12.6004
22.49    29.879599    12.6004
22.5148    29.8876    12.6004
22.517199    29.8884    12.6004
22.5252    29.8932    12.6004
22.5404    29.9012    12.6004
22.5492    29.9068    12.6004
22.5772    29.9292    12.6004
22.604399    29.952398    12.6004
22.6292    29.9732    12.6004
22.661999    30.0028    12.6004
22.684399    30.0236    12.6004
22.6892    30.028399    12.6004
22.7044    30.042799    12.6004
22.7092    30.048399    12.6004
22.71    30.050798    12.6004
22.725199    30.074799    12.6004
22.725199    30.080399    12.6004
22.725199    30.0964    12.6004
22.7276    30.104399    12.6004
22.725199    30.1204    12.6004
22.7244    30.1276    12.6004
22.722    30.137999    12.6004
22.713999    30.161999    12.6004
