18.254799    32.144398    0.9004
11.5404    36.0212    0.9004
12.802    37.517998    0.9004
12.941999    37.683598    0.9004
14.3796    39.0132    0.9004
14.538799    39.1604    0.9004
16.1308    40.3004    0.9004
16.306799    40.4268    0.9004
18.0276    41.3612    0.9004
18.218    41.464397    0.9004
20.041199    42.177998    0.9004
20.2428    42.2572    0.9004
22.1412    42.7388    0.9004
22.3508    42.7924    0.9004
24.293999    43.0356    0.9004
24.5092    43.062798    0.9004
26.466799    43.062798    0.9004
26.6836    43.062798    0.9004
28.626799    42.8196    0.9004
28.842    42.7924    0.9004
30.740398    42.3108    0.9004
30.949999    42.2572    0.9004
32.7732    41.5436    0.9004
32.9748    41.464397    0.9004
34.6956    40.53    0.9004
34.885998    40.4268    0.9004
36.478    39.2868    0.9004
36.654    39.1604    0.9004
38.0916    37.8308    0.9004
38.250797    37.683598    0.9004
39.5132    36.1868    0.9004
39.652397    36.0212    0.9004
38.91    35.5924    0.9004
32.1956    31.7156    0.9004
32.0868    31.814798    0.9004
31.1036    32.714798    0.9004
30.9804    32.7948    0.9004
29.862799    33.5212    0.9004
29.7276    33.5804    0.9004
28.505999    34.113197    0.9004
28.362799    34.1492    0.9004
27.0716    34.4748    0.9004
26.924398    34.486797    0.9004
25.5964    34.596397    0.9004
25.4492    34.5844    0.9004
24.121199    34.4748    0.9004
23.977999    34.4388    0.9004
22.685999    34.113197    0.9004
22.5508    34.054    0.9004
21.33    33.5212    0.9004
21.206799    33.4412    0.9004
20.0892    32.714798    0.9004
19.9804    32.6156    0.9004
18.9972    31.7156    0.9004
18.254799    32.144398    0.9004
