23.5964    15.963599    0.9004
23.5964    8.2108    0.9004
21.669199    8.5548    0.9004
21.455599    8.5932    0.9004
19.5852    9.174    0.9004
19.378    9.238    0.9004
17.594799    10.046    0.9004
17.3972    10.1356    0.9004
15.727599    11.1588    0.9004
15.5428    11.2724    0.9004
14.0132    12.4948    0.9004
13.844399    12.63    0.9004
12.478    14.032399    0.9004
12.326799    14.187599    0.9004
11.1444    15.7484    0.9004
11.014    15.9212    0.9004
10.0348    17.617199    0.9004
9.9268    17.805199    0.9004
9.1652    19.6092    0.9004
9.0812    19.8084    0.9004
8.55    21.6932    0.9004
8.4908    21.901999    0.9004
8.1972    23.838    0.9004
8.1644    24.052399    0.9004
8.1132    26.0092    0.9004
8.1076    26.226    0.9004
8.2996    28.174799    0.9004
8.321199    28.390799    0.9004
8.7532    30.3004    0.9004
8.8012    30.511599    0.9004
9.4668    32.3532    0.9004
9.5404    32.557198    0.9004
10.2828    32.1284    0.9004
16.9972    28.251598    0.9004
16.9652    28.1076    0.9004
16.678    26.806799    0.9004
16.67    26.6596    0.9004
16.600399    25.3284    0.9004
16.617199    25.182    0.9004
16.765999    23.858    0.9004
16.806    23.7164    0.9004
17.17    22.4348    0.9004
17.2332    22.301199    0.9004
17.802    21.0964    0.9004
17.886    20.9756    0.9004
18.645199    19.879599    0.9004
18.747599    19.774    0.9004
19.6756    18.817999    0.9004
19.793999    18.730799    0.9004
20.8668    17.9396    0.9004
20.998    17.8724    0.9004
22.1852    17.2676    0.9004
22.326    17.2228    0.9004
23.5964    16.8212    0.9004
23.5964    15.963599    0.9004
