34.938    28.680399    0.9004
41.652397    32.557198    0.9004
42.318    30.7156    0.9004
42.391598    30.511599    0.9004
42.8236    28.602    0.9004
42.871597    28.390799    0.9004
43.0636    26.442    0.9004
43.085197    26.226    0.9004
43.034    24.2692    0.9004
43.0284    24.052399    0.9004
42.7348    22.1164    0.9004
42.702    21.901999    0.9004
42.1708    20.017199    0.9004
42.1116    19.8084    0.9004
41.35    18.0044    0.9004
41.266    17.805199    0.9004
40.2868    16.1092    0.9004
40.1788    15.9212    0.9004
38.9964    14.360399    0.9004
38.865997    14.187599    0.9004
37.4996    12.7852    0.9004
37.3484    12.63    0.9004
35.818798    11.407599    0.9004
35.6492    11.2724    0.9004
33.9804    10.2492    0.9004
33.7956    10.1356    0.9004
32.0116    9.3276    0.9004
31.814    9.238    0.9004
29.944399    8.6572    0.9004
29.7372    8.5932    0.9004
27.81    8.2492    0.9004
27.5964    8.2108    0.9004
27.5964    9.068399    0.9004
27.5964    16.8212    0.9004
27.7372    16.866    0.9004
29.007599    17.2676    0.9004
29.1388    17.334799    0.9004
30.325998    17.9396    0.9004
30.444399    18.0268    0.9004
31.517199    18.817999    0.9004
31.619598    18.9236    0.9004
32.5476    19.879599    0.9004
32.6316    20.000399    0.9004
33.3908    21.0964    0.9004
33.454    21.23    0.9004
34.0228    22.4348    0.9004
34.062798    22.576399    0.9004
34.4268    23.858    0.9004
34.4436    24.0044    0.9004
34.5924    25.3284    0.9004
34.5844    25.4756    0.9004
34.5148    26.806799    0.9004
34.4828    26.9508    0.9004
34.1956    28.251598    0.9004
34.938    28.680399    0.9004
