21.5964    45.192398    0.9004
21.4788    45.1644    0.9004
20.4196    44.9148    0.9004
20.3044    44.880398    0.9004
19.2628    44.5668    0.9004
18.7484    44.9596    0.9004
14.097199    48.5132    0.9004
13.838799    48.363598    0.9004
11.499599    47.0132    0.9004
11.5828    46.3708    0.9004
12.334    40.5668    0.9004
12.245999    40.484398    0.9004
11.4539995    39.7388    0.9004
11.3716    39.6508    0.9004
10.625999    38.857998    0.9004
9.9836    38.9412    0.9004
4.1796    39.6932    0.9004
4.0299997    39.4348    0.9004
2.6796    37.0956    0.9004
3.0723999    36.5812    0.9004
6.626    31.929998    0.9004
6.5916    31.814798    0.9004
6.278    30.7724    0.9004
6.25    30.6556    0.9004
6.0004    29.5964    0.9004
5.4028    29.347599    0.9004
0.0004    27.0964    0.9004
0.0004    26.7972    0.9004
0.0004    24.0964    0.9004
0.598    23.847599    0.9004
6.0004    21.5964    0.9004
6.0284    21.4788    0.9004
6.278    20.4196    0.9004
6.3124    20.3044    0.9004
6.626    19.2628    0.9004
6.2332    18.7484    0.9004
2.6796    14.097199    0.9004
2.8292    13.838799    0.9004
4.1796    11.499599    0.9004
4.822    11.5828    0.9004
10.625999    12.334    0.9004
10.7084    12.245999    0.9004
11.4539995    11.4539995    0.9004
11.542    11.3716    0.9004
12.334    10.625999    0.9004
12.2508    9.9836    0.9004
11.499599    4.1796    0.9004
11.757999    4.0299997    0.9004
14.097199    2.6796    0.9004
14.6116    3.0723999    0.9004
19.2628    6.626    0.9004
19.378    6.5916    0.9004
20.4196    6.278    0.9004
20.537199    6.25    0.9004
21.5964    6.0004    0.9004
21.8452    5.4028    0.9004
24.0964    0.0004    0.9004
24.3948    0.0004    0.9004
27.0964    0.0004    0.9004
27.3452    0.598    0.9004
29.5964    6.0004    0.9004
29.7132    6.0284    0.9004
30.7724    6.278    0.9004
30.8876    6.3124    0.9004
31.929998    6.626    0.9004
32.4444    6.2332    0.9004
37.0956    2.6796    0.9004
37.354    2.8292    0.9004
39.6932    4.1796    0.9004
39.61    4.822    0.9004
38.857998    10.625999    0.9004
38.946    10.7084    0.9004
39.7388    11.4539995    0.9004
39.821198    11.542    0.9004
40.5668    12.334    0.9004
41.209198    12.2508    0.9004
47.0132    11.499599    0.9004
47.1628    11.757999    0.9004
48.5132    14.097199    0.9004
48.1204    14.6116    0.9004
44.5668    19.2628    0.9004
44.6012    19.378    0.9004
44.9148    20.4196    0.9004
44.9428    20.537199    0.9004
45.192398    21.5964    0.9004
45.789997    21.8452    0.9004
51.192398    24.0964    0.9004
51.192398    24.3948    0.9004
51.192398    27.0964    0.9004
50.5948    27.3452    0.9004
45.192398    29.5964    0.9004
45.1644    29.7132    0.9004
44.9148    30.7724    0.9004
44.880398    30.8876    0.9004
44.5668    31.929998    0.9004
44.9596    32.4444    0.9004
48.5132    37.0956    0.9004
48.363598    37.354    0.9004
47.0132    39.6932    0.9004
46.3708    39.61    0.9004
40.5668    38.857998    0.9004
40.484398    38.946    0.9004
39.7388    39.7388    0.9004
39.6508    39.821198    0.9004
38.857998    40.5668    0.9004
38.9412    41.209198    0.9004
39.6932    47.0132    0.9004
39.4348    47.1628    0.9004
37.0956    48.5132    0.9004
36.5812    48.1204    0.9004
31.929998    44.5668    0.9004
31.814798    44.6012    0.9004
30.7724    44.9148    0.9004
30.6556    44.9428    0.9004
29.5964    45.192398    0.9004
29.347599    45.789997    0.9004
27.0964    51.192398    0.9004
26.7972    51.192398    0.9004
24.0964    51.192398    0.9004
23.847599    50.5948    0.9004
21.5964    45.192398    0.9004
