4.218    31.626    21.9004
4.2084    31.6108    21.9004
4.1924    31.591599    21.9004
4.1812    31.578798    21.9004
4.1563997    31.5572    21.9004
4.1436    31.546799    21.9004
4.1404    31.5444    21.9004
4.134    31.541199    21.9004
4.1284    31.5388    21.9004
4.1028    31.5292    21.9004
4.1019998    31.5292    21.9004
4.1004    31.529999    21.9004
4.0716    31.55    21.9004
4.0684    31.556398    21.9004
4.062    31.581999    21.9004
4.0604    31.591599    21.9004
4.0604    31.597198    21.9004
4.0532    31.6516    21.9004
4.0532    31.660398    21.9004
4.0467997    31.7244    21.9004
4.0452    31.7452    21.9004
4.0372    31.81    21.9004
4.0364    31.8228    21.9004
4.0355997    31.823599    21.9004
4.0243998    31.872398    21.9004
4.0228    31.877998    21.9004
4.0084    31.918798    21.9004
3.9828    31.970798    21.9004
3.9812    31.9748    21.9004
3.962    32.0044    21.9004
3.9596    32.01    21.9004
3.9468    32.040398    21.9004
3.9364    32.0604    21.9004
3.934    32.086    21.9004
3.9332    32.088398    21.9004
3.9396    32.1068    21.9004
3.9283998    32.118    21.9004
3.954    32.1412    21.9004
3.9659998    32.1292    21.9004
3.9843998    32.127598    21.9004
4.0123997    32.1116    21.9004
4.0276    32.1036    21.9004
4.0364    32.0972    21.9004
4.0436    32.0916    21.9004
4.0564    32.0812    21.9004
4.0716    32.0668    21.9004
4.0772    32.0636    21.9004
4.1036    32.034    21.9004
4.1292    32.0084    21.9004
4.1507998    31.986    21.9004
4.186    31.952398    21.9004
4.19    31.9476    21.9004
4.2156    31.916399    21.9004
4.2244    31.9044    21.9004
4.2283998    31.894    21.9004
4.2404    31.872398    21.9004
4.2483997    31.8548    21.9004
4.2548    31.842    21.9004
4.2604    31.823599    21.9004
4.2627997    31.814    21.9004
4.2644    31.7932    21.9004
4.2644    31.771599    21.9004
4.2644    31.7556    21.9004
4.2644    31.737999    21.9004
4.258    31.7156    21.9004
4.2507997    31.693998    21.9004
4.2444    31.6764    21.9004
4.2316    31.649199    21.9004
4.218    31.626    21.9004
