3.1276    37.3756    21.9004
3.1051998    37.3332    21.9004
3.1028    37.329998    21.9004
3.1011999    37.3284    21.9004
3.0884    37.3076    21.9004
3.07    37.2788    21.9004
3.0507998    37.25    21.9004
3.046    37.2388    21.9004
3.0412    37.2308    21.9004
3.0244    37.2084    21.9004
3.018    37.200397    21.9004
3.0124    37.1916    21.9004
2.9844    37.1708    21.9004
2.9812    37.166798    21.9004
2.9548    37.162    21.9004
2.9443998    37.1588    21.9004
2.9356    37.17    21.9004
2.9284    37.186    21.9004
2.9227998    37.214798    21.9004
2.9212    37.2196    21.9004
2.9204    37.2236    21.9004
2.9124    37.258    21.9004
2.9124    37.2636    21.9004
2.8892    37.3764    21.9004
2.8867998    37.3868    21.9004
2.886    37.391598    21.9004
2.8764    37.4284    21.9004
2.8772    37.4332    21.9004
2.878    37.450798    21.9004
2.8788    37.456398    21.9004
2.8844    37.4596    21.9004
2.9164    37.475597    21.9004
2.9212    37.4772    21.9004
2.942    37.4828    21.9004
2.9692    37.4852    21.9004
3.0604    37.4988    21.9004
3.0635998    37.4996    21.9004
3.0884    37.5044    21.9004
3.1123998    37.502    21.9004
3.1188    37.503597    21.9004
3.1267998    37.501198    21.9004
3.1508    37.4892    21.9004
3.158    37.4852    21.9004
3.1627998    37.4652    21.9004
3.1627998    37.454    21.9004
3.1483998    37.4228    21.9004
3.138    37.3964    21.9004
3.1276    37.3756    21.9004
