7.0116    15.3812    13.2004
7.0108    15.3652    13.2004
7.0084    15.3108    13.2004
7.002    15.1908    13.2004
6.9964    15.113999    13.2004
6.99    15.032399    13.2004
6.9867997    14.99    13.2004
6.9811997    14.9212    13.2004
6.9779997    14.895599    13.2004
6.9667997    14.8076    13.2004
6.9644    14.785199    13.2004
6.9515996    14.6812    13.2004
6.9444    14.636399    13.2004
6.9347997    14.5708    13.2004
6.9284    14.528399    13.2004
6.9156    14.4556    13.2004
6.91    14.429999    13.2004
6.9003997    14.3796    13.2004
6.898    14.37    13.2004
6.8891997    14.314799    13.2004
6.8747997    14.250799    13.2004
6.8683996    14.223599    13.2004
6.8571997    14.1732    13.2004
6.8508    14.1444    13.2004
6.8236    14.033999    13.2004
6.7995996    13.9284    13.2004
6.7939997    13.905999    13.2004
6.7907996    13.8924    13.2004
6.7604    13.7604    13.2004
6.7451997    13.698    13.2004
6.73    13.634    13.2004
6.7051997    13.5252    13.2004
6.6763997    13.394    13.2004
6.6724    13.3756    13.2004
6.658    13.3012    13.2004
6.6396    13.2084    13.2004
6.634    13.1804    13.2004
6.6324    13.171599    13.2004
6.6284    13.147599    13.2004
6.6084    13.0292    13.2004
6.6028    12.992399    13.2004
6.586    12.8772    13.2004
6.5852    12.8756    13.2004
6.5852    12.874    13.2004
6.5636    12.728399    13.2004
6.5532    12.642799    13.2004
6.5452    12.5803995    13.2004
6.5348    12.4956    13.2004
6.5348    12.4892    13.2004
6.534    12.4836    13.2004
6.5243998    12.4028    13.2004
6.5155997    12.315599    13.2004
6.5148    12.302799    13.2004
6.5123997    12.2772    13.2004
6.506    12.2084    13.2004
6.502    12.1612    13.2004
6.4988    12.119599    13.2004
6.4923997    12.0348    13.2004
6.4916    12.028399    13.2004
6.4867997    11.9428    13.2004
6.486    11.9396    13.2004
6.486    11.9348    13.2004
6.4811997    11.858    13.2004
6.4811997    11.8244    13.2004
6.4796    11.8028    13.2004
6.4796    11.785999    13.2004
6.4788    11.7699995    13.2004
6.4756    11.75    13.2004
6.4747996    11.7411995    13.2004
6.4572    11.7212    13.2004
6.4523997    11.714    13.2004
6.4396    11.705999    13.2004
6.4108    11.69    13.2004
6.3796    11.6732    13.2004
6.3724    11.67    13.2004
6.3459997    11.653999    13.2004
6.3364    11.648399    13.2004
6.3292    11.6444    13.2004
6.3148    11.6348    13.2004
6.2851996    11.6147995    13.2004
6.266    11.598    13.2004
6.2483997    11.5836    13.2004
6.238    11.5748    13.2004
6.206    11.5468    13.2004
6.1707997    11.5116    13.2004
6.1707997    11.510799    13.2004
6.1419997    11.481199    13.2004
6.1275997    11.4612    13.2004
6.1084    11.4324    13.2004
6.1075997    11.4307995    13.2004
6.1019998    11.418799    13.2004
6.0972    11.406799    13.2004
6.0972    11.4044    13.2004
6.0931997    11.3804    13.2004
6.094    11.3764    13.2004
6.094    11.3532    13.2004
6.0964    11.3404    13.2004
6.1019998    11.318    13.2004
6.1196    11.2532    13.2004
6.1204    11.2508    13.2004
6.1484    11.1684    13.2004
6.1556    11.1508    13.2004
6.1724    11.11    13.2004
6.1836    11.085199    13.2004
6.2012    11.05    13.2004
6.2236    11.0028    13.2004
6.2388    10.9748    13.2004
6.258    10.941199    13.2004
6.2692    10.922    13.2004
6.278    10.907599    13.2004
6.2995996    10.873199    13.2004
6.3083997    10.861199    13.2004
6.3324    10.826799    13.2004
6.3459997    10.8076    13.2004
6.3483996    10.8043995    13.2004
6.3756    10.7684    13.2004
6.3956    10.7444    13.2004
6.3996    10.7388    13.2004
6.4068    10.7308    13.2004
6.4228    10.7164    13.2004
6.434    10.7092    13.2004
6.4579997    10.6956    13.2004
6.4667997    10.6924    13.2004
6.4708    10.6916    13.2004
6.5044    10.683599    13.2004
6.5108    10.6812    13.2004
6.5355997    10.665999    13.2004
6.5467997    10.6588    13.2004
6.5532    10.6388    13.2004
6.5564    10.630799    13.2004
6.5587997    10.5956    13.2004
6.5611997    10.5836    13.2004
6.566    10.5548    13.2004
6.5843997    10.4539995    13.2004
6.5987997    10.3796    13.2004
6.6084    10.3284    13.2004
6.6204    10.278    13.2004
6.6243997    10.263599    13.2004
6.6252    10.2484    13.2004
6.6292    10.2308    13.2004
6.6243997    10.2148    13.2004
6.6236    10.2036    13.2004
6.6172    10.1908    13.2004
6.6028    10.1756    13.2004
6.5875998    10.1564    13.2004
6.5811996    10.1452    13.2004
6.5667996    10.101999    13.2004
6.5596    10.078    13.2004
6.5572    10.068399    13.2004
6.542    10.010799    13.2004
6.5332    9.978    13.2004
6.5308    9.9692    13.2004
6.5076    9.8572    13.2004
6.5067997    9.8532    13.2004
6.5067997    9.8524    13.2004
6.4884    9.7556    13.2004
6.482    9.7204    13.2004
6.4779997    9.6964    13.2004
6.4772    9.65    13.2004
6.4772    9.648399    13.2004
6.4779997    9.6435995    13.2004
6.4803996    9.618    13.2004
6.4844    9.596399    13.2004
6.4876    9.5876    13.2004
6.5028    9.533199    13.2004
6.5132    9.499599    13.2004
6.5155997    9.4908    13.2004
6.5355997    9.434    13.2004
6.5372    9.429999    13.2004
6.5388    9.426    13.2004
6.5548    9.3868    13.2004
6.5692    9.354    13.2004
6.582    9.3276    13.2004
6.6004    9.2908    13.2004
6.6108    9.2716    13.2004
6.6196    9.2596    13.2004
6.6428    9.2284    13.2004
6.6619997    9.2076    13.2004
6.6643996    9.2052    13.2004
6.6675997    9.202    13.2004
6.6995997    9.1756    13.2004
6.7004    9.1748    13.2004
6.7492    9.1396    13.2004
6.7604    9.1324    13.2004
6.7915998    9.1132    13.2004
6.8012    9.1076    13.2004
6.8444    9.0844    13.2004
6.8756    9.068399    13.2004
6.9091997    9.0524    13.2004
6.9635997    9.03    13.2004
6.982    9.021999    13.2004
6.9972    9.016399    13.2004
7.0084    9.0116    13.2004
7.0188    9.01    13.2004
7.0291996    9.0084    13.2004
7.0308    9.0084    13.2004
7.0611997    9.004399    13.2004
7.0667996    9.006    13.2004
7.094    9.005199    13.2004
7.1075997    9.0076    13.2004
7.158    9.0196    13.2004
7.1619997    9.0212    13.2004
7.2275996    9.0388    13.2004
7.2339997    9.0404    13.2004
7.2427998    9.0428    13.2004
7.2763996    9.0515995    13.2004
7.2988    9.058    13.2004
7.3195996    9.066    13.2004
7.3636    9.082    13.2004
7.4059997    9.098    13.2004
7.4147997    9.1012    13.2004
7.4308    9.108399    13.2004
7.4884    9.1348    13.2004
7.5123997    9.1468    13.2004
7.5435996    9.1636    13.2004
7.5587997    9.177199    13.2004
7.562    9.1788    13.2004
7.5684    9.1868    13.2004
7.5828    9.2052    13.2004
7.5916    9.2212    13.2004
7.5923996    9.2212    13.2004
7.5923996    9.222    13.2004
7.6019998    9.252399    13.2004
7.6043997    9.2588    13.2004
7.6108    9.2884    13.2004
7.614    9.3132    13.2004
7.6204    9.349999    13.2004
7.6243997    9.3764    13.2004
7.626    9.395599    13.2004
7.626    9.429999    13.2004
7.626    9.441999    13.2004
7.6252    9.4692    13.2004
7.626    9.4812    13.2004
7.6252    9.4852    13.2004
7.6252    9.487599    13.2004
7.6219997    9.5196    13.2004
7.6211996    9.5252    13.2004
7.614    9.556399    13.2004
7.6036    9.5828    13.2004
7.5987997    9.59    13.2004
7.5964    9.598    13.2004
7.5875998    9.6164    13.2004
7.5828    9.6404    13.2004
7.5828    9.642799    13.2004
7.5852    9.6748    13.2004
7.5852    9.6764    13.2004
7.594    9.7012    13.2004
7.5987997    9.717999    13.2004
7.6084    9.7556    13.2004
7.626    9.849999    13.2004
7.6267996    9.8508    13.2004
7.6419997    9.953199    13.2004
7.6428    9.958799    13.2004
7.6436    9.9636    13.2004
7.6563997    10.062799    13.2004
7.6587996    10.0884    13.2004
7.6651998    10.159599    13.2004
7.6684    10.2036    13.2004
7.674    10.2628    13.2004
7.6804    10.354    13.2004
7.6819997    10.406    13.2004
7.6875997    10.538799    13.2004
7.6892    10.5756    13.2004
7.6924    10.7164    13.2004
7.6924    10.7204    13.2004
7.6924    10.7964    13.2004
7.6931996    10.872399    13.2004
7.6931996    10.8764    13.2004
7.686    11.0836    13.2004
7.686    11.1012    13.2004
7.6836    11.2204    13.2004
7.6836    11.2396    13.2004
7.6828    11.3052    13.2004
7.6819997    11.3172    13.2004
7.678    11.4108    13.2004
7.6787996    11.486799    13.2004
7.6804    11.5188    13.2004
7.6812    11.5596    13.2004
7.6819997    11.6188    13.2004
7.6851997    11.6684    13.2004
7.6907997    11.7436    13.2004
7.6916    11.7548    13.2004
7.6924    11.7604    13.2004
7.7004    11.8508    13.2004
7.7084    11.917999    13.2004
7.7092    11.9212    13.2004
7.7124    11.9492    13.2004
7.7219996    12.0148    13.2004
7.7228    12.0188    13.2004
7.7324    12.0756    13.2004
7.7363997    12.1004    13.2004
7.7372    12.1044    13.2004
7.7516    12.19    13.2004
7.7556    12.214    13.2004
7.7692    12.280399    13.2004
7.7748    12.306    13.2004
7.786    12.3644    13.2004
7.7924    12.3924    13.2004
7.8059998    12.4556    13.2004
7.8148    12.4956    13.2004
7.8259997    12.5436    13.2004
7.8371997    12.585199    13.2004
7.8476    12.6276    13.2004
7.8612    12.6804    13.2004
7.8724    12.7244    13.2004
7.8844    12.768399    13.2004
7.8947997    12.806    13.2004
7.9044    12.8404    13.2004
7.9171996    12.8828    13.2004
7.9332    12.9404    13.2004
7.9427996    12.970799    13.2004
7.9579997    13.021199    13.2004
7.9723997    13.0668    13.2004
7.9908    13.1268    13.2004
8.0044    13.1684    13.2004
8.0244    13.2308    13.2004
8.046    13.294    13.2004
8.061999    13.338799    13.2004
8.102    13.447599    13.2004
8.106    13.4604    13.2004
8.1491995    13.5748    13.2004
8.1508    13.578799    13.2004
8.1564    13.5956    13.2004
8.1796    13.660399    13.2004
8.2044    13.7276    13.2004
8.2612    13.8796    13.2004
8.3172    14.03    13.2004
8.3364    14.0803995    13.2004
8.3492    14.1147995    13.2004
8.398    14.2476    13.2004
8.4228    14.320399    13.2004
8.4524    14.406799    13.2004
8.4604    14.429999    13.2004
8.478    14.4844    13.2004
8.4939995    14.5356    13.2004
8.5227995    14.624399    13.2004
8.528399    14.641999    13.2004
8.5571995    14.7436    13.2004
8.5596    14.754    13.2004
8.5803995    14.8276    13.2004
8.5836    14.838799    13.2004
8.6092    14.946    13.2004
8.61    14.95    13.2004
8.6108    14.953199    13.2004
8.6468    15.1116    13.2004
8.6588    15.1804    13.2004
8.6612    15.193999    13.2004
8.6756    15.282    13.2004
8.6764    15.2844    13.2004
8.6764    15.285199    13.2004
8.6764    15.2876    13.2004
8.689199    15.3924    13.2004
8.6972    15.462    13.2004
8.698    15.464399    13.2004
8.698    15.465199    13.2004
8.7012    15.528399    13.2004
8.7036    15.561199    13.2004
8.7092    15.636399    13.2004
8.71    15.6916    13.2004
8.71    15.717999    13.2004
8.7092    15.727599    13.2004
8.71    15.797199    13.2004
8.7084    15.815599    13.2004
8.7052    15.873199    13.2004
8.7044    15.9044    13.2004
8.7012    15.9452    13.2004
8.698    15.9732    13.2004
8.6932    16.0084    13.2004
8.6916    16.0364    13.2004
8.6764    16.1268    13.2004
8.6756    16.128399    13.2004
8.6756    16.1292    13.2004
8.6572    16.2188    13.2004
8.6508    16.2404    13.2004
8.6332    16.306799    13.2004
8.625999    16.3316    13.2004
8.6068    16.3956    13.2004
8.5876    16.454    13.2004
8.5756    16.4988    13.2004
8.542    16.6052    13.2004
8.521999    16.6708    13.2004
8.5012    16.7444    13.2004
8.499599    16.75    13.2004
8.4852    16.8164    13.2004
8.4756    16.8636    13.2004
8.470799    16.903599    13.2004
8.4628    16.9804    13.2004
8.462    16.9916    13.2004
8.4628    16.994799    13.2004
8.4628    17.0012    13.2004
8.4636    17.0804    13.2004
8.465199    17.114    13.2004
8.4692    17.1484    13.2004
8.4724    17.1948    13.2004
8.476399    17.2244    13.2004
8.487599    17.2924    13.2004
8.498799    17.3524    13.2004
8.502    17.3804    13.2004
8.5092    17.4196    13.2004
8.5196    17.479599    13.2004
8.5316    17.5444    13.2004
8.556399    17.67    13.2004
8.5604    17.6924    13.2004
8.561999    17.6996    13.2004
8.5692    17.737999    13.2004
8.5803995    17.7972    13.2004
8.585199    17.821999    13.2004
8.6036    17.9188    13.2004
8.6124    17.9756    13.2004
8.6172    18.0036    13.2004
8.6236    18.046    13.2004
8.6308    18.0812    13.2004
8.637199    18.1364    13.2004
8.642    18.1684    13.2004
8.6491995    18.2372    13.2004
8.6532    18.2748    13.2004
8.6564    18.310799    13.2004
8.658    18.3428    13.2004
8.660399    18.444399    13.2004
8.662    18.5164    13.2004
8.662    18.5268    13.2004
8.660399    18.6092    13.2004
8.6596    18.6148    13.2004
8.6596    18.6164    13.2004
8.6572    18.7164    13.2004
8.6564    18.734    13.2004
8.6516    18.8116    13.2004
8.648399    18.8388    13.2004
8.642799    18.914799    13.2004
8.6404    18.9292    13.2004
8.63    19.0028    13.2004
8.6292    19.01    13.2004
8.6236    19.0436    13.2004
8.6164    19.102    13.2004
8.6124    19.1188    13.2004
8.602    19.1588    13.2004
8.591599    19.2044    13.2004
8.5844    19.2292    13.2004
8.568399    19.278    13.2004
8.5588    19.3092    13.2004
8.550799    19.3244    13.2004
8.533999    19.3668    13.2004
8.5204    19.3964    13.2004
8.5004    19.43    13.2004
8.4612    19.4756    13.2004
8.4484    19.49    13.2004
8.4436    19.496399    13.2004
8.438    19.5028    13.2004
8.406799    19.5436    13.2004
8.3932    19.553999    13.2004
8.3884    19.5684    13.2004
8.3892    19.5844    13.2004
8.3884    19.598799    13.2004
8.3972    19.6188    13.2004
8.3996    19.6244    13.2004
8.4108    19.6476    13.2004
8.41    19.6548    13.2004
8.4172    19.674    13.2004
8.418799    19.6812    13.2004
8.4212    19.6884    13.2004
8.4372    19.726799    13.2004
8.441999    19.737999    13.2004
8.4436    19.7412    13.2004
8.4516    19.760399    13.2004
8.4692    19.8092    13.2004
8.4812    19.842    13.2004
8.499599    19.8996    13.2004
8.5012    19.9068    13.2004
8.5084    19.949999    13.2004
8.5132    19.979599    13.2004
8.5148    19.9868    13.2004
8.516399    20.013199    13.2004
8.5171995    20.018    13.2004
8.5156    20.053999    13.2004
8.5156    20.062    13.2004
8.5156    20.07    13.2004
8.5116    20.1092    13.2004
8.506    20.154    13.2004
8.5036    20.178799    13.2004
8.502    20.1884    13.2004
8.5004    20.197199    13.2004
8.4924    20.2388    13.2004
8.4836    20.2764    13.2004
8.474    20.312399    13.2004
8.441999    20.4052    13.2004
8.4404    20.41    13.2004
8.4388    20.4132    13.2004
8.438    20.416399    13.2004
8.418    20.4636    13.2004
8.4004    20.482    13.2004
8.3996    20.482    13.2004
8.366799    20.498    13.2004
8.366    20.498    13.2004
8.326    20.5052    13.2004
8.234    20.513199    13.2004
8.198    20.517199    13.2004
8.1324    20.5212    13.2004
8.0156    20.531599    13.2004
8.0124    20.531599    13.2004
8.006    20.5324    13.2004
7.898    20.5324    13.2004
7.8956    20.531599    13.2004
7.8908    20.5308    13.2004
7.8532    20.5276    13.2004
7.8483996    20.526    13.2004
7.8227997    20.514    13.2004
7.8092    20.5012    13.2004
7.7939997    20.4916    13.2004
7.7827997    20.4804    13.2004
7.7651997    20.4676    13.2004
7.7444    20.4492    13.2004
7.7307997    20.438799    13.2004
7.7243996    20.4324    13.2004
7.7212    20.4308    13.2004
7.6804    20.3892    13.2004
7.6628    20.3716    13.2004
7.6363997    20.3428    13.2004
7.5787997    20.2804    13.2004
7.5676    20.2684    13.2004
7.5579996    20.2572    13.2004
7.5291996    20.2244    13.2004
7.5067997    20.198    13.2004
7.4884    20.1772    13.2004
7.4652    20.145199    13.2004
7.4556    20.1332    13.2004
7.4412    20.1124    13.2004
7.4203997    20.086    13.2004
7.4083996    20.0644    13.2004
7.398    20.046799    13.2004
7.3908    20.031599    13.2004
7.3803997    20.013199    13.2004
7.3747997    19.9996    13.2004
7.3627996    19.9716    13.2004
7.3571997    19.9572    13.2004
7.3468    19.9308    13.2004
7.3307996    19.885199    13.2004
7.3307996    19.8844    13.2004
7.3203998    19.8524    13.2004
7.31    19.8212    13.2004
7.2971997    19.7764    13.2004
7.2851996    19.734    13.2004
7.2724    19.6828    13.2004
7.2644    19.6524    13.2004
7.2556    19.6084    13.2004
7.2539997    19.5956    13.2004
7.2427998    19.5308    13.2004
7.2356    19.4916    13.2004
7.226    19.437199    13.2004
7.2219996    19.4188    13.2004
7.2124    19.366    13.2004
7.2107997    19.340399    13.2004
7.21    19.3244    13.2004
7.21    19.3172    13.2004
7.2092    19.271599    13.2004
7.21    19.2444    13.2004
7.2116    19.23    13.2004
7.2204    19.1756    13.2004
7.23    19.1188    13.2004
7.2307997    19.1108    13.2004
7.2339997    19.098    13.2004
7.2412    19.0628    13.2004
7.2451997    19.038    13.2004
7.2516    19.0044    13.2004
7.2683997    18.9284    13.2004
7.2716    18.9172    13.2004
7.2956    18.805199    13.2004
7.2963996    18.8028    13.2004
7.2963996    18.8004    13.2004
7.3164    18.73    13.2004
7.3244    18.7068    13.2004
7.3515997    18.6108    13.2004
7.3547997    18.602    13.2004
7.362    18.581999    13.2004
7.3796    18.5492    13.2004
7.3915997    18.534    13.2004
7.4179997    18.5084    13.2004
7.4188    18.507599    13.2004
7.4203997    18.507599    13.2004
7.4523997    18.496399    13.2004
7.4772    18.4868    13.2004
7.482    18.4876    13.2004
7.4867997    18.483599    13.2004
7.4876    18.4788    13.2004
7.494    18.462    13.2004
7.4923997    18.454    13.2004
7.494    18.4396    13.2004
7.4876    18.406    13.2004
7.4859996    18.3916    13.2004
7.4708    18.3252    13.2004
7.47    18.3204    13.2004
7.4691997    18.3188    13.2004
7.4691997    18.316399    13.2004
7.4564    18.249199    13.2004
7.45    18.2148    13.2004
7.4379997    18.157999    13.2004
7.4203997    18.0668    13.2004
7.4196    18.063599    13.2004
7.4179997    18.0572    13.2004
7.4003997    17.9708    13.2004
7.3956    17.9476    13.2004
7.3764    17.8548    13.2004
7.3715997    17.834    13.2004
7.3508    17.732399    13.2004
7.3283997    17.622    13.2004
7.3164    17.566    13.2004
7.2756    17.3772    13.2004
7.2619996    17.3148    13.2004
7.1843996    16.9564    13.2004
7.1796    16.9348    13.2004
7.1555996    16.817999    13.2004
7.1548    16.8148    13.2004
7.154    16.814    13.2004
7.126    16.666    13.2004
7.1067996    16.5564    13.2004
7.1011996    16.5212    13.2004
7.0964    16.4884    13.2004
7.0828    16.373999    13.2004
7.0708    16.2876    13.2004
7.0643997    16.2444    13.2004
7.062    16.221199    13.2004
7.0572    16.1812    13.2004
7.0499997    16.0924    13.2004
7.0411997    15.9796    13.2004
7.0404    15.974799    13.2004
7.0396    15.964399    13.2004
7.0348    15.9044    13.2004
7.034    15.888399    13.2004
7.0316    15.826799    13.2004
7.0291996    15.7764    13.2004
7.0243998    15.6684    13.2004
7.0228    15.636399    13.2004
7.022    15.591599    13.2004
7.0188    15.5348    13.2004
7.0172    15.4964    13.2004
7.0123997    15.3996    13.2004
7.0116    15.3876    13.2004
7.0116    15.3812    13.2004
