10.9964    9.683599    12.9004
10.946799    9.637199    12.9004
10.8692    9.5636    12.9004
10.8636    9.558    12.9004
10.8564    9.55    12.9004
10.8076    9.4939995    12.9004
10.786799    9.4692    12.9004
10.7612    9.438    12.9004
10.7252    9.3892    12.9004
10.717999    9.378799    12.9004
10.71    9.366    12.9004
10.700399    9.344399    12.9004
10.6964    9.3364    12.9004
10.6932    9.314    12.9004
10.6932    9.309999    12.9004
10.6964    9.2876    12.9004
10.702    9.2684    12.9004
10.7092    9.2411995    12.9004
10.7212    9.205999    12.9004
10.734799    9.1644    12.9004
10.7428    9.142799    12.9004
10.745999    9.1324    12.9004
10.751599    9.1164    12.9004
10.762799    9.0836    12.9004
10.7716    9.061999    12.9004
10.7908    9.0132    12.9004
10.8108    8.9668    12.9004
10.815599    8.9564    12.9004
10.821199    8.9436    12.9004
10.8468    8.886    12.9004
10.87    8.8364    12.9004
10.878799    8.818    12.9004
10.8868    8.8028    12.9004
10.8988    8.7828    12.9004
10.9092    8.7652    12.9004
10.9212    8.7411995    12.9004
10.9316    8.7268    12.9004
10.9404    8.7148    12.9004
10.9492    8.7044    12.9004
10.9724    8.688399    12.9004
10.9748    8.6868    12.9004
10.998799    8.682    12.9004
10.999599    8.682    12.9004
11.0372    8.6852    12.9004
11.050799    8.6868    12.9004
11.073199    8.6916    12.9004
11.0892    8.694799    12.9004
11.1188    8.7044    12.9004
11.1435995    8.714    12.9004
11.174    8.7284    12.9004
11.198    8.7411995    12.9004
11.246799    8.7732    12.9004
11.2668    8.786799    12.9004
11.303599    8.815599    12.9004
11.3564    8.8548    12.9004
11.422    8.91    12.9004
11.4228    8.9116    12.9004
11.486    8.974    12.9004
11.493199    8.9812    12.9004
11.5268    9.0171995    12.9004
11.5364    9.027599    12.9004
11.544399    9.0372    12.9004
11.57    9.0668    12.9004
11.6388    9.1491995    12.9004
11.662    9.177199    12.9004
11.686    9.2076    12.9004
11.733999    9.2668    12.9004
11.7948    9.3452    12.9004
11.8652    9.4372    12.9004
11.9164    9.5028    12.9004
11.941999    9.539599    12.9004
11.9428    9.5412    12.9004
11.9484    9.5484    12.9004
11.9732    9.585199    12.9004
11.9748    9.5892    12.9004
12.0004    9.6364    12.9004
12.002    9.642    12.9004
12.015599    9.6708    12.9004
12.027599    9.6988    12.9004
12.0324    9.7148    12.9004
12.039599    9.7316    12.9004
12.045199    9.75    12.9004
12.0492    9.763599    12.9004
12.0748    9.8588    12.9004
12.0836    9.894    12.9004
12.1124    10.002    12.9004
12.1228    10.038799    12.9004
12.1236    10.042    12.9004
12.138    10.1044    12.9004
12.1468    10.1468    12.9004
12.1676    10.2388    12.9004
12.182799    10.3028    12.9004
12.1972    10.3524    12.9004
12.21    10.406    12.9004
12.2252    10.4748    12.9004
12.2364    10.518    12.9004
12.2484    10.566    12.9004
12.2548    10.590799    12.9004
12.266    10.630799    12.9004
12.2764    10.6779995    12.9004
12.2964    10.7564    12.9004
12.3164    10.8331995    12.9004
12.3196    10.846    12.9004
12.322    10.8564    12.9004
12.3236    10.8636    12.9004
12.3308    10.9004    12.9004
12.343599    10.9612    12.9004
12.3532    11.016399    12.9004
12.3572    11.033999    12.9004
12.3644    11.066    12.9004
12.37    11.108399    12.9004
12.3796    11.1588    12.9004
12.386    11.1868    12.9004
12.389199    11.21    12.9004
12.3963995    11.254    12.9004
12.4028    11.2964    12.9004
12.413199    11.349999    12.9004
12.4284    11.4372    12.9004
12.4444    11.515599    12.9004
12.446799    11.5292    12.9004
12.4508    11.5428    12.9004
12.4684    11.6244    12.9004
12.4716    11.641999    12.9004
12.4748    11.6564    12.9004
12.476399    11.6668    12.9004
12.481199    11.6796    12.9004
12.492399    11.7276    12.9004
12.493199    11.740399    12.9004
12.5036    11.7828    12.9004
12.505199    11.7908    12.9004
12.5092    11.8028    12.9004
12.521999    11.8532    12.9004
12.5171995    11.894    12.9004
12.5188    11.9052    12.9004
12.509999    11.922    12.9004
12.5012    11.906799    12.9004
12.481199    11.894799    12.9004
12.475599    11.884399    12.9004
12.4444    11.822    12.9004
12.435599    11.8028    12.9004
12.426    11.791599    12.9004
12.4148    11.768399    12.9004
12.3916    11.714    12.9004
12.374    11.6796    12.9004
12.342    11.6092    12.9004
12.3364    11.5988    12.9004
12.3331995    11.591599    12.9004
12.3244    11.573199    12.9004
12.302    11.5227995    12.9004
12.2852    11.487599    12.9004
12.2612    11.4396    12.9004
12.2428    11.3996    12.9004
12.2316    11.3716    12.9004
12.217999    11.3396    12.9004
12.189199    11.2772    12.9004
12.165199    11.2276    12.9004
12.1236    11.1435995    12.9004
12.0756    11.0484    12.9004
12.0571995    11.0084    12.9004
12.046    10.9844    12.9004
11.9908    10.882    12.9004
11.981999    10.8652    12.9004
11.9724    10.8476    12.9004
11.9092    10.740399    12.9004
11.8868    10.6988    12.9004
11.8756    10.6812    12.9004
11.837999    10.613999    12.9004
11.782    10.528399    12.9004
11.781199    10.527599    12.9004
11.7532    10.4844    12.9004
11.7276    10.4444    12.9004
11.7252    10.441199    12.9004
11.723599    10.4388    12.9004
11.6796    10.3804    12.9004
11.659599    10.354799    12.9004
11.625999    10.3116    12.9004
11.5764    10.25    12.9004
11.567599    10.238    12.9004
11.5524    10.2196    12.9004
11.5124    10.1723995    12.9004
11.4796    10.136399    12.9004
11.4556    10.11    12.9004
11.4436    10.097199    12.9004
11.3916    10.0444    12.9004
11.3764    10.0292    12.9004
11.3132    9.970799    12.9004
11.281199    9.9404    12.9004
11.2244    9.8892    12.9004
11.2148    9.8812    12.9004
11.1756    9.846    12.9004
11.1236    9.797999    12.9004
11.1044    9.780399    12.9004
11.062799    9.7428    12.9004
11.03    9.7148    12.9004
10.9964    9.683599    12.9004
