22.312399    22.6124    12.9004
22.312399    22.6196    12.9004
22.312399    22.626    12.9004
22.3132    22.6476    12.9004
22.312399    22.6524    12.9004
22.310799    22.6908    12.9004
22.306799    22.73    12.9004
22.301199    22.7516    12.9004
22.2932    22.774    12.9004
22.2908    22.782799    12.9004
22.2868    22.7892    12.9004
22.269999    22.806799    12.9004
22.2636    22.812399    12.9004
22.230799    22.826    12.9004
22.226799    22.827599    12.9004
22.226    22.827599    12.9004
22.2044    22.829199    12.9004
22.1948    22.83    12.9004
22.174    22.8308    12.9004
22.115599    22.83    12.9004
22.109999    22.83    12.9004
22.1068    22.83    12.9004
22.1012    22.83    12.9004
22.0716    22.826    12.9004
22.0492    22.821999    12.9004
22.035599    22.817999    12.9004
21.985199    22.805199    12.9004
21.9828    22.805199    12.9004
21.9812    22.805199    12.9004
21.9588    22.801199    12.9004
21.942799    22.8092    12.9004
21.93    22.816399    12.9004
21.9212    22.8268    12.9004
21.9044    22.8468    12.9004
21.8892    22.869999    12.9004
21.8844    22.8764    12.9004
21.8804    22.882    12.9004
21.868399    22.907598    12.9004
21.862799    22.920399    12.9004
21.8604    22.93    12.9004
21.8556    22.942799    12.9004
21.8468    22.976398    12.9004
21.834    23.0388    12.9004
21.833199    23.041199    12.9004
21.8324    23.0436    12.9004
21.8172    23.1076    12.9004
21.816399    23.109999    12.9004
21.8156    23.111599    12.9004
21.8132    23.1164    12.9004
21.7972    23.142    12.9004
21.786    23.1556    12.9004
21.7668    23.174799    12.9004
21.758    23.182    12.9004
21.7524    23.184399    12.9004
21.732399    23.197199    12.9004
21.702799    23.206    12.9004
21.697199    23.2076    12.9004
21.685999    23.206799    12.9004
21.654799    23.206799    12.9004
21.632399    23.2004    12.9004
21.622799    23.197199    12.9004
21.6108    23.1924    12.9004
21.594799    23.1868    12.9004
21.574799    23.1716    12.9004
21.569199    23.167599    12.9004
21.562    23.1612    12.9004
21.5452    23.1476    12.9004
21.526    23.1244    12.9004
21.5236    23.122    12.9004
21.5212    23.1188    12.9004
21.4828    23.059599    12.9004
21.4676    23.0364    12.9004
21.438799    22.998    12.9004
21.4348    22.9932    12.9004
21.39    22.9412    12.9004
21.3676    22.913198    12.9004
21.358799    22.9012    12.9004
21.3452    22.8828    12.9004
21.3364    22.8692    12.9004
21.323599    22.8436    12.9004
21.3228    22.842    12.9004
21.3204    22.8324    12.9004
21.312399    22.8036    12.9004
21.310799    22.7948    12.9004
21.306799    22.7612    12.9004
21.306799    22.7284    12.9004
21.306799    22.712399    12.9004
21.3076    22.698    12.9004
21.3116    22.6596    12.9004
21.314    22.6428    12.9004
21.321999    22.598    12.9004
21.334    22.5644    12.9004
21.334799    22.5612    12.9004
21.3668    22.479599    12.9004
21.3724    22.465199    12.9004
21.3844    22.418    12.9004
21.385199    22.414799    12.9004
21.386799    22.4084    12.9004
21.3892    22.3988    12.9004
21.4172    22.3004    12.9004
21.4236    22.2748    12.9004
21.4308    22.2516    12.9004
21.4396    22.2292    12.9004
21.4476    22.212399    12.9004
21.473999    22.1604    12.9004
21.4876    22.1196    12.9004
21.4876    22.1188    12.9004
21.4972    22.0756    12.9004
21.5012    22.0564    12.9004
21.505999    22.022799    12.9004
21.51    21.9876    12.9004
21.5108    21.9732    12.9004
21.5156    21.948399    12.9004
21.522799    21.9116    12.9004
21.524399    21.907598    12.9004
21.538    21.892399    12.9004
21.548399    21.8892    12.9004
21.5676    21.8836    12.9004
21.5772    21.885199    12.9004
21.5956    21.885199    12.9004
21.6316    21.8996    12.9004
21.632399    21.8996    12.9004
21.632399    21.9004    12.9004
21.678799    21.9268    12.9004
21.7156    21.948399    12.9004
21.7276    21.9548    12.9004
21.730799    21.9564    12.9004
21.7356    21.959599    12.9004
21.7404    21.962    12.9004
21.758799    21.97    12.9004
21.7796    21.97    12.9004
21.7932    21.972399    12.9004
21.8132    21.955599    12.9004
21.8196    21.949999    12.9004
21.8204    21.948399    12.9004
21.8284    21.9244    12.9004
21.833199    21.8996    12.9004
21.8452    21.85    12.9004
21.8484    21.8356    12.9004
21.854    21.816399    12.9004
21.8556    21.8132    12.9004
21.857199    21.8076    12.9004
21.8708    21.777199    12.9004
21.8732    21.7748    12.9004
21.8956    21.7508    12.9004
21.9044    21.7444    12.9004
21.9236    21.7372    12.9004
21.9308    21.734    12.9004
21.9492    21.734    12.9004
21.9564    21.734    12.9004
21.973999    21.737999    12.9004
21.9812    21.737999    12.9004
21.994799    21.746    12.9004
22.0084    21.7516    12.9004
22.0292    21.7684    12.9004
22.0404    21.775599    12.9004
22.0676    21.8036    12.9004
22.0716    21.806799    12.9004
22.074799    21.810799    12.9004
22.0908    21.8284    12.9004
22.104399    21.8452    12.9004
22.121199    21.868399    12.9004
22.1468    21.910799    12.9004
22.149199    21.914    12.9004
22.150799    21.918    12.9004
22.1668    21.9508    12.9004
22.1756    21.9692    12.9004
22.1924    22.0044    12.9004
22.2092    22.0436    12.9004
22.226    22.0836    12.9004
22.2404    22.132399    12.9004
22.241999    22.1388    12.9004
22.254    22.1876    12.9004
22.260399    22.219599    12.9004
22.2676    22.2516    12.9004
22.277199    22.3044    12.9004
22.2804    22.3244    12.9004
22.2876    22.3708    12.9004
22.289999    22.3892    12.9004
22.3028    22.472399    12.9004
22.3028    22.4748    12.9004
22.3036    22.479599    12.9004
22.305199    22.494    12.9004
22.31    22.55    12.9004
22.3116    22.598    12.9004
22.312399    22.6124    12.9004
