18.9652    31.226    23.7004
18.9772    31.320398    23.7004
18.986    31.3508    23.7004
18.994    31.3692    23.7004
19.018799    31.446798    23.7004
19.0204    31.465199    23.7004
19.0196    31.4996    23.7004
19.014    31.5196    23.7004
19.0052    31.542799    23.7004
18.9764    31.594799    23.7004
18.973999    31.5964    23.7004
18.9452    31.609999    23.7004
18.9268    31.6164    23.7004
18.9124    31.6188    23.7004
18.892399    31.615599    23.7004
18.881199    31.6132    23.7004
18.8548    31.600399    23.7004
18.8444    31.593199    23.7004
18.8412    31.5892    23.7004
18.816399    31.5324    23.7004
18.8148    31.5124    23.7004
18.81    31.4572    23.7004
18.8324    31.373999    23.7004
18.8484    31.3364    23.7004
18.8524    31.299599    23.7004
18.8564    31.2796    23.7004
18.8724    31.210798    23.7004
18.882    31.17    23.7004
18.9044    31.13    23.7004
18.910799    31.1092    23.7004
18.9156    31.1188    23.7004
18.9412    31.1236    23.7004
18.9508    31.157999    23.7004
18.9652    31.226    23.7004
