13.683599    15.5652    16.2004
13.665199    15.601199    16.2004
13.6684    15.6108    16.2004
13.6668    15.6348    16.2004
13.671599    15.6508    16.2004
13.6788    15.6732    16.2004
13.698    15.6732    16.2004
13.7204    15.664399    16.2004
13.7244    15.6572    16.2004
13.7388    15.637199    16.2004
13.7411995    15.631599    16.2004
13.745999    15.6004    16.2004
13.746799    15.5988    16.2004
13.7444    15.595599    16.2004
13.7244    15.567599    16.2004
13.7148    15.5636    16.2004
13.7084    15.562799    16.2004
13.6844    15.5644    16.2004
13.683599    15.5644    16.2004
13.683599    15.5652    16.2004
