13.438    16.5036    16.2004
13.446    16.4756    16.2004
13.4628    16.4212    16.2004
13.4732    16.3884    16.2004
13.4916    16.326    16.2004
13.5316    16.1964    16.2004
13.5372    16.178799    16.2004
13.5476    16.1476    16.2004
13.562799    16.105999    16.2004
13.5748    16.07    16.2004
13.5756    16.0684    16.2004
13.5764    16.066    16.2004
13.5748    16.0548    16.2004
13.57    16.0396    16.2004
13.5436    16.0284    16.2004
13.5227995    16.0268    16.2004
13.5084    16.0308    16.2004
13.4892    16.034    16.2004
13.4564    16.041199    16.2004
13.4484    16.042799    16.2004
13.446    16.042799    16.2004
13.406    16.0452    16.2004
13.377999    16.046    16.2004
13.3772    16.046    16.2004
13.3644    16.0436    16.2004
13.3516    16.041199    16.2004
13.3508    16.041199    16.2004
13.3252    16.031599    16.2004
13.3244    16.031599    16.2004
13.3228    16.031599    16.2004
13.2996    16.022    16.2004
13.2948    16.0204    16.2004
13.2644    16.0148    16.2004
13.263599    16.0148    16.2004
13.262799    16.0148    16.2004
13.233999    16.0396    16.2004
13.2324    16.046799    16.2004
13.2324    16.048399    16.2004
13.2324    16.0756    16.2004
13.234799    16.1244    16.2004
13.2355995    16.161999    16.2004
13.2364    16.3252    16.2004
13.2364    16.3788    16.2004
13.2332    16.602    16.2004
13.2324    16.6276    16.2004
13.2308    16.771599    16.2004
13.23    16.7908    16.2004
13.2244    16.9212    16.2004
13.222    16.9452    16.2004
13.2204    17.001999    16.2004
13.2188    17.031599    16.2004
13.222799    17.052399    16.2004
13.222799    17.063599    16.2004
13.229199    17.0836    16.2004
13.2252    17.104399    16.2004
13.2196    17.1796    16.2004
13.217999    17.2332    16.2004
13.2188    17.258    16.2004
13.2244    17.277199    16.2004
13.226    17.284399    16.2004
13.2316    17.3044    16.2004
13.2324    17.3044    16.2004
13.234799    17.2796    16.2004
13.2364    17.271599    16.2004
13.234799    17.2484    16.2004
13.2364    17.2404    16.2004
13.234799    17.2132    16.2004
13.2372    17.1868    16.2004
13.2372    17.109999    16.2004
13.2388    17.104399    16.2004
13.2364    17.0828    16.2004
13.2732    17.063599    16.2004
13.274799    17.0572    16.2004
13.2828    17.0364    16.2004
13.2852    17.026    16.2004
13.2884    17.000399    16.2004
13.2948    16.9756    16.2004
13.2996    16.9524    16.2004
13.302    16.944399    16.2004
13.3124    16.9188    16.2004
13.315599    16.9068    16.2004
13.33    16.8468    16.2004
13.3308    16.8444    16.2004
13.3484    16.7916    16.2004
13.349999    16.7892    16.2004
13.3508    16.786    16.2004
13.3524    16.7804    16.2004
13.37    16.722    16.2004
13.377999    16.698    16.2004
13.3828    16.6828    16.2004
13.384399    16.6772    16.2004
13.3868    16.67    16.2004
13.4148    16.5812    16.2004
13.418799    16.5644    16.2004
13.438    16.5036    16.2004
