12.3996    26.913198    8.4004
12.5036    26.9172    8.4004
12.566    26.924398    8.4004
12.578    26.925999    8.4004
12.6156    26.9348    8.4004
12.6636    26.9436    8.4004
12.6868    26.9508    8.4004
12.738    26.9716    8.4004
12.7716    26.987598    8.4004
12.7836    26.993198    8.4004
12.814799    27.0164    8.4004
12.849199    27.0476    8.4004
12.8524    27.05    8.4004
12.8916    27.091599    8.4004
12.906799    27.1124    8.4004
12.929199    27.156399    8.4004
12.935599    27.167599    8.4004
12.9396    27.178    8.4004
12.9484    27.1988    8.4004
12.9508    27.2092    8.4004
12.9452    27.2396    8.4004
12.941999    27.254    8.4004
12.934    27.2748    8.4004
12.929199    27.2916    8.4004
12.912399    27.3212    8.4004
12.8876    27.357199    8.4004
12.8756    27.3732    8.4004
12.8716    27.3772    8.4004
12.8684    27.3844    8.4004
12.8644    27.386    8.4004
12.837199    27.421999    8.4004
12.822    27.438799    8.4004
12.814    27.4516    8.4004
12.7908    27.4772    8.4004
12.7652    27.501999    8.4004
12.752399    27.5156    8.4004
12.717999    27.5516    8.4004
12.717199    27.552399    8.4004
12.6964    27.569199    8.4004
12.676399    27.5852    8.4004
12.671599    27.5884    8.4004
12.6292    27.6204    8.4004
12.620399    27.6244    8.4004
12.5596    27.6612    8.4004
12.5436    27.6684    8.4004
12.504399    27.6892    8.4004
12.4636    27.7092    8.4004
12.453199    27.7132    8.4004
12.4052    27.734    8.4004
12.3572    27.754    8.4004
12.2996    27.774    8.4004
12.280399    27.781199    8.4004
12.2372    27.7948    8.4004
12.2092    27.8044    8.4004
12.189199    27.81    8.4004
12.1268    27.83    8.4004
12.1156    27.8316    8.4004
12.078799    27.842    8.4004
12.0236    27.854    8.4004
12.016399    27.855598    8.4004
12.0092    27.857199    8.4004
11.974    27.866798    8.4004
11.958799    27.8692    8.4004
11.9276    27.8732    8.4004
11.923599    27.8732    8.4004
11.8828    27.879599    8.4004
11.878799    27.879599    8.4004
11.8772    27.879599    8.4004
11.858    27.8804    8.4004
11.8372    27.879599    8.4004
11.8284    27.8772    8.4004
11.8028    27.8732    8.4004
11.7964    27.872398    8.4004
11.792399    27.8708    8.4004
11.766    27.8596    8.4004
11.751599    27.8508    8.4004
11.7308    27.8308    8.4004
11.7196    27.8204    8.4004
11.6924    27.777199    8.4004
11.682    27.762    8.4004
11.6748    27.745998    8.4004
11.659599    27.7036    8.4004
11.653999    27.6684    8.4004
11.6435995    27.5908    8.4004
11.638    27.561998    8.4004
11.638    27.5572    8.4004
11.637199    27.5516    8.4004
11.6444    27.511599    8.4004
11.6556    27.485199    8.4004
11.659599    27.4748    8.4004
11.665199    27.4604    8.4004
11.6732    27.442    8.4004
11.700399    27.3884    8.4004
11.722    27.3484    8.4004
11.7436    27.306799    8.4004
11.7644    27.2684    8.4004
11.786799    27.229198    8.4004
11.7987995    27.2092    8.4004
11.8004    27.2052    8.4004
11.815599    27.182798    8.4004
11.822    27.1708    8.4004
11.8356    27.1556    8.4004
11.849199    27.1388    8.4004
11.8596    27.1292    8.4004
11.886    27.105999    8.4004
11.9172    27.0836    8.4004
11.9251995    27.078    8.4004
11.947599    27.063599    8.4004
11.9612    27.0556    8.4004
11.9636    27.0548    8.4004
12.004399    27.029999    8.4004
12.0252    27.0204    8.4004
12.0636    27.0012    8.4004
12.079599    26.994799    8.4004
12.1124    26.979599    8.4004
12.13    26.972399    8.4004
12.1684    26.9572    8.4004
12.199599    26.9452    8.4004
12.2196    26.9396    8.4004
12.234799    26.935598    8.4004
12.242    26.934    8.4004
12.2444    26.933199    8.4004
12.2828    26.9228    8.4004
12.2852    26.9228    8.4004
12.3116    26.9196    8.4004
12.3172    26.918    8.4004
12.3236    26.9172    8.4004
12.394    26.913198    8.4004
12.398    26.913198    8.4004
12.3996    26.913198    8.4004
