16.5668    27.8308    8.4004
16.5684    27.838    8.4004
16.5684    27.8396    8.4004
16.559599    27.866798    8.4004
16.5436    27.8892    8.4004
16.5332    27.9044    8.4004
16.5052    27.931599    8.4004
16.4972    27.9436    8.4004
16.4596    27.973999    8.4004
16.446    27.986    8.4004
16.4356    27.9972    8.4004
16.3836    28.037199    8.4004
16.369999    28.048399    8.4004
16.3028    28.0996    8.4004
16.2804    28.119598    8.4004
16.27    28.1292    8.4004
16.243599    28.150799    8.4004
16.1956    28.191599    8.4004
16.15    28.2316    8.4004
16.066    28.309198    8.4004
16.062    28.312399    8.4004
16.0612    28.3132    8.4004
16.0604    28.314    8.4004
16.0252    28.3428    8.4004
16.0108    28.3548    8.4004
16.0012    28.3652    8.4004
15.9883995    28.3748    8.4004
15.965199    28.3956    8.4004
15.958799    28.4004    8.4004
15.9196    28.434    8.4004
15.917999    28.435598    8.4004
15.8692    28.4748    8.4004
15.861199    28.4804    8.4004
15.825199    28.507599    8.4004
15.818    28.5124    8.4004
15.7996    28.5276    8.4004
15.7668    28.5572    8.4004
15.750799    28.5716    8.4004
15.726    28.593199    8.4004
15.705999    28.611599    8.4004
15.6804    28.637999    8.4004
15.665199    28.6524    8.4004
15.6628    28.656399    8.4004
15.641999    28.678799    8.4004
15.646    28.691599    8.4004
15.6388    28.7076    8.4004
15.638    28.7108    8.4004
15.6388    28.7116    8.4004
15.6396    28.7116    8.4004
15.665199    28.721199    8.4004
15.6908    28.726799    8.4004
15.6916    28.726799    8.4004
15.693999    28.726799    8.4004
15.7148    28.7244    8.4004
15.7188    28.725199    8.4004
15.7556    28.7188    8.4004
15.7612    28.717999    8.4004
15.7676    28.717999    8.4004
15.806    28.7116    8.4004
15.815599    28.7108    8.4004
15.825199    28.7092    8.4004
15.8356    28.7076    8.4004
15.8972    28.6964    8.4004
16.066    28.6628    8.4004
16.0996    28.656399    8.4004
16.1124    28.654    8.4004
16.2284    28.632399    8.4004
16.2356    28.630798    8.4004
16.2412    28.63    8.4004
16.414799    28.600399    8.4004
16.4588    28.5924    8.4004
16.6532    28.561998    8.4004
16.6588    28.5604    8.4004
16.661999    28.5604    8.4004
16.8492    28.533998    8.4004
16.857199    28.5332    8.4004
16.9356    28.518799    8.4004
17.007599    28.5052    8.4004
17.018    28.5036    8.4004
17.1196    28.4828    8.4004
17.1404    28.4788    8.4004
17.1756    28.470798    8.4004
17.340399    28.4324    8.4004
17.358    28.4284    8.4004
17.4756    28.4012    8.4004
17.4988    28.3956    8.4004
17.5012    28.3948    8.4004
17.6036    28.368399    8.4004
17.633999    28.3596    8.4004
17.7244    28.334    8.4004
17.765999    28.321999    8.4004
17.7756    28.3196    8.4004
17.8668    28.293999    8.4004
17.8748    28.2916    8.4004
18.0036    28.2524    8.4004
18.018799    28.2484    8.4004
18.029999    28.2452    8.4004
18.1532    28.2076    8.4004
18.1772    28.201199    8.4004
18.321999    28.160398    8.4004
18.3596    28.15    8.4004
18.364399    28.1484    8.4004
18.4308    28.13    8.4004
18.4876    28.113998    8.4004
18.5036    28.109999    8.4004
18.5956    28.0836    8.4004
18.6724    28.0612    8.4004
18.7188    28.0492    8.4004
18.8172    28.024399    8.4004
18.8428    28.017199    8.4004
18.8556    28.014    8.4004
18.8908    28.004398    8.4004
18.8988    28.001999    8.4004
18.91    27.998798    8.4004
18.9492    27.9868    8.4004
18.954    27.9844    8.4004
18.994799    27.970798    8.4004
18.996399    27.97    8.4004
19.0252    27.9588    8.4004
19.0308    27.9564    8.4004
19.031599    27.9564    8.4004
19.0828    27.935598    8.4004
19.0844    27.9348    8.4004
19.0868    27.934    8.4004
19.1524    27.9028    8.4004
19.1532    27.9028    8.4004
19.191599    27.877998    8.4004
19.1996    27.873999    8.4004
19.23    27.8524    8.4004
19.2388    27.8468    8.4004
19.260399    27.829199    8.4004
19.2764    27.8132    8.4004
19.2908    27.7916    8.4004
19.3044    27.7676    8.4004
19.35    27.6964    8.4004
19.362    27.678    8.4004
19.369999    27.6644    8.4004
19.444399    27.5332    8.4004
19.4516    27.5204    8.4004
19.4676    27.485199    8.4004
19.4772    27.4604    8.4004
19.4804    27.444399    8.4004
19.49    27.4228    8.4004
19.4716    27.397999    8.4004
19.47    27.396399    8.4004
19.4684    27.3956    8.4004
19.4676    27.3956    8.4004
19.4172    27.3884    8.4004
19.4132    27.3884    8.4004
19.3844    27.3844    8.4004
19.354    27.3844    8.4004
19.3436    27.385199    8.4004
19.3044    27.3892    8.4004
19.2652    27.390799    8.4004
19.2596    27.3916    8.4004
19.23    27.394    8.4004
19.219599    27.3948    8.4004
19.182    27.397999    8.4004
19.163599    27.397999    8.4004
19.1412    27.4004    8.4004
19.0804    27.401999    8.4004
19.0716    27.4028    8.4004
19.07    27.4028    8.4004
19.0668    27.4028    8.4004
19.0644    27.4028    8.4004
19.048399    27.4028    8.4004
18.9284    27.3988    8.4004
18.83    27.392399    8.4004
18.8196    27.3916    8.4004
18.8172    27.3916    8.4004
18.713999    27.381199    8.4004
18.6204    27.368399    8.4004
18.594799    27.3652    8.4004
18.5812    27.362799    8.4004
18.5604    27.357199    8.4004
18.4828    27.3356    8.4004
18.4468    27.323599    8.4004
18.402    27.306799    8.4004
18.379599    27.2916    8.4004
18.3652    27.2804    8.4004
18.353199    27.2572    8.4004
18.347599    27.236399    8.4004
18.358    27.201199    8.4004
18.3596    27.1932    8.4004
18.3604    27.1908    8.4004
18.3828    27.139599    8.4004
18.414799    27.0836    8.4004
18.4188    27.074799    8.4004
18.4284    27.063599    8.4004
18.4468    27.0404    8.4004
18.4516    27.0348    8.4004
18.448399    27.0196    8.4004
18.4628    27.0092    8.4004
18.4636    27.005999    8.4004
18.4652    27.0052    8.4004
18.4628    27.0028    8.4004
18.462    27.0036    8.4004
18.4364    26.9996    8.4004
18.4076    27.0012    8.4004
18.406    27.0012    8.4004
18.4028    27.001999    8.4004
18.386799    27.0068    8.4004
18.3828    27.0052    8.4004
18.362799    27.01    8.4004
18.35    27.0092    8.4004
18.334799    27.011599    8.4004
18.3132    27.018    8.4004
18.2932    27.022    8.4004
18.289999    27.022799    8.4004
18.2804    27.024399    8.4004
18.27    27.0268    8.4004
18.2684    27.0268    8.4004
18.2452    27.0308    8.4004
18.2404    27.0324    8.4004
18.2396    27.0324    8.4004
18.21    27.0404    8.4004
18.1772    27.0476    8.4004
18.1652    27.0516    8.4004
18.1252    27.0644    8.4004
18.1164    27.0676    8.4004
18.1148    27.0676    8.4004
18.1124    27.0684    8.4004
18.1076    27.07    8.4004
18.0548    27.0868    8.4004
18.0508    27.087599    8.4004
18.0172    27.098    8.4004
17.9676    27.1108    8.4004
17.9396    27.1188    8.4004
17.927599    27.1204    8.4004
17.914    27.1244    8.4004
17.725199    27.180399    8.4004
17.7236    27.180399    8.4004
17.721199    27.1812    8.4004
17.718    27.182    8.4004
17.6092    27.213999    8.4004
17.552399    27.23    8.4004
17.542    27.2332    8.4004
17.4284    27.265999    8.4004
17.4268    27.265999    8.4004
17.2812    27.3156    8.4004
17.2692    27.3204    8.4004
17.1668    27.357199    8.4004
17.1596    27.3596    8.4004
17.0972    27.3828    8.4004
17.0804    27.3892    8.4004
17.022    27.4124    8.4004
16.9988    27.420399    8.4004
16.977999    27.4284    8.4004
16.910799    27.455599    8.4004
16.8524    27.483599    8.4004
16.81    27.5012    8.4004
16.7316    27.5348    8.4004
16.7292    27.5364    8.4004
16.726    27.538    8.4004
16.6588    27.574799    8.4004
16.6572    27.5756    8.4004
16.615599    27.604399    8.4004
16.6036    27.6108    8.4004
16.5772    27.6316    8.4004
16.566    27.6412    8.4004
16.5612    27.649199    8.4004
16.5396    27.6724    8.4004
16.5396    27.678    8.4004
16.5292    27.7036    8.4004
16.5268    27.7276    8.4004
16.5268    27.7284    8.4004
16.5268    27.73    8.4004
16.5668    27.8308    8.4004
