13.210799    0.5076    15.3004
13.4436    0.514    15.3004
13.5884    0.5172    15.3004
13.913199    0.5252    15.3004
14.5988    0.5428    15.3004
14.6004    0.5428    15.3004
14.6012    0.5428    15.3004
14.601999    0.5428    15.3004
14.6036    0.5428    15.3004
14.636399    0.5428    15.3004
14.6508    0.54359996    15.3004
14.6564    0.55079997    15.3004
14.6644    0.56119996    15.3004
14.674    0.59319997    15.3004
14.674    0.5948    15.3004
14.677199    0.606    15.3004
14.69    0.6652    15.3004
14.6956    0.6892    15.3004
14.7092    0.76199996    15.3004
14.7188    0.82199997    15.3004
14.721999    0.8404    15.3004
14.728399    0.9084    15.3004
14.7308    0.9324    15.3004
14.7372    0.986    15.3004
14.7388    1.0052    15.3004
14.742    1.0724    15.3004
14.7428    1.1092    15.3004
14.7428    1.142    15.3004
14.7436    1.1963999    15.3004
14.7436    1.2124    15.3004
14.7436    1.222    15.3004
14.7411995    1.2852    15.3004
14.7388    1.3363999    15.3004
14.734799    1.4028    15.3004
14.7332    1.4291999    15.3004
14.722799    1.5347999    15.3004
14.7212    1.5452    15.3004
14.7196    1.5588    15.3004
14.7067995    1.6524    15.3004
14.7044    1.6652    15.3004
14.702    1.678    15.3004
14.687599    1.7428    15.3004
14.6804    1.7708    15.3004
14.6692    1.8068    15.3004
14.660399    1.8307999    15.3004
14.6396    1.8795999    15.3004
14.6348    1.89    15.3004
14.6092    1.938    15.3004
14.5828    1.9876    15.3004
14.5756    2.0012    15.3004
14.57    2.01    15.3004
14.549999    2.0484    15.3004
14.5372    2.0804    15.3004
14.5348    2.0851998    15.3004
14.533999    2.0876    15.3004
14.532399    2.0932    15.3004
14.5171995    2.1276    15.3004
14.503599    2.1627998    15.3004
14.486799    2.2131999    15.3004
14.476399    2.2412    15.3004
14.4676    2.2707999    15.3004
14.45    2.326    15.3004
14.438    2.3667998    15.3004
14.424399    2.4124    15.3004
14.4084    2.4756    15.3004
14.398    2.5124    15.3004
14.3812    2.5828    15.3004
14.3748    2.6108    15.3004
14.3588    2.678    15.3004
14.334    2.7876    15.3004
14.3284    2.8132    15.3004
14.3172    2.8588    15.3004
14.3124    2.8739998    15.3004
14.303599    2.9043999    15.3004
14.282    2.9652    15.3004
14.2668    3.0003998    15.3004
14.25    3.0379999    15.3004
14.246799    3.0468    15.3004
14.242    3.0548    15.3004
14.2076    3.1267998    15.3004
14.162    3.2092    15.3004
14.1468    3.2452    15.3004
14.138    3.2668    15.3004
14.1356    3.274    15.3004
14.1212    3.3076    15.3004
14.0932    3.3955998    15.3004
14.0724    3.4587998    15.3004
14.0724    3.4596    15.3004
14.0428    3.5428    15.3004
14.016399    3.6116    15.3004
14.0116    3.6236    15.3004
13.9916    3.6708    15.3004
13.9892    3.678    15.3004
13.9852    3.6883998    15.3004
13.9572    3.754    15.3004
13.9396    3.7924    15.3004
13.923599    3.83    15.3004
13.8876    3.906    15.3004
13.873199    3.9348    15.3004
13.858    3.9612    15.3004
13.8508    3.9747999    15.3004
13.8468    3.9836    15.3004
13.842    3.9987998    15.3004
13.842799    4.0011997    15.3004
13.8404    4.0228    15.3004
13.8412    4.0267997    15.3004
13.8412    4.0548    15.3004
13.842799    4.0596    15.3004
13.842799    4.0772    15.3004
13.843599    4.086    15.3004
13.843599    4.0892    15.3004
13.849199    4.1028    15.3004
13.854799    4.1196    15.3004
13.8588    4.134    15.3004
13.8652    4.1507998    15.3004
13.8764    4.1844    15.3004
13.9084    4.27    15.3004
13.9156    4.2915998    15.3004
13.9492    4.3756    15.3004
13.953199    4.3852    15.3004
13.9539995    4.3876    15.3004
13.957999    4.398    15.3004
13.981999    4.466    15.3004
13.9964    4.5067997    15.3004
13.997999    4.5116    15.3004
13.999599    4.5155997    15.3004
14.009999    4.5572    15.3004
14.009999    4.5587997    15.3004
14.0188    4.5836    15.3004
14.0188    4.5843997    15.3004
14.0188    4.5852    15.3004
14.0188    4.5875998    15.3004
14.0171995    4.6108    15.3004
14.014    4.6228    15.3004
14.009999    4.638    15.3004
14.0036    4.6484    15.3004
13.993199    4.6684    15.3004
13.986799    4.678    15.3004
13.952399    4.726    15.3004
13.946799    4.7339997    15.3004
13.929999    4.7507997    15.3004
13.901999    4.7756    15.3004
13.8876    4.7876    15.3004
13.854799    4.8212    15.3004
13.8308    4.8436    15.3004
13.822    4.8524    15.3004
13.8188    4.8564    15.3004
13.7772    4.9068    15.3004
13.75    4.9435997    15.3004
13.7316    4.9644    15.3004
13.7123995    4.9908    15.3004
13.6956    5.0132    15.3004
13.6812    5.038    15.3004
13.6404    5.106    15.3004
13.636399    5.1131997    15.3004
13.6228    5.1372    15.3004
13.598    5.1812    15.3004
13.5668    5.2444    15.3004
13.5588    5.2612    15.3004
13.5204    5.354    15.3004
13.5204    5.3547997    15.3004
13.5196    5.3547997    15.3004
13.5196    5.3556    15.3004
13.4939995    5.4115996    15.3004
13.4908    5.4244    15.3004
13.486    5.4356    15.3004
13.4788    5.4556    15.3004
13.4732    5.4708    15.3004
13.464399    5.4916    15.3004
13.4548    5.5132    15.3004
13.4332    5.558    15.3004
13.3972    5.6356    15.3004
13.372399    5.6868    15.3004
13.3356    5.7668    15.3004
13.3076    5.8283997    15.3004
13.286799    5.8691998    15.3004
13.2676    5.9091997    15.3004
13.238    5.9676    15.3004
13.217999    6.0123997    15.3004
13.202    6.046    15.3004
13.177199    6.0916    15.3004
13.1676    6.1084    15.3004
13.141999    6.1516    15.3004
13.1236    6.1756    15.3004
13.120399    6.1804    15.3004
13.096399    6.2028    15.3004
13.0948    6.2051997    15.3004
13.091599    6.206    15.3004
13.067599    6.2116    15.3004
13.045199    6.21    15.3004
13.0404    6.2107997    15.3004
13.021999    6.2068    15.3004
13.015599    6.2068    15.3004
12.999599    6.2019997    15.3004
12.99    6.1995997    15.3004
12.981999    6.19    15.3004
12.9692    6.1748    15.3004
12.9668    6.1643996    15.3004
12.9604    6.1412    15.3004
12.9595995    6.1355996    15.3004
12.9595995    6.1284    15.3004
12.957999    6.1052    15.3004
12.9548    6.0476    15.3004
12.9548    6.0372    15.3004
12.9516    5.9435997    15.3004
12.9508    5.9164    15.3004
12.9484    5.8603997    15.3004
12.946    5.8371997    15.3004
12.9444    5.8171997    15.3004
12.9396    5.7804    15.3004
12.9348    5.7532    15.3004
12.929199    5.7212    15.3004
12.918799    5.6684    15.3004
12.9084    5.6268    15.3004
12.8963995    5.5731997    15.3004
12.8924    5.558    15.3004
12.8564    5.4172    15.3004
12.8508    5.3964    15.3004
12.849999    5.3947997    15.3004
12.8476    5.3859997    15.3004
12.8196    5.2876    15.3004
12.818    5.2844    15.3004
12.809999    5.2556    15.3004
12.7948    5.206    15.3004
12.7564    5.086    15.3004
12.751599    5.0716    15.3004
12.75    5.0667996    15.3004
12.6868    4.8891997    15.3004
12.681999    4.874    15.3004
12.665199    4.8244    15.3004
12.658    4.802    15.3004
12.637199    4.7348    15.3004
12.636399    4.7332    15.3004
12.636399    4.7324    15.3004
12.6212    4.674    15.3004
12.613199    4.6428    15.3004
12.607599    4.6108    15.3004
12.606    4.5964    15.3004
12.6036    4.5828    15.3004
12.6012    4.5555997    15.3004
12.6004    4.5467997    15.3004
12.602799    4.5332    15.3004
12.6068    4.5084    15.3004
12.6108    4.4955997    15.3004
12.618    4.4748    15.3004
12.6276    4.4579997    15.3004
12.6332    4.4484    15.3004
12.6988    4.3571997    15.3004
12.7204    4.3259997    15.3004
12.7755995    4.2427998    15.3004
12.7876    4.2236    15.3004
12.8076    4.1907997    15.3004
12.825999    4.1604    15.3004
12.8412    4.1348    15.3004
12.901199    4.026    15.3004
12.9036    4.0211997    15.3004
12.906799    4.0155997    15.3004
12.935599    3.9531999    15.3004
12.9444    3.9387999    15.3004
12.966    3.8955998    15.3004
12.974    3.8795998    15.3004
12.9804    3.866    15.3004
12.9883995    3.8467999    15.3004
12.9892    3.8348    15.3004
12.987599    3.8267999    15.3004
12.9964    3.8076    15.3004
12.9948    3.8035998    15.3004
12.9964    3.8004    15.3004
13.005199    3.7803998    15.3004
13.0068    3.7515998    15.3004
13.006    3.7484    15.3004
13.0028    3.738    15.3004
12.9972    3.7228    15.3004
12.9972    3.7203999    15.3004
12.9964    3.7171998    15.3004
12.9916    3.7027998    15.3004
12.965199    3.6371999    15.3004
12.9612    3.626    15.3004
12.947599    3.582    15.3004
12.9348    3.5388    15.3004
12.917999    3.4803998    15.3004
12.9108    3.454    15.3004
12.900399    3.4124    15.3004
12.8804    3.3451998    15.3004
12.878799    3.3379998    15.3004
12.849199    3.2259998    15.3004
12.843599    3.2036    15.3004
12.834    3.1699998    15.3004
12.825999    3.1427999    15.3004
12.802    3.054    15.3004
12.7964    3.0363998    15.3004
12.7876    3.006    15.3004
12.763599    2.9243999    15.3004
12.7556    2.8988    15.3004
12.7492    2.8795998    15.3004
12.738    2.8436    15.3004
12.647599    2.5572    15.3004
12.642799    2.5435998    15.3004
12.6228    2.4812    15.3004
12.613199    2.4476    15.3004
12.608399    2.434    15.3004
12.5859995    2.3667998    15.3004
12.57    2.3276    15.3004
12.5364    2.2331998    15.3004
12.527599    2.2068    15.3004
12.5188    2.1771998    15.3004
12.5084    2.134    15.3004
12.5036    2.1124    15.3004
12.4956    2.0651999    15.3004
12.4892    2.0108    15.3004
12.4804    1.9444    15.3004
12.4724    1.9083999    15.3004
12.470799    1.9003999    15.3004
12.465199    1.8659999    15.3004
12.4548    1.8324    15.3004
12.4492    1.8075999    15.3004
12.435599    1.7579999    15.3004
12.429199    1.7332    15.3004
12.4204    1.6932    15.3004
12.412399    1.6492    15.3004
12.406    1.6164    15.3004
12.401999    1.5891999    15.3004
12.3924    1.5252    15.3004
12.3884    1.486    15.3004
12.3828    1.4108    15.3004
12.377999    1.3579999    15.3004
12.3756    1.3148    15.3004
12.3748    1.278    15.3004
12.373199    1.2132    15.3004
12.374    1.166    15.3004
12.3748    1.1051999    15.3004
12.377999    1.0124    15.3004
12.3796    0.9892    15.3004
12.383599    0.94839996    15.3004
12.3876    0.9036    15.3004
12.389999    0.8836    15.3004
12.3963995    0.8364    15.3004
12.406799    0.7812    15.3004
12.4116    0.7524    15.3004
12.4148    0.73719996    15.3004
12.4316    0.66999996    15.3004
12.438    0.6516    15.3004
12.4548    0.6004    15.3004
12.4548    0.59959996    15.3004
12.4692    0.56439996    15.3004
12.486799    0.5356    15.3004
12.486799    0.5348    15.3004
12.4883995    0.534    15.3004
12.514    0.51159996    15.3004
12.527599    0.5044    15.3004
12.545199    0.4956    15.3004
12.5636    0.49319997    15.3004
12.5708    0.4924    15.3004
12.573999    0.4924    15.3004
12.6404    0.4948    15.3004
12.7084    0.4956    15.3004
13.039599    0.5044    15.3004
13.1244    0.506    15.3004
13.210799    0.5076    15.3004
