12.6804    37.8252    18.0004
12.682799    37.8164    18.0004
12.6868    37.7972    18.0004
12.694799    37.7588    18.0004
12.702    37.731598    18.0004
12.7084    37.71    18.0004
12.717199    37.683598    18.0004
12.728399    37.646797    18.0004
12.7355995    37.6204    18.0004
12.739599    37.6044    18.0004
12.745999    37.5668    18.0004
12.754    37.55    18.0004
12.7612    37.520397    18.0004
12.762799    37.4996    18.0004
12.7668    37.4884    18.0004
12.763599    37.454    18.0004
12.763599    37.4524    18.0004
12.7596    37.445198    18.0004
12.754    37.430798    18.0004
12.729199    37.399597    18.0004
12.7123995    37.382    18.0004
12.6636    37.326797    18.0004
12.662    37.324398    18.0004
12.6612    37.324398    18.0004
12.660399    37.3236    18.0004
12.659599    37.3236    18.0004
12.608399    37.2916    18.0004
12.5948    37.2852    18.0004
12.5364    37.2524    18.0004
12.5356    37.2524    18.0004
12.5348    37.2516    18.0004
12.533999    37.2516    18.0004
12.4452    37.200397    18.0004
12.429999    37.1908    18.0004
12.422    37.1852    18.0004
12.373199    37.149998    18.0004
12.334    37.1204    18.0004
12.3292    37.116398    18.0004
12.3043995    37.0932    18.0004
12.286799    37.077198    18.0004
12.2852    37.0756    18.0004
12.262    37.0556    18.0004
12.2324    37.0268    18.0004
12.2044    36.9964    18.0004
12.142799    36.930798    18.0004
12.130799    36.918    18.0004
12.1124    36.8964    18.0004
12.0956    36.8788    18.0004
12.078799    36.8612    18.0004
12.066    36.846798    18.0004
12.062799    36.842    18.0004
12.0492    36.826    18.0004
12.0428    36.818    18.0004
12.0372    36.8116    18.0004
12.0244    36.7956    18.0004
11.998    36.7628    18.0004
11.9908    36.7524    18.0004
11.9372    36.686    18.0004
11.9307995    36.6772    18.0004
11.9084    36.6436    18.0004
11.895599    36.629997    18.0004
11.884399    36.618797    18.0004
11.874    36.613197    18.0004
11.8532    36.5972    18.0004
11.8428    36.5932    18.0004
11.8331995    36.5892    18.0004
11.814799    36.582798    18.0004
11.7932    36.5732    18.0004
11.7836    36.565998    18.0004
11.7699995    36.5524    18.0004
11.7596    36.5436    18.0004
11.746799    36.5276    18.0004
11.7316    36.506    18.0004
11.73    36.494    18.0004
11.7244    36.4828    18.0004
11.7316    36.474    18.0004
11.734799    36.4716    18.0004
11.757999    36.4668    18.0004
11.7708    36.464397    18.0004
11.786799    36.4612    18.0004
11.7956    36.4572    18.0004
11.802    36.4428    18.0004
11.8124    36.4244    18.0004
11.809999    36.4068    18.0004
11.8124    36.3852    18.0004
11.8124    36.3652    18.0004
11.8116    36.352398    18.0004
11.814    36.3092    18.0004
11.814799    36.298798    18.0004
11.822    36.267597    18.0004
11.8244    36.259598    18.0004
11.8252    36.256397    18.0004
11.825999    36.2548    18.0004
11.8356    36.2244    18.0004
11.8348    36.220398    18.0004
11.8356    36.2156    18.0004
11.837999    36.1988    18.0004
11.8331995    36.1804    18.0004
11.834    36.166    18.0004
11.820399    36.1516    18.0004
11.815599    36.135597    18.0004
11.7996    36.1252    18.0004
11.7876    36.118797    18.0004
11.774    36.116398    18.0004
11.7564    36.1092    18.0004
11.7316    36.1068    18.0004
11.728399    36.1068    18.0004
11.7268    36.106    18.0004
11.7132    36.1068    18.0004
11.6156    36.1084    18.0004
11.5956    36.1084    18.0004
11.579599    36.107597    18.0004
11.5764    36.106    18.0004
11.5644    36.1044    18.0004
11.554    36.101997    18.0004
11.5348    36.096397    18.0004
11.5268    36.0956    18.0004
11.504399    36.0868    18.0004
11.5004    36.0868    18.0004
11.4804    36.0812    18.0004
11.466    36.0732    18.0004
11.4556    36.0612    18.0004
11.4539995    36.0588    18.0004
11.466    36.0356    18.0004
11.475599    36.026    18.0004
11.481199    36.0212    18.0004
11.4828    36.0172    18.0004
11.502    36.0052    18.0004
11.5084    36.001198    18.0004
11.509999    35.9996    18.0004
11.5171995    35.9964    18.0004
11.5364    35.984398    18.0004
11.5556    35.9796    18.0004
11.5596    35.978    18.0004
11.5844    35.9748    18.0004
11.5868    35.974    18.0004
11.5892    35.974    18.0004
11.619599    35.974    18.0004
11.6468    35.974    18.0004
11.6732    35.9748    18.0004
11.6868    35.973198    18.0004
11.7028    35.969997    18.0004
11.717199    35.956398    18.0004
11.729199    35.9492    18.0004
11.7316    35.930798    18.0004
11.7324    35.9172    18.0004
11.726    35.9004    18.0004
11.711599    35.878    18.0004
11.71    35.874798    18.0004
11.7092    35.874798    18.0004
11.7084    35.8732    18.0004
11.6804    35.841198    18.0004
11.6723995    35.8292    18.0004
11.6628    35.8164    18.0004
11.6044    35.7308    18.0004
11.5876    35.7044    18.0004
11.5716    35.6748    18.0004
11.568399    35.6684    18.0004
11.5652    35.662    18.0004
11.5532    35.634    18.0004
11.538    35.588398    18.0004
11.5348    35.578    18.0004
11.5324    35.571598    18.0004
11.5252    35.538    18.0004
11.515599    35.495598    18.0004
11.515599    35.489998    18.0004
11.5084    35.438    18.0004
11.5068    35.425198    18.0004
11.505199    35.3876    18.0004
11.505199    35.3724    18.0004
11.505199    35.354    18.0004
11.506    35.3196    18.0004
11.5068    35.2892    18.0004
11.509999    35.242    18.0004
11.514    35.2108    18.0004
11.5204    35.1428    18.0004
11.5227995    35.1284    18.0004
11.527599    35.0972    18.0004
11.533999    35.0596    18.0004
11.5356    35.0484    18.0004
11.550799    34.958797    18.0004
11.5588    34.908398    18.0004
11.5612    34.8964    18.0004
11.5636    34.882    18.0004
11.59    34.7236    18.0004
11.6004    34.6492    18.0004
11.6116    34.5732    18.0004
11.6164    34.534    18.0004
11.6284    34.4444    18.0004
11.6324    34.41    18.0004
11.6388    34.341198    18.0004
11.6396    34.334    18.0004
11.6444    34.2844    18.0004
11.648399    34.239597    18.0004
11.65    34.23    18.0004
11.6612    34.121998    18.0004
11.6636    34.090797    18.0004
11.6668    34.068398    18.0004
11.6748    34.026    18.0004
11.6796    33.9972    18.0004
11.682    33.981197    18.0004
11.6876    33.9636    18.0004
11.693999    33.9412    18.0004
11.700399    33.9212    18.0004
11.7012    33.9204    18.0004
11.7012    33.919598    18.0004
11.702    33.9188    18.0004
11.7108    33.8996    18.0004
11.7196    33.8796    18.0004
11.7196    33.8788    18.0004
11.7204    33.8788    18.0004
11.7476    33.8292    18.0004
11.763599    33.8036    18.0004
11.778    33.7828    18.0004
11.814799    33.73    18.0004
11.8252    33.7156    18.0004
11.826799    33.7132    18.0004
11.8868    33.629997    18.0004
11.9116    33.599598    18.0004
11.918799    33.590797    18.0004
11.9276    33.579597    18.0004
11.9636    33.534    18.0004
11.99    33.502    18.0004
12.0116    33.4772    18.0004
12.0364    33.4516    18.0004
12.0484    33.438    18.0004
12.0803995    33.406    18.0004
12.0868    33.4004    18.0004
12.094    33.3948    18.0004
12.1228    33.3684    18.0004
12.1356    33.357998    18.0004
12.1508    33.346798    18.0004
12.1723995    33.329998    18.0004
12.176399    33.326797    18.0004
12.200399    33.3108    18.0004
12.2028    33.3092    18.0004
12.205999    33.3076    18.0004
12.2156    33.3028    18.0004
12.234799    33.2916    18.0004
12.2755995    33.2724    18.0004
12.2796    33.270798    18.0004
12.3331995    33.25    18.0004
12.334    33.2492    18.0004
12.3356    33.2492    18.0004
12.3396    33.2476    18.0004
12.3812    33.233997    18.0004
12.4036    33.228397    18.0004
12.435599    33.220398    18.0004
12.4788    33.2132    18.0004
12.5028    33.209198    18.0004
12.545199    33.2044    18.0004
12.5492    33.203598    18.0004
12.562799    33.202    18.0004
12.606    33.1972    18.0004
12.634    33.1964    18.0004
12.6556    33.1956    18.0004
12.689199    33.1932    18.0004
12.714    33.1932    18.0004
12.7444    33.194    18.0004
12.7588    33.194798    18.0004
12.797199    33.1988    18.0004
12.802    33.1988    18.0004
12.8052    33.1996    18.0004
12.8652    33.209198    18.0004
12.8756    33.2108    18.0004
12.8876    33.214    18.0004
12.9307995    33.2244    18.0004
12.9556    33.2324    18.0004
12.987599    33.2436    18.0004
13.005199    33.25    18.0004
13.067599    33.2748    18.0004
13.0772    33.2788    18.0004
13.0892    33.2836    18.0004
13.1612    33.315598    18.0004
13.1628    33.3164    18.0004
13.2188    33.3452    18.0004
13.282    33.3788    18.0004
13.3076    33.3924    18.0004
13.3228    33.4004    18.0004
13.389999    33.4348    18.0004
13.4332    33.458797    18.0004
13.4484    33.467598    18.0004
13.4956    33.495598    18.0004
13.502    33.4996    18.0004
13.505199    33.502    18.0004
13.5356    33.523598    18.0004
13.544399    33.53    18.0004
13.5468    33.5324    18.0004
13.568399    33.55    18.0004
13.5948    33.577198    18.0004
13.6036    33.5868    18.0004
13.61    33.5956    18.0004
13.6332    33.627598    18.0004
13.6452    33.646    18.0004
13.6692    33.682    18.0004
13.711599    33.7548    18.0004
13.7699995    33.854    18.0004
13.809999    33.9188    18.0004
13.8876    34.042    18.0004
13.901199    34.062798    18.0004
13.9084    34.0756    18.0004
13.929999    34.1124    18.0004
13.962    34.166798    18.0004
13.969199    34.1804    18.0004
13.986    34.2076    18.0004
14.0692    34.352398    18.0004
14.122    34.438    18.0004
14.125199    34.4428    18.0004
14.1284    34.447598    18.0004
14.221999    34.5972    18.0004
14.2308    34.6124    18.0004
14.262    34.67    18.0004
14.280399    34.7068    18.0004
14.2964    34.742798    18.0004
14.3043995    34.7604    18.0004
14.322    34.8076    18.0004
14.326799    34.8196    18.0004
14.3284    34.824398    18.0004
14.33    34.832397    18.0004
14.338799    34.8796    18.0004
14.346    34.9124    18.0004
14.3468    34.9172    18.0004
14.3468    34.9188    18.0004
14.3468    34.9204    18.0004
14.3476    34.9516    18.0004
14.3468    34.9652    18.0004
14.346    34.994    18.0004
14.344399    35.009197    18.0004
14.342    35.0396    18.0004
14.3412    35.05    18.0004
14.334    35.0788    18.0004
14.3236    35.1252    18.0004
14.3132    35.154    18.0004
14.3108    35.1636    18.0004
14.294    35.214    18.0004
14.2892    35.2356    18.0004
14.285999    35.248398    18.0004
14.285999    35.266    18.0004
14.2828    35.2788    18.0004
14.285199    35.2948    18.0004
14.285999    35.3068    18.0004
14.2956    35.3348    18.0004
14.297999    35.346    18.0004
14.3043995    35.357998    18.0004
14.318    35.3812    18.0004
14.3396    35.3988    18.0004
14.355599    35.4044    18.0004
14.3684    35.4004    18.0004
14.389999    35.402    18.0004
14.407599    35.394    18.0004
14.412399    35.391598    18.0004
14.418799    35.3868    18.0004
14.446    35.3676    18.0004
14.465199    35.354797    18.0004
14.4716    35.3508    18.0004
14.478    35.349197    18.0004
14.4964    35.3404    18.0004
14.505199    35.3396    18.0004
14.5227995    35.335598    18.0004
14.533199    35.335598    18.0004
14.550799    35.3332    18.0004
14.5644    35.335598    18.0004
14.5772    35.337997    18.0004
14.5892    35.341198    18.0004
14.595599    35.346    18.0004
14.6124    35.363598    18.0004
14.618799    35.3868    18.0004
14.619599    35.39    18.0004
14.619599    35.3924    18.0004
14.619599    35.397198    18.0004
14.6172    35.4156    18.0004
14.602799    35.4276    18.0004
14.5988    35.438    18.0004
14.5812    35.4484    18.0004
14.538799    35.4724    18.0004
14.5227995    35.4836    18.0004
14.4732    35.5164    18.0004
14.4436    35.5396    18.0004
14.4164    35.5588    18.0004
14.4028    35.5692    18.0004
14.3796    35.582    18.0004
14.3748    35.5844    18.0004
14.3524    35.6028    18.0004
14.3476    35.605198    18.0004
14.3331995    35.6292    18.0004
14.3244    35.635597    18.0004
14.315599    35.6468    18.0004
14.309199    35.6644    18.0004
14.3076    35.6812    18.0004
14.3164    35.6964    18.0004
14.3244    35.7076    18.0004
14.326799    35.7076    18.0004
14.3476    35.722    18.0004
14.3684    35.7348    18.0004
14.3796    35.7444    18.0004
14.401999    35.77    18.0004
14.4028    35.7724    18.0004
14.413199    35.7972    18.0004
14.413199    35.8012    18.0004
14.414    35.8036    18.0004
14.423599    35.841198    18.0004
14.4316    35.865997    18.0004
14.4324    35.8668    18.0004
14.435599    35.8684    18.0004
14.4732    35.8844    18.0004
14.486799    35.8788    18.0004
14.506    35.877197    18.0004
14.5076    35.874798    18.0004
14.5196    35.871597    18.0004
14.5292    35.8764    18.0004
14.5356    35.8996    18.0004
14.5372    35.902798    18.0004
14.5372    35.906    18.0004
14.538    35.918    18.0004
14.539599    35.9492    18.0004
14.538    35.9708    18.0004
14.532399    35.9908    18.0004
14.5308    36.002    18.0004
14.5236    36.0228    18.0004
14.521199    36.029198    18.0004
14.5132    36.0412    18.0004
14.5124    36.0428    18.0004
14.492399    36.0564    18.0004
14.4883995    36.0588    18.0004
14.463599    36.078    18.0004
14.4595995    36.0804    18.0004
14.446    36.106    18.0004
14.4388    36.113197    18.0004
14.4324    36.1212    18.0004
14.4284    36.1396    18.0004
14.424399    36.1484    18.0004
14.4172    36.1804    18.0004
14.413199    36.1932    18.0004
14.3996    36.2324    18.0004
14.3796    36.2852    18.0004
14.377999    36.29    18.0004
14.3748    36.298    18.0004
14.3619995    36.332397    18.0004
14.3524    36.3596    18.0004
14.33    36.438    18.0004
14.3108    36.502    18.0004
14.294    36.5556    18.0004
14.2908    36.5652    18.0004
14.262    36.638798    18.0004
14.257999    36.646    18.0004
14.2556    36.6524    18.0004
14.2268    36.7068    18.0004
14.2212    36.717197    18.0004
14.1988    36.7572    18.0004
14.1684    36.804398    18.0004
14.165199    36.8084    18.0004
14.147599    36.834    18.0004
14.124399    36.8668    18.0004
14.1156    36.8796    18.0004
14.0692    36.9412    18.0004
14.066    36.945198    18.0004
14.033199    36.9836    18.0004
14.002    37.014    18.0004
13.9564    37.0612    18.0004
13.9428    37.0756    18.0004
13.9196    37.093998    18.0004
13.8572    37.142    18.0004
13.854799    37.1436    18.0004
13.854    37.144398    18.0004
13.7892    37.1828    18.0004
13.778    37.189198    18.0004
13.7204    37.2196    18.0004
13.716399    37.2188    18.0004
13.699599    37.2308    18.0004
13.7028    37.242    18.0004
13.7012    37.2548    18.0004
13.7044    37.2636    18.0004
13.714    37.2836    18.0004
13.7268    37.313198    18.0004
13.73    37.3292    18.0004
13.7364    37.357998    18.0004
13.7388    37.374798    18.0004
13.742    37.393997    18.0004
13.742    37.445198    18.0004
13.742    37.45    18.0004
13.740399    37.458    18.0004
13.7411995    37.497997    18.0004
13.742    37.509197    18.0004
13.7444    37.529198    18.0004
13.7428    37.5452    18.0004
13.7492    37.5732    18.0004
13.75    37.5916    18.0004
13.7532    37.610798    18.0004
13.7548    37.6268    18.0004
13.762799    37.646    18.0004
13.7724    37.666798    18.0004
13.7724    37.674    18.0004
13.7788    37.6932    18.0004
13.780399    37.703598    18.0004
13.785999    37.7164    18.0004
13.794    37.738    18.0004
13.7987995    37.75    18.0004
13.8116    37.781998    18.0004
13.8188    37.8012    18.0004
13.8236    37.815598    18.0004
13.842    37.862    18.0004
13.846    37.877197    18.0004
13.8532    37.8988    18.0004
13.854    37.926    18.0004
13.855599    37.95    18.0004
13.8476    37.994    18.0004
13.8468    37.997997    18.0004
13.844399    38.0044    18.0004
13.832399    38.029198    18.0004
13.821199    38.0508    18.0004
13.8043995    38.068398    18.0004
13.797199    38.078    18.0004
13.7732    38.093998    18.0004
13.7699995    38.0956    18.0004
13.768399    38.0972    18.0004
13.754    38.1012    18.0004
13.7268    38.1092    18.0004
13.722    38.1092    18.0004
13.6868    38.1084    18.0004
13.6684    38.106    18.0004
13.6356    38.0924    18.0004
13.630799    38.09    18.0004
13.6268    38.0868    18.0004
13.5996    38.0676    18.0004
13.597199    38.0644    18.0004
13.5892    38.058    18.0004
13.558    38.0308    18.0004
13.544399    38.020397    18.0004
13.5252    38.0028    18.0004
13.5028    37.9876    18.0004
13.4916    37.978    18.0004
13.4804    37.969997    18.0004
13.464399    37.9652    18.0004
13.446    37.9636    18.0004
13.4212    37.9748    18.0004
13.406799    37.982    18.0004
13.3812    38.0164    18.0004
13.377999    38.0188    18.0004
13.344399    38.05    18.0004
13.3348    38.0548    18.0004
13.3188    38.0604    18.0004
13.3108    38.0636    18.0004
13.291599    38.0668    18.0004
13.282    38.062    18.0004
13.234799    38.0436    18.0004
13.2092    38.0284    18.0004
13.1852    38.0252    18.0004
13.1796    38.0228    18.0004
13.177199    38.0228    18.0004
13.148399    38.025997    18.0004
13.1324    38.0324    18.0004
13.122    38.0372    18.0004
13.0924    38.0564    18.0004
13.0868    38.0588    18.0004
13.0836    38.062    18.0004
13.0436    38.099598    18.0004
13.002    38.138798    18.0004
12.999599    38.1404    18.0004
12.9964    38.1428    18.0004
12.9772    38.154    18.0004
12.9556    38.166798    18.0004
12.947599    38.1684    18.0004
12.9228    38.1684    18.0004
12.901999    38.1588    18.0004
12.873199    38.1452    18.0004
12.855599    38.146797    18.0004
12.8468    38.1436    18.0004
12.8068    38.1476    18.0004
12.8004    38.1476    18.0004
12.786799    38.1492    18.0004
12.7532    38.141197    18.0004
12.745999    38.1404    18.0004
12.7388    38.135597    18.0004
12.717999    38.1196    18.0004
12.7084    38.1092    18.0004
12.693999    38.0916    18.0004
12.6779995    38.0644    18.0004
12.6732    38.0508    18.0004
12.6644    38.0228    18.0004
12.658    37.994    18.0004
12.6572    37.9836    18.0004
12.6572    37.9796    18.0004
12.6572    37.9372    18.0004
12.6612    37.9276    18.0004
12.6676    37.8836    18.0004
12.6732    37.8644    18.0004
12.6779995    37.8364    18.0004
12.6804    37.8252    18.0004
