4.5099998    30.2004    21.0004
4.5011997    30.1524    21.0004
4.4867997    30.09    21.0004
4.4796    30.056398    21.0004
4.4723997    30.0164    21.0004
4.4388    29.8316    21.0004
4.4212    29.73    21.0004
4.4147997    29.701199    21.0004
4.4028    29.63    21.0004
4.3859997    29.537199    21.0004
4.3724    29.442    21.0004
4.3659997    29.394    21.0004
4.3588    29.3212    21.0004
4.354    29.260399    21.0004
4.35    29.212399    21.0004
4.3492    29.145199    21.0004
4.3484    29.104399    21.0004
4.3492    29.0444    21.0004
4.3524    29.033998    21.0004
4.3628    29.0324    21.0004
4.3732    29.024399    21.0004
4.3828    29.038    21.0004
4.3924    29.045198    21.0004
4.3988    29.0556    21.0004
4.4203997    29.087599    21.0004
4.4396    29.1108    21.0004
4.4835997    29.174    21.0004
4.5076    29.208399    21.0004
4.562    29.289999    21.0004
4.6092    29.362799    21.0004
4.6187997    29.377998    21.0004
4.6252    29.3884    21.0004
4.6604    29.4492    21.0004
4.6707997    29.4676    21.0004
4.6788    29.490799    21.0004
4.6836    29.5084    21.0004
4.6851997    29.5212    21.0004
4.6836    29.541199    21.0004
4.6796    29.5828    21.0004
4.678    29.602    21.0004
4.6675997    29.6892    21.0004
4.6604    29.7428    21.0004
4.6452    29.8636    21.0004
4.6412    29.9044    21.0004
4.6331997    29.979599    21.0004
4.6275997    30.024399    21.0004
4.6212    30.066    21.0004
4.6172    30.0868    21.0004
4.6075997    30.132399    21.0004
4.6004    30.1948    21.0004
4.5972    30.229198    21.0004
4.5908    30.2596    21.0004
4.5796    30.3492    21.0004
4.5748    30.379599    21.0004
4.5676    30.4212    21.0004
4.5555997    30.41    21.0004
4.5499997    30.407598    21.0004
4.5436    30.377998    21.0004
4.5323997    30.323599    21.0004
4.5228    30.2732    21.0004
4.5099998    30.2004    21.0004
