21.4052    22.0196    13.2004
21.4396    21.944399    13.2004
21.442799    21.9364    13.2004
21.446    21.9284    13.2004
21.4476    21.920399    13.2004
21.4492    21.9116    13.2004
21.4516    21.8948    13.2004
21.4516    21.8876    13.2004
21.4508    21.8548    13.2004
21.4468    21.7916    13.2004
21.4468    21.7908    13.2004
21.449999    21.7468    13.2004
21.4572    21.7172    13.2004
21.458    21.7148    13.2004
21.4716    21.678799    13.2004
21.472399    21.6764    13.2004
21.4764    21.669199    13.2004
21.490799    21.643599    13.2004
21.4956    21.639599    13.2004
21.5124    21.6236    13.2004
21.524399    21.6188    13.2004
21.535599    21.614    13.2004
21.5444    21.614    13.2004
21.5668    21.6148    13.2004
21.5884    21.6164    13.2004
21.600399    21.6204    13.2004
21.6132    21.6204    13.2004
21.6276    21.622    13.2004
21.637999    21.6204    13.2004
21.6524    21.6076    13.2004
21.654    21.605999    13.2004
21.656399    21.6012    13.2004
21.6772    21.5572    13.2004
21.680399    21.5492    13.2004
21.684399    21.542    13.2004
21.6996    21.5156    13.2004
21.708399    21.5012    13.2004
21.7116    21.498    13.2004
21.7204    21.4916    13.2004
21.7356    21.482    13.2004
21.7484    21.4764    13.2004
21.762    21.4732    13.2004
21.778    21.472399    13.2004
21.7924    21.47    13.2004
21.8044    21.4716    13.2004
21.8196    21.4716    13.2004
21.840399    21.4756    13.2004
21.847599    21.4772    13.2004
21.851599    21.479599    13.2004
21.868399    21.4884    13.2004
21.894    21.505999    13.2004
21.897999    21.5108    13.2004
21.925999    21.5404    13.2004
21.931599    21.546799    13.2004
21.9468    21.5716    13.2004
21.955599    21.585999    13.2004
21.965199    21.600399    13.2004
21.990799    21.645199    13.2004
21.9956    21.654799    13.2004
22.0164    21.698    13.2004
22.0268    21.721199    13.2004
22.0388    21.747599    13.2004
22.0548    21.7908    13.2004
22.0604    21.8044    13.2004
22.0676    21.826    13.2004
22.0732    21.8436    13.2004
22.0828    21.873999    13.2004
22.09    21.9028    13.2004
22.0964    21.925999    13.2004
22.1068    21.9628    13.2004
22.115599    21.9996    13.2004
22.121199    22.0276    13.2004
22.1356    22.1012    13.2004
22.1372    22.109999    13.2004
22.1412    22.1292    13.2004
22.154    22.194    13.2004
22.156399    22.2116    13.2004
22.1572    22.226799    13.2004
22.1588    22.2372    13.2004
22.1596    22.25    13.2004
22.1612    22.278    13.2004
22.1596    22.3084    13.2004
22.1604    22.3324    13.2004
22.154799    22.362799    13.2004
22.154799    22.3676    13.2004
22.1484    22.392399    13.2004
22.1412    22.4132    13.2004
22.122799    22.444399    13.2004
22.115599    22.4516    13.2004
22.0996    22.461199    13.2004
22.094    22.465199    13.2004
22.0924    22.465199    13.2004
22.0684    22.4676    13.2004
22.053999    22.4684    13.2004
22.0204    22.4684    13.2004
22.0036    22.4676    13.2004
21.9804    22.466799    13.2004
21.9684    22.465199    13.2004
21.9524    22.461199    13.2004
21.9348    22.4572    13.2004
21.9116    22.4516    13.2004
21.8876    22.4452    13.2004
21.8772    22.444399    13.2004
21.8748    22.4452    13.2004
21.8524    22.459599    13.2004
21.8412    22.466799    13.2004
21.8372    22.4732    13.2004
21.8212    22.500399    13.2004
21.806    22.5268    13.2004
21.7892    22.5612    13.2004
21.7836    22.5716    13.2004
21.7668    22.6076    13.2004
21.758    22.633999    13.2004
21.754799    22.6484    13.2004
21.7508    22.6724    13.2004
21.747599    22.695599    13.2004
21.7452    22.7132    13.2004
21.7412    22.7404    13.2004
21.7348    22.7796    13.2004
21.73    22.8076    13.2004
21.722    22.8396    13.2004
21.717999    22.8524    13.2004
21.6988    22.879599    13.2004
21.698    22.881199    13.2004
21.6964    22.881199    13.2004
21.6772    22.890799    13.2004
21.6628    22.897999    13.2004
21.654    22.901999    13.2004
21.642    22.9044    13.2004
21.6188    22.909199    13.2004
21.6012    22.9124    13.2004
21.5892    22.9124    13.2004
21.574    22.91    13.2004
21.559599    22.9084    13.2004
21.542799    22.9044    13.2004
21.538    22.9028    13.2004
21.5196    22.890799    13.2004
21.505999    22.878    13.2004
21.482    22.849998    13.2004
21.4756    22.8428    13.2004
21.4636    22.8244    13.2004
21.442    22.7932    13.2004
21.410799    22.7484    13.2004
21.4028    22.737999    13.2004
21.3772    22.695599    13.2004
21.373999    22.6908    13.2004
21.358799    22.6628    13.2004
21.3556    22.656399    13.2004
21.353199    22.650799    13.2004
21.3452    22.622799    13.2004
21.3436    22.618    13.2004
21.342    22.605999    13.2004
21.338799    22.5884    13.2004
21.338799    22.570799    13.2004
21.338799    22.5556    13.2004
21.338799    22.531599    13.2004
21.340399    22.501999    13.2004
21.3396    22.494    13.2004
21.342    22.4748    13.2004
21.3436    22.4468    13.2004
21.3452    22.4228    13.2004
21.3508    22.3836    13.2004
21.3612    22.3324    13.2004
21.362    22.3268    13.2004
21.362799    22.323599    13.2004
21.3636    22.3204    13.2004
21.368399    22.275599    13.2004
21.3708    22.232399    13.2004
21.3708    22.230799    13.2004
21.3708    22.2292    13.2004
21.3708    22.2276    13.2004
21.373999    22.161999    13.2004
21.3788    22.111599    13.2004
21.3788    22.109999    13.2004
21.3788    22.1092    13.2004
21.385199    22.0812    13.2004
21.39    22.0644    13.2004
21.3948    22.0508    13.2004
21.403599    22.0236    13.2004
21.4052    22.0196    13.2004
