13.545199    35.4892    18.3004
13.5364    35.489998    18.3004
13.5132    35.4972    18.3004
13.510799    35.497997    18.3004
13.5076    35.5004    18.3004
13.5124    35.503597    18.3004
13.5148    35.503597    18.3004
13.5428    35.5116    18.3004
13.5468    35.5324    18.3004
13.584399    35.551598    18.3004
13.591599    35.5548    18.3004
13.6004    35.5588    18.3004
13.6324    35.5652    18.3004
13.6396    35.568398    18.3004
13.6572    35.5676    18.3004
13.6628    35.5692    18.3004
13.6844    35.5612    18.3004
13.6852    35.5604    18.3004
13.6852    35.5596    18.3004
13.6868    35.53    18.3004
13.6812    35.509197    18.3004
13.6796    35.5004    18.3004
13.674    35.4908    18.3004
13.6684    35.4684    18.3004
13.654799    35.4636    18.3004
13.65    35.464397    18.3004
13.625199    35.4612    18.3004
13.6164    35.464397    18.3004
13.5956    35.4684    18.3004
13.5884    35.469997    18.3004
13.5716    35.475597    18.3004
13.5636    35.4764    18.3004
13.545199    35.4892    18.3004
