17.7468    29.8764    20.4004
17.7468    29.8604    20.4004
17.7668    29.855598    20.4004
17.7868    29.8548    20.4004
17.806    29.8564    20.4004
17.826    29.858    20.4004
17.854    29.8596    20.4004
17.9012    29.866    20.4004
17.9084    29.8676    20.4004
17.910799    29.8676    20.4004
17.9212    29.868399    20.4004
17.931599    29.869999    20.4004
18.018799    29.881199    20.4004
18.029999    29.882    20.4004
18.0716    29.8876    20.4004
18.094799    29.890799    20.4004
18.1108    29.8916    20.4004
18.1308    29.8932    20.4004
18.1348    29.894    20.4004
18.150799    29.8948    20.4004
18.21    29.9012    20.4004
18.258799    29.907598    20.4004
18.288399    29.9124    20.4004
18.316399    29.916399    20.4004
18.317999    29.9172    20.4004
18.323599    29.920399    20.4004
18.357199    29.934    20.4004
18.3612    29.953999    20.4004
18.362    29.966    20.4004
18.353199    30.0204    20.4004
18.3324    30.066    20.4004
18.3252    30.081999    20.4004
18.2892    30.1348    20.4004
18.2876    30.1372    20.4004
18.2868    30.1372    20.4004
18.2868    30.137999    20.4004
18.2484    30.157999    20.4004
18.2276    30.169199    20.4004
18.202    30.177198    20.4004
18.1556    30.1812    20.4004
18.1492    30.182    20.4004
18.1148    30.174799    20.4004
18.105999    30.174799    20.4004
18.0668    30.1612    20.4004
18.0492    30.154799    20.4004
18.041199    30.150799    20.4004
18.01    30.1388    20.4004
18.000399    30.1332    20.4004
17.944399    30.097198    20.4004
17.916399    30.074    20.4004
17.8988    30.0588    20.4004
17.873999    30.033998    20.4004
17.857199    30.018    20.4004
17.8492    30.0092    20.4004
17.81    29.966799    20.4004
17.782    29.933199    20.4004
17.7796    29.929998    20.4004
17.743599    29.882    20.4004
17.7468    29.8764    20.4004
