3.3539999    26.3764    21.9004
3.37    26.362799    21.9004
3.3795998    26.355598    21.9004
3.418    26.329199    21.9004
3.4259999    26.323599    21.9004
3.4508    26.3132    21.9004
3.4571998    26.3116    21.9004
3.4924    26.306799    21.9004
3.4956    26.306799    21.9004
3.5268    26.312399    21.9004
3.5363998    26.3148    21.9004
3.5604    26.3268    21.9004
3.5651999    26.3284    21.9004
3.5756    26.334    21.9004
3.5932    26.3452    21.9004
3.6244    26.366    21.9004
3.6323998    26.3732    21.9004
3.658    26.394    21.9004
3.6692    26.4068    21.9004
3.6843998    26.418798    21.9004
3.7156    26.455599    21.9004
3.7212    26.4604    21.9004
3.7275999    26.4684    21.9004
3.7524    26.5012    21.9004
3.7635999    26.522799    21.9004
3.7668    26.5308    21.9004
3.7668    26.5476    21.9004
3.7691998    26.5548    21.9004
3.7635999    26.581999    21.9004
3.7635999    26.5828    21.9004
3.7556    26.5996    21.9004
3.7444    26.6132    21.9004
3.7236    26.628399    21.9004
3.7124    26.6404    21.9004
3.6708    26.6612    21.9004
3.662    26.665998    21.9004
3.6427999    26.6756    21.9004
3.6332    26.678799    21.9004
3.6011999    26.6868    21.9004
3.5948    26.6884    21.9004
3.5491998    26.6948    21.9004
3.5451999    26.695599    21.9004
3.4884    26.7004    21.9004
3.4875998    26.7004    21.9004
3.4499998    26.7004    21.9004
3.4076    26.689999    21.9004
3.4068    26.689999    21.9004
3.3708    26.6684    21.9004
3.3692    26.667599    21.9004
3.362    26.660398    21.9004
3.3444    26.6412    21.9004
3.3411999    26.6388    21.9004
3.3276    26.6188    21.9004
3.3195999    26.609999    21.9004
3.2996    26.5788    21.9004
3.2979999    26.5772    21.9004
3.2972    26.574799    21.9004
3.29    26.5572    21.9004
3.2835999    26.5324    21.9004
3.2835999    26.529999    21.9004
3.2835999    26.5276    21.9004
3.2835999    26.517199    21.9004
3.2828    26.4996    21.9004
3.2835999    26.496399    21.9004
3.2884    26.4748    21.9004
3.294    26.4644    21.9004
3.2996    26.4524    21.9004
3.3084    26.4348    21.9004
3.3172    26.420399    21.9004
3.3267999    26.4068    21.9004
3.3395998    26.3916    21.9004
3.3539999    26.3764    21.9004
