23.754799    26.6444    13.8004
23.7628    26.628399    13.8004
23.7796    26.593199    13.8004
23.7892    26.5756    13.8004
23.814    26.529999    13.8004
23.83    26.4988    13.8004
23.857199    26.4452    13.8004
23.862    26.4356    13.8004
23.8676    26.4196    13.8004
23.8732    26.4004    13.8004
23.8764    26.3916    13.8004
23.8876    26.3148    13.8004
23.89    26.299599    13.8004
23.894    26.2692    13.8004
23.8972    26.253199    13.8004
23.906    26.226    13.8004
23.9068    26.2228    13.8004
23.920399    26.1964    13.8004
23.9212    26.195599    13.8004
23.949999    26.1684    13.8004
23.966799    26.156399    13.8004
24.0028    26.1308    13.8004
24.0084    26.126799    13.8004
24.014    26.122799    13.8004
24.0516    26.1012    13.8004
24.0716    26.091599    13.8004
24.080399    26.087599    13.8004
24.0844    26.087599    13.8004
24.111599    26.0812    13.8004
24.1204    26.0844    13.8004
24.1348    26.0868    13.8004
24.1476    26.091599    13.8004
24.1628    26.097198    13.8004
24.1772    26.1068    13.8004
24.1908    26.1148    13.8004
24.212399    26.1364    13.8004
24.2148    26.1388    13.8004
24.226799    26.1628    13.8004
24.2276    26.1644    13.8004
24.234    26.184399    13.8004
24.2404    26.222    13.8004
24.2412    26.2284    13.8004
24.2468    26.2932    13.8004
24.2468    26.2948    13.8004
24.2468    26.314    13.8004
24.247599    26.373999    13.8004
24.247599    26.378    13.8004
24.2484    26.382    13.8004
24.2516    26.418    13.8004
24.254    26.4308    13.8004
24.262    26.4628    13.8004
24.2804    26.522    13.8004
24.3028    26.5956    13.8004
24.306799    26.6148    13.8004
24.310799    26.6356    13.8004
24.3172    26.669199    13.8004
24.3204    26.7076    13.8004
24.3228    26.732399    13.8004
24.3252    26.769999    13.8004
24.3252    26.8044    13.8004
24.326    26.8172    13.8004
24.326    26.8548    13.8004
24.326    26.9012    13.8004
24.3252    26.9436    13.8004
24.321999    26.998    13.8004
24.3212    27.01    13.8004
24.312399    27.0556    13.8004
24.3116    27.0588    13.8004
24.3116    27.0604    13.8004
24.3044    27.094    13.8004
24.2964    27.1148    13.8004
24.2892    27.133999    13.8004
24.2796    27.1572    13.8004
24.274    27.173199    13.8004
24.2628    27.1932    13.8004
24.237999    27.240398    13.8004
24.2036    27.2988    13.8004
24.1812    27.3364    13.8004
24.173199    27.354    13.8004
24.157999    27.3876    13.8004
24.1484    27.4116    13.8004
24.146    27.416399    13.8004
24.1412    27.434    13.8004
24.13    27.472399    13.8004
24.121199    27.501999    13.8004
24.1052    27.55    13.8004
24.0996    27.5668    13.8004
24.0812    27.6092    13.8004
24.0628    27.6444    13.8004
24.059599    27.65    13.8004
24.0268    27.702799    13.8004
24.0252    27.7052    13.8004
24.022    27.7092    13.8004
23.990799    27.751598    13.8004
23.99    27.7524    13.8004
23.977999    27.7652    13.8004
23.965199    27.778    13.8004
23.9644    27.7788    13.8004
23.9636    27.7796    13.8004
23.938799    27.805199    13.8004
23.937199    27.805199    13.8004
23.9356    27.806799    13.8004
23.921999    27.812399    13.8004
23.9172    27.8172    13.8004
23.9004    27.8196    13.8004
23.8836    27.8244    13.8004
23.8692    27.817999    13.8004
23.854    27.812399    13.8004
23.8412    27.8028    13.8004
23.8284    27.7916    13.8004
23.817999    27.7804    13.8004
23.799599    27.7524    13.8004
23.789999    27.726    13.8004
23.782    27.7076    13.8004
23.769999    27.6684    13.8004
23.753199    27.6308    13.8004
23.7524    27.6292    13.8004
23.743599    27.6124    13.8004
23.708399    27.559599    13.8004
23.698    27.546799    13.8004
23.6932    27.538    13.8004
23.680399    27.5204    13.8004
23.6716    27.4972    13.8004
23.667599    27.49    13.8004
23.6628    27.4756    13.8004
23.6348    27.4084    13.8004
23.6092    27.345999    13.8004
23.593199    27.309198    13.8004
23.59    27.3004    13.8004
23.5868    27.289999    13.8004
23.576399    27.258    13.8004
23.574    27.25    13.8004
23.5732    27.240398    13.8004
23.569199    27.2156    13.8004
23.5716    27.1668    13.8004
23.5716    27.1644    13.8004
23.5724    27.1628    13.8004
23.578    27.1052    13.8004
23.580399    27.091599    13.8004
23.5892    27.041199    13.8004
23.59    27.0388    13.8004
23.5908    27.0364    13.8004
23.598    26.998798    13.8004
23.598799    26.9972    13.8004
23.6068    26.970798    13.8004
23.6068    26.97    13.8004
23.6092    26.965199    13.8004
23.618    26.948399    13.8004
23.6188    26.9436    13.8004
23.621199    26.9364    13.8004
23.626799    26.927599    13.8004
23.643599    26.8972    13.8004
23.6628    26.866    13.8004
23.674    26.8452    13.8004
23.6876    26.8188    13.8004
23.701199    26.789999    13.8004
23.706    26.778    13.8004
23.7172    26.7468    13.8004
23.7332    26.702799    13.8004
23.7412    26.6796    13.8004
23.754799    26.6444    13.8004
