5.9452    17.7404    14.7004
5.9284    17.6892    14.7004
5.9124    17.638    14.7004
5.8924    17.5668    14.7004
5.8908    17.5604    14.7004
5.8835998    17.5348    14.7004
5.8771996    17.5044    14.7004
5.8676    17.4572    14.7004
5.8532    17.3884    14.7004
5.838    17.295599    14.7004
5.8364    17.284399    14.7004
5.8356    17.2748    14.7004
5.83    17.247599    14.7004
5.83    17.2244    14.7004
5.83    17.2132    14.7004
5.83    17.197199    14.7004
5.8332    17.169199    14.7004
5.8332    17.1612    14.7004
5.8348    17.142    14.7004
5.8436    17.0836    14.7004
5.8539996    17.018    14.7004
5.858    16.9812    14.7004
5.8659997    16.9324    14.7004
5.8676    16.921999    14.7004
5.8771996    16.8604    14.7004
5.9012    16.698    14.7004
5.902    16.691599    14.7004
5.9035997    16.6812    14.7004
5.9124    16.609999    14.7004
5.9188    16.5692    14.7004
5.9284    16.5156    14.7004
5.9356    16.47    14.7004
5.9452    16.4268    14.7004
5.95    16.4124    14.7004
5.954    16.3996    14.7004
5.9684    16.3764    14.7004
5.974    16.3716    14.7004
5.9932    16.3548    14.7004
6.0476    16.323599    14.7004
6.0787997    16.306799    14.7004
6.0892    16.302    14.7004
6.0972    16.3004    14.7004
6.1275997    16.2916    14.7004
6.1396    16.282799    14.7004
6.1484    16.2708    14.7004
6.146    16.2668    14.7004
6.1492    16.258    14.7004
6.1531997    16.2428    14.7004
6.154    16.236399    14.7004
6.1499996    16.213999    14.7004
6.1452    16.198    14.7004
6.1387997    16.169199    14.7004
6.1316    16.1444    14.7004
6.1124    16.0692    14.7004
6.0964    16.0036    14.7004
6.0924    15.99    14.7004
6.0731997    15.918799    14.7004
6.066    15.8907995    14.7004
6.0596    15.8675995    14.7004
6.0252    15.726    14.7004
5.9876    15.5803995    14.7004
5.9764    15.5348    14.7004
5.962    15.486    14.7004
5.9228    15.3412    14.7004
5.8924    15.229199    14.7004
5.83    14.9964    14.7004
5.8252    14.9788    14.7004
5.8004    14.8924    14.7004
5.7964    14.878799    14.7004
5.762    14.742    14.7004
5.7612    14.7388    14.7004
5.7507997    14.6988    14.7004
5.7251997    14.606    14.7004
5.7219996    14.595599    14.7004
5.7028    14.515599    14.7004
5.698    14.4948    14.7004
5.6972    14.492399    14.7004
5.6796    14.4148    14.7004
5.6643996    14.348399    14.7004
5.6572    14.3228    14.7004
5.6516    14.297199    14.7004
5.6387997    14.2244    14.7004
5.6331997    14.1964    14.7004
5.6219997    14.1444    14.7004
5.6092    14.078799    14.7004
5.6043997    14.0476    14.7004
5.5899997    13.969199    14.7004
5.5892    13.964399    14.7004
5.5884    13.9564    14.7004
5.5804    13.901199    14.7004
5.5764    13.872399    14.7004
5.5692    13.806    14.7004
5.5643997    13.7724    14.7004
5.5555997    13.699599    14.7004
5.5508    13.6452    14.7004
5.5476    13.6044    14.7004
5.542    13.542    14.7004
5.5396    13.5036    14.7004
5.5332    13.41    14.7004
5.5323997    13.401999    14.7004
5.5323997    13.3972    14.7004
5.5316    13.3276    14.7004
5.5308    13.281199    14.7004
5.5308    13.2316    14.7004
5.5316    13.098    14.7004
5.5316    13.0828    14.7004
5.5316    13.068399    14.7004
5.5364    12.947599    14.7004
5.5379996    12.9052    14.7004
5.5428    12.7676    14.7004
5.5436    12.7484    14.7004
5.5443997    12.7332    14.7004
5.5467997    12.677199    14.7004
5.5476    12.654799    14.7004
5.5476    12.6404    14.7004
5.5484    12.5532    14.7004
5.5484    12.5412    14.7004
5.5484    12.5364    14.7004
5.5492    12.498799    14.7004
5.5428    12.486    14.7004
5.5388    12.452399    14.7004
5.5228    12.434    14.7004
5.5196    12.4348    14.7004
5.4916    12.4484    14.7004
5.4596    12.4564    14.7004
5.43    12.457999    14.7004
5.4108    12.457999    14.7004
5.3803997    12.4572    14.7004
5.3684    12.4564    14.7004
5.3532    12.4556    14.7004
5.2924    12.4372    14.7004
5.2716    12.4276    14.7004
5.2676    12.422    14.7004
5.2644    12.4172    14.7004
5.2548    12.401199    14.7004
5.2563996    12.374    14.7004
5.2516    12.3428    14.7004
5.2476    12.3043995    14.7004
5.2476    12.2996    14.7004
5.2476    12.2772    14.7004
5.2492    12.2724    14.7004
5.2524    12.2436    14.7004
5.2532    12.239599    14.7004
5.27    12.183599    14.7004
5.27    12.1804    14.7004
5.2707996    12.1756    14.7004
5.2804    12.1188    14.7004
5.286    12.067599    14.7004
5.2908    12.0468    14.7004
5.3083997    11.9692    14.7004
5.3292    11.8828    14.7004
5.3412    11.83    14.7004
5.3508    11.797199    14.7004
5.3571997    11.7796    14.7004
5.3691998    11.7508    14.7004
5.3724    11.7436    14.7004
5.3724    11.742    14.7004
5.3947997    11.693999    14.7004
5.4564    11.5716    14.7004
5.4596    11.566    14.7004
5.4716    11.5428    14.7004
5.49    11.5068    14.7004
5.5155997    11.464399    14.7004
5.5276    11.4444    14.7004
5.5299997    11.438    14.7004
5.5308    11.434    14.7004
5.5452    11.406    14.7004
5.5452    11.401999    14.7004
5.554    11.378799    14.7004
5.5532    11.3756    14.7004
5.5508    11.349199    14.7004
5.5467997    11.326799    14.7004
5.5452    11.3188    14.7004
5.5452    11.3172    14.7004
5.5452    11.314799    14.7004
5.5443997    11.314799    14.7004
5.5316    11.252399    14.7004
5.5276    11.2308    14.7004
5.5235996    11.2076    14.7004
5.5196    11.17    14.7004
5.5179996    11.1556    14.7004
5.5123997    11.11    14.7004
5.5108    11.0772    14.7004
5.5108    11.0764    14.7004
5.5108    11.0748    14.7004
5.5172    11.0188    14.7004
5.5243998    10.9916    14.7004
5.5332    10.966    14.7004
5.5388    10.946    14.7004
5.5428    10.9292    14.7004
5.578    10.8412    14.7004
5.5804    10.8364    14.7004
5.6004    10.786799    14.7004
5.618    10.7444    14.7004
5.646    10.686    14.7004
5.6516    10.6732    14.7004
5.6836    10.6108    14.7004
5.69    10.596399    14.7004
5.7107997    10.5612    14.7004
5.7148    10.554    14.7004
5.718    10.5492    14.7004
5.7188    10.5468    14.7004
5.7363997    10.5204    14.7004
5.7604    10.49    14.7004
5.7644    10.4852    14.7004
5.7971997    10.45    14.7004
5.8012    10.446    14.7004
5.802    10.4452    14.7004
5.8292    10.4204    14.7004
5.8332    10.4172    14.7004
5.862    10.3932    14.7004
5.882    10.3764    14.7004
5.8827996    10.3748    14.7004
5.8852    10.373199    14.7004
5.9667997    10.3124    14.7004
6.0211997    10.274    14.7004
6.0284    10.269199    14.7004
6.0492    10.2556    14.7004
6.1148    10.2132    14.7004
6.1308    10.2084    14.7004
6.1387997    10.2028    14.7004
6.154    10.1988    14.7004
6.1668    10.1916    14.7004
6.1851997    10.189199    14.7004
6.1875997    10.188399    14.7004
6.2188    10.1868    14.7004
6.2363997    10.188399    14.7004
6.3283997    10.193999    14.7004
6.3812    10.199599    14.7004
6.4179997    10.2028    14.7004
6.4516    10.2076    14.7004
6.49    10.2156    14.7004
6.5235996    10.223599    14.7004
6.5443997    10.229199    14.7004
6.5636    10.234799    14.7004
6.5996    10.2436    14.7004
6.6084    10.2476    14.7004
6.6363997    10.263599    14.7004
6.658    10.2755995    14.7004
6.6612    10.2796    14.7004
6.6772    10.302    14.7004
6.686    10.3172    14.7004
6.6924    10.3292    14.7004
6.6931996    10.3331995    14.7004
6.7019997    10.3644    14.7004
6.7036    10.3684    14.7004
6.7131996    10.406799    14.7004
6.7195997    10.4372    14.7004
6.726    10.4748    14.7004
6.7292    10.5004    14.7004
6.7331996    10.5316    14.7004
6.7356    10.5708    14.7004
6.7363997    10.5812    14.7004
6.7363997    10.594    14.7004
6.7356    10.6244    14.7004
6.7348    10.6324    14.7004
6.7339997    10.638    14.7004
6.7307997    10.6524    14.7004
6.7251997    10.6804    14.7004
6.7188    10.702    14.7004
6.7075996    10.7324    14.7004
6.6995997    10.7508    14.7004
6.6931996    10.763599    14.7004
6.6892    10.7716    14.7004
6.678    10.7932    14.7004
6.6548    10.832399    14.7004
6.646    10.8476    14.7004
6.6299996    10.872399    14.7004
6.6292    10.874    14.7004
6.6219997    10.8988    14.7004
6.6172    10.906799    14.7004
6.6148    10.9148    14.7004
6.6211996    10.935599    14.7004
6.6211996    10.946    14.7004
6.6324    10.970799    14.7004
6.6436    10.9964    14.7004
6.6468    11.004399    14.7004
6.6555996    11.033199    14.7004
6.6716    11.082    14.7004
6.6787996    11.107599    14.7004
6.6868    11.1404    14.7004
6.7012    11.205199    14.7004
6.71    11.2452    14.7004
6.7212    11.3084    14.7004
6.7307997    11.3572    14.7004
6.7412    11.407599    14.7004
6.7475996    11.447599    14.7004
6.7588    11.5132    14.7004
6.766    11.5524    14.7004
6.7771997    11.6236    14.7004
6.782    11.6508    14.7004
6.8044    11.7699995    14.7004
6.8076    11.7892    14.7004
6.8395996    11.941999    14.7004
6.8436    11.962    14.7004
6.8747997    12.107599    14.7004
6.8812    12.138    14.7004
6.9323997    12.37    14.7004
6.9476    12.435599    14.7004
6.99    12.618    14.7004
6.9932    12.6348    14.7004
7.0267997    12.7964    14.7004
7.0291996    12.8076    14.7004
7.0611997    12.978    14.7004
7.062    12.9804    14.7004
7.0748    13.054    14.7004
7.0764    13.061999    14.7004
7.086    13.120399    14.7004
7.0916    13.1556    14.7004
7.0923996    13.1612    14.7004
7.0987997    13.205199    14.7004
7.1028    13.2316    14.7004
7.1036    13.234799    14.7004
7.1036    13.238    14.7004
7.1075997    13.266    14.7004
7.1187997    13.3516    14.7004
7.1275997    13.4268    14.7004
7.1316    13.465199    14.7004
7.1324    13.476399    14.7004
7.1372    13.554    14.7004
7.1404    13.589999    14.7004
7.1428    13.654799    14.7004
7.146    13.728399    14.7004
7.1468    13.7708    14.7004
7.1468    13.7852    14.7004
7.1484    13.871599    14.7004
7.1484    13.8932    14.7004
7.1484    13.9732    14.7004
7.1484    14.062799    14.7004
7.1484    14.0652    14.7004
7.1484    14.0748    14.7004
7.1436    14.1516    14.7004
7.1436    14.1644    14.7004
7.1419997    14.245999    14.7004
7.1411996    14.262799    14.7004
7.134    14.400399    14.7004
7.1331997    14.412399    14.7004
7.1324    14.434    14.7004
7.1292    14.4892    14.7004
7.1252    14.5803995    14.7004
7.1236    14.6556    14.7004
7.1219997    14.7556    14.7004
7.1219997    14.8012    14.7004
7.1236    14.882799    14.7004
7.1275997    14.957999    14.7004
7.1284    14.978    14.7004
7.1292    14.992399    14.7004
7.1308    15.0124    14.7004
7.1331997    15.03    14.7004
7.1363997    15.0812    14.7004
7.1396    15.107599    14.7004
7.1436    15.154799    14.7004
7.1499996    15.2044    14.7004
7.1563997    15.257999    14.7004
7.1636    15.314799    14.7004
7.166    15.3396    14.7004
7.1796    15.440399    14.7004
7.1828    15.4564    14.7004
7.1851997    15.478    14.7004
7.2124    15.6692    14.7004
7.2283998    15.7836    14.7004
7.2316    15.8132    14.7004
7.2419996    15.907599    14.7004
7.2436    15.924399    14.7004
7.2532    15.9956    14.7004
7.2563996    16.042    14.7004
7.2604    16.102    14.7004
7.2627997    16.139599    14.7004
7.2651997    16.1852    14.7004
7.2668    16.2564    14.7004
7.2651997    16.305199    14.7004
7.2651997    16.3396    14.7004
7.2644    16.366    14.7004
7.2636    16.4476    14.7004
7.2612    16.5052    14.7004
7.2612    16.5164    14.7004
7.258    16.5508    14.7004
7.2548    16.5852    14.7004
7.2483997    16.646    14.7004
7.2412    16.6852    14.7004
7.2339997    16.7292    14.7004
7.2244    16.7676    14.7004
7.2195997    16.7852    14.7004
7.2148    16.8036    14.7004
7.2004    16.866    14.7004
7.1828    16.921999    14.7004
7.1756    16.9492    14.7004
7.1731997    16.9572    14.7004
7.166    16.9844    14.7004
7.1324    17.066    14.7004
7.1299996    17.0748    14.7004
7.1196    17.0972    14.7004
7.1116    17.1132    14.7004
7.1108    17.115599    14.7004
7.1099997    17.1164    14.7004
7.0836    17.1652    14.7004
7.074    17.178799    14.7004
7.062    17.1932    14.7004
7.0532    17.2052    14.7004
7.0388    17.2228    14.7004
7.0379996    17.2356    14.7004
7.0291996    17.2556    14.7004
7.026    17.262    14.7004
7.0267997    17.2788    14.7004
7.0291996    17.2948    14.7004
7.0355997    17.3132    14.7004
7.0404    17.323599    14.7004
7.0548    17.35    14.7004
7.0779996    17.3964    14.7004
7.0843997    17.4084    14.7004
7.0875998    17.4172    14.7004
7.0964    17.4364    14.7004
7.1228    17.4996    14.7004
7.1324    17.5204    14.7004
7.1419997    17.546    14.7004
7.146    17.5564    14.7004
7.1524    17.576399    14.7004
7.1572    17.604399    14.7004
7.1619997    17.617199    14.7004
7.1692    17.6492    14.7004
7.1724    17.6644    14.7004
7.1716    17.7004    14.7004
7.1716    17.7164    14.7004
7.1692    17.754    14.7004
7.1684    17.7708    14.7004
7.1668    17.7764    14.7004
7.1612    17.829199    14.7004
7.158    17.8596    14.7004
7.1555996    17.8748    14.7004
7.1404    17.93    14.7004
7.138    17.9396    14.7004
7.126    17.9828    14.7004
7.1155996    18.0156    14.7004
7.1075997    18.042799    14.7004
7.1036    18.0516    14.7004
7.0899997    18.078    14.7004
7.0852    18.0892    14.7004
7.0779996    18.098    14.7004
7.0548    18.122799    14.7004
7.0508    18.126799    14.7004
7.0316    18.1356    14.7004
7.0076    18.1476    14.7004
6.9772    18.1604    14.7004
6.9611998    18.167599    14.7004
6.9124    18.1876    14.7004
6.878    18.198    14.7004
6.8156    18.219599    14.7004
6.7668    18.237999    14.7004
6.7363997    18.25    14.7004
6.7116    18.258    14.7004
6.6548    18.2756    14.7004
6.6172    18.286    14.7004
6.5987997    18.2924    14.7004
6.5636    18.298    14.7004
6.554    18.2988    14.7004
6.5211997    18.293999    14.7004
6.5123997    18.2932    14.7004
6.5044    18.289999    14.7004
6.4779997    18.278    14.7004
6.47    18.2748    14.7004
6.4635997    18.271599    14.7004
6.4596    18.2692    14.7004
6.4044    18.236399    14.7004
6.3403997    18.1948    14.7004
6.3308    18.1884    14.7004
6.3276    18.185999    14.7004
6.3251996    18.1836    14.7004
6.3108    18.174    14.7004
6.2868    18.156399    14.7004
6.2763996    18.1492    14.7004
6.23    18.1124    14.7004
6.1756    18.065199    14.7004
6.1724    18.0628    14.7004
6.1692    18.059599    14.7004
6.1475997    18.0404    14.7004
6.1252    18.018799    14.7004
6.0955997    17.989199    14.7004
6.0843997    17.9772    14.7004
6.0764    17.9676    14.7004
6.0676    17.9572    14.7004
6.0516    17.937199    14.7004
6.0316    17.914799    14.7004
6.0172    17.8908    14.7004
6.0099998    17.8804    14.7004
5.9835997    17.8316    14.7004
5.9764    17.817999    14.7004
5.9747996    17.8148    14.7004
5.9716    17.81    14.7004
5.9667997    17.798    14.7004
5.9579997    17.7756    14.7004
5.9452    17.7404    14.7004
