19.117199    31.9972    23.4004
19.1092    31.9844    23.4004
19.094799    31.9604    23.4004
19.0676    31.909199    23.4004
19.0572    31.883598    23.4004
19.0548    31.8716    23.4004
19.0532    31.8676    23.4004
19.0268    31.838    23.4004
19.0204    31.833199    23.4004
18.994    31.83    23.4004
18.977999    31.8356    23.4004
18.966799    31.8356    23.4004
18.9308    31.8484    23.4004
18.9228    31.8508    23.4004
18.9196    31.851599    23.4004
18.9156    31.851599    23.4004
18.8804    31.858799    23.4004
18.8668    31.8604    23.4004
18.8412    31.866    23.4004
18.827599    31.866798    23.4004
18.799599    31.868399    23.4004
18.782    31.866798    23.4004
18.777199    31.866798    23.4004
18.743599    31.864399    23.4004
18.7428    31.864399    23.4004
18.7124    31.855598    23.4004
18.7004    31.851599    23.4004
18.682    31.8428    23.4004
18.666    31.8364    23.4004
18.6628    31.834    23.4004
18.6532    31.8268    23.4004
18.626799    31.8028    23.4004
18.622799    31.7988    23.4004
18.621199    31.7964    23.4004
18.6164    31.7892    23.4004
18.602    31.7636    23.4004
18.5956    31.751598    23.4004
18.5908    31.7372    23.4004
18.5836    31.7076    23.4004
18.5812    31.691599    23.4004
18.581999    31.671598    23.4004
18.5828    31.6428    23.4004
18.5828    31.6316    23.4004
18.5892    31.598799    23.4004
18.59    31.594799    23.4004
18.5996    31.557999    23.4004
18.5996    31.556398    23.4004
18.6028    31.5492    23.4004
18.6196    31.5148    23.4004
18.6236    31.5036    23.4004
18.6244    31.479599    23.4004
18.6236    31.461199    23.4004
18.6204    31.4308    23.4004
18.6196    31.366798    23.4004
18.617199    31.289999    23.4004
18.6124    31.237999    23.4004
18.6076    31.173199    23.4004
18.6084    31.154799    23.4004
18.6108    31.1036    23.4004
18.6108    31.0868    23.4004
18.604399    31.065199    23.4004
18.604399    31.057999    23.4004
18.600399    31.0436    23.4004
18.5916    31.0196    23.4004
18.5788    30.9828    23.4004
18.5756    30.9716    23.4004
18.565199    30.929998    23.4004
18.562    30.916399    23.4004
18.562    30.914799    23.4004
18.5612    30.913198    23.4004
18.5604    30.907598    23.4004
18.5572    30.8772    23.4004
18.5556    30.8604    23.4004
18.5548    30.8308    23.4004
18.5556    30.8028    23.4004
18.5588    30.7764    23.4004
18.562    30.7636    23.4004
18.576399    30.7244    23.4004
18.578    30.719599    23.4004
18.5796    30.7156    23.4004
18.5916    30.698    23.4004
18.618    30.6708    23.4004
18.622799    30.6668    23.4004
18.6556    30.6484    23.4004
18.6796    30.639599    23.4004
18.684399    30.637999    23.4004
18.6876    30.6372    23.4004
18.694    30.6356    23.4004
18.7076    30.632399    23.4004
18.7172    30.6332    23.4004
18.7412    30.636398    23.4004
18.7508    30.6372    23.4004
18.760399    30.6372    23.4004
18.7692    30.6388    23.4004
18.7868    30.643599    23.4004
18.8148    30.6516    23.4004
18.8252    30.654799    23.4004
18.862799    30.671598    23.4004
18.878    30.6796    23.4004
18.8956    30.6892    23.4004
18.91    30.698    23.4004
18.937199    30.7172    23.4004
18.9636    30.734    23.4004
18.9732    30.740398    23.4004
18.9972    30.7612    23.4004
19.014    30.775599    23.4004
19.037199    30.8004    23.4004
19.0532    30.8156    23.4004
19.076399    30.8372    23.4004
19.09    30.8372    23.4004
19.1068    30.847599    23.4004
19.1348    30.8396    23.4004
19.137999    30.834799    23.4004
19.1412    30.805199    23.4004
19.1364    30.797998    23.4004
19.115599    30.768398    23.4004
19.093199    30.7468    23.4004
19.0836    30.7372    23.4004
19.078    30.7332    23.4004
19.0732    30.729198    23.4004
19.0572    30.7108    23.4004
19.0444    30.698    23.4004
19.037199    30.688398    23.4004
19.0268    30.677198    23.4004
19.0108    30.656399    23.4004
18.994799    30.6332    23.4004
18.9932    30.6316    23.4004
18.9916    30.6292    23.4004
18.9788    30.604399    23.4004
18.9772    30.600399    23.4004
18.97    30.574799    23.4004
18.9676    30.565199    23.4004
18.9628    30.5532    23.4004
18.961199    30.541199    23.4004
18.9596    30.5212    23.4004
18.9596    30.5052    23.4004
18.9588    30.498    23.4004
18.9628    30.476398    23.4004
18.9636    30.470798    23.4004
18.9684    30.4508    23.4004
18.9692    30.446798    23.4004
18.9764    30.433199    23.4004
18.9828    30.420399    23.4004
18.9956    30.397999    23.4004
18.9996    30.390799    23.4004
19.0196    30.3652    23.4004
19.0204    30.364399    23.4004
19.0236    30.362    23.4004
19.0516    30.334    23.4004
19.0604    30.3268    23.4004
19.074799    30.3156    23.4004
19.0796    30.3116    23.4004
19.0868    30.3076    23.4004
19.111599    30.2964    23.4004
19.1428    30.282799    23.4004
19.1516    30.2804    23.4004
19.178    30.2732    23.4004
19.197199    30.2708    23.4004
19.2132    30.2692    23.4004
19.2244    30.2676    23.4004
19.2516    30.2668    23.4004
19.282    30.2676    23.4004
19.2964    30.268398    23.4004
19.3172    30.271599    23.4004
19.3316    30.274    23.4004
19.3612    30.282    23.4004
19.3884    30.2916    23.4004
19.402    30.2964    23.4004
19.4292    30.3084    23.4004
19.4348    30.3116    23.4004
19.4476    30.3188    23.4004
19.4748    30.3308    23.4004
19.4844    30.3372    23.4004
19.4884    30.3396    23.4004
19.5348    30.366798    23.4004
19.5396    30.368399    23.4004
19.5684    30.379599    23.4004
19.5716    30.379599    23.4004
19.5732    30.379599    23.4004
19.594799    30.3772    23.4004
19.598799    30.3748    23.4004
19.6196    30.358799    23.4004
19.6292    30.3372    23.4004
19.6332    30.33    23.4004
19.6428    30.3084    23.4004
19.645199    30.303598    23.4004
19.6468    30.301199    23.4004
19.657999    30.2804    23.4004
19.674799    30.2596    23.4004
19.6836    30.251598    23.4004
19.702799    30.2356    23.4004
19.721199    30.2228    23.4004
19.732399    30.2156    23.4004
19.769999    30.195599    23.4004
19.778    30.1924    23.4004
19.7948    30.1852    23.4004
19.8132    30.178    23.4004
19.8308    30.1724    23.4004
19.8508    30.1668    23.4004
19.8836    30.1596    23.4004
19.894    30.157999    23.4004
19.9188    30.156399    23.4004
19.9252    30.1556    23.4004
19.962    30.156399    23.4004
19.9812    30.157999    23.4004
19.9956    30.160398    23.4004
20.0124    30.163599    23.4004
20.0268    30.165998    23.4004
20.074    30.182798    23.4004
20.0796    30.1852    23.4004
20.0812    30.185999    23.4004
20.0964    30.1924    23.4004
20.1036    30.195599    23.4004
20.1052    30.197199    23.4004
20.142    30.2228    23.4004
20.1444    30.2244    23.4004
20.154    30.2316    23.4004
20.1836    30.257198    23.4004
20.1876    30.260399    23.4004
20.2172    30.2916    23.4004
20.226    30.302    23.4004
20.2284    30.3044    23.4004
20.254799    30.3396    23.4004
20.2572    30.345999    23.4004
20.2612    30.353199    23.4004
20.278    30.3876    23.4004
20.2908    30.4236    23.4004
20.3172    30.487598    23.4004
20.329199    30.5292    23.4004
20.342    30.5684    23.4004
20.351599    30.600399    23.4004
20.366    30.649199    23.4004
20.3804    30.689999    23.4004
20.3956    30.747599    23.4004
20.41    30.7916    23.4004
20.4252    30.851599    23.4004
20.433199    30.886    23.4004
20.4364    30.9012    23.4004
20.4412    30.9364    23.4004
20.442799    30.953999    23.4004
20.4468    30.973999    23.4004
20.459599    31.022799    23.4004
20.466    31.041199    23.4004
20.4676    31.0532    23.4004
20.4756    31.098    23.4004
20.4804    31.147598    23.4004
20.4812    31.149199    23.4004
20.4804    31.150799    23.4004
20.4756    31.2148    23.4004
20.4756    31.25    23.4004
20.4676    31.271599    23.4004
20.466    31.2764    23.4004
20.4644    31.3028    23.4004
20.4652    31.3132    23.4004
20.4692    31.3252    23.4004
20.4756    31.338    23.4004
20.4732    31.344398    23.4004
20.477999    31.366    23.4004
20.4748    31.375599    23.4004
20.4772    31.3932    23.4004
20.482    31.4084    23.4004
20.4828    31.421999    23.4004
20.4876    31.4396    23.4004
20.494    31.4564    23.4004
20.494    31.4716    23.4004
20.4988    31.494    23.4004
20.4996    31.5052    23.4004
20.5012    31.5148    23.4004
20.5036    31.5268    23.4004
20.5156    31.581999    23.4004
20.5196    31.619598    23.4004
20.522799    31.6412    23.4004
20.524399    31.7036    23.4004
20.5252    31.7396    23.4004
20.5236    31.771599    23.4004
20.5236    31.782    23.4004
20.514    31.827599    23.4004
20.5124    31.8356    23.4004
20.505999    31.8828    23.4004
20.5036    31.894798    23.4004
20.4916    31.918    23.4004
20.4788    31.942    23.4004
20.4764    31.9452    23.4004
20.47    31.948399    23.4004
20.4492    31.957998    23.4004
20.4356    31.959599    23.4004
20.4228    31.961199    23.4004
20.396399    31.949999    23.4004
20.392399    31.9492    23.4004
20.3804    31.938799    23.4004
20.3652    31.9284    23.4004
20.3604    31.924398    23.4004
20.3564    31.9212    23.4004
20.3284    31.8988    23.4004
20.2924    31.8564    23.4004
20.278    31.8396    23.4004
20.2676    31.8268    23.4004
20.2508    31.8076    23.4004
20.213999    31.7676    23.4004
20.1852    31.734    23.4004
20.169199    31.723598    23.4004
20.1652    31.722    23.4004
20.1652    31.725199    23.4004
20.1652    31.7276    23.4004
20.143599    31.757198    23.4004
20.142    31.7748    23.4004
20.1388    31.784399    23.4004
20.145199    31.8212    23.4004
20.145199    31.8268    23.4004
20.1476    31.8524    23.4004
20.1476    31.8692    23.4004
20.15    31.890799    23.4004
20.15    31.903599    23.4004
20.15    31.931599    23.4004
20.156399    32.0052    23.4004
20.1572    32.0412    23.4004
20.1588    32.0836    23.4004
20.1588    32.0956    23.4004
20.1572    32.1308    23.4004
20.154    32.1716    23.4004
20.1484    32.2364    23.4004
20.1444    32.253998    23.4004
20.1372    32.2916    23.4004
20.13    32.3172    23.4004
20.1108    32.365997    23.4004
20.1028    32.380398    23.4004
20.081999    32.4076    23.4004
20.057999    32.426    23.4004
20.0564    32.4284    23.4004
20.048399    32.4332    23.4004
20.031599    32.441998    23.4004
20.018    32.4412    23.4004
20.0012    32.4412    23.4004
19.9932    32.439598    23.4004
19.9716    32.4324    23.4004
19.962    32.4284    23.4004
19.9476    32.422    23.4004
19.9236    32.41    23.4004
19.9156    32.4052    23.4004
19.9068    32.398    23.4004
19.8692    32.3684    23.4004
19.7948    32.3108    23.4004
19.7908    32.3076    23.4004
19.789999    32.3068    23.4004
19.784399    32.302    23.4004
19.758799    32.281998    23.4004
19.7516    32.2756    23.4004
19.7444    32.2716    23.4004
19.7276    32.2628    23.4004
19.706799    32.253998    23.4004
19.6996    32.2508    23.4004
19.6836    32.2468    23.4004
19.6556    32.2364    23.4004
19.6444    32.2348    23.4004
19.5964    32.23    23.4004
19.4828    32.2132    23.4004
19.448399    32.2076    23.4004
19.4308    32.203598    23.4004
19.4012    32.197998    23.4004
19.3612    32.189198    23.4004
19.3116    32.1692    23.4004
19.299599    32.1644    23.4004
19.2932    32.162    23.4004
19.2428    32.1348    23.4004
19.2332    32.127598    23.4004
19.2036    32.101997    23.4004
19.1884    32.086    23.4004
19.166    32.0652    23.4004
19.145199    32.0356    23.4004
19.1308    32.0164    23.4004
19.117199    31.9972    23.4004
