5.4779997    13.4916    16.2004
5.4979997    13.7067995    16.2004
5.5035996    13.7604    16.2004
5.5123997    13.8812    16.2004
5.5155997    13.926    16.2004
5.5211997    13.99    16.2004
5.526    14.061999    16.2004
5.5292    14.118799    16.2004
5.5364    14.2372    16.2004
5.5379996    14.2876    16.2004
5.5436    14.4164    16.2004
5.5443997    14.447599    16.2004
5.5476    14.573999    16.2004
5.5467997    14.5868    16.2004
5.5443997    14.6796    16.2004
5.5443997    14.6924    16.2004
5.542    14.773999    16.2004
5.5404    14.79    16.2004
5.5379996    14.872399    16.2004
5.5379996    14.873199    16.2004
5.5316    14.952399    16.2004
5.5267997    14.974799    16.2004
5.5164    15.0484    16.2004
5.502    15.106    16.2004
5.4828    15.164399    16.2004
5.4708    15.202    16.2004
5.4644    15.217199    16.2004
5.4484    15.234799    16.2004
5.442    15.2476    16.2004
5.4396    15.268399    16.2004
5.4403996    15.2964    16.2004
5.442    15.3043995    16.2004
5.4476    15.3164    16.2004
5.4547997    15.33    16.2004
5.4596    15.349199    16.2004
5.4628    15.354799    16.2004
5.4732    15.3764    16.2004
5.474    15.377999    16.2004
5.4867997    15.4044    16.2004
5.4867997    15.4052    16.2004
5.4955997    15.4268    16.2004
5.5028    15.438    16.2004
5.5052    15.445999    16.2004
5.5164    15.464399    16.2004
5.5204    15.4796    16.2004
5.5235996    15.493199    16.2004
5.5252    15.4948    16.2004
5.526    15.4972    16.2004
5.5292    15.509999    16.2004
5.5379996    15.5492    16.2004
5.5443997    15.5756    16.2004
5.554    15.6284    16.2004
5.5548    15.630799    16.2004
5.5548    15.6332    16.2004
5.5564    15.6412    16.2004
5.566    15.7028    16.2004
5.5676    15.717999    16.2004
5.574    15.762799    16.2004
5.574    15.7844    16.2004
5.5764    15.8588    16.2004
5.5772    15.861199    16.2004
5.5716    16.0156    16.2004
5.5716    16.018799    16.2004
5.5716    16.0228    16.2004
5.5643997    16.059599    16.2004
5.562    16.0644    16.2004
5.5508    16.087599    16.2004
5.5292    16.1084    16.2004
5.5172    16.115599    16.2004
5.5084    16.1204    16.2004
5.4556    16.139599    16.2004
5.398    16.1604    16.2004
5.3612    16.1716    16.2004
5.3092    16.1836    16.2004
5.2563996    16.194    16.2004
5.19    16.2076    16.2004
5.1587996    16.2116    16.2004
5.1075997    16.2164    16.2004
5.0699997    16.2204    16.2004
5.0572    16.221199    16.2004
5.034    16.2204    16.2004
5.0236    16.221199    16.2004
4.9844    16.2244    16.2004
4.954    16.225199    16.2004
4.942    16.226    16.2004
4.8964    16.226    16.2004
4.862    16.222    16.2004
4.8436    16.221199    16.2004
4.8276    16.2164    16.2004
4.8004    16.206    16.2004
4.7932    16.202799    16.2004
4.7692    16.191599    16.2004
4.7612    16.185999    16.2004
4.7468    16.1796    16.2004
4.7404    16.1772    16.2004
4.738    16.1756    16.2004
4.6963997    16.15    16.2004
4.678    16.1364    16.2004
4.6572    16.122    16.2004
4.6556    16.121199    16.2004
4.6228    16.100399    16.2004
4.6164    16.0964    16.2004
4.6164    16.0956    16.2004
4.594    16.076399    16.2004
4.5811996    16.066    16.2004
4.5787997    16.0644    16.2004
4.5764    16.0636    16.2004
4.5692    16.0572    16.2004
4.4979997    15.998799    16.2004
4.486    15.9883995    16.2004
4.4396    15.947599    16.2004
4.3772    15.894    16.2004
4.3612    15.8804    16.2004
4.2427998    15.7668    16.2004
4.2388    15.762799    16.2004
4.238    15.7612    16.2004
4.1612    15.6852    16.2004
4.1396    15.6628    16.2004
4.0643997    15.582    16.2004
4.0348    15.550799    16.2004
3.9908    15.5028    16.2004
3.9699998    15.4788    16.2004
3.9612    15.469199    16.2004
3.9283998    15.434799    16.2004
3.9027998    15.406799    16.2004
3.8811998    15.383599    16.2004
3.8228    15.3276    16.2004
3.7979999    15.302799    16.2004
3.7916    15.297199    16.2004
3.6588    15.177199    16.2004
3.6188    15.1435995    16.2004
3.5532    15.085199    16.2004
3.5108    15.0484    16.2004
3.4819999    15.021199    16.2004
3.434    14.9732    16.2004
3.3867998    14.924399    16.2004
3.3395998    14.877199    16.2004
3.3107998    14.8452    16.2004
3.2835999    14.814799    16.2004
3.222    14.7428    16.2004
3.2084    14.7268    16.2004
3.1987998    14.716399    16.2004
3.1787999    14.693999    16.2004
3.1076    14.6147995    16.2004
3.0484    14.5476    16.2004
2.9548    14.4396    16.2004
2.8908    14.3684    16.2004
2.846    14.3196    16.2004
2.7388    14.2036    16.2004
2.6892    14.153199    16.2004
2.6427999    14.106    16.2004
2.6371999    14.0996    16.2004
2.6339998    14.095599    16.2004
2.5484    14.005199    16.2004
2.5396    13.9956    16.2004
2.5147998    13.9684    16.2004
2.5147998    13.9676    16.2004
2.4796    13.9228    16.2004
2.4787998    13.9228    16.2004
2.4747999    13.9172    16.2004
2.4548    13.889999    16.2004
2.4459999    13.873199    16.2004
2.4371998    13.8644    16.2004
2.4332    13.8572    16.2004
2.4212    13.842799    16.2004
2.4196    13.8404    16.2004
2.4187999    13.838799    16.2004
2.4108    13.8196    16.2004
2.3996    13.8076    16.2004
2.3932    13.7964    16.2004
2.3836    13.7764    16.2004
2.3796    13.7732    16.2004
2.3772    13.7676    16.2004
2.3708    13.7596    16.2004
2.3572    13.7316    16.2004
2.3508    13.7244    16.2004
2.3467999    13.716399    16.2004
2.3308    13.6964    16.2004
2.326    13.69    16.2004
2.326    13.688399    16.2004
2.322    13.682799    16.2004
2.3164    13.665999    16.2004
2.3084    13.642799    16.2004
2.3044    13.6164    16.2004
2.2988    13.5932    16.2004
2.2851999    13.5532    16.2004
2.2804    13.5132    16.2004
2.2788    13.497999    16.2004
2.2788    13.475599    16.2004
2.2796    13.4684    16.2004
2.2884    13.436399    16.2004
2.2916    13.424399    16.2004
2.302    13.4036    16.2004
2.3084    13.3972    16.2004
2.326    13.3812    16.2004
2.3628    13.358    16.2004
2.4204    13.3172    16.2004
2.4772    13.2755995    16.2004
2.4908    13.266    16.2004
2.5716    13.210799    16.2004
2.602    13.19    16.2004
2.6732    13.1435995    16.2004
2.7036    13.1236    16.2004
2.846    13.033999    16.2004
2.8539999    13.0292    16.2004
2.9643998    12.9612    16.2004
2.9859998    12.9484    16.2004
2.9868    12.947599    16.2004
2.9884    12.946799    16.2004
3.1139998    12.8748    16.2004
3.1555998    12.8516    16.2004
3.2187998    12.8172    16.2004
3.234    12.808399    16.2004
3.2891998    12.7755995    16.2004
3.3539999    12.7372    16.2004
3.3548    12.7364    16.2004
3.3564    12.7355995    16.2004
3.4756    12.6732    16.2004
3.5851998    12.6147995    16.2004
3.6211998    12.5948    16.2004
3.7187998    12.546    16.2004
3.8116    12.502    16.2004
3.8788    12.465199    16.2004
3.9404    12.436399    16.2004
3.9731998    12.4212    16.2004
3.9956    12.4108    16.2004
4.026    12.394799    16.2004
4.106    12.3572    16.2004
4.2019997    12.3132    16.2004
4.2436    12.2956    16.2004
4.4316    12.2148    16.2004
4.434    12.214    16.2004
4.4372    12.2132    16.2004
4.5108    12.1844    16.2004
4.5948    12.15    16.2004
4.6124    12.1435995    16.2004
4.6148    12.142799    16.2004
4.6292    12.138    16.2004
4.6628    12.1284    16.2004
4.706    12.113999    16.2004
4.7476    12.101999    16.2004
4.8236    12.0803995    16.2004
4.8468    12.0748    16.2004
4.9179997    12.0588    16.2004
4.9579997    12.0524    16.2004
4.9811997    12.0492    16.2004
5.0011997    12.046    16.2004
5.0643997    12.039599    16.2004
5.0987997    12.038    16.2004
5.138    12.033999    16.2004
5.1587996    12.0348    16.2004
5.178    12.038    16.2004
5.186    12.038799    16.2004
5.2028    12.0476    16.2004
5.2195997    12.050799    16.2004
5.2307997    12.058    16.2004
5.2339997    12.0612    16.2004
5.2395997    12.07    16.2004
5.2532    12.0884    16.2004
5.2748    12.1324    16.2004
5.2756    12.1356    16.2004
5.2764    12.136399    16.2004
5.278    12.141999    16.2004
5.2988    12.2212    16.2004
5.2995996    12.2276    16.2004
5.3036    12.280399    16.2004
5.3036    12.291599    16.2004
5.3027997    12.306    16.2004
5.298    12.343599    16.2004
5.2956    12.3692    16.2004
5.2939997    12.383599    16.2004
5.2844    12.4052    16.2004
5.278    12.4276    16.2004
5.2764    12.4348    16.2004
5.2764    12.4452    16.2004
5.2683997    12.4676    16.2004
5.2676    12.4684    16.2004
5.2676    12.4692    16.2004
5.2707996    12.4948    16.2004
5.2716    12.5012    16.2004
5.2748    12.505199    16.2004
5.3164    12.57    16.2004
5.3252    12.584399    16.2004
5.342    12.622    16.2004
5.3588    12.665999    16.2004
5.3627996    12.682799    16.2004
5.3828    12.752399    16.2004
5.394    12.8004    16.2004
5.4035997    12.8468    16.2004
5.41    12.884399    16.2004
5.4203997    12.9492    16.2004
5.4252    12.9772    16.2004
5.4372    13.078    16.2004
5.442    13.1228    16.2004
5.462    13.3292    16.2004
5.4644    13.358    16.2004
5.4716    13.426    16.2004
5.4779997    13.4916    16.2004
