13.9148    8.395599    9.3004
13.914    8.3892    9.3004
13.9148    8.3836    9.3004
13.914    8.3628    9.3004
13.9172    8.3532    9.3004
13.923599    8.3356    9.3004
13.9396    8.3043995    9.3004
13.9628    8.2828    9.3004
13.981999    8.269199    9.3004
14.0084    8.252399    9.3004
14.033999    8.2396    9.3004
14.0571995    8.2276    9.3004
14.1004    8.2076    9.3004
14.1268    8.194    9.3004
14.186    8.165999    9.3004
14.2156    8.1532    9.3004
14.2564    8.1364    9.3004
14.302799    8.1164    9.3004
14.303599    8.1164    9.3004
14.3684    8.091599    9.3004
14.3972    8.0828    9.3004
14.4548    8.0644    9.3004
14.465199    8.0612    9.3004
14.4748    8.0588    9.3004
14.505199    8.0524    9.3004
14.5227995    8.0484    9.3004
14.5692    8.039599    9.3004
14.5836    8.0388    9.3004
14.608399    8.0372    9.3004
14.6284    8.0372    9.3004
14.648399    8.0348    9.3004
14.665199    8.033999    9.3004
14.698    8.033999    9.3004
14.7244    8.0364    9.3004
14.7364    8.0372    9.3004
14.7987995    8.0428    9.3004
14.8228    8.0476    9.3004
14.8412    8.0532    9.3004
14.854799    8.058    9.3004
14.8684    8.0636    9.3004
14.884399    8.0716    9.3004
14.8972    8.0828    9.3004
14.901199    8.0868    9.3004
14.918799    8.1068    9.3004
14.9204    8.1092    9.3004
14.9228    8.1124    9.3004
14.9388    8.142    9.3004
14.9444    8.158    9.3004
14.947599    8.1676    9.3004
14.965199    8.2244    9.3004
14.9772    8.2684    9.3004
14.9852    8.2987995    9.3004
14.987599    8.3188    9.3004
14.9964    8.3764    9.3004
14.997999    8.3963995    9.3004
15.0004    8.418799    9.3004
15.0012    8.438    9.3004
14.999599    8.5244    9.3004
14.999599    8.526    9.3004
14.999599    8.533199    9.3004
14.9964    8.5732    9.3004
14.9939995    8.596399    9.3004
14.993199    8.6004    9.3004
14.974799    8.6868    9.3004
14.9668    8.722    9.3004
14.964399    8.7284    9.3004
14.9628    8.7355995    9.3004
14.9516    8.774799    9.3004
14.947599    8.7892    9.3004
14.946799    8.7916    9.3004
14.9444    8.7996    9.3004
14.9196    8.866799    9.3004
14.895599    8.9251995    9.3004
14.886    8.9468    9.3004
14.877999    8.964399    9.3004
14.849999    9.0212    9.3004
14.837999    9.042    9.3004
14.8244    9.0652    9.3004
14.8012    9.091599    9.3004
14.7987995    9.094    9.3004
14.7964    9.0956    9.3004
14.7724    9.11    9.3004
14.762    9.1124    9.3004
14.746799    9.1164    9.3004
14.7355995    9.1147995    9.3004
14.7204    9.1147995    9.3004
14.698    9.113999    9.3004
14.6796    9.11    9.3004
14.6124    9.097199    9.3004
14.6004    9.094    9.3004
14.561999    9.082    9.3004
14.5356    9.073999    9.3004
14.527599    9.0708    9.3004
14.4724    9.05    9.3004
14.37    9.0116    9.3004
14.355599    9.006    9.3004
14.321199    8.99    9.3004
14.266    8.966    9.3004
14.217999    8.9444    9.3004
14.154799    8.9116    9.3004
14.1516    8.9092    9.3004
14.141999    8.9044    9.3004
14.13    8.8988    9.3004
14.118799    8.8924    9.3004
14.0924    8.877999    9.3004
14.082    8.8716    9.3004
14.0596    8.849999    9.3004
14.049999    8.837999    9.3004
14.0204    8.7788    9.3004
13.9939995    8.7268    9.3004
13.987599    8.711599    9.3004
13.9804    8.6924    9.3004
13.969999    8.6644    9.3004
13.9668    8.6556    9.3004
13.9436    8.578    9.3004
13.9428    8.5716    9.3004
13.9372    8.5412    9.3004
13.9307995    8.51    9.3004
13.9276    8.49    9.3004
13.9156    8.4268    9.3004
13.9148    8.395599    9.3004
