46.0476    3.0036    2.1004
46.1572    3.0124    2.1004
46.202797    3.0235999    2.1004
46.3092    3.0491998    2.1004
46.352398    3.0667999    2.1004
46.454    3.1092    2.1004
46.494    3.1339998    2.1004
46.588398    3.1915998    2.1004
46.624397    3.222    2.1004
46.7076    3.2932    2.1004
46.738    3.3292    2.1004
46.8092    3.4124    2.1004
46.834    3.4524    2.1004
46.891598    3.5468    2.1004
46.9092    3.59    2.1004
46.9516    3.6915998    2.1004
46.9628    3.7372    2.1004
46.9884    3.8435998    2.1004
46.9916    3.8908    2.1004
47.0004    4.0004    2.1004
47.0004    5.4996    2.1004
47.0004    9.0004    2.1004
47.0004    14.098    2.1004
47.0004    26.000399    2.1004
46.9972    26.0476    2.1004
46.9884    26.1572    2.1004
46.9772    26.202799    2.1004
46.9516    26.3092    2.1004
46.934    26.3524    2.1004
46.891598    26.453999    2.1004
46.8668    26.494    2.1004
46.8092    26.5884    2.1004
46.778797    26.6244    2.1004
46.7076    26.7076    2.1004
46.6716    26.737999    2.1004
46.588398    26.809198    2.1004
46.548397    26.834    2.1004
46.454    26.8916    2.1004
46.410797    26.909199    2.1004
46.3092    26.9516    2.1004
46.2636    26.9628    2.1004
46.1572    26.9884    2.1004
46.11    26.9924    2.1004
46.0004    27.000399    2.1004
45.1932    27.000399    2.1004
44.8476    27.000399    2.1004
44.801197    26.9972    2.1004
44.691597    26.9884    2.1004
44.646    26.977999    2.1004
44.540398    26.9524    2.1004
44.4972    26.9348    2.1004
44.3956    26.892399    2.1004
44.3556    26.868399    2.1004
44.2628    26.8116    2.1004
44.2268    26.781199    2.1004
44.1436    26.7108    2.1004
44.113197    26.6756    2.1004
44.042    26.5924    2.1004
44.0172    26.552399    2.1004
43.9596    26.459599    2.1004
43.9412    26.416399    2.1004
43.8988    26.316399    2.1004
43.8876    26.2708    2.1004
43.8612    26.1644    2.1004
41.294    10.7612    2.1004
40.194798    4.1644    2.1004
40.1908    4.1124    2.1004
40.1812    3.9915998    2.1004
40.186    3.9404    2.1004
40.1972    3.8195999    2.1004
40.2108    3.7691998    2.1004
40.2436    3.6524    2.1004
40.266    3.6051998    2.1004
40.318    3.4956    2.1004
40.3476    3.4531999    2.1004
40.418    3.3539999    2.1004
40.4548    3.3172    2.1004
40.5412    3.2315998    2.1004
40.5836    3.202    2.1004
40.683598    3.1332    2.1004
40.7308    3.1116    2.1004
40.8404    3.0604    2.1004
40.8908    3.0468    2.1004
41.0084    3.0156    2.1004
41.0604    3.0108    2.1004
41.1812    3.0003998    2.1004
44.5556    3.0003998    2.1004
46.0004    3.0003998    2.1004
46.0476    3.0036    2.1004
