20.6596    20.35    13.8004
20.657999    20.362    13.8004
20.656399    20.3772    13.8004
20.645199    20.4044    13.8004
20.6444    20.4044    13.8004
20.6204    20.4284    13.8004
20.6188    20.4292    13.8004
20.6148    20.431599    13.8004
20.5828    20.4476    13.8004
20.5676    20.455599    13.8004
20.566    20.4564    13.8004
20.5564    20.459599    13.8004
20.4956    20.482    13.8004
20.483599    20.486    13.8004
20.455599    20.494799    13.8004
20.4196    20.501999    13.8004
20.317999    20.5236    13.8004
20.288399    20.5284    13.8004
20.226    20.537199    13.8004
20.2044    20.541199    13.8004
20.1924    20.542799    13.8004
20.118    20.548399    13.8004
20.0796    20.5516    13.8004
20.038    20.5508    13.8004
19.979599    20.5508    13.8004
19.9292    20.546    13.8004
19.881199    20.541199    13.8004
19.8268    20.5308    13.8004
19.8036    20.5268    13.8004
19.7924    20.524399    13.8004
19.73    20.5068    13.8004
19.721199    20.5036    13.8004
19.6876    20.4932    13.8004
19.6548    20.4788    13.8004
19.615599    20.4628    13.8004
19.5884    20.4492    13.8004
19.529999    20.4188    13.8004
19.5212    20.414    13.8004
19.466    20.3764    13.8004
19.4524    20.3676    13.8004
19.4436    20.3604    13.8004
19.4124    20.338    13.8004
19.354    20.2916    13.8004
19.3508    20.288399    13.8004
19.3444    20.282799    13.8004
19.2684    20.2148    13.8004
19.2572    20.2036    13.8004
19.2156    20.1628    13.8004
19.1644    20.1084    13.8004
19.1532    20.0956    13.8004
19.1444    20.0844    13.8004
19.1148    20.046799    13.8004
19.087599    20.0108    13.8004
19.076399    19.9956    13.8004
19.0732    19.989199    13.8004
19.0572    19.9596    13.8004
19.0508    19.942    13.8004
19.048399    19.9324    13.8004
19.046799    19.916399    13.8004
19.0452    19.9044    13.8004
19.046    19.890799    13.8004
19.0476    19.8828    13.8004
19.059599    19.866    13.8004
19.0732    19.845999    13.8004
19.0788    19.8396    13.8004
19.0892    19.8284    13.8004
19.1148    19.802    13.8004
19.197199    19.719599    13.8004
19.2156    19.702    13.8004
19.2636    19.657999    13.8004
19.274    19.6484    13.8004
19.282799    19.642    13.8004
19.3412    19.5964    13.8004
19.4116    19.546    13.8004
19.4236    19.537199    13.8004
19.433199    19.531599    13.8004
19.4588    19.5156    13.8004
19.529999    19.4716    13.8004
19.5532    19.4596    13.8004
19.614    19.433199    13.8004
19.6604    19.4132    13.8004
19.7292    19.39    13.8004
19.736399    19.3876    13.8004
19.7636    19.3804    13.8004
19.8436    19.362799    13.8004
19.847599    19.362    13.8004
19.8692    19.3604    13.8004
19.9284    19.357199    13.8004
19.9364    19.357199    13.8004
20.0068    19.3604    13.8004
20.0148    19.3612    13.8004
20.024399    19.3636    13.8004
20.0796    19.3764    13.8004
20.1068    19.3836    13.8004
20.1532    19.4044    13.8004
20.161999    19.409199    13.8004
20.180399    19.4196    13.8004
20.2228    19.4436    13.8004
20.247599    19.461199    13.8004
20.299599    19.500399    13.8004
20.3028    19.5028    13.8004
20.3044    19.5044    13.8004
20.310799    19.511599    13.8004
20.3556    19.5628    13.8004
20.3748    19.5844    13.8004
20.4116    19.632399    13.8004
20.453999    19.6948    13.8004
20.461199    19.7076    13.8004
20.4828    19.743599    13.8004
20.501999    19.7812    13.8004
20.5148    19.806    13.8004
20.5492    19.8804    13.8004
20.553999    19.892399    13.8004
20.559599    19.9068    13.8004
20.580399    19.9732    13.8004
20.5828    19.979599    13.8004
20.605999    20.052399    13.8004
20.618    20.098799    13.8004
20.6292    20.1532    13.8004
20.633999    20.178799    13.8004
20.6468    20.2652    13.8004
20.6524    20.2964    13.8004
20.657999    20.3372    13.8004
20.6596    20.35    13.8004
