18.6308    30.7668    20.4004
18.663599    30.7692    20.4004
18.7076    30.768398    20.4004
18.725199    30.764399    20.4004
18.7396    30.764399    20.4004
18.7628    30.760399    20.4004
18.777199    30.758799    20.4004
18.816399    30.753199    20.4004
18.8228    30.7508    20.4004
18.85    30.741999    20.4004
18.866    30.736399    20.4004
18.878    30.732399    20.4004
18.882    30.7316    20.4004
18.892399    30.7276    20.4004
18.914799    30.7188    20.4004
18.9524    30.702    20.4004
18.958    30.6988    20.4004
18.9636    30.695599    20.4004
18.994799    30.678799    20.4004
19.026    30.6628    20.4004
19.0268    30.6628    20.4004
19.029999    30.6612    20.4004
19.0588    30.6468    20.4004
19.087599    30.6356    20.4004
19.105999    30.630798    20.4004
19.1124    30.6292    20.4004
19.1332    30.626    20.4004
19.1556    30.6292    20.4004
19.161999    30.6276    20.4004
19.17    30.6348    20.4004
19.178    30.6468    20.4004
19.1796    30.6628    20.4004
19.1796    30.669199    20.4004
19.1716    30.6964    20.4004
19.1708    30.699598    20.4004
19.17    30.7004    20.4004
19.17    30.701199    20.4004
19.1516    30.75    20.4004
19.1492    30.754799    20.4004
19.111599    30.8308    20.4004
19.0964    30.8596    20.4004
19.094    30.864399    20.4004
19.0924    30.868399    20.4004
19.0516    30.931599    20.4004
19.048399    30.937199    20.4004
19.0348    30.955599    20.4004
19.01    30.987598    20.4004
18.986    31.015598    20.4004
18.9764    31.024399    20.4004
18.9324    31.063599    20.4004
18.9196    31.074    20.4004
18.8668    31.113998    20.4004
18.802    31.154    20.4004
18.798    31.156399    20.4004
18.788399    31.161999    20.4004
18.7508    31.182    20.4004
18.7348    31.188398    20.4004
18.6852    31.2116    20.4004
18.6828    31.212399    20.4004
18.615599    31.2372    20.4004
18.5972    31.243599    20.4004
18.5724    31.25    20.4004
18.5108    31.268398    20.4004
18.458    31.2788    20.4004
18.4268    31.2852    20.4004
18.3652    31.293999    20.4004
18.323599    31.2988    20.4004
18.2452    31.2988    20.4004
18.222    31.2988    20.4004
18.1652    31.295599    20.4004
18.1628    31.2948    20.4004
18.114    31.282799    20.4004
18.098    31.2796    20.4004
18.0332    31.2636    20.4004
18.031599    31.262798    20.4004
18.0276    31.2612    20.4004
17.966799    31.2388    20.4004
17.9564    31.234    20.4004
17.934    31.2244    20.4004
17.927599    31.2204    20.4004
17.9236    31.2188    20.4004
17.9028    31.2076    20.4004
17.864399    31.184399    20.4004
17.8468    31.1708    20.4004
17.8372    31.163599    20.4004
17.8356    31.161999    20.4004
17.799599    31.128399    20.4004
17.7916    31.1188    20.4004
17.7852    31.108398    20.4004
17.7652    31.074799    20.4004
17.7596    31.063599    20.4004
17.7428    31.021198    20.4004
17.7428    31.0196    20.4004
17.741999    31.018799    20.4004
17.741999    31.018    20.4004
17.737999    30.9748    20.4004
17.737999    30.9732    20.4004
17.741999    30.946    20.4004
17.7468    30.9308    20.4004
17.7508    30.914799    20.4004
17.7596    30.8916    20.4004
17.7652    30.877998    20.4004
17.7908    30.827599    20.4004
17.806    30.797998    20.4004
17.8428    30.7524    20.4004
17.845999    30.7484    20.4004
17.8468    30.7468    20.4004
17.862    30.7276    20.4004
17.866    30.722    20.4004
17.8852    30.706    20.4004
17.894    30.6988    20.4004
17.914799    30.6852    20.4004
17.9396    30.67    20.4004
17.9492    30.665998    20.4004
17.986    30.6524    20.4004
18.0164    30.641998    20.4004
18.0404    30.633999    20.4004
18.0508    30.632399    20.4004
18.0884    30.6244    20.4004
18.093199    30.6236    20.4004
18.1428    30.6164    20.4004
18.1516    30.6164    20.4004
18.1588    30.618    20.4004
18.1876    30.621199    20.4004
18.219599    30.6292    20.4004
18.260399    30.641998    20.4004
18.2644    30.643599    20.4004
18.2676    30.645199    20.4004
18.3244    30.6708    20.4004
18.394    30.7036    20.4004
18.421999    30.7156    20.4004
18.4508    30.726799    20.4004
18.4828    30.7372    20.4004
18.5052    30.7452    20.4004
18.541199    30.7556    20.4004
18.5812    30.762798    20.4004
18.6028    30.7652    20.4004
18.6308    30.7668    20.4004
