16.8412    13.834    3.9004
16.8308    13.8628    3.9004
16.8284    13.87    3.9004
16.8276    13.872399    3.9004
16.812399    13.91    3.9004
16.810799    13.912399    3.9004
16.795599    13.946    3.9004
16.7932    13.95    3.9004
16.7732    13.9836    3.9004
16.7508    14.018    3.9004
16.7404    14.032399    3.9004
16.7316    14.045199    3.9004
16.721199    14.061199    3.9004
16.7004    14.085199    3.9004
16.6884    14.1004    3.9004
16.67    14.119599    3.9004
16.6572    14.1324    3.9004
16.6292    14.1612    3.9004
16.617199    14.170799    3.9004
16.5828    14.1956    3.9004
16.5748    14.2012    3.9004
16.5604    14.21    3.9004
16.542    14.2212    3.9004
16.534    14.2252    3.9004
16.5276    14.2276    3.9004
16.506    14.2388    3.9004
16.473999    14.251599    3.9004
16.4684    14.254    3.9004
16.4604    14.2564    3.9004
16.4084    14.2716    3.9004
16.402    14.2732    3.9004
16.3716    14.278    3.9004
16.3316    14.2836    3.9004
16.3276    14.2844    3.9004
16.3244    14.285199    3.9004
16.3204    14.285199    3.9004
16.2876    14.285999    3.9004
16.2748    14.286799    3.9004
16.2564    14.286799    3.9004
16.2556    14.286799    3.9004
16.2532    14.285999    3.9004
16.2164    14.2836    3.9004
16.2116    14.2828    3.9004
16.1668    14.2764    3.9004
16.1596    14.274799    3.9004
16.1204    14.2652    3.9004
16.1108    14.262799    3.9004
16.0612    14.2492    3.9004
16.0572    14.2476    3.9004
16.0516    14.245999    3.9004
15.9956    14.2268    3.9004
15.9948    14.2268    3.9004
15.9939995    14.2268    3.9004
15.938    14.202    3.9004
15.929199    14.198    3.9004
15.9196    14.1932    3.9004
15.8812    14.1732    3.9004
15.838799    14.1508    3.9004
15.8284    14.1452    3.9004
15.8043995    14.1292    3.9004
15.7644    14.1036    3.9004
15.7212    14.0724    3.9004
15.710799    14.0652    3.9004
15.694799    14.0524    3.9004
15.6612    14.027599    3.9004
15.653199    14.021199    3.9004
15.648399    14.0171995    3.9004
15.6228    13.9948    3.9004
15.622    13.9939995    3.9004
15.585199    13.9612    3.9004
15.542    13.9172    3.9004
15.527599    13.901199    3.9004
15.514    13.8852    3.9004
15.4844    13.8524    3.9004
15.445999    13.806    3.9004
15.4372    13.7956    3.9004
15.434    13.7908    3.9004
15.401999    13.745999    3.9004
15.383599    13.7204    3.9004
15.371599    13.702    3.9004
15.3396    13.6516    3.9004
15.313999    13.6044    3.9004
15.3124    13.601999    3.9004
15.309199    13.596399    3.9004
15.2764    13.5348    3.9004
15.256399    13.497999    3.9004
15.245999    13.476399    3.9004
15.221999    13.4316    3.9004
15.2092    13.4036    3.9004
15.189199    13.3636    3.9004
15.1723995    13.3252    3.9004
15.1556    13.2852    3.9004
15.1404    13.25    3.9004
15.1324    13.229199    3.9004
15.11    13.1748    3.9004
15.0996    13.1452    3.9004
15.0836    13.096399    3.9004
15.0596    13.014    3.9004
15.056399    13.002    3.9004
15.055599    12.999599    3.9004
15.0476    12.964399    3.9004
15.0372    12.9156    3.9004
15.0356    12.907599    3.9004
15.0204    12.831599    3.9004
15.014    12.7724    3.9004
15.009999    12.734799    3.9004
15.0068    12.6964    3.9004
15.003599    12.654799    3.9004
15.0028    12.6276    3.9004
15.003599    12.561999    3.9004
15.004399    12.5308    3.9004
15.0076    12.458799    3.9004
15.009999    12.426    3.9004
15.018    12.3596    3.9004
15.0204    12.338799    3.9004
15.0292    12.2796    3.9004
15.032399    12.257999    3.9004
15.033199    12.252399    3.9004
15.038799    12.222    3.9004
15.0492    12.174    3.9004
15.0515995    12.1628    3.9004
15.07    12.0932    3.9004
15.0724    12.085199    3.9004
15.084399    12.0428    3.9004
15.1004    11.998799    3.9004
15.120399    11.9492    3.9004
15.1268    11.9348    3.9004
15.1356    11.9156    3.9004
15.1612    11.8628    3.9004
15.186    11.8164    3.9004
15.1924    11.8052    3.9004
15.210799    11.774    3.9004
15.226    11.7532    3.9004
15.2388    11.7324    3.9004
15.256399    11.7084    3.9004
15.269199    11.6932    3.9004
15.294    11.6628    3.9004
15.3124    11.641999    3.9004
15.3412    11.6116    3.9004
15.349199    11.6036    3.9004
15.374    11.5803995    3.9004
15.3884    11.568399    3.9004
15.3988    11.5604    3.9004
15.401999    11.556399    3.9004
15.429999    11.528399    3.9004
15.4307995    11.5268    3.9004
15.4508    11.49    3.9004
15.452399    11.4804    3.9004
15.4564    11.4516    3.9004
15.4612    11.4228    3.9004
15.4612    11.414    3.9004
15.462    11.407599    3.9004
15.4724    11.3372    3.9004
15.4796    11.2828    3.9004
15.487599    11.2484    3.9004
15.487599    11.2452    3.9004
15.503599    11.222799    3.9004
15.506    11.217999    3.9004
15.5076    11.2156    3.9004
15.509999    11.2132    3.9004
15.5364    11.1844    3.9004
15.5532    11.1644    3.9004
15.572399    11.1435995    3.9004
15.6068    11.101999    3.9004
15.638    11.0644    3.9004
15.6468    11.054    3.9004
15.6756    11.021999    3.9004
15.676399    11.0212    3.9004
15.7028    10.9956    3.9004
15.7067995    10.9916    3.9004
15.7244    10.976399    3.9004
15.738    10.970799    3.9004
15.754    10.9636    3.9004
15.7708    10.9628    3.9004
15.7788    10.9636    3.9004
15.7892    10.9676    3.9004
15.8132    10.974    3.9004
15.819599    10.9772    3.9004
15.8452    10.986    3.9004
15.865999    10.9939995    3.9004
15.8924    11.004399    3.9004
15.91    11.014    3.9004
15.9228    11.0204    3.9004
15.9492    11.0348    3.9004
15.9772    11.0492    3.9004
15.992399    11.0588    3.9004
16.018    11.0748    3.9004
16.0276    11.0803995    3.9004
16.0644    11.106    3.9004
16.0668    11.107599    3.9004
16.0676    11.108399    3.9004
16.0924    11.130799    3.9004
16.0964    11.1356    3.9004
16.114    11.1588    3.9004
16.1148    11.160399    3.9004
16.1324    11.19    3.9004
16.142    11.2076    3.9004
16.1532    11.2308    3.9004
16.157999    11.240399    3.9004
16.1772    11.280399    3.9004
16.180399    11.2852    3.9004
16.1828    11.29    3.9004
16.2068    11.3428    3.9004
16.219599    11.3756    3.9004
16.232399    11.406799    3.9004
16.2372    11.417999    3.9004
16.2396    11.4307995    3.9004
16.2484    11.462    3.9004
16.2484    11.4628    3.9004
16.2484    11.464399    3.9004
16.247599    11.487599    3.9004
16.2388    11.5116    3.9004
16.237999    11.5171995    3.9004
16.2356    11.5436    3.9004
16.2348    11.5468    3.9004
16.2372    11.5515995    3.9004
16.2484    11.5748    3.9004
16.278    11.597199    3.9004
16.2812    11.5996    3.9004
16.288399    11.6044    3.9004
16.305199    11.618    3.9004
16.3284    11.638    3.9004
16.347599    11.6564    3.9004
16.3692    11.6788    3.9004
16.4044    11.717199    3.9004
16.4124    11.7268    3.9004
16.437199    11.757999    3.9004
16.4452    11.7699995    3.9004
16.472399    11.803599    3.9004
16.501999    11.8468    3.9004
16.507599    11.854799    3.9004
16.5108    11.8596    3.9004
16.535599    11.898    3.9004
16.542    11.907599    3.9004
16.542799    11.9084    3.9004
16.5452    11.912399    3.9004
16.581999    11.9724    3.9004
16.6092    12.0204    3.9004
16.628399    12.0556    3.9004
16.650799    12.098    3.9004
16.6644    12.1228    3.9004
16.678799    12.15    3.9004
16.7012    12.1932    3.9004
16.7156    12.223599    3.9004
16.730799    12.2548    3.9004
16.736399    12.2668    3.9004
16.7636    12.3228    3.9004
16.7724    12.344399    3.9004
16.7948    12.3876    3.9004
16.805199    12.413199    3.9004
16.8116    12.426    3.9004
16.8268    12.4668    3.9004
16.834    12.4828    3.9004
16.8452    12.516399    3.9004
16.857199    12.5492    3.9004
16.8692    12.5884    3.9004
16.8772    12.6124    3.9004
16.8788    12.6156    3.9004
16.881199    12.6236    3.9004
16.892399    12.6676    3.9004
16.8972    12.6844    3.9004
16.9044    12.7164    3.9004
16.9084    12.7332    3.9004
16.9172    12.7699995    3.9004
16.9188    12.780399    3.9004
16.9228    12.814    3.9004
16.927599    12.8452    3.9004
16.9292    12.8652    3.9004
16.9364    12.9595995    3.9004
16.9364    12.9604    3.9004
16.9364    12.9612    3.9004
16.9364    12.9804    3.9004
16.938799    13.073999    3.9004
16.938799    13.079599    3.9004
16.938799    13.1412    3.9004
16.9396    13.1516    3.9004
16.9356    13.2676    3.9004
16.9356    13.2732    3.9004
16.9324    13.342799    3.9004
16.931599    13.3524    3.9004
16.9308    13.3628    3.9004
16.9292    13.406    3.9004
16.927599    13.4268    3.9004
16.9212    13.4883995    3.9004
16.916399    13.518    3.9004
16.9116    13.5548    3.9004
16.9084    13.5803995    3.9004
16.906    13.5956    3.9004
16.8988    13.6332    3.9004
16.8836    13.6972    3.9004
16.881199    13.7036    3.9004
16.881199    13.705999    3.9004
16.864399    13.7668    3.9004
16.862799    13.7716    3.9004
16.845999    13.822    3.9004
16.8412    13.834    3.9004
