17.760399    30.303598    7.2004
17.758799    30.329199    7.2004
17.7508    30.385199    7.2004
17.75    30.386799    7.2004
17.7348    30.4196    7.2004
17.73    30.4292    7.2004
17.71    30.4636    7.2004
17.706    30.470798    7.2004
17.684399    30.4956    7.2004
17.680399    30.5012    7.2004
17.6652    30.5164    7.2004
17.6436    30.537199    7.2004
17.6252    30.553999    7.2004
17.5844    30.5852    7.2004
17.5564    30.604399    7.2004
17.5308    30.621199    7.2004
17.505999    30.6356    7.2004
17.4828    30.6484    7.2004
17.43    30.6724    7.2004
17.3916    30.6892    7.2004
17.354    30.7036    7.2004
17.323599    30.7156    7.2004
17.282    30.7284    7.2004
17.2556    30.7356    7.2004
17.2036    30.7484    7.2004
17.1964    30.75    7.2004
17.1548    30.760399    7.2004
17.1468    30.762    7.2004
17.1132    30.7748    7.2004
17.029999    30.786    7.2004
17.022    30.786798    7.2004
17.0204    30.786798    7.2004
17.0196    30.7876    7.2004
17.0116    30.788399    7.2004
16.944399    30.7972    7.2004
16.93    30.7988    7.2004
16.920399    30.8004    7.2004
16.8364    30.8188    7.2004
16.817999    30.8196    7.2004
16.7724    30.831598    7.2004
16.713999    30.840399    7.2004
16.6924    30.844398    7.2004
16.6604    30.8484    7.2004
16.617199    30.8524    7.2004
16.600399    30.8524    7.2004
16.5748    30.8484    7.2004
16.5732    30.847599    7.2004
16.5724    30.847599    7.2004
16.5724    30.845999    7.2004
16.570799    30.838    7.2004
16.5676    30.81    7.2004
16.5924    30.781199    7.2004
16.593199    30.778    7.2004
16.602    30.7692    7.2004
16.6196    30.751598    7.2004
16.622    30.7508    7.2004
16.65    30.726799    7.2004
16.650799    30.726799    7.2004
16.6524    30.725199    7.2004
16.680399    30.7076    7.2004
16.6884    30.698    7.2004
16.7092    30.6796    7.2004
16.7156    30.6756    7.2004
16.725199    30.669199    7.2004
16.7508    30.654    7.2004
16.806    30.619598    7.2004
16.817999    30.609999    7.2004
16.864399    30.5836    7.2004
16.8748    30.576399    7.2004
16.920399    30.552399    7.2004
16.9244    30.5492    7.2004
16.9268    30.548399    7.2004
16.9548    30.528399    7.2004
16.979599    30.5084    7.2004
16.983599    30.5036    7.2004
16.985199    30.5028    7.2004
17.013199    30.4812    7.2004
17.024399    30.4756    7.2004
17.0612    30.449999    7.2004
17.066    30.444399    7.2004
17.07    30.442799    7.2004
17.0892    30.429998    7.2004
17.115599    30.414799    7.2004
17.1332    30.403599    7.2004
17.1684    30.3844    7.2004
17.208399    30.364399    7.2004
17.2132    30.3604    7.2004
17.2172    30.358799    7.2004
17.2404    30.3452    7.2004
17.262    30.334    7.2004
17.2644    30.333199    7.2004
17.2932    30.312399    7.2004
17.3148    30.3028    7.2004
17.3244    30.297998    7.2004
17.3316    30.293999    7.2004
17.3492    30.281199    7.2004
17.354    30.2796    7.2004
17.378    30.2668    7.2004
17.3988    30.258    7.2004
17.4084    30.251598    7.2004
17.410799    30.2508    7.2004
17.4228    30.2388    7.2004
17.433199    30.236399    7.2004
17.4548    30.226799    7.2004
17.4564    30.225199    7.2004
17.458    30.2244    7.2004
17.4748    30.208399    7.2004
17.4916    30.202799    7.2004
17.4972    30.199598    7.2004
17.5028    30.1964    7.2004
17.5092    30.188398    7.2004
17.5164    30.185999    7.2004
17.5436    30.1684    7.2004
17.5452    30.1668    7.2004
17.5476    30.1652    7.2004
17.5612    30.1572    7.2004
17.600399    30.1316    7.2004
17.6308    30.1148    7.2004
17.6404    30.1092    7.2004
17.669199    30.087599    7.2004
17.6708    30.0868    7.2004
17.673199    30.0852    7.2004
17.678799    30.0828    7.2004
17.7116    30.076399    7.2004
17.7188    30.0772    7.2004
17.7396    30.0892    7.2004
17.7508    30.102    7.2004
17.754    30.119598    7.2004
17.762    30.146    7.2004
17.7628    30.1668    7.2004
17.7636    30.2612    7.2004
17.760399    30.303598    7.2004
