23.2964    30.0196    13.5004
23.293999    30.026    13.5004
23.286    30.0444    13.5004
23.2852    30.076399    13.5004
23.2852    30.078798    13.5004
23.2876    30.0892    13.5004
23.293999    30.121199    13.5004
23.295599    30.126    13.5004
23.2964    30.1292    13.5004
23.2964    30.1404    13.5004
23.295599    30.156399    13.5004
23.286798    30.1868    13.5004
23.2748    30.2156    13.5004
23.2692    30.2284    13.5004
23.264399    30.240398    13.5004
23.2508    30.262798    13.5004
23.2468    30.2708    13.5004
23.2372    30.282    13.5004
23.226799    30.297998    13.5004
23.21    30.3172    13.5004
23.2076    30.320398    13.5004
23.202799    30.3244    13.5004
23.17    30.3508    13.5004
23.15    30.3636    13.5004
23.146    30.366    13.5004
23.1444    30.3676    13.5004
23.1404    30.369999    13.5004
23.121199    30.381199    13.5004
23.105999    30.389198    13.5004
23.0884    30.396399    13.5004
23.046799    30.4116    13.5004
23.0444    30.4124    13.5004
23.042799    30.4124    13.5004
23.0164    30.420399    13.5004
23.0156    30.420399    13.5004
22.9884    30.4212    13.5004
22.983599    30.420399    13.5004
22.9628    30.4228    13.5004
22.962    30.421999    13.5004
22.9268    30.4156    13.5004
22.9052    30.407598    13.5004
22.873999    30.386    13.5004
22.8708    30.3828    13.5004
22.8556    30.3548    13.5004
22.853199    30.3468    13.5004
22.8524    30.3428    13.5004
22.851599    30.3356    13.5004
22.8452    30.312399    13.5004
22.838799    30.2988    13.5004
22.8284    30.2908    13.5004
22.821999    30.288399    13.5004
22.8028    30.275599    13.5004
22.784399    30.2692    13.5004
22.764399    30.264399    13.5004
22.7444    30.260399    13.5004
22.719599    30.254799    13.5004
22.6876    30.2468    13.5004
22.674    30.2428    13.5004
22.6236    30.223598    13.5004
22.6132    30.219599    13.5004
22.597198    30.2108    13.5004
22.5644    30.1924    13.5004
22.5548    30.1852    13.5004
22.5332    30.165998    13.5004
22.5252    30.156399    13.5004
22.5156    30.1404    13.5004
22.513199    30.130798    13.5004
22.514    30.109999    13.5004
22.5156    30.1068    13.5004
22.5164    30.1052    13.5004
22.517199    30.0996    13.5004
22.5212    30.087599    13.5004
22.533998    30.065199    13.5004
22.541199    30.046    13.5004
22.5532    30.028399    13.5004
22.5668    30.0068    13.5004
22.5724    29.9996    13.5004
22.5772    29.994    13.5004
22.5964    29.9684    13.5004
22.6028    29.962    13.5004
22.618    29.9436    13.5004
22.6348    29.927599    13.5004
22.643599    29.918798    13.5004
22.673199    29.890799    13.5004
22.6756    29.8884    13.5004
22.6796    29.8844    13.5004
22.712399    29.858799    13.5004
22.743599    29.8372    13.5004
22.7556    29.829199    13.5004
22.7676    29.8212    13.5004
22.7988    29.802    13.5004
22.844398    29.7788    13.5004
22.851599    29.7748    13.5004
22.8636    29.7684    13.5004
22.894    29.753199    13.5004
22.934    29.737999    13.5004
22.955599    29.73    13.5004
22.979599    29.719599    13.5004
23.029999    29.7044    13.5004
23.0404    29.701199    13.5004
23.046    29.699598    13.5004
23.085999    29.689999    13.5004
23.1084    29.6852    13.5004
23.1276    29.6836    13.5004
23.1316    29.6836    13.5004
23.146    29.684399    13.5004
23.1628    29.685999    13.5004
23.1668    29.685999    13.5004
23.169199    29.6868    13.5004
23.1876    29.6932    13.5004
23.206    29.7004    13.5004
23.2188    29.7052    13.5004
23.2524    29.7204    13.5004
23.269999    29.729198    13.5004
23.2932    29.741999    13.5004
23.3156    29.757198    13.5004
23.3452    29.7796    13.5004
23.3492    29.784399    13.5004
23.3596    29.799599    13.5004
23.362    29.812399    13.5004
23.3676    29.825998    13.5004
23.364399    29.838799    13.5004
23.3636    29.855598    13.5004
23.3612    29.862799    13.5004
23.3596    29.8716    13.5004
23.357199    29.877998    13.5004
23.347599    29.9044    13.5004
23.338799    29.9228    13.5004
23.33    29.944399    13.5004
23.312399    29.985199    13.5004
23.2972    30.017199    13.5004
23.2964    30.0196    13.5004
