9.0803995    30.89    14.7004
9.131599    30.903599    14.7004
9.2084    30.9228    14.7004
9.2668    30.941198    14.7004
9.3276    30.9588    14.7004
9.4172    30.9924    14.7004
9.4276    30.9956    14.7004
9.4332    30.998    14.7004
9.4692    31.014    14.7004
9.5116    31.035599    14.7004
9.5148    31.037199    14.7004
9.5188    31.037199    14.7004
9.546    31.0436    14.7004
9.558    31.0404    14.7004
9.5748    31.038    14.7004
9.596399    31.0324    14.7004
9.6068    31.0276    14.7004
9.6508    31.0084    14.7004
9.751599    30.973999    14.7004
9.757199    30.972399    14.7004
9.7596    30.9716    14.7004
9.8644    30.9404    14.7004
9.8652    30.9404    14.7004
9.9108    30.931599    14.7004
9.9316    30.921999    14.7004
9.9436    30.918    14.7004
9.958799    30.894798    14.7004
9.962    30.8884    14.7004
9.9516    30.858799    14.7004
9.9508    30.857199    14.7004
9.95    30.8564    14.7004
9.947599    30.854    14.7004
9.918    30.8228    14.7004
9.9004    30.8004    14.7004
9.8636    30.75    14.7004
9.834    30.702799    14.7004
9.8252    30.689999    14.7004
9.8076    30.6612    14.7004
9.7699995    30.598799    14.7004
9.7532    30.5668    14.7004
9.73    30.5204    14.7004
9.7076    30.4676    14.7004
9.693999    30.435598    14.7004
9.6868    30.4172    14.7004
9.659599    30.3428    14.7004
9.654799    30.3308    14.7004
9.6396    30.281199    14.7004
9.625199    30.2228    14.7004
9.6116    30.161999    14.7004
9.602799    30.121199    14.7004
9.5956    30.074    14.7004
9.5868    30.022    14.7004
9.5844    30.0028    14.7004
9.5756    29.924398    14.7004
9.5708    29.845999    14.7004
9.57    29.8436    14.7004
9.57    29.842    14.7004
9.5692    29.8308    14.7004
9.5571995    29.713999    14.7004
9.550799    29.6588    14.7004
9.5484    29.628399    14.7004
9.545199    29.6068    14.7004
9.538    29.552399    14.7004
9.5372    29.546799    14.7004
9.5356    29.538    14.7004
9.5212    29.4516    14.7004
9.504399    29.383598    14.7004
9.49    29.3228    14.7004
9.4595995    29.206799    14.7004
9.438    29.1124    14.7004
9.424399    29.057999    14.7004
9.3932    28.933199    14.7004
9.3892    28.914799    14.7004
9.3868    28.896399    14.7004
9.3764    28.7724    14.7004
9.3748    28.7316    14.7004
9.3716    28.6812    14.7004
9.3716    28.6372    14.7004
9.3748    28.5956    14.7004
9.3764    28.5556    14.7004
9.3804    28.5196    14.7004
9.3876    28.47    14.7004
9.3988    28.414    14.7004
9.4004    28.407598    14.7004
9.401199    28.4028    14.7004
9.418    28.340399    14.7004
9.429999    28.310799    14.7004
9.4404    28.286798    14.7004
9.4628    28.245998    14.7004
9.475599    28.226799    14.7004
9.481999    28.2204    14.7004
9.5188    28.1836    14.7004
9.5204    28.182798    14.7004
9.5652    28.156399    14.7004
9.5876    28.149199    14.7004
9.6412    28.142    14.7004
9.6452    28.1412    14.7004
9.6476    28.1412    14.7004
9.700399    28.142    14.7004
9.717999    28.143599    14.7004
9.7508    28.154    14.7004
9.7948    28.17    14.7004
9.826    28.1836    14.7004
9.898    28.2228    14.7004
9.901199    28.2244    14.7004
9.9052    28.226799    14.7004
9.9572    28.264399    14.7004
9.9948    28.2932    14.7004
10.0212    28.314    14.7004
10.0596    28.3492    14.7004
10.094    28.3804    14.7004
10.1468    28.434    14.7004
10.1524    28.438799    14.7004
10.1564    28.4436    14.7004
10.2067995    28.498798    14.7004
10.229199    28.524399    14.7004
10.263599    28.5628    14.7004
10.2956    28.602798    14.7004
10.3331995    28.6516    14.7004
10.3428    28.6652    14.7004
10.3916    28.732399    14.7004
10.3924    28.734    14.7004
10.406    28.7556    14.7004
10.533199    28.9492    14.7004
10.539599    28.9588    14.7004
10.5428    28.9636    14.7004
10.545199    28.966799    14.7004
10.5532    28.9772    14.7004
10.5708    28.9996    14.7004
10.5788    29.009998    14.7004
10.5844    29.0164    14.7004
10.6092    29.0404    14.7004
10.6172    29.0476    14.7004
10.630799    29.056398    14.7004
10.6468    29.066    14.7004
10.6644    29.0756    14.7004
10.6788    29.0796    14.7004
10.6916    29.0844    14.7004
10.6988    29.0852    14.7004
10.7028    29.0852    14.7004
10.7244    29.085999    14.7004
10.742    29.0836    14.7004
10.752399    29.081999    14.7004
10.7652    29.0788    14.7004
10.778    29.074    14.7004
10.8028    29.0604    14.7004
10.8084    29.057999    14.7004
10.8108    29.056398    14.7004
10.818    29.052399    14.7004
10.846    29.039598    14.7004
10.861199    29.029999    14.7004
10.889199    29.011599    14.7004
10.946799    28.965199    14.7004
10.9604    28.955599    14.7004
10.9964    28.9268    14.7004
11.0484    28.886    14.7004
11.056399    28.877998    14.7004
11.0772    28.862799    14.7004
11.096399    28.8436    14.7004
11.13    28.81    14.7004
11.130799    28.809198    14.7004
11.1324    28.8076    14.7004
11.134    28.806    14.7004
11.1779995    28.758    14.7004
11.2028    28.729198    14.7004
11.2076    28.7228    14.7004
11.2132    28.7156    14.7004
11.2308    28.691599    14.7004
11.2588    28.6556    14.7004
11.286799    28.618    14.7004
11.33    28.570799    14.7004
11.3331995    28.5668    14.7004
11.3348    28.565199    14.7004
11.337999    28.5628    14.7004
11.383599    28.518799    14.7004
11.4148    28.4916    14.7004
11.423599    28.485199    14.7004
11.4316    28.461199    14.7004
11.4307995    28.455599    14.7004
11.4268    28.4524    14.7004
11.4172    28.425999    14.7004
11.4164    28.4228    14.7004
11.3948    28.409199    14.7004
11.389199    28.4044    14.7004
11.3675995    28.3916    14.7004
11.3468    28.3748    14.7004
11.337999    28.3692    14.7004
11.326799    28.3492    14.7004
11.326799    28.3484    14.7004
11.325999    28.345999    14.7004
11.325999    28.2932    14.7004
11.3276    28.2652    14.7004
11.3308    28.221199    14.7004
11.3348    28.1876    14.7004
11.3412    28.15    14.7004
11.3508    28.115599    14.7004
11.3716    28.048399    14.7004
11.372399    28.048399    14.7004
11.372399    28.046799    14.7004
11.406799    27.976398    14.7004
11.424399    27.9396    14.7004
11.4268    27.935598    14.7004
11.4307995    27.929998    14.7004
11.447599    27.9116    14.7004
11.4556    27.9084    14.7004
11.4836    27.8916    14.7004
11.5028    27.8844    14.7004
11.538799    27.8708    14.7004
11.573199    27.861198    14.7004
11.6004    27.851599    14.7004
11.6324    27.8428    14.7004
11.677199    27.8308    14.7004
11.722799    27.8204    14.7004
11.7276    27.8188    14.7004
11.740399    27.8172    14.7004
11.7964    27.810799    14.7004
11.854799    27.806799    14.7004
11.898    27.806    14.7004
11.9204    27.806    14.7004
11.9836    27.809198    14.7004
12.046    27.814    14.7004
12.146    27.8204    14.7004
12.147599    27.8204    14.7004
12.1491995    27.8204    14.7004
12.263599    27.8324    14.7004
12.297199    27.8356    14.7004
12.378799    27.8436    14.7004
12.3932    27.8452    14.7004
12.4044    27.8468    14.7004
12.5004    27.862799    14.7004
12.5171995    27.866798    14.7004
12.6044    27.886    14.7004
12.618    27.8884    14.7004
12.674    27.9068    14.7004
12.6796    27.909199    14.7004
12.681999    27.909199    14.7004
12.688399    27.909199    14.7004
12.7156    27.907598    14.7004
12.7364    27.8988    14.7004
12.7484    27.8844    14.7004
12.7588    27.8732    14.7004
12.766    27.8596    14.7004
12.768399    27.8524    14.7004
12.7732    27.8396    14.7004
12.781199    27.8228    14.7004
12.7876    27.8076    14.7004
12.808399    27.7676    14.7004
12.815599    27.754799    14.7004
12.8331995    27.726    14.7004
12.844399    27.7076    14.7004
12.874    27.661999    14.7004
12.8748    27.660398    14.7004
12.941999    27.570799    14.7004
12.957999    27.548399    14.7004
12.978    27.524399    14.7004
13.0132    27.476398    14.7004
13.0204    27.466799    14.7004
13.0292    27.4548    14.7004
13.0476    27.431599    14.7004
13.050799    27.4284    14.7004
13.0524    27.425999    14.7004
13.0532    27.4252    14.7004
13.073199    27.403599    14.7004
13.1044    27.362    14.7004
13.107599    27.357199    14.7004
13.1172    27.3484    14.7004
13.131599    27.333199    14.7004
13.141999    27.323599    14.7004
13.1756    27.292398    14.7004
13.188399    27.2788    14.7004
13.1964    27.271599    14.7004
13.214    27.251598    14.7004
13.2508    27.2188    14.7004
13.3004    27.1756    14.7004
13.3396    27.1428    14.7004
13.3932    27.1012    14.7004
13.423599    27.0788    14.7004
13.474    27.037199    14.7004
13.4852    27.028399    14.7004
13.4892    27.026    14.7004
13.5636    26.981998    14.7004
13.579599    26.972399    14.7004
13.65    26.9412    14.7004
13.665999    26.934    14.7004
13.674    26.931599    14.7004
13.7476    26.903599    14.7004
13.7484    26.903599    14.7004
13.7484    26.9028    14.7004
13.818    26.8892    14.7004
13.825999    26.8876    14.7004
13.8708    26.8788    14.7004
13.894799    26.875599    14.7004
13.934    26.8748    14.7004
13.9404    26.873999    14.7004
13.987599    26.8692    14.7004
13.9956    26.868399    14.7004
14.058    26.8692    14.7004
14.084399    26.868399    14.7004
14.2084    26.866    14.7004
14.2372    26.864399    14.7004
14.337199    26.862    14.7004
14.411599    26.858799    14.7004
14.438    26.855598    14.7004
14.539599    26.8468    14.7004
14.566    26.844398    14.7004
14.601999    26.8396    14.7004
14.6268    26.840399    14.7004
14.6324    26.840399    14.7004
14.6435995    26.8436    14.7004
14.658799    26.8524    14.7004
14.683599    26.8708    14.7004
14.6868    26.8732    14.7004
14.693999    26.873999    14.7004
14.717999    26.885199    14.7004
14.7276    26.8804    14.7004
14.7548    26.8708    14.7004
14.766    26.8636    14.7004
14.802    26.838    14.7004
14.8172    26.8268    14.7004
14.889999    26.765999    14.7004
14.905999    26.753199    14.7004
14.9276    26.7372    14.7004
14.970799    26.7036    14.7004
15.03    26.661999    14.7004
15.058    26.637999    14.7004
15.062799    26.6348    14.7004
15.067599    26.63    14.7004
15.0772    26.6204    14.7004
15.1676    26.5388    14.7004
15.1796    26.5292    14.7004
15.2123995    26.4988    14.7004
15.239599    26.4684    14.7004
15.2668    26.4396    14.7004
15.2948    26.414    14.7004
15.309999    26.4012    14.7004
15.353999    26.362799    14.7004
15.377199    26.344398    14.7004
15.386    26.338    14.7004
15.3876    26.3372    14.7004
15.400399    26.327599    14.7004
15.4307995    26.305199    14.7004
15.4444    26.2964    14.7004
15.462    26.286798    14.7004
15.475599    26.2788    14.7004
15.5227995    26.2564    14.7004
15.5356    26.25    14.7004
15.556399    26.241999    14.7004
15.566799    26.240398    14.7004
15.5859995    26.236399    14.7004
15.642799    26.2316    14.7004
15.6435995    26.230799    14.7004
15.6684    26.226799    14.7004
15.6723995    26.226799    14.7004
15.69    26.230799    14.7004
15.7588    26.243599    14.7004
15.7708    26.2468    14.7004
15.7764    26.247599    14.7004
15.842799    26.2692    14.7004
15.8564    26.2732    14.7004
15.8619995    26.2748    14.7004
15.8628    26.2748    14.7004
15.8652    26.2764    14.7004
15.884399    26.281199    14.7004
15.958799    26.317999    14.7004
15.9684    26.3228    14.7004
15.969199    26.3228    14.7004
15.9716    26.3244    14.7004
16.0724    26.386799    14.7004
16.128399    26.425999    14.7004
16.1868    26.466799    14.7004
16.293999    26.5388    14.7004
16.326    26.5604    14.7004
16.345999    26.5724    14.7004
16.4252    26.619598    14.7004
16.4548    26.632399    14.7004
16.4548    26.6332    14.7004
16.4804    26.6404    14.7004
16.498    26.639599    14.7004
16.514    26.6404    14.7004
16.534    26.637999    14.7004
16.5724    26.639599    14.7004
16.6028    26.6388    14.7004
16.6236    26.637999    14.7004
16.6316    26.6372    14.7004
16.639599    26.6364    14.7004
16.691599    26.6316    14.7004
16.726    26.628399    14.7004
16.7396    26.626    14.7004
16.8748    26.6012    14.7004
16.9228    26.593199    14.7004
17.0124    26.580399    14.7004
17.0196    26.5788    14.7004
17.086    26.57    14.7004
17.1188    26.5644    14.7004
17.1524    26.5612    14.7004
17.2164    26.5588    14.7004
17.2284    26.5588    14.7004
17.2332    26.559599    14.7004
17.2964    26.5668    14.7004
17.3228    26.569199    14.7004
17.3252    26.569199    14.7004
17.3324    26.570799    14.7004
17.369999    26.5828    14.7004
17.3916    26.5908    14.7004
17.3988    26.593199    14.7004
17.4284    26.608398    14.7004
17.4492    26.621199    14.7004
17.4692    26.637999    14.7004
17.490799    26.661999    14.7004
17.5172    26.6876    14.7004
17.5196    26.6908    14.7004
17.5236    26.6964    14.7004
17.5572    26.7356    14.7004
17.5628    26.743599    14.7004
17.5828    26.7676    14.7004
17.594799    26.778    14.7004
17.6132    26.7852    14.7004
17.6252    26.7876    14.7004
17.628399    26.786    14.7004
17.6556    26.7796    14.7004
17.661999    26.7764    14.7004
17.684399    26.7636    14.7004
17.7116    26.7508    14.7004
17.7148    26.749199    14.7004
17.7348    26.7412    14.7004
17.7428    26.737999    14.7004
17.743599    26.737999    14.7004
17.7708    26.729198    14.7004
17.7852    26.7276    14.7004
17.8228    26.73    14.7004
17.8316    26.730799    14.7004
17.8356    26.7316    14.7004
17.8716    26.7412    14.7004
17.8916    26.747599    14.7004
17.9652    26.7692    14.7004
18.0228    26.788399    14.7004
18.07    26.805199    14.7004
18.1572    26.838    14.7004
18.1764    26.8452    14.7004
18.185999    26.8492    14.7004
18.2388    26.868399    14.7004
18.265999    26.881199    14.7004
18.2708    26.8836    14.7004
18.293999    26.8932    14.7004
18.3276    26.914799    14.7004
18.340399    26.9252    14.7004
18.347599    26.9324    14.7004
18.3556    26.9436    14.7004
18.3636    26.9588    14.7004
18.381199    26.994799    14.7004
18.4132    27.061998    14.7004
18.425999    27.087599    14.7004
18.442    27.1236    14.7004
18.4548    27.156399    14.7004
18.462    27.178    14.7004
18.4644    27.1868    14.7004
18.4772    27.2276    14.7004
18.4868    27.2708    14.7004
18.4876    27.274    14.7004
18.4884    27.2796    14.7004
18.489199    27.282799    14.7004
18.4972    27.317999    14.7004
18.500399    27.3372    14.7004
18.501999    27.353199    14.7004
18.5028    27.3836    14.7004
18.5028    27.3956    14.7004
18.500399    27.421999    14.7004
18.4884    27.4716    14.7004
18.4884    27.472399    14.7004
18.4884    27.4732    14.7004
18.479599    27.501999    14.7004
18.4748    27.514    14.7004
18.4708    27.526    14.7004
18.4508    27.5812    14.7004
18.4356    27.615599    14.7004
18.431599    27.6244    14.7004
18.410799    27.674    14.7004
18.406    27.682798    14.7004
18.375599    27.7484    14.7004
18.373999    27.751598    14.7004
18.3724    27.754799    14.7004
18.3172    27.858799    14.7004
18.302    27.886799    14.7004
18.288399    27.9084    14.7004
18.2628    27.9476    14.7004
18.260399    27.9508    14.7004
18.2444    27.97    14.7004
18.2172    27.998    14.7004
18.2108    28.0036    14.7004
18.194    28.0196    14.7004
18.1372    28.074799    14.7004
18.118    28.0924    14.7004
18.0892    28.1188    14.7004
18.0668    28.1412    14.7004
18.042    28.1644    14.7004
18.0108    28.193998    14.7004
17.9916    28.2116    14.7004
17.961199    28.240398    14.7004
17.9196    28.2796    14.7004
17.9132    28.286    14.7004
17.8908    28.306799    14.7004
17.8804    28.3156    14.7004
17.8732    28.3228    14.7004
17.793999    28.3996    14.7004
17.7756    28.416399    14.7004
17.73    28.4636    14.7004
17.6964    28.4956    14.7004
17.6876    28.5036    14.7004
17.669199    28.518    14.7004
17.6516    28.5324    14.7004
17.633999    28.5444    14.7004
17.626    28.548399    14.7004
17.604399    28.557999    14.7004
17.5884    28.5628    14.7004
17.5668    28.566    14.7004
17.5292    28.5668    14.7004
17.5044    28.5668    14.7004
17.473999    28.561998    14.7004
17.4532    28.5628    14.7004
17.433199    28.567598    14.7004
17.4244    28.5684    14.7004
17.402    28.5844    14.7004
17.392399    28.593199    14.7004
17.3908    28.594799    14.7004
17.386    28.602    14.7004
17.353199    28.65    14.7004
17.3452    28.6596    14.7004
17.3388    28.6684    14.7004
17.288399    28.7396    14.7004
17.2596    28.782    14.7004
17.21    28.8492    14.7004
17.2068    28.8548    14.7004
17.202799    28.8596    14.7004
17.1724    28.8988    14.7004
17.1356    28.949999    14.7004
17.122    28.966799    14.7004
17.1084    28.9804    14.7004
17.102    28.990799    14.7004
17.0956    28.998798    14.7004
17.078    29.0204    14.7004
17.0492    29.0532    14.7004
17.0292    29.0772    14.7004
17.024399    29.0812    14.7004
17.0108    29.094799    14.7004
16.973999    29.136398    14.7004
16.9404    29.169199    14.7004
16.9236    29.185999    14.7004
16.914799    29.193998    14.7004
16.8804    29.225199    14.7004
16.853199    29.249199    14.7004
16.845999    29.254799    14.7004
16.8324    29.262798    14.7004
16.7988    29.2876    14.7004
16.754799    29.3156    14.7004
16.747599    29.320398    14.7004
16.7372    29.325998    14.7004
16.682    29.3564    14.7004
16.598799    29.3972    14.7004
16.593199    29.3996    14.7004
16.586    29.4028    14.7004
16.4924    29.441198    14.7004
16.4124    29.476398    14.7004
16.381199    29.490799    14.7004
16.3252    29.5196    14.7004
16.2812    29.541199    14.7004
16.219599    29.5772    14.7004
16.1964    29.591599    14.7004
16.1628    29.615599    14.7004
16.146    29.628399    14.7004
16.098799    29.669199    14.7004
16.046799    29.723598    14.7004
16.035599    29.7356    14.7004
15.964399    29.814    14.7004
15.9604    29.817999    14.7004
15.9572    29.8212    14.7004
15.865999    29.933199    14.7004
15.769199    30.0516    14.7004
15.752399    30.0724    14.7004
15.6812    30.157999    14.7004
15.6435995    30.208399    14.7004
15.631599    30.2244    14.7004
15.579599    30.289999    14.7004
15.5364    30.351599    14.7004
15.5308    30.3596    14.7004
15.49    30.410799    14.7004
15.373199    30.574    14.7004
15.3675995    30.5812    14.7004
15.353999    30.600399    14.7004
15.309199    30.669199    14.7004
15.286799    30.7004    14.7004
15.2476    30.757198    14.7004
15.1732    30.858    14.7004
15.162    30.873999    14.7004
15.1564    30.8804    14.7004
15.142799    30.8996    14.7004
15.1004    30.959599    14.7004
15.097199    30.9636    14.7004
15.046    31.0268    14.7004
15.0188    31.0644    14.7004
14.974799    31.119598    14.7004
14.936399    31.165998    14.7004
14.842    31.2788    14.7004
14.8331995    31.288399    14.7004
14.821199    31.3028    14.7004
14.762    31.364399    14.7004
14.738    31.385199    14.7004
14.7132    31.4068    14.7004
14.658    31.4532    14.7004
14.5404    31.546799    14.7004
14.539599    31.5476    14.7004
14.5372    31.548399    14.7004
14.447599    31.598    14.7004
14.372399    31.6348    14.7004
14.3564    31.6428    14.7004
14.342    31.647598    14.7004
14.2308    31.689999    14.7004
14.1908    31.705198    14.7004
14.1068    31.736399    14.7004
14.073199    31.749199    14.7004
14.0548    31.7564    14.7004
14.044399    31.760399    14.7004
14.042    31.762    14.7004
14.016399    31.786    14.7004
13.9892    31.823599    14.7004
13.9852    31.827599    14.7004
13.974    31.838799    14.7004
13.9436    31.8732    14.7004
13.941199    31.8764    14.7004
13.886    31.937199    14.7004
13.8756    31.9476    14.7004
13.8452    31.9772    14.7004
13.8404    31.981998    14.7004
13.7956    32.023598    14.7004
13.792399    32.026    14.7004
13.7836    32.034    14.7004
13.7204    32.0844    14.7004
13.7123995    32.09    14.7004
13.670799    32.116398    14.7004
13.6356    32.1396    14.7004
13.625999    32.1452    14.7004
13.5692    32.177998    14.7004
13.556399    32.1852    14.7004
13.486799    32.2164    14.7004
13.462    32.2268    14.7004
13.4276    32.2404    14.7004
13.3924    32.2492    14.7004
13.3764    32.253998    14.7004
13.344399    32.259598    14.7004
13.3004    32.2676    14.7004
13.2676    32.2716    14.7004
13.2508    32.2724    14.7004
13.2067995    32.2732    14.7004
13.1644    32.2732    14.7004
13.15    32.2732    14.7004
13.1068    32.270798    14.7004
13.1012    32.270798    14.7004
13.0596    32.266    14.7004
13.050799    32.2644    14.7004
13.0484    32.2644    14.7004
12.9956    32.2516    14.7004
12.976399    32.2468    14.7004
12.9492    32.2388    14.7004
12.8828    32.222797    14.7004
12.8812    32.222797    14.7004
12.832399    32.2084    14.7004
12.8132    32.2044    14.7004
12.7828    32.197998    14.7004
12.774799    32.1972    14.7004
12.742    32.1956    14.7004
12.7316    32.1964    14.7004
12.6932    32.197998    14.7004
12.6779995    32.1996    14.7004
12.6348    32.2028    14.7004
12.6236    32.203598    14.7004
12.53    32.214798    14.7004
12.4628    32.2244    14.7004
12.412399    32.231598    14.7004
12.386    32.2348    14.7004
12.3116    32.242798    14.7004
12.309999    32.242798    14.7004
12.306    32.2436    14.7004
12.246799    32.2476    14.7004
12.2428    32.2476    14.7004
12.11    32.25    14.7004
12.084399    32.2492    14.7004
12.0468    32.2468    14.7004
12.005199    32.242798    14.7004
11.9883995    32.2412    14.7004
11.9428    32.2356    14.7004
11.8476    32.222797    14.7004
11.780399    32.2124    14.7004
11.7492    32.2068    14.7004
11.7164    32.200397    14.7004
11.601999    32.172398    14.7004
11.578799    32.166798    14.7004
11.5716    32.1644    14.7004
11.5515995    32.1588    14.7004
11.366    32.1068    14.7004
11.342    32.099598    14.7004
11.186    32.05    14.7004
11.1324    32.0332    14.7004
11.1268    32.0316    14.7004
11.120399    32.03    14.7004
11.0356    32.006    14.7004
11.002    31.9956    14.7004
10.9452    31.9804    14.7004
10.8972    31.9676    14.7004
10.8524    31.9572    14.7004
10.7892    31.942799    14.7004
10.6636    31.9156    14.7004
10.660399    31.914799    14.7004
10.6572    31.914    14.7004
10.5772    31.8972    14.7004
10.533199    31.890799    14.7004
10.514    31.8876    14.7004
10.4348    31.8772    14.7004
10.4156    31.873999    14.7004
10.4108    31.873999    14.7004
10.3868    31.8716    14.7004
10.384399    31.872398    14.7004
10.358    31.8716    14.7004
10.349199    31.875599    14.7004
10.3284    31.882    14.7004
10.314799    31.8916    14.7004
10.2996    31.920399    14.7004
10.297999    31.9228    14.7004
10.2972    31.924398    14.7004
10.281199    31.9476    14.7004
10.2628    31.966799    14.7004
10.251599    31.9788    14.7004
10.211599    32.0132    14.7004
10.21    32.0148    14.7004
10.1636    32.0476    14.7004
10.1476    32.057198    14.7004
10.1212    32.0732    14.7004
10.09    32.0876    14.7004
10.0828    32.090797    14.7004
10.067599    32.0948    14.7004
10.0324    32.106    14.7004
9.987599    32.116398    14.7004
9.9844    32.1172    14.7004
9.9812    32.1172    14.7004
9.906799    32.126    14.7004
9.8796    32.13    14.7004
9.7788    32.1348    14.7004
9.774799    32.1348    14.7004
9.642    32.134    14.7004
9.6188    32.134    14.7004
9.5932    32.133198    14.7004
9.5716    32.1316    14.7004
9.5532    32.13    14.7004
9.5132    32.1268    14.7004
9.4748    32.1212    14.7004
9.2716    32.0956    14.7004
9.1924    32.085197    14.7004
9.125199    32.0764    14.7004
9.0892    32.071598    14.7004
8.9812    32.0596    14.7004
8.9788    32.0588    14.7004
8.9756    32.0588    14.7004
8.8748    32.0476    14.7004
8.7772    32.0388    14.7004
8.7596    32.0372    14.7004
8.711599    32.034798    14.7004
8.6452    32.0308    14.7004
8.6052    32.029198    14.7004
8.5316    32.0276    14.7004
8.518    32.0268    14.7004
8.5116    32.0268    14.7004
8.4332    32.026    14.7004
8.2987995    32.0244    14.7004
8.2932    32.0244    14.7004
8.2644    32.0228    14.7004
8.2411995    32.0188    14.7004
8.2268    32.017998    14.7004
8.165999    32.0044    14.7004
8.1308    31.9956    14.7004
8.073999    31.979599    14.7004
8.0636    31.9772    14.7004
8.056399    31.9748    14.7004
7.9955997    31.9572    14.7004
7.9635997    31.9452    14.7004
7.9283996    31.931599    14.7004
7.8939996    31.9156    14.7004
7.8868    31.9124    14.7004
7.8203998    31.8772    14.7004
7.8188    31.8764    14.7004
7.818    31.875599    14.7004
7.79    31.858799    14.7004
7.7851996    31.855598    14.7004
7.7451997    31.8244    14.7004
7.7395997    31.8188    14.7004
7.7324    31.81    14.7004
7.7251997    31.7988    14.7004
7.7116    31.775599    14.7004
7.7004    31.758    14.7004
7.6948    31.745998    14.7004
7.6804    31.7164    14.7004
7.6796    31.713999    14.7004
7.6604    31.6596    14.7004
7.6531997    31.6404    14.7004
7.6396    31.5908    14.7004
7.6316    31.553999    14.7004
7.6284    31.529999    14.7004
7.6243997    31.489199    14.7004
7.6219997    31.4324    14.7004
7.6211996    31.418    14.7004
7.6228    31.3508    14.7004
7.6236    31.345999    14.7004
7.6299996    31.2972    14.7004
7.6316    31.2916    14.7004
7.6324    31.2852    14.7004
7.6404    31.258    14.7004
7.6411996    31.2524    14.7004
7.6436    31.247599    14.7004
7.6572    31.2228    14.7004
7.6692    31.2076    14.7004
7.678    31.199598    14.7004
7.694    31.1852    14.7004
7.7043996    31.1764    14.7004
7.71    31.173199    14.7004
7.7324    31.1612    14.7004
7.7475996    31.154    14.7004
7.7692    31.146    14.7004
7.7788    31.141998    14.7004
7.8124    31.1316    14.7004
7.914    31.102798    14.7004
7.9203997    31.100399    14.7004
7.9244    31.0996    14.7004
7.9315996    31.098    14.7004
8.0236    31.0716    14.7004
8.097199    31.052399    14.7004
8.120399    31.045198    14.7004
8.1644    31.033998    14.7004
8.2132    31.021198    14.7004
8.3084    30.9972    14.7004
8.3116    30.996399    14.7004
8.3148    30.9956    14.7004
8.3948    30.9716    14.7004
8.401999    30.97    14.7004
8.5227995    30.9348    14.7004
8.545199    30.9292    14.7004
8.5924    30.918    14.7004
8.6188    30.9124    14.7004
8.6348    30.909199    14.7004
8.702    30.8972    14.7004
8.7596    30.886799    14.7004
8.7724    30.885199    14.7004
8.826    30.877998    14.7004
8.872399    30.873999    14.7004
8.8932    30.8716    14.7004
8.9044    30.8716    14.7004
8.9492    30.8716    14.7004
8.987599    30.873999    14.7004
9.0132    30.8772    14.7004
9.026    30.879599    14.7004
9.0468    30.8844    14.7004
9.066    30.8876    14.7004
9.0803995    30.89    14.7004
