18.8956    21.5924    14.4004
18.879599    21.5788    14.4004
18.878    21.5772    14.4004
18.8548    21.5516    14.4004
18.8452    21.5364    14.4004
18.8388    21.5236    14.4004
18.8332    21.5052    14.4004
18.821999    21.4676    14.4004
18.8212    21.4564    14.4004
18.8212    21.4404    14.4004
18.83    21.4228    14.4004
18.8356    21.414    14.4004
18.875599    21.3708    14.4004
18.9124    21.3412    14.4004
18.9236    21.3284    14.4004
18.9404    21.3036    14.4004
18.942    21.2988    14.4004
18.9436    21.295599    14.4004
18.948399    21.282799    14.4004
18.958    21.2596    14.4004
18.9684    21.246    14.4004
19.0036    21.2276    14.4004
19.0092    21.225199    14.4004
19.0236    21.2244    14.4004
19.0364    21.2244    14.4004
19.0508    21.2228    14.4004
19.062    21.2236    14.4004
19.0788    21.2236    14.4004
19.0892    21.225199    14.4004
19.1076    21.225199    14.4004
19.115599    21.225199    14.4004
19.1316    21.2276    14.4004
19.1388    21.226799    14.4004
19.1604    21.2284    14.4004
19.1668    21.2244    14.4004
19.178    21.226    14.4004
19.1884    21.226    14.4004
19.2132    21.2228    14.4004
19.2164    21.2228    14.4004
19.222    21.222    14.4004
19.2332    21.2116    14.4004
19.2524    21.1908    14.4004
19.249199    21.1796    14.4004
19.2428    21.1612    14.4004
19.2372    21.1516    14.4004
19.2316    21.1404    14.4004
19.2244    21.126799    14.4004
19.195599    21.0644    14.4004
19.191599    21.0532    14.4004
19.1868    21.0364    14.4004
19.166    20.983599    14.4004
19.156399    20.955599    14.4004
19.1388    20.9124    14.4004
19.1356    20.903599    14.4004
19.1308    20.8884    14.4004
19.1188    20.8564    14.4004
19.1108    20.838    14.4004
19.09    20.778    14.4004
19.0868    20.7676    14.4004
19.0852    20.7636    14.4004
19.0836    20.758799    14.4004
19.0684    20.713999    14.4004
19.0628    20.701199    14.4004
19.0444    20.642    14.4004
19.035599    20.618    14.4004
19.0252    20.585999    14.4004
19.0108    20.541199    14.4004
18.9956    20.4996    14.4004
18.9748    20.4268    14.4004
18.9692    20.409199    14.4004
18.9396    20.321999    14.4004
18.938799    20.3196    14.4004
18.938799    20.3188    14.4004
18.9228    20.269999    14.4004
18.9116    20.2412    14.4004
18.9004    20.2052    14.4004
18.8932    20.1892    14.4004
18.878    20.1484    14.4004
18.8732    20.1364    14.4004
18.862799    20.1132    14.4004
18.8444    20.069199    14.4004
18.8284    20.031599    14.4004
18.806    19.979599    14.4004
18.7468    19.85    14.4004
18.746    19.8484    14.4004
18.7292    19.8028    14.4004
18.726799    19.798    14.4004
18.725199    19.7932    14.4004
18.7156    19.7572    14.4004
18.713999    19.7372    14.4004
18.7116    19.726799    14.4004
18.7164    19.7092    14.4004
18.7172    19.702    14.4004
18.7276    19.682    14.4004
18.7284    19.6796    14.4004
18.73    19.678    14.4004
18.7556    19.6484    14.4004
18.8116    19.5868    14.4004
18.8252    19.5724    14.4004
18.827599    19.57    14.4004
18.8964    19.498    14.4004
18.918    19.4772    14.4004
18.9732    19.4228    14.4004
19.018799    19.3804    14.4004
19.052399    19.35    14.4004
19.0852    19.321999    14.4004
19.1244    19.288399    14.4004
19.197199    19.2276    14.4004
19.218    19.2116    14.4004
19.2676    19.173199    14.4004
19.316399    19.1364    14.4004
19.394    19.0812    14.4004
19.4212    19.062    14.4004
19.434    19.0532    14.4004
19.5084    19.0044    14.4004
19.5588    18.973999    14.4004
19.578    18.962    14.4004
19.5836    18.9588    14.4004
19.5924    18.954    14.4004
19.6524    18.920399    14.4004
19.6852    18.903599    14.4004
19.71    18.8916    14.4004
19.7396    18.878    14.4004
19.7812    18.8596    14.4004
19.806    18.8484    14.4004
19.83    18.8388    14.4004
19.896399    18.814    14.4004
19.9076    18.810799    14.4004
19.983599    18.7876    14.4004
20.001999    18.782799    14.4004
20.0564    18.7684    14.4004
20.1164    18.7556    14.4004
20.146    18.749199    14.4004
20.1884    18.743599    14.4004
20.2044    18.7412    14.4004
20.2164    18.7404    14.4004
20.247599    18.7404    14.4004
20.274    18.7428    14.4004
20.2796    18.743599    14.4004
20.2812    18.7444    14.4004
20.286    18.746    14.4004
20.3044    18.753199    14.4004
20.326    18.7668    14.4004
20.33    18.7692    14.4004
20.3412    18.777199    14.4004
20.378    18.8092    14.4004
20.381199    18.8116    14.4004
20.386799    18.8172    14.4004
20.4356    18.8668    14.4004
20.483599    18.918    14.4004
20.4844    18.9188    14.4004
20.486    18.920399    14.4004
20.5564    19.007599    14.4004
20.604399    19.074    14.4004
20.6276    19.1076    14.4004
20.67    19.178    14.4004
20.673199    19.1828    14.4004
20.674799    19.185999    14.4004
20.712399    19.254    14.4004
20.7404    19.3076    14.4004
20.75    19.327599    14.4004
20.758799    19.3468    14.4004
20.784399    19.406    14.4004
20.810799    19.47    14.4004
20.826    19.5092    14.4004
20.834    19.531599    14.4004
20.8708    19.633999    14.4004
20.8764    19.6516    14.4004
20.9012    19.730799    14.4004
20.914    19.7724    14.4004
20.9308    19.8324    14.4004
20.9412    19.875599    14.4004
20.948399    19.9084    14.4004
20.9636    19.9716    14.4004
20.9676    19.9868    14.4004
20.9804    20.066    14.4004
20.9812    20.070799    14.4004
20.9844    20.087599    14.4004
20.9956    20.1684    14.4004
20.9972    20.1884    14.4004
21.0052    20.2572    14.4004
21.01    20.298    14.4004
21.014    20.351599    14.4004
21.014    20.3612    14.4004
21.013199    20.379599    14.4004
21.011599    20.3916    14.4004
21.0108    20.4028    14.4004
21.005999    20.416399    14.4004
20.9996    20.4308    14.4004
20.989199    20.4436    14.4004
20.979599    20.4548    14.4004
20.9628    20.4692    14.4004
20.9436    20.4844    14.4004
20.9188    20.5028    14.4004
20.9068    20.5108    14.4004
20.896399    20.5164    14.4004
20.821999    20.5556    14.4004
20.774    20.5844    14.4004
20.6964    20.6292    14.4004
20.6852    20.6356    14.4004
20.6652    20.6476    14.4004
20.6068    20.680399    14.4004
20.581999    20.694    14.4004
20.522799    20.730799    14.4004
20.4996    20.7452    14.4004
20.47    20.7636    14.4004
20.4004    20.806799    14.4004
20.317999    20.862799    14.4004
20.306799    20.8692    14.4004
20.2948    20.878    14.4004
20.249199    20.909199    14.4004
20.2372    20.9172    14.4004
20.1572    20.973999    14.4004
20.1532    20.9764    14.4004
20.0796    21.026    14.4004
20.065199    21.0364    14.4004
20.0644    21.037199    14.4004
20.0628    21.038    14.4004
20.0068    21.076399    14.4004
19.966799    21.1028    14.4004
19.938799    21.1236    14.4004
19.8956    21.1516    14.4004
19.8636    21.174    14.4004
19.8268    21.202    14.4004
19.798    21.2204    14.4004
19.7612    21.2452    14.4004
19.702    21.286    14.4004
19.685999    21.2964    14.4004
19.680399    21.301199    14.4004
19.6836    21.3044    14.4004
19.6868    21.3092    14.4004
19.698    21.333199    14.4004
19.7156    21.3412    14.4004
19.726    21.3452    14.4004
19.7428    21.35    14.4004
19.754    21.3596    14.4004
19.7748    21.368399    14.4004
19.7892    21.375599    14.4004
19.8036    21.3836    14.4004
19.8244    21.3916    14.4004
19.827599    21.394    14.4004
19.8396    21.4028    14.4004
19.854    21.4172    14.4004
19.8612    21.434    14.4004
19.864399    21.442    14.4004
19.864399    21.466799    14.4004
19.864399    21.47    14.4004
19.864399    21.4732    14.4004
19.862799    21.482    14.4004
19.854    21.529999    14.4004
19.8388    21.5684    14.4004
19.833199    21.580399    14.4004
19.814    21.6164    14.4004
19.806799    21.6276    14.4004
19.7892    21.6556    14.4004
19.7852    21.6612    14.4004
19.758799    21.6908    14.4004
19.7516    21.698    14.4004
19.7204    21.726    14.4004
19.706    21.737999    14.4004
19.6588    21.7668    14.4004
19.639599    21.782799    14.4004
19.6188    21.7916    14.4004
19.5972    21.806    14.4004
19.580399    21.821999    14.4004
19.5556    21.8372    14.4004
19.534    21.857199    14.4004
19.4996    21.8916    14.4004
19.4844    21.9028    14.4004
19.4492    21.942    14.4004
19.420399    21.966799    14.4004
19.3524    22.0156    14.4004
19.3364    22.046799    14.4004
19.314    22.042    14.4004
19.3116    22.0772    14.4004
19.3268    22.1052    14.4004
19.3356    22.1476    14.4004
19.3388    22.180399    14.4004
19.3268    22.2004    14.4004
19.321999    22.2076    14.4004
19.314    22.2108    14.4004
19.3004    22.2132    14.4004
19.2508    22.2164    14.4004
19.1996    22.2116    14.4004
19.1444    22.191599    14.4004
19.1388    22.1892    14.4004
19.1372    22.1876    14.4004
19.105999    22.1596    14.4004
19.093199    22.1444    14.4004
19.0908    22.1316    14.4004
19.0924    22.111599    14.4004
19.1612    22.066    14.4004
19.184399    22.052399    14.4004
19.21    22.011599    14.4004
19.2124    22.0068    14.4004
19.2148    21.972399    14.4004
19.2156    21.958    14.4004
19.1924    21.9012    14.4004
19.1924    21.8956    14.4004
19.1908    21.89    14.4004
19.180399    21.845999    14.4004
19.161999    21.823599    14.4004
19.1468    21.7988    14.4004
19.1276    21.771599    14.4004
19.1124    21.754799    14.4004
19.1052    21.749199    14.4004
19.081999    21.719599    14.4004
19.0716    21.713999    14.4004
19.041199    21.691599    14.4004
19.034    21.6876    14.4004
19.026    21.6828    14.4004
18.977999    21.6524    14.4004
18.9412    21.628399    14.4004
18.937199    21.626    14.4004
18.9308    21.621199    14.4004
18.8956    21.5924    14.4004
