5.8603997    26.156399    17.4004
5.8356    26.121199    17.4004
5.8276    26.105999    17.4004
5.8164    26.085999    17.4004
5.8092    26.074799    17.4004
5.8076    26.0668    17.4004
5.8004    26.0516    17.4004
5.8068    26.0388    17.4004
5.8132    26.0324    17.4004
5.8332    26.0156    17.4004
5.8452    26.007599    17.4004
5.8596    25.9996    17.4004
5.882    25.996399    17.4004
5.8844    25.9956    17.4004
5.9076    25.9996    17.4004
5.9124    26.000399    17.4004
5.9388    26.0084    17.4004
5.9403996    26.0084    17.4004
5.9491997    26.011599    17.4004
5.9684    26.0164    17.4004
5.9955997    26.018799    17.4004
5.9988    26.0196    17.4004
6.0028    26.0196    17.4004
6.0316    26.0052    17.4004
6.0332    26.0044    17.4004
6.0355997    26.0028    17.4004
6.0492    25.9756    17.4004
6.0523996    25.9692    17.4004
6.0532    25.9588    17.4004
6.0555997    25.949999    17.4004
6.0587997    25.9356    17.4004
6.0628    25.916399    17.4004
6.0676    25.903599    17.4004
6.0731997    25.8844    17.4004
6.0836    25.858799    17.4004
6.0852    25.855598    17.4004
6.0892    25.8452    17.4004
6.1068    25.806    17.4004
6.1124    25.795599    17.4004
6.1219997    25.777199    17.4004
6.1396    25.75    17.4004
6.1436    25.7444    17.4004
6.1443996    25.7428    17.4004
6.1499996    25.734798    17.4004
6.1556    25.723598    17.4004
6.1643996    25.698    17.4004
6.1636    25.689999    17.4004
6.1587996    25.6852    17.4004
6.1443996    25.667599    17.4004
6.1219997    25.65    17.4004
6.1187997    25.6484    17.4004
6.114    25.646    17.4004
6.0828    25.628399    17.4004
6.0811996    25.626799    17.4004
6.0587997    25.6076    17.4004
6.0572    25.5924    17.4004
6.0555997    25.580399    17.4004
6.0555997    25.576399    17.4004
6.054    25.5572    17.4004
6.0499997    25.531599    17.4004
6.0484    25.5212    17.4004
6.0484    25.5084    17.4004
6.0467997    25.4916    17.4004
6.0548    25.4804    17.4004
6.062    25.4732    17.4004
6.0692    25.47    17.4004
6.094    25.453999    17.4004
6.146    25.425999    17.4004
6.1756    25.41    17.4004
6.218    25.3876    17.4004
6.25    25.369999    17.4004
6.2892    25.3468    17.4004
6.3356    25.3188    17.4004
6.3412    25.3156    17.4004
6.3644    25.3084    17.4004
6.3715997    25.3076    17.4004
6.39    25.3084    17.4004
6.3947997    25.310799    17.4004
6.414    25.3188    17.4004
6.4308    25.3308    17.4004
6.4444    25.340399    17.4004
6.4708    25.3596    17.4004
6.4955997    25.3692    17.4004
6.5035996    25.373999    17.4004
6.5211997    25.3692    17.4004
6.534    25.3676    17.4004
6.542    25.362799    17.4004
6.5516    25.3564    17.4004
6.5916    25.3308    17.4004
6.6124    25.317999    17.4004
6.658    25.2916    17.4004
6.658    25.2908    17.4004
6.6587996    25.2908    17.4004
6.6596    25.289999    17.4004
6.7131996    25.2636    17.4004
6.7316    25.253199    17.4004
6.7372    25.2484    17.4004
6.7524    25.217999    17.4004
6.7532    25.2148    17.4004
6.7524    25.2108    17.4004
6.7516    25.195599    17.4004
6.7507997    25.185999    17.4004
6.746    25.1708    17.4004
6.7404    25.1532    17.4004
6.7316    25.1164    17.4004
6.7251997    25.0828    17.4004
6.7236    25.076399    17.4004
6.7195997    25.052399    17.4004
6.7188    25.046799    17.4004
6.7188    25.046    17.4004
6.7188    25.045198    17.4004
6.7188    25.017199    17.4004
6.7212    25.0028    17.4004
6.7219996    24.9924    17.4004
6.73    24.9684    17.4004
6.73    24.966799    17.4004
6.7316    24.9636    17.4004
6.7451997    24.9452    17.4004
6.7532    24.9396    17.4004
6.7716    24.933199    17.4004
6.7836    24.927599    17.4004
6.8068    24.921999    17.4004
6.8259997    24.918798    17.4004
6.898    24.906    17.4004
6.9835997    24.8956    17.4004
6.9876    24.8948    17.4004
6.9916    24.8948    17.4004
7.0443997    24.89    17.4004
7.0875998    24.8884    17.4004
7.126    24.886    17.4004
7.1748    24.8844    17.4004
7.1899996    24.89    17.4004
7.1931996    24.890799    17.4004
7.1963997    24.8956    17.4004
7.2092    24.9124    17.4004
7.2156    24.9252    17.4004
7.2195997    24.937199    17.4004
7.2212    24.9452    17.4004
7.2251997    24.9564    17.4004
7.2268    24.9588    17.4004
7.2268    24.962    17.4004
7.2324    24.987598    17.4004
7.2507997    25.098799    17.4004
7.2604    25.1516    17.4004
7.2724    25.213999    17.4004
7.2724    25.2148    17.4004
7.2732    25.2204    17.4004
7.2763996    25.2428    17.4004
7.2771997    25.243599    17.4004
7.278    25.247599    17.4004
7.2868    25.2732    17.4004
7.3059998    25.2932    17.4004
7.3132    25.301199    17.4004
7.322    25.3028    17.4004
7.3412    25.306    17.4004
7.3539996    25.3076    17.4004
7.3676    25.3092    17.4004
7.3724    25.31    17.4004
7.382    25.310799    17.4004
7.4212    25.316399    17.4004
7.4715996    25.3268    17.4004
7.5172    25.3364    17.4004
7.5316    25.3396    17.4004
7.5972    25.3564    17.4004
7.5987997    25.3564    17.4004
7.6004    25.357199    17.4004
7.6611996    25.3772    17.4004
7.6748    25.381199    17.4004
7.7092    25.3948    17.4004
7.7116    25.3956    17.4004
7.7236    25.401999    17.4004
7.7844    25.431599    17.4004
7.7939997    25.437199    17.4004
7.8515997    25.470798    17.4004
7.8524    25.470798    17.4004
7.8532    25.4716    17.4004
7.9003997    25.507599    17.4004
7.9227996    25.5268    17.4004
7.9364    25.542    17.4004
7.9532    25.5572    17.4004
7.974    25.5788    17.4004
7.9867997    25.5924    17.4004
7.994    25.602    17.4004
8.0148    25.6292    17.4004
8.0204    25.6372    17.4004
8.0252    25.646    17.4004
8.0412    25.671598    17.4004
8.0556    25.6996    17.4004
8.0636    25.717999    17.4004
8.0748    25.753199    17.4004
8.078    25.7652    17.4004
8.0892    25.799599    17.4004
8.094    25.8428    17.4004
8.0948    25.845999    17.4004
8.0948    25.8484    17.4004
8.097199    25.8804    17.4004
8.097199    25.8836    17.4004
8.098    25.9292    17.4004
8.0948    25.97    17.4004
8.0948    25.970798    17.4004
8.0868    26.007599    17.4004
8.085199    26.0124    17.4004
8.0732    26.065199    17.4004
8.07    26.078    17.4004
8.0644    26.094799    17.4004
8.05    26.1332    17.4004
8.038    26.1652    17.4004
8.0348    26.1724    17.4004
8.03    26.182798    17.4004
8.014    26.213999    17.4004
7.9979997    26.2452    17.4004
7.9884    26.2636    17.4004
7.9596    26.3116    17.4004
7.942    26.340399    17.4004
7.9347997    26.351599    17.4004
7.8939996    26.410799    17.4004
7.8676    26.448399    17.4004
7.8636    26.4548    17.4004
7.8332    26.494    17.4004
7.8027997    26.533998    17.4004
7.7732    26.5668    17.4004
7.7572    26.5844    17.4004
7.7395997    26.602798    17.4004
7.7163997    26.626    17.4004
7.7075996    26.6348    17.4004
7.6724    26.6644    17.4004
7.646    26.6836    17.4004
7.6372    26.689999    17.4004
7.6324    26.6932    17.4004
7.6019998    26.7148    17.4004
7.5652    26.734798    17.4004
7.554    26.7412    17.4004
7.5011997    26.7692    17.4004
7.494    26.7724    17.4004
7.4803996    26.777199    17.4004
7.4396    26.7932    17.4004
7.4076    26.803598    17.4004
7.3636    26.817999    17.4004
7.3403997    26.8244    17.4004
7.3164    26.8284    17.4004
7.3124    26.829199    17.4004
7.2892    26.8412    17.4004
7.2844    26.8428    17.4004
7.278    26.8468    17.4004
7.2588    26.8604    17.4004
7.2548    26.8708    17.4004
7.2492    26.894    17.4004
7.2492    26.9116    17.4004
7.2468    26.935598    17.4004
7.2451997    26.9604    17.4004
7.2427998    27.0068    17.4004
7.2419996    27.017199    17.4004
7.2419996    27.0268    17.4004
7.2388    27.0604    17.4004
7.2307997    27.0812    17.4004
7.23    27.0852    17.4004
7.2268    27.09    17.4004
7.218    27.1012    17.4004
7.2051997    27.109999    17.4004
7.1987996    27.111599    17.4004
7.194    27.1124    17.4004
7.174    27.1132    17.4004
7.1612    27.1132    17.4004
7.1428    27.1124    17.4004
7.1124    27.1108    17.4004
7.0787997    27.1092    17.4004
7.0308    27.105999    17.4004
6.9891996    27.102798    17.4004
6.934    27.098    17.4004
6.878    27.0924    17.4004
6.8227997    27.085999    17.4004
6.7588    27.076399    17.4004
6.6948    27.066    17.4004
6.6756    27.0628    17.4004
6.6116    27.052399    17.4004
6.6019998    27.0492    17.4004
6.5908    27.046    17.4004
6.5804    27.031599    17.4004
6.5764    27.028399    17.4004
6.5692    27.0036    17.4004
6.5684    27.000399    17.4004
6.5676    26.986    17.4004
6.5676    26.977999    17.4004
6.5684    26.9308    17.4004
6.5692    26.878    17.4004
6.5692    26.872398    17.4004
6.5699997    26.862799    17.4004
6.5723996    26.840399    17.4004
6.5723996    26.8364    17.4004
6.5723996    26.816399    17.4004
6.5716    26.803598    17.4004
6.5572    26.784399    17.4004
6.5548    26.782    17.4004
6.534    26.7652    17.4004
6.5267997    26.762    17.4004
6.5116    26.7556    17.4004
6.4916    26.7484    17.4004
6.4611998    26.734    17.4004
6.4588    26.7332    17.4004
6.4579997    26.732399    17.4004
6.4556    26.7316    17.4004
6.4052    26.7052    17.4004
6.39    26.695599    17.4004
6.3659997    26.682    17.4004
6.3356    26.661999    17.4004
6.3068    26.6412    17.4004
6.3051996    26.6404    17.4004
6.3036    26.6388    17.4004
6.3027997    26.637999    17.4004
6.2619996    26.608398    17.4004
6.2363997    26.5844    17.4004
6.2051997    26.553999    17.4004
6.1972    26.5476    17.4004
6.1748    26.5268    17.4004
6.1716    26.5236    17.4004
6.1468    26.5148    17.4004
6.134    26.513199    17.4004
6.1243997    26.5148    17.4004
6.1092    26.5164    17.4004
6.0955997    26.5204    17.4004
5.9955997    26.5436    17.4004
5.9547997    26.5532    17.4004
5.9412    26.556398    17.4004
5.9164    26.557999    17.4004
5.9132    26.556398    17.4004
5.8971996    26.5436    17.4004
5.8947997    26.5404    17.4004
5.8908    26.533998    17.4004
5.8644    26.490799    17.4004
5.8371997    26.4476    17.4004
5.8315997    26.438    17.4004
5.8059998    26.3956    17.4004
5.8012    26.386799    17.4004
5.8044    26.369999    17.4004
5.8036    26.366    17.4004
5.8068    26.3636    17.4004
5.8315997    26.342    17.4004
5.85    26.326    17.4004
5.8627996    26.3148    17.4004
5.8827996    26.303598    17.4004
5.8844    26.3028    17.4004
5.9028    26.301199    17.4004
5.9124    26.2988    17.4004
5.9412    26.2972    17.4004
5.9444    26.2964    17.4004
5.9708    26.293999    17.4004
5.9723997    26.293999    17.4004
5.9964    26.2804    17.4004
5.9979997    26.25    17.4004
5.9996    26.2444    17.4004
5.9804    26.222    17.4004
5.9779997    26.2204    17.4004
5.9484    26.2076    17.4004
5.9459996    26.206799    17.4004
5.9164    26.197199    17.4004
5.914    26.195599    17.4004
5.8868    26.184399    17.4004
5.8852    26.182798    17.4004
5.8644    26.1644    17.4004
5.8603997    26.156399    17.4004
