14.8644    36.315598    14.4004
14.8636    36.3172    14.4004
14.8619995    36.3204    14.4004
14.858    36.3276    14.4004
14.838799    36.363598    14.4004
14.8308    36.377197    14.4004
14.8124    36.408398    14.4004
14.7964    36.438    14.4004
14.7828    36.458797    14.4004
14.773999    36.473198    14.4004
14.752399    36.501198    14.4004
14.7444    36.5156    14.4004
14.7428    36.5316    14.4004
14.754    36.55    14.4004
14.7604    36.5652    14.4004
14.7652    36.5724    14.4004
14.7788    36.5876    14.4004
14.781199    36.59    14.4004
14.797999    36.6092    14.4004
14.8252    36.6476    14.4004
14.826799    36.649998    14.4004
14.8524    36.69    14.4004
14.8796    36.7356    14.4004
14.9036    36.7772    14.4004
14.907599    36.7844    14.4004
14.9092    36.7884    14.4004
14.913199    36.7948    14.4004
14.934    36.835598    14.4004
14.9452    36.863598    14.4004
14.9492    36.871597    14.4004
14.953199    36.8836    14.4004
14.9612    36.9068    14.4004
14.962    36.9108    14.4004
14.9684    36.9348    14.4004
14.969199    36.947598    14.4004
14.9716    36.9516    14.4004
14.9716    36.9604    14.4004
14.9724    36.982    14.4004
14.9684    37.006798    14.4004
14.966    37.0228    14.4004
14.9628    37.040398    14.4004
14.9556    37.0668    14.4004
14.9492    37.0892    14.4004
14.946799    37.098    14.4004
14.946    37.1004    14.4004
14.9284    37.1564    14.4004
14.9228    37.1716    14.4004
14.9212    37.1764    14.4004
14.901199    37.222797    14.4004
14.8988    37.2268    14.4004
14.8932    37.2364    14.4004
14.873199    37.274    14.4004
14.844399    37.318798    14.4004
14.832399    37.335598    14.4004
14.8043995    37.377197    14.4004
14.7676    37.4292    14.4004
14.766    37.4316    14.4004
14.7644    37.4332    14.4004
14.757999    37.4404    14.4004
14.739599    37.4612    14.4004
14.7364    37.464397    14.4004
14.73    37.469997    14.4004
14.716399    37.482    14.4004
14.6988    37.503597    14.4004
14.6924    37.509197    14.4004
14.688399    37.525997    14.4004
14.6796    37.538    14.4004
14.6852    37.5508    14.4004
14.6868    37.5652    14.4004
14.6964    37.5804    14.4004
14.7067995    37.599598    14.4004
14.714    37.61    14.4004
14.7364    37.6372    14.4004
14.745999    37.6484    14.4004
14.7532    37.6588    14.4004
14.7676    37.6804    14.4004
14.7732    37.694    14.4004
14.782    37.71    14.4004
14.785199    37.7212    14.4004
14.7908    37.7364    14.4004
14.792399    37.75    14.4004
14.7948    37.759598    14.4004
14.792399    37.7812    14.4004
14.792399    37.794    14.4004
14.785999    37.821198    14.4004
14.785199    37.8308    14.4004
14.7844    37.835598    14.4004
14.7828    37.8396    14.4004
14.7788    37.846798    14.4004
14.7676    37.8708    14.4004
14.7476    37.902798    14.4004
14.7388    37.9156    14.4004
14.7364    37.918    14.4004
14.7324    37.922    14.4004
14.7123995    37.941998    14.4004
14.699599    37.954    14.4004
14.687599    37.964397    14.4004
14.671599    37.9764    14.4004
14.660399    37.9836    14.4004
14.6396    37.995598    14.4004
14.6276    38.002    14.4004
14.601999    38.0156    14.4004
14.6004    38.0164    14.4004
14.597199    38.0172    14.4004
14.5708    38.0276    14.4004
14.556399    38.0324    14.4004
14.518    38.0396    14.4004
14.5092    38.042    14.4004
14.506    38.0428    14.4004
14.497999    38.0436    14.4004
14.4572    38.0484    14.4004
14.436399    38.0492    14.4004
14.378799    38.0508    14.4004
14.337999    38.0532    14.4004
14.278    38.054    14.4004
14.240399    38.0564    14.4004
14.239599    38.0564    14.4004
14.2388    38.0564    14.4004
14.23    38.0588    14.4004
14.2123995    38.062798    14.4004
14.1964    38.0708    14.4004
14.183599    38.077198    14.4004
14.1804    38.0788    14.4004
14.1788    38.0804    14.4004
14.1524    38.1068    14.4004
14.1412    38.116398    14.4004
14.078    38.1868    14.4004
14.0716    38.194    14.4004
14.066    38.200397    14.4004
14.0412    38.2244    14.4004
14.027599    38.2364    14.4004
14.015599    38.246    14.4004
13.9428    38.2996    14.4004
13.935599    38.304398    14.4004
13.9052    38.3292    14.4004
13.8675995    38.3588    14.4004
13.8524    38.3708    14.4004
13.8412    38.378    14.4004
13.820399    38.3908    14.4004
13.7956    38.4012    14.4004
13.7884    38.4044    14.4004
13.7699995    38.4108    14.4004
13.7411995    38.4204    14.4004
13.705999    38.430798    14.4004
13.69    38.4348    14.4004
13.6452    38.446    14.4004
13.6388    38.4468    14.4004
13.636399    38.447598    14.4004
13.5876    38.454    14.4004
13.561999    38.456398    14.4004
13.5548    38.456398    14.4004
13.521999    38.4572    14.4004
13.516399    38.4572    14.4004
13.5092    38.4556    14.4004
13.49    38.4516    14.4004
13.4372    38.438    14.4004
13.4316    38.436398    14.4004
13.4276    38.4356    14.4004
13.407599    38.4316    14.4004
13.386    38.4292    14.4004
13.3796    38.4292    14.4004
13.37    38.43    14.4004
13.3468    38.4332    14.4004
13.2852    38.4516    14.4004
13.2676    38.456398    14.4004
13.226    38.4636    14.4004
13.2244    38.4636    14.4004
13.2196    38.464397    14.4004
13.176399    38.467598    14.4004
13.15    38.4668    14.4004
13.0772    38.466    14.4004
13.0596    38.4652    14.4004
13.0468    38.464397    14.4004
12.9724    38.456398    14.4004
12.9268    38.4516    14.4004
12.9036    38.45    14.4004
12.8596    38.441998    14.4004
12.8524    38.4404    14.4004
12.806    38.430798    14.4004
12.797199    38.4284    14.4004
12.7732    38.4212    14.4004
12.734799    38.4068    14.4004
12.7092    38.393997    14.4004
12.7012    38.388397    14.4004
12.6748    38.371597    14.4004
12.558    38.2924    14.4004
12.550799    38.287598    14.4004
12.5484    38.286    14.4004
12.5468    38.2844    14.4004
12.5124    38.2644    14.4004
12.481199    38.2516    14.4004
12.4804    38.250797    14.4004
12.4564    38.2492    14.4004
12.4516    38.248398    14.4004
12.441199    38.2516    14.4004
12.4212    38.259598    14.4004
12.3924    38.2748    14.4004
12.3692    38.2868    14.4004
12.346    38.298798    14.4004
12.257999    38.3428    14.4004
12.2316    38.3556    14.4004
12.1692    38.3836    14.4004
12.1644    38.3852    14.4004
12.1188    38.405197    14.4004
12.106    38.41    14.4004
12.056399    38.426    14.4004
12.033199    38.4324    14.4004
11.9948    38.4404    14.4004
11.9716    38.445198    14.4004
11.941199    38.45    14.4004
11.9307995    38.4516    14.4004
11.8907995    38.456398    14.4004
11.866799    38.458797    14.4004
11.846    38.4572    14.4004
11.8331995    38.4556    14.4004
11.8124    38.4556    14.4004
11.8012    38.453197    14.4004
11.7892    38.450798    14.4004
11.7556    38.4444    14.4004
11.7548    38.4436    14.4004
11.728399    38.4348    14.4004
11.7268    38.434    14.4004
11.7044    38.425198    14.4004
11.677199    38.4116    14.4004
11.6684    38.4068    14.4004
11.65    38.397198    14.4004
11.6476    38.3964    14.4004
11.630799    38.3844    14.4004
11.6212    38.378    14.4004
11.606    38.3684    14.4004
11.578    38.346798    14.4004
11.5644    38.3348    14.4004
11.539599    38.3148    14.4004
11.5364    38.3124    14.4004
11.5092    38.2852    14.4004
11.5036    38.278    14.4004
11.4916    38.261997    14.4004
11.4852    38.2532    14.4004
11.4684    38.2276    14.4004
11.452399    38.2012    14.4004
11.441199    38.1812    14.4004
11.4307995    38.161198    14.4004
11.401999    38.11    14.4004
11.3988    38.1044    14.4004
11.3772    38.071598    14.4004
11.3716    38.0652    14.4004
11.3508    38.0388    14.4004
11.3452    38.0332    14.4004
11.3404    38.0276    14.4004
11.2844    37.9716    14.4004
11.2788    37.966    14.4004
11.2548    37.9388    14.4004
11.2364    37.9172    14.4004
11.229199    37.9076    14.4004
11.21    37.8756    14.4004
11.2036    37.863598    14.4004
11.1876    37.8308    14.4004
11.1796    37.8084    14.4004
11.1764    37.798    14.4004
11.17    37.7692    14.4004
11.165999    37.7524    14.4004
11.159599    37.714    14.4004
11.158    37.6972    14.4004
11.154799    37.662    14.4004
11.153999    37.6516    14.4004
11.153999    37.6452    14.4004
11.154799    37.6172    14.4004
11.1556    37.5988    14.4004
11.1572    37.579597    14.4004
11.159599    37.5652    14.4004
11.165199    37.540398    14.4004
11.17    37.5188    14.4004
11.174    37.502    14.4004
11.1908    37.4548    14.4004
11.1916    37.450798    14.4004
11.1932    37.4484    14.4004
11.2092    37.413998    14.4004
11.217999    37.397198    14.4004
11.23    37.3732    14.4004
11.2372    37.360397    14.4004
11.251599    37.3372    14.4004
11.266    37.315598    14.4004
11.282    37.2916    14.4004
11.286799    37.2844    14.4004
11.297999    37.27    14.4004
11.309999    37.256397    14.4004
11.315599    37.25    14.4004
11.3236    37.2412    14.4004
11.334    37.2276    14.4004
11.338799    37.2084    14.4004
11.3396    37.1916    14.4004
11.3308    37.1716    14.4004
11.3188    37.1564    14.4004
11.3004    37.1396    14.4004
11.2876    37.1316    14.4004
11.280399    37.126    14.4004
11.2676    37.1156    14.4004
11.2604    37.11    14.4004
11.2476    37.0956    14.4004
11.233999    37.079597    14.4004
11.222799    37.0676    14.4004
11.2028    37.0452    14.4004
11.1876    37.0276    14.4004
11.142799    36.9708    14.4004
11.1356    36.9612    14.4004
11.106    36.922    14.4004
11.1012    36.9164    14.4004
11.1004    36.9148    14.4004
11.0996    36.9132    14.4004
11.085199    36.8852    14.4004
11.0803995    36.8764    14.4004
11.073199    36.8588    14.4004
11.07    36.8532    14.4004
11.066    36.8428    14.4004
11.0604    36.821198    14.4004
11.0571995    36.8092    14.4004
11.056399    36.8004    14.4004
11.0532    36.7748    14.4004
11.0515995    36.7556    14.4004
11.0524    36.7132    14.4004
11.0515995    36.646797    14.4004
11.050799    36.6404    14.4004
11.0484    36.629997    14.4004
11.0436    36.601997    14.4004
11.038    36.59    14.4004
11.028399    36.5708    14.4004
11.0124    36.5556    14.4004
11.005199    36.5492    14.4004
10.9883995    36.538    14.4004
10.981999    36.534    14.4004
10.9788    36.5324    14.4004
10.9724    36.529198    14.4004
10.901999    36.4996    14.4004
10.866799    36.4852    14.4004
10.854    36.478798    14.4004
10.8164    36.4604    14.4004
10.8084    36.4556    14.4004
10.7844    36.439598    14.4004
10.780399    36.436398    14.4004
10.7564    36.4156    14.4004
10.7428    36.4036    14.4004
10.729199    36.3892    14.4004
10.7196    36.3756    14.4004
10.714    36.3652    14.4004
10.7092    36.354797    14.4004
10.7052    36.343597    14.4004
10.7012    36.332397    14.4004
10.698    36.321198    14.4004
10.6956    36.3092    14.4004
10.6932    36.29    14.4004
10.6916    36.2636    14.4004
10.693999    36.248398    14.4004
10.693999    36.237198    14.4004
10.6956    36.2188    14.4004
10.702    36.1804    14.4004
10.702    36.1772    14.4004
10.7028    36.174    14.4004
10.717999    36.121998    14.4004
10.722    36.110798    14.4004
10.7372    36.071598    14.4004
10.752399    36.0388    14.4004
10.769199    36.0116    14.4004
10.769199    36.0108    14.4004
10.7708    36.009197    14.4004
10.7844    35.9892    14.4004
10.8244    35.9428    14.4004
10.8308    35.9356    14.4004
10.834    35.930798    14.4004
10.858    35.8964    14.4004
10.8596    35.893997    14.4004
10.882    35.8508    14.4004
10.889999    35.8348    14.4004
10.9108    35.7852    14.4004
10.929999    35.7404    14.4004
10.9428    35.700397    14.4004
10.946799    35.682    14.4004
10.9508    35.6628    14.4004
10.9548    35.6268    14.4004
10.9548    35.596397    14.4004
10.9548    35.5892    14.4004
10.9508    35.5676    14.4004
10.95    35.557198    14.4004
10.947599    35.5492    14.4004
10.9404    35.514    14.4004
10.9372    35.5028    14.4004
10.926    35.4708    14.4004
10.901999    35.4116    14.4004
10.895599    35.3956    14.4004
10.8932    35.3924    14.4004
10.8756    35.3484    14.4004
10.844399    35.27    14.4004
10.8372    35.2524    14.4004
10.834    35.2404    14.4004
10.8164    35.186    14.4004
10.815599    35.182    14.4004
10.806    35.1436    14.4004
10.803599    35.118797    14.4004
10.8052    35.1092    14.4004
10.8068    35.0924    14.4004
10.8076    35.086    14.4004
10.8132    35.068398    14.4004
10.8196    35.0532    14.4004
10.8284    35.0356    14.4004
10.8356    35.0212    14.4004
10.866799    34.9612    14.4004
10.873199    34.9468    14.4004
10.8804    34.9244    14.4004
10.884399    34.9148    14.4004
10.8868    34.9044    14.4004
10.8884    34.8852    14.4004
10.889999    34.834    14.4004
10.8907995    34.8108    14.4004
10.8932    34.7772    14.4004
10.895599    34.733997    14.4004
10.901999    34.638    14.4004
10.906    34.5924    14.4004
10.9092    34.5596    14.4004
10.9148    34.5356    14.4004
10.9172    34.5276    14.4004
10.9204    34.5204    14.4004
10.9251995    34.5116    14.4004
10.9307995    34.501198    14.4004
10.946799    34.4804    14.4004
10.9595995    34.4652    14.4004
10.975599    34.4492    14.4004
10.9939995    34.4292    14.4004
11.002    34.4188    14.4004
11.009999    34.4076    14.4004
11.0148    34.3884    14.4004
11.002    34.369198    14.4004
11.0012    34.3508    14.4004
10.987599    34.3332    14.4004
10.970799    34.315598    14.4004
10.9484    34.293198    14.4004
10.9452    34.29    14.4004
10.9204    34.2612    14.4004
10.918799    34.2588    14.4004
10.901199    34.233997    14.4004
10.8868    34.211597    14.4004
10.882    34.2044    14.4004
10.8772    34.1956    14.4004
10.8675995    34.1764    14.4004
10.866799    34.174    14.4004
10.8564    34.146    14.4004
10.8484    34.1204    14.4004
10.8468    34.1124    14.4004
10.8412    34.0876    14.4004
10.838799    34.0732    14.4004
10.8372    34.0612    14.4004
10.8364    34.042    14.4004
10.8364    34.023598    14.4004
10.8372    34.012398    14.4004
10.838799    33.986    14.4004
10.842    33.953197    14.4004
10.843599    33.947598    14.4004
10.8508    33.9156    14.4004
10.8516    33.913998    14.4004
10.8604    33.8844    14.4004
10.873199    33.854    14.4004
10.882    33.835598    14.4004
10.901999    33.8036    14.4004
10.9036    33.802    14.4004
10.9044    33.8004    14.4004
10.9236    33.778    14.4004
10.9251995    33.7772    14.4004
10.9492    33.7556    14.4004
10.9628    33.746    14.4004
10.969999    33.7412    14.4004
10.9916    33.731598    14.4004
10.998799    33.7292    14.4004
11.021999    33.722    14.4004
11.0348    33.7188    14.4004
11.0652    33.714798    14.4004
11.079599    33.714    14.4004
11.098    33.7132    14.4004
11.1132    33.714798    14.4004
11.1284    33.7164    14.4004
11.159599    33.7268    14.4004
11.1644    33.7276    14.4004
11.1764    33.728397    14.4004
11.1932    33.733997    14.4004
11.211599    33.737198    14.4004
11.2204    33.7332    14.4004
11.238    33.7268    14.4004
11.2508    33.7324    14.4004
11.266    33.745197    14.4004
11.2844    33.746    14.4004
11.2772    33.7276    14.4004
11.2716    33.718    14.4004
11.2508    33.6884    14.4004
11.25    33.6876    14.4004
11.25    33.6868    14.4004
11.2492    33.686    14.4004
11.2276    33.6532    14.4004
11.205199    33.6148    14.4004
11.183599    33.5748    14.4004
11.165199    33.534    14.4004
11.160399    33.5212    14.4004
11.1556    33.503597    14.4004
11.1524    33.4892    14.4004
11.1524    33.478    14.4004
11.1532    33.456398    14.4004
11.1572    33.4404    14.4004
11.159599    33.4316    14.4004
11.165999    33.422    14.4004
11.170799    33.406    14.4004
11.1756    33.4004    14.4004
11.198    33.3724    14.4004
11.1988    33.371597    14.4004
11.2355995    33.3516    14.4004
11.25    33.343597    14.4004
11.29    33.3196    14.4004
11.321199    33.3028    14.4004
11.3532    33.2884    14.4004
11.3716    33.2796    14.4004
11.429999    33.2548    14.4004
11.4388    33.250797    14.4004
11.4404    33.25    14.4004
11.446    33.248398    14.4004
11.5724    33.2084    14.4004
11.6108    33.1996    14.4004
11.6868    33.1828    14.4004
11.723599    33.1748    14.4004
11.8236    33.1596    14.4004
11.8412    33.1572    14.4004
11.8636    33.1548    14.4004
11.884399    33.1532    14.4004
11.9484    33.146    14.4004
12.002    33.1436    14.4004
12.058    33.1396    14.4004
12.106    33.138    14.4004
12.154799    33.138    14.4004
12.214    33.138798    14.4004
12.2484    33.138798    14.4004
12.2844    33.1396    14.4004
12.33    33.1436    14.4004
12.354799    33.1436    14.4004
12.37    33.144398    14.4004
12.3876    33.144398    14.4004
12.4052    33.1468    14.4004
12.4564    33.149998    14.4004
12.4916    33.1532    14.4004
12.528399    33.1564    14.4004
12.5404    33.1548    14.4004
12.5828    33.1564    14.4004
12.59    33.1564    14.4004
12.6012    33.1564    14.4004
12.659599    33.1588    14.4004
12.7084    33.162    14.4004
12.7948    33.172398    14.4004
12.8196    33.1756    14.4004
12.8276    33.1772    14.4004
12.8348    33.1772    14.4004
12.898    33.1796    14.4004
12.9156    33.1812    14.4004
12.9628    33.1876    14.4004
13.004399    33.194798    14.4004
13.0292    33.1972    14.4004
13.0764    33.2068    14.4004
13.090799    33.21    14.4004
13.1004    33.2132    14.4004
13.1236    33.218    14.4004
13.1516    33.2244    14.4004
13.1972    33.2292    14.4004
13.2156    33.2332    14.4004
13.245999    33.237198    14.4004
13.257999    33.239597    14.4004
13.2699995    33.2404    14.4004
13.2876    33.242    14.4004
13.338799    33.2468    14.4004
13.3508    33.248398    14.4004
13.3644    33.2516    14.4004
13.3884    33.2556    14.4004
13.4324    33.266    14.4004
13.4452    33.2684    14.4004
13.4732    33.274    14.4004
13.5116    33.281998    14.4004
13.5492    33.294    14.4004
13.6068    33.3116    14.4004
13.6332    33.322    14.4004
13.670799    33.335598    14.4004
13.7204    33.3532    14.4004
13.785999    33.382    14.4004
13.809999    33.394    14.4004
13.834    33.4044    14.4004
13.8812    33.4292    14.4004
13.912399    33.447598    14.4004
13.962    33.4796    14.4004
13.9964    33.5028    14.4004
14.015599    33.5164    14.4004
14.026    33.523598    14.4004
14.0476    33.5444    14.4004
14.0571995    33.551598    14.4004
14.0604    33.5556    14.4004
14.090799    33.5916    14.4004
14.102799    33.6036    14.4004
14.102799    33.618    14.4004
14.101999    33.6308    14.4004
14.0948    33.6404    14.4004
14.0484    33.694    14.4004
14.027599    33.718    14.4004
14.0171995    33.738    14.4004
14.009999    33.746    14.4004
14.0036    33.765198    14.4004
14.0012    33.778    14.4004
14.004399    33.794    14.4004
14.005199    33.809998    14.4004
14.015599    33.8364    14.4004
14.0124    33.849197    14.4004
14.0188    33.8644    14.4004
14.032399    33.8932    14.4004
14.0356    33.9004    14.4004
14.039599    33.91    14.4004
14.042    33.913998    14.4004
14.0468    33.9204    14.4004
14.0668    33.946    14.4004
14.078799    33.954    14.4004
14.1004    33.9636    14.4004
14.107599    33.964397    14.4004
14.1172    33.9652    14.4004
14.147599    33.966    14.4004
14.1988    33.9684    14.4004
14.250799    33.9684    14.4004
14.268399    33.9692    14.4004
14.2948    33.9716    14.4004
14.297999    33.9724    14.4004
14.3228    33.9772    14.4004
14.326799    33.978798    14.4004
14.3364    33.982    14.4004
14.3532    33.986797    14.4004
14.3675995    33.994    14.4004
14.3812    34.001198    14.4004
14.394799    34.012398    14.4004
14.405999    34.0196    14.4004
14.4148    34.0268    14.4004
14.45    34.0596    14.4004
14.464399    34.071598    14.4004
14.4892    34.0868    14.4004
14.4948    34.09    14.4004
14.5116    34.0948    14.4004
14.5171995    34.096397    14.4004
14.5188    34.0972    14.4004
14.521199    34.0972    14.4004
14.5859995    34.105198    14.4004
14.5996    34.1084    14.4004
14.620399    34.1124    14.4004
14.6332    34.116398    14.4004
14.65    34.1236    14.4004
14.660399    34.127598    14.4004
14.677199    34.1372    14.4004
14.6868    34.142    14.4004
14.6972    34.1484    14.4004
14.734799    34.1756    14.4004
14.752399    34.189198    14.4004
14.769199    34.202    14.4004
14.7892    34.2212    14.4004
14.7987995    34.2308    14.4004
14.813999    34.2492    14.4004
14.826799    34.2716    14.4004
14.8331995    34.2828    14.4004
14.8532    34.326    14.4004
14.865999    34.346798    14.4004
14.8812    34.365997    14.4004
14.9028    34.380398    14.4004
14.9172    34.3892    14.4004
14.9444    34.4044    14.4004
14.9772    34.426    14.4004
14.986    34.430798    14.4004
14.999599    34.441998    14.4004
15.0148    34.4516    14.4004
15.026799    34.464397    14.4004
15.0308    34.4684    14.4004
15.033999    34.4724    14.4004
15.045199    34.4852    14.4004
15.058    34.5004    14.4004
15.062799    34.506    14.4004
15.078    34.5284    14.4004
15.0948    34.5564    14.4004
15.134    34.624397    14.4004
15.146    34.644398    14.4004
15.1636    34.672398    14.4004
15.1684    34.6788    14.4004
15.189199    34.7044    14.4004
15.205999    34.720398    14.4004
15.2156    34.7308    14.4004
15.240399    34.7444    14.4004
15.2428    34.746    14.4004
15.245199    34.746    14.4004
15.274799    34.753998    14.4004
15.2755995    34.753998    14.4004
15.278    34.7548    14.4004
15.3804    34.7724    14.4004
15.405999    34.776398    14.4004
15.4196    34.7788    14.4004
15.429999    34.7844    14.4004
15.440399    34.7892    14.4004
15.475599    34.818    14.4004
15.4772    34.8196    14.4004
15.5292    34.8652    14.4004
15.5492    34.8844    14.4004
15.567599    34.9036    14.4004
15.597199    34.9332    14.4004
15.601999    34.938    14.4004
15.6044    34.9404    14.4004
15.641999    34.9828    14.4004
15.6612    35.0052    14.4004
15.674    35.0212    14.4004
15.6868    35.0396    14.4004
15.6972    35.0524    14.4004
15.717999    35.0812    14.4004
15.7196    35.0844    14.4004
15.728399    35.106    14.4004
15.73    35.110798    14.4004
15.7308    35.1156    14.4004
15.734799    35.138    14.4004
15.7355995    35.149998    14.4004
15.738    35.1652    14.4004
15.7355995    35.1828    14.4004
15.7355995    35.1916    14.4004
15.7332    35.2124    14.4004
15.7324    35.218    14.4004
15.7316    35.222797    14.4004
15.722799    35.2604    14.4004
15.717999    35.2756    14.4004
15.714    35.293198    14.4004
15.7123995    35.3004    14.4004
15.710799    35.309998    14.4004
15.7092    35.3308    14.4004
15.7092    35.346    14.4004
15.71    35.365997    14.4004
15.711599    35.4172    14.4004
15.710799    35.4284    14.4004
15.71    35.4356    14.4004
15.710799    35.4444    14.4004
15.710799    35.445198    14.4004
15.705999    35.4716    14.4004
15.7028    35.4772    14.4004
15.693999    35.4964    14.4004
15.6868    35.5028    14.4004
15.665999    35.5204    14.4004
15.641999    35.534798    14.4004
15.6396    35.5364    14.4004
15.636399    35.538    14.4004
15.591599    35.5644    14.4004
15.585199    35.568398    14.4004
15.5812    35.5708    14.4004
15.5571995    35.582798    14.4004
15.537999    35.590797    14.4004
15.527599    35.593998    14.4004
15.5148    35.5972    14.4004
15.497999    35.5988    14.4004
15.492399    35.599598    14.4004
15.481999    35.6004    14.4004
15.4724    35.6004    14.4004
15.4307995    35.598    14.4004
15.389999    35.5948    14.4004
15.3876    35.593998    14.4004
15.383599    35.5948    14.4004
15.3636    35.5956    14.4004
15.3524    35.6004    14.4004
15.3308    35.605198    14.4004
15.303599    35.6196    14.4004
15.291599    35.6252    14.4004
15.2668    35.6396    14.4004
15.252399    35.6468    14.4004
15.229199    35.6548    14.4004
15.2188    35.6596    14.4004
15.1972    35.666    14.4004
15.1924    35.6684    14.4004
15.1868    35.67    14.4004
15.1796    35.6708    14.4004
15.147599    35.6772    14.4004
15.1292    35.683598    14.4004
15.118799    35.69    14.4004
15.1036    35.7076    14.4004
15.098    35.7252    14.4004
15.1004    35.738    14.4004
15.1004    35.750797    14.4004
15.1108    35.79    14.4004
15.113999    35.8028    14.4004
15.1156    35.8068    14.4004
15.1164    35.8108    14.4004
15.119599    35.8252    14.4004
15.1236    35.8428    14.4004
15.1228    35.8516    14.4004
15.1236    35.8652    14.4004
15.120399    35.8764    14.4004
15.113999    35.888397    14.4004
15.1052    35.9044    14.4004
15.0828    35.9404    14.4004
15.078    35.9492    14.4004
15.0764    35.950798    14.4004
15.066799    35.964397    14.4004
15.045199    35.9932    14.4004
15.0404    35.9988    14.4004
15.021999    36.0172    14.4004
14.9916    36.045998    14.4004
14.9892    36.0484    14.4004
14.9852    36.051598    14.4004
14.9732    36.0612    14.4004
14.9332    36.0932    14.4004
14.9148    36.1124    14.4004
14.907599    36.1204    14.4004
14.8972    36.138798    14.4004
14.889999    36.1572    14.4004
14.8876    36.17    14.4004
14.884399    36.1996    14.4004
14.884399    36.200397    14.4004
14.884399    36.2012    14.4004
14.8796    36.2516    14.4004
14.8764    36.27    14.4004
14.8764    36.2716    14.4004
14.8748    36.2812    14.4004
14.873199    36.29    14.4004
14.8644    36.315598    14.4004
