19.805199    36.814    21.9004
19.857199    36.815598    21.9004
19.8668    36.8172    21.9004
19.9044    36.8236    21.9004
19.9052    36.8236    21.9004
19.966799    36.8372    21.9004
19.994    36.85    21.9004
19.9996    36.852398    21.9004
20.013199    36.860397    21.9004
20.0284    36.8684    21.9004
20.0332    36.8732    21.9004
20.0556    36.8908    21.9004
20.070799    36.9092    21.9004
20.0732    36.9116    21.9004
20.0908    36.930798    21.9004
20.098799    36.945198    21.9004
20.104399    36.9516    21.9004
20.1084    36.9556    21.9004
20.1164    36.969997    21.9004
20.1252    36.9836    21.9004
20.1308    36.9972    21.9004
20.1492    37.0412    21.9004
20.156399    37.0556    21.9004
20.180399    37.1196    21.9004
20.180399    37.1204    21.9004
20.180399    37.1212    21.9004
20.184399    37.1316    21.9004
20.1988    37.1932    21.9004
20.2052    37.2156    21.9004
20.206799    37.2196    21.9004
20.218    37.276398    21.9004
20.221199    37.294    21.9004
20.222    37.3004    21.9004
20.2228    37.3068    21.9004
20.2292    37.3396    21.9004
20.2292    37.3564    21.9004
20.232399    37.371597    21.9004
20.232399    37.3724    21.9004
20.230799    37.3844    21.9004
20.230799    37.3988    21.9004
20.2284    37.4236    21.9004
20.2276    37.4268    21.9004
20.2188    37.45    21.9004
20.2164    37.4548    21.9004
20.1988    37.4852    21.9004
20.191599    37.494    21.9004
20.1828    37.5004    21.9004
20.1684    37.512398    21.9004
20.1548    37.5212    21.9004
20.1404    37.5284    21.9004
20.1276    37.5332    21.9004
20.102    37.5412    21.9004
20.086    37.5444    21.9004
20.078    37.5452    21.9004
20.0548    37.5492    21.9004
20.0348    37.5492    21.9004
20.0324    37.5492    21.9004
20.0212    37.5492    21.9004
20.001999    37.5484    21.9004
19.998    37.5476    21.9004
19.97    37.5452    21.9004
19.9564    37.542    21.9004
19.9476    37.542    21.9004
19.9284    37.5364    21.9004
19.914799    37.534798    21.9004
19.878    37.5228    21.9004
19.873999    37.5212    21.9004
19.868399    37.5196    21.9004
19.845999    37.5108    21.9004
19.8148    37.4964    21.9004
19.801199    37.4892    21.9004
19.778    37.475597    21.9004
19.7628    37.4652    21.9004
19.7356    37.447598    21.9004
19.718    37.4356    21.9004
19.7076    37.4276    21.9004
19.6724    37.399597    21.9004
19.6572    37.3868    21.9004
19.6292    37.3628    21.9004
19.617199    37.35    21.9004
19.5996    37.3308    21.9004
19.574799    37.3028    21.9004
19.5628    37.287598    21.9004
19.5308    37.242    21.9004
19.529999    37.2412    21.9004
19.529999    37.2404    21.9004
19.514    37.2124    21.9004
19.496399    37.1788    21.9004
19.4956    37.177998    21.9004
19.4956    37.1764    21.9004
19.4868    37.149998    21.9004
19.4844    37.144398    21.9004
19.4844    37.1428    21.9004
19.4764    37.105198    21.9004
19.4756    37.090797    21.9004
19.4748    37.0732    21.9004
19.4772    37.057198    21.9004
19.479599    37.0388    21.9004
19.4844    37.0164    21.9004
19.500399    36.978798    21.9004
19.5028    36.975597    21.9004
19.524399    36.9444    21.9004
19.531599    36.9356    21.9004
19.5492    36.918    21.9004
19.563599    36.9036    21.9004
19.5868    36.8852    21.9004
19.594799    36.8788    21.9004
19.6012    36.874798    21.9004
19.6356    36.8532    21.9004
19.6644    36.837997    21.9004
19.6756    36.8308    21.9004
19.682    36.8292    21.9004
19.7188    36.8196    21.9004
19.7316    36.818798    21.9004
19.754    36.8164    21.9004
19.789999    36.814    21.9004
19.798    36.814    21.9004
19.805199    36.814    21.9004
