22.994799    27.688398    12.9004
23.0084    27.677198    12.9004
23.0148    27.6724    12.9004
23.024399    27.6644    12.9004
23.1012    27.6036    12.9004
23.1108    27.594799    12.9004
23.114    27.5924    12.9004
23.1428    27.5684    12.9004
23.143599    27.5668    12.9004
23.166    27.5436    12.9004
23.1708    27.539598    12.9004
23.1708    27.5388    12.9004
23.185999    27.5156    12.9004
23.1892    27.511599    12.9004
23.1924    27.507599    12.9004
23.2116    27.4772    12.9004
23.2228    27.4524    12.9004
23.2452    27.416399    12.9004
23.2508    27.407598    12.9004
23.2572    27.3972    12.9004
23.271599    27.369999    12.9004
23.282    27.3564    12.9004
23.2932    27.3396    12.9004
23.3092    27.321999    12.9004
23.3116    27.317999    12.9004
23.334799    27.293999    12.9004
23.3364    27.292398    12.9004
23.344398    27.284399    12.9004
23.373999    27.258799    12.9004
23.3932    27.2428    12.9004
23.3988    27.2388    12.9004
23.4636    27.1852    12.9004
23.470798    27.1756    12.9004
23.4732    27.1724    12.9004
23.4956    27.1516    12.9004
23.500399    27.1468    12.9004
23.5044    27.1412    12.9004
23.522799    27.1148    12.9004
23.5324    27.093199    12.9004
23.5348    27.0884    12.9004
23.535599    27.0868    12.9004
23.553999    27.042799    12.9004
23.5604    27.0276    12.9004
23.6068    26.914799    12.9004
23.6148    26.8988    12.9004
23.6388    26.8508    12.9004
23.6468    26.838    12.9004
23.6556    26.826    12.9004
23.6668    26.8076    12.9004
23.674    26.8004    12.9004
23.6908    26.7796    12.9004
23.6948    26.777199    12.9004
23.7172    26.7572    12.9004
23.7204    26.7564    12.9004
23.749199    26.7412    12.9004
23.7572    26.7372    12.9004
23.7652    26.734798    12.9004
23.81    26.723598    12.9004
23.8148    26.722    12.9004
23.855598    26.7172    12.9004
23.8596    26.7164    12.9004
23.8772    26.713999    12.9004
23.894    26.712399    12.9004
23.8972    26.712399    12.9004
23.901999    26.7132    12.9004
23.921999    26.7188    12.9004
23.9364    26.722    12.9004
23.946    26.725199    12.9004
23.985199    26.745998    12.9004
23.989199    26.747599    12.9004
23.9916    26.75    12.9004
24.022799    26.778    12.9004
24.033998    26.792398    12.9004
24.0364    26.7972    12.9004
24.042799    26.8196    12.9004
24.05    26.8428    12.9004
24.0564    26.8708    12.9004
24.0604    26.8916    12.9004
24.0628    26.918    12.9004
24.065199    26.933199    12.9004
24.066    26.9532    12.9004
24.066    26.9812    12.9004
24.066    26.9916    12.9004
24.065199    26.994799    12.9004
24.0644    27.0124    12.9004
24.062    27.045198    12.9004
24.0572    27.076399    12.9004
24.053999    27.0964    12.9004
24.0516    27.105999    12.9004
24.0436    27.1412    12.9004
24.042799    27.143599    12.9004
24.0212    27.212399    12.9004
24.013199    27.2396    12.9004
23.9996    27.2836    12.9004
23.990799    27.312399    12.9004
23.9884    27.3324    12.9004
23.9868    27.3364    12.9004
23.9876    27.3596    12.9004
23.9868    27.3636    12.9004
23.9876    27.3932    12.9004
23.9876    27.4436    12.9004
23.986    27.476398    12.9004
23.9844    27.5012    12.9004
23.9788    27.541199    12.9004
23.977999    27.545198    12.9004
23.9756    27.5556    12.9004
23.9628    27.605999    12.9004
23.9396    27.6724    12.9004
23.9244    27.7156    12.9004
23.9228    27.7188    12.9004
23.920399    27.7244    12.9004
23.916399    27.736399    12.9004
23.903599    27.777199    12.9004
23.8996    27.810799    12.9004
23.8988    27.814798    12.9004
23.8988    27.8172    12.9004
23.8996    27.851599    12.9004
23.9004    27.875599    12.9004
23.8996    27.896399    12.9004
23.9012    27.944399    12.9004
23.8996    27.9692    12.9004
23.897999    27.989199    12.9004
23.8948    28.0052    12.9004
23.892399    28.037199    12.9004
23.8788    28.076399    12.9004
23.875599    28.0868    12.9004
23.8612    28.117199    12.9004
23.8604    28.118    12.9004
23.8604    28.1188    12.9004
23.8492    28.1356    12.9004
23.844398    28.143599    12.9004
23.823599    28.174    12.9004
23.810799    28.191599    12.9004
23.7788    28.234    12.9004
23.746    28.2724    12.9004
23.7356    28.286    12.9004
23.7148    28.3116    12.9004
23.7004    28.333199    12.9004
23.695599    28.3412    12.9004
23.6868    28.357199    12.9004
23.678    28.3732    12.9004
23.6372    28.4404    12.9004
23.6292    28.449999    12.9004
23.5836    28.5092    12.9004
23.5772    28.517199    12.9004
23.569199    28.5252    12.9004
23.537199    28.5588    12.9004
23.5108    28.580399    12.9004
23.494    28.594799    12.9004
23.479599    28.6052    12.9004
23.4468    28.6292    12.9004
23.4188    28.6476    12.9004
23.385199    28.665998    12.9004
23.3724    28.673199    12.9004
23.3564    28.682    12.9004
23.3084    28.7052    12.9004
23.2796    28.7156    12.9004
23.260399    28.722    12.9004
23.247599    28.725199    12.9004
23.2116    28.734798    12.9004
23.1716    28.7428    12.9004
23.1708    28.7428    12.9004
23.169199    28.7428    12.9004
23.1348    28.747599    12.9004
23.128399    28.749199    12.9004
23.1108    28.7508    12.9004
23.066    28.753199    12.9004
23.0452    28.754    12.9004
23.0332    28.7524    12.9004
23.0164    28.749199    12.9004
23.001999    28.7428    12.9004
22.9636    28.7172    12.9004
22.9604    28.7156    12.9004
22.958    28.713999    12.9004
22.9396    28.6924    12.9004
22.934    28.6812    12.9004
22.9308    28.6596    12.9004
22.9292    28.6556    12.9004
22.9292    28.650799    12.9004
22.9308    28.639599    12.9004
22.931599    28.6132    12.9004
22.949999    28.518    12.9004
22.9508    28.5156    12.9004
22.9508    28.5148    12.9004
22.9548    28.4804    12.9004
22.9572    28.470798    12.9004
22.9716    28.4156    12.9004
22.9732    28.4004    12.9004
22.972399    28.3988    12.9004
22.9644    28.3692    12.9004
22.942799    28.340399    12.9004
22.9412    28.338799    12.9004
22.9396    28.338    12.9004
22.8764    28.282799    12.9004
22.858799    28.2668    12.9004
22.8364    28.243599    12.9004
22.827599    28.2332    12.9004
22.7972    28.1996    12.9004
22.7916    28.1924    12.9004
22.7876    28.1876    12.9004
22.781199    28.1764    12.9004
22.7724    28.1596    12.9004
22.7692    28.1524    12.9004
22.765999    28.133999    12.9004
22.760399    28.1164    12.9004
22.7596    28.1108    12.9004
22.7572    28.1068    12.9004
22.7572    28.09    12.9004
22.758    28.078    12.9004
22.7636    28.045198    12.9004
22.7668    28.0292    12.9004
22.786    27.9572    12.9004
22.788399    27.9476    12.9004
22.7916    27.938799    12.9004
22.795599    27.9252    12.9004
22.8076    27.8876    12.9004
22.814    27.8732    12.9004
22.8244    27.854    12.9004
22.83    27.844398    12.9004
22.8316    27.8428    12.9004
22.8492    27.8188    12.9004
22.8564    27.812399    12.9004
22.8724    27.7988    12.9004
22.878    27.7916    12.9004
22.9004    27.769999    12.9004
22.9068    27.7628    12.9004
22.9156    27.754799    12.9004
22.9364    27.7372    12.9004
22.994799    27.688398    12.9004
