23.5964    13.3804    0.6004
23.5964    8.2108    0.6004
22.310799    8.4404    0.6004
21.455599    8.5932    0.6004
20.208399    8.9804    0.6004
19.378    9.238    0.6004
18.1884    9.7772    0.6004
17.3972    10.1356    0.6004
16.2836    10.818    0.6004
15.5428    11.2724    0.6004
14.5227995    12.0876    0.6004
13.844399    12.63    0.6004
12.9332    13.5652    0.6004
12.326799    14.187599    0.6004
11.538799    15.228399    0.6004
11.014    15.9212    0.6004
10.361199    17.052399    0.6004
9.9268    17.805199    0.6004
9.418799    19.007599    0.6004
9.0812    19.8084    0.6004
8.7268    21.065199    0.6004
8.4908    21.901999    0.6004
8.2948    23.1932    0.6004
8.1644    24.052399    0.6004
8.13    25.357199    0.6004
8.1076    26.226    0.6004
8.2355995    27.526    0.6004
8.321199    28.390799    0.6004
8.6092    29.6644    0.6004
8.8012    30.511599    0.6004
9.2452    31.7396    0.6004
9.5404    32.557198    0.6004
12.5204    30.8364    0.6004
16.9972    28.251598    0.6004
16.869999    27.674    0.6004
16.678    26.806799    0.6004
16.6468    26.2164    0.6004
16.600399    25.3284    0.6004
16.6668    24.7412    0.6004
16.765999    23.858    0.6004
16.927599    23.2892    0.6004
17.17    22.4348    0.6004
17.4228    21.8996    0.6004
17.802    21.0964    0.6004
18.1388    20.609999    0.6004
18.645199    19.879599    0.6004
19.0572    19.455599    0.6004
19.6756    18.817999    0.6004
20.1516    18.466799    0.6004
20.8668    17.9396    0.6004
21.394    17.6708    0.6004
22.1852    17.2676    0.6004
22.749199    17.0892    0.6004
23.5964    16.8212    0.6004
23.5964    13.3804    0.6004
