37.1756    29.972399    0.6004
41.652397    32.557198    0.6004
42.096397    31.329199    0.6004
42.391598    30.511599    0.6004
42.6796    29.237999    0.6004
42.871597    28.390799    0.6004
42.9996    27.0908    0.6004
43.085197    26.226    0.6004
43.0508    24.9212    0.6004
43.0284    24.052399    0.6004
42.832397    22.7612    0.6004
42.702    21.901999    0.6004
42.3476    20.645199    0.6004
42.1116    19.8084    0.6004
41.6036    18.605999    0.6004
41.266    17.805199    0.6004
40.613197    16.674    0.6004
40.1788    15.9212    0.6004
39.3908    14.8804    0.6004
38.865997    14.187599    0.6004
37.9548    13.252399    0.6004
37.3484    12.63    0.6004
36.3284    11.814799    0.6004
35.6492    11.2724    0.6004
34.5364    10.59    0.6004
33.7956    10.1356    0.6004
32.606    9.596399    0.6004
31.814    9.238    0.6004
30.5668    8.8508    0.6004
29.7372    8.5932    0.6004
28.4516    8.3636    0.6004
27.5964    8.2108    0.6004
27.5964    11.6516    0.6004
27.5964    16.8212    0.6004
28.160398    16.9996    0.6004
29.007599    17.2676    0.6004
29.5348    17.5364    0.6004
30.325998    17.9396    0.6004
30.802    18.2908    0.6004
31.517199    18.817999    0.6004
31.9292    19.241999    0.6004
32.5476    19.879599    0.6004
32.8844    20.366    0.6004
33.3908    21.0964    0.6004
33.6436    21.6316    0.6004
34.0228    22.4348    0.6004
34.1844    23.0036    0.6004
34.4268    23.858    0.6004
34.4932    24.4452    0.6004
34.5924    25.3284    0.6004
34.5612    25.918798    0.6004
34.5148    26.806799    0.6004
34.3876    27.3844    0.6004
34.1956    28.251598    0.6004
37.1756    29.972399    0.6004
