16.0172    33.436398    0.6004
11.5404    36.0212    0.6004
12.382    37.0196    0.6004
12.941999    37.683598    0.6004
13.900399    38.57    0.6004
14.538799    39.1604    0.6004
15.6004    39.9204    0.6004
16.306799    40.4268    0.6004
17.454    41.05    0.6004
18.218    41.464397    0.6004
19.434    41.9404    0.6004
20.2428    42.2572    0.6004
21.5084    42.5788    0.6004
22.3508    42.7924    0.6004
23.6468    42.9548    0.6004
24.5092    43.062798    0.6004
25.8148    43.062798    0.6004
26.6836    43.062798    0.6004
27.979599    42.9004    0.6004
28.842    42.7924    0.6004
30.1076    42.4708    0.6004
30.949999    42.2572    0.6004
32.166    41.7812    0.6004
32.9748    41.464397    0.6004
34.121998    40.841198    0.6004
34.885998    40.4268    0.6004
35.947598    39.666798    0.6004
36.654    39.1604    0.6004
37.6124    38.274    0.6004
38.250797    37.683598    0.6004
39.0924    36.6852    0.6004
39.652397    36.0212    0.6004
36.672398    34.3004    0.6004
32.1956    31.7156    0.6004
31.7596    32.1148    0.6004
31.1036    32.714798    0.6004
30.6076    33.0372    0.6004
29.862799    33.5212    0.6004
29.320398    33.758    0.6004
28.505999    34.113197    0.6004
27.933199    34.258    0.6004
27.0716    34.4748    0.6004
26.481998    34.523598    0.6004
25.5964    34.596397    0.6004
25.0068    34.5476    0.6004
24.121199    34.4748    0.6004
23.5476    34.329998    0.6004
22.685999    34.113197    0.6004
22.1444    33.8764    0.6004
21.33    33.5212    0.6004
20.834    33.1988    0.6004
20.0892    32.714798    0.6004
19.6532    32.315598    0.6004
18.9972    31.7156    0.6004
16.0172    33.436398    0.6004
