21.5964    45.192398    0.6004
21.126    45.0812    0.6004
20.4196    44.9148    0.6004
19.9572    44.7756    0.6004
19.2628    44.5668    0.6004
17.1988    46.1436    0.6004
14.097199    48.5132    0.6004
13.0588    47.913998    0.6004
11.499599    47.0132    0.6004
11.8331995    44.4372    0.6004
12.334    40.5668    0.6004
11.981999    40.2356    0.6004
11.4539995    39.7388    0.6004
11.1228    39.3868    0.6004
10.625999    38.857998    0.6004
8.05    39.1916    0.6004
4.1796    39.6932    0.6004
3.5804    38.6548    0.6004
2.6796    37.0956    0.6004
4.2564    35.0316    0.6004
6.626    31.929998    0.6004
6.4867997    31.4676    0.6004
6.278    30.7724    0.6004
6.1668    30.3028    0.6004
6.0004    29.5964    0.6004
3.6028    28.597198    0.6004
0.0004    27.0964    0.6004
0.0004    25.897999    0.6004
0.0004    24.0964    0.6004
2.398    23.097198    0.6004
6.0004    21.5964    0.6004
6.1116    21.126    0.6004
6.278    20.4196    0.6004
6.4171996    19.9572    0.6004
6.626    19.2628    0.6004
5.0492    17.1988    0.6004
2.6796    14.097199    0.6004
3.2788    13.0588    0.6004
4.1796    11.499599    0.6004
6.7556    11.8331995    0.6004
10.625999    12.334    0.6004
10.9572    11.981999    0.6004
11.4539995    11.4539995    0.6004
11.806    11.1228    0.6004
12.334    10.625999    0.6004
12.0004    8.05    0.6004
11.499599    4.1796    0.6004
12.538    3.5804    0.6004
14.097199    2.6796    0.6004
16.1612    4.2564    0.6004
19.2628    6.626    0.6004
19.725199    6.4867997    0.6004
20.4196    6.278    0.6004
20.89    6.1668    0.6004
21.5964    6.0004    0.6004
22.5956    3.6028    0.6004
24.0964    0.0004    0.6004
25.2948    0.0004    0.6004
27.0964    0.0004    0.6004
28.0956    2.398    0.6004
29.5964    6.0004    0.6004
30.066    6.1116    0.6004
30.7724    6.278    0.6004
31.234798    6.4171996    0.6004
31.929998    6.626    0.6004
33.994    5.0492    0.6004
37.0956    2.6796    0.6004
38.134    3.2788    0.6004
39.6932    4.1796    0.6004
39.3596    6.7556    0.6004
38.857998    10.625999    0.6004
39.21    10.9572    0.6004
39.7388    11.4539995    0.6004
40.07    11.806    0.6004
40.5668    12.334    0.6004
43.1428    12.0004    0.6004
47.0132    11.499599    0.6004
47.6124    12.538    0.6004
48.5132    14.097199    0.6004
46.936398    16.1612    0.6004
44.5668    19.2628    0.6004
44.705997    19.725199    0.6004
44.9148    20.4196    0.6004
45.025997    20.89    0.6004
45.192398    21.5964    0.6004
47.59    22.5956    0.6004
51.192398    24.0964    0.6004
51.192398    25.2948    0.6004
51.192398    27.0964    0.6004
48.7948    28.0956    0.6004
45.192398    29.5964    0.6004
45.0812    30.066    0.6004
44.9148    30.7724    0.6004
44.7756    31.234798    0.6004
44.5668    31.929998    0.6004
46.1436    33.994    0.6004
48.5132    37.0956    0.6004
47.913998    38.134    0.6004
47.0132    39.6932    0.6004
44.4372    39.3596    0.6004
40.5668    38.857998    0.6004
40.2356    39.21    0.6004
39.7388    39.7388    0.6004
39.3868    40.07    0.6004
38.857998    40.5668    0.6004
39.1916    43.1428    0.6004
39.6932    47.0132    0.6004
38.6548    47.6124    0.6004
37.0956    48.5132    0.6004
35.0316    46.936398    0.6004
31.929998    44.5668    0.6004
31.4676    44.705997    0.6004
30.7724    44.9148    0.6004
30.3028    45.025997    0.6004
29.5964    45.192398    0.6004
28.597198    47.59    0.6004
27.0964    51.192398    0.6004
25.897999    51.192398    0.6004
24.0964    51.192398    0.6004
23.097198    48.7948    0.6004
21.5964    45.192398    0.6004
