15.3756    19.1796    6.6004
15.3508    19.218    6.6004
15.343599    19.2284    6.6004
15.334    19.2396    6.6004
15.318    19.2564    6.6004
15.3043995    19.2612    6.6004
15.2884    19.262    6.6004
15.282    19.260399    6.6004
15.2764    19.2636    6.6004
15.262799    19.2612    6.6004
15.2532    19.2612    6.6004
15.2388    19.2572    6.6004
15.202    19.2356    6.6004
15.188399    19.23    6.6004
15.129999    19.197199    6.6004
15.1236    19.1932    6.6004
15.1147995    19.1884    6.6004
15.098    19.1772    6.6004
15.026    19.1308    6.6004
15.010799    19.1196    6.6004
14.9892    19.102    6.6004
14.9612    19.0788    6.6004
14.9196    19.042    6.6004
14.901999    19.0236    6.6004
14.8852    19.0084    6.6004
14.877999    18.9972    6.6004
14.849199    18.9636    6.6004
14.843599    18.954    6.6004
14.8308    18.9348    6.6004
14.8124    18.906    6.6004
14.785199    18.8676    6.6004
14.7828    18.8652    6.6004
14.780399    18.8636    6.6004
14.779599    18.8604    6.6004
14.768399    18.840399    6.6004
14.757199    18.8268    6.6004
14.7436    18.826    6.6004
14.7244    18.8092    6.6004
14.722799    18.8092    6.6004
14.7188    18.8084    6.6004
14.6988    18.802    6.6004
14.69    18.7988    6.6004
14.665999    18.8092    6.6004
14.646    18.8148    6.6004
14.6388    18.8172    6.6004
14.637199    18.8172    6.6004
14.6036    18.8252    6.6004
14.5708    18.8284    6.6004
14.539599    18.8284    6.6004
14.5171995    18.829199    6.6004
14.429999    18.814    6.6004
14.424399    18.8132    6.6004
14.343599    18.786    6.6004
14.331599    18.782    6.6004
14.322    18.778    6.6004
14.246799    18.7388    6.6004
14.2388    18.734    6.6004
14.181999    18.6996    6.6004
14.1612    18.6868    6.6004
14.1572    18.6852    6.6004
14.119599    18.6572    6.6004
14.0636    18.618    6.6004
14.0124    18.5772    6.6004
13.969199    18.5436    6.6004
13.9228    18.5044    6.6004
13.889199    18.4756    6.6004
13.8708    18.4588    6.6004
13.7964    18.3836    6.6004
13.7732    18.3604    6.6004
13.7076    18.2924    6.6004
13.6779995    18.2636    6.6004
13.6147995    18.1924    6.6004
13.585199    18.1604    6.6004
13.538    18.1052    6.6004
13.492399    18.0516    6.6004
13.4452    17.989199    6.6004
13.401199    17.9308    6.6004
13.334    17.8388    6.6004
13.308399    17.8044    6.6004
13.222    17.6812    6.6004
13.217199    17.674    6.6004
13.2123995    17.6668    6.6004
13.200399    17.6484    6.6004
13.122    17.5236    6.6004
13.0859995    17.4628    6.6004
13.033199    17.3748    6.6004
13.028399    17.3676    6.6004
12.9844    17.286    6.6004
12.9428    17.2116    6.6004
12.929999    17.1868    6.6004
12.8924    17.1052    6.6004
12.854    17.0268    6.6004
12.837199    16.990799    6.6004
12.803599    16.916399    6.6004
12.7564    16.806799    6.6004
12.7484    16.7876    6.6004
12.745199    16.7788    6.6004
12.7364    16.758    6.6004
12.6908    16.6412    6.6004
12.6404    16.5028    6.6004
12.6348    16.483599    6.6004
12.630799    16.4732    6.6004
12.607599    16.4044    6.6004
12.5604    16.2652    6.6004
12.5532    16.2404    6.6004
12.5404    16.202799    6.6004
12.4883995    16.0404    6.6004
12.4595995    15.9332    6.6004
12.45    15.898    6.6004
12.441999    15.8708    6.6004
12.3828    15.6491995    6.6004
12.374    15.6164    6.6004
12.3508    15.515599    6.6004
12.344399    15.487599    6.6004
12.3428    15.4788    6.6004
12.315599    15.3596    6.6004
12.306    15.315599    6.6004
12.2876    15.221999    6.6004
12.2668    15.118    6.6004
12.257199    15.061999    6.6004
12.2308    14.9148    6.6004
12.2276    14.889999    6.6004
12.1988    14.7012    6.6004
12.1956    14.682799    6.6004
12.1852    14.6164    6.6004
12.1779995    14.568399    6.6004
12.158    14.4036    6.6004
12.1564    14.389999    6.6004
12.1452    14.2716    6.6004
12.1412    14.2411995    6.6004
12.1292    14.1212    6.6004
12.1276    14.1052    6.6004
12.1212    13.992399    6.6004
12.119599    13.975599    6.6004
12.1052    13.7948    6.6004
12.1052    13.786799    6.6004
12.101999    13.7388    6.6004
12.0924    13.5884    6.6004
12.0924    13.5756    6.6004
12.0924    13.5596    6.6004
12.091599    13.4692    6.6004
12.091599    13.4628    6.6004
12.091599    13.4564    6.6004
12.0948    13.354    6.6004
12.0948    13.3396    6.6004
12.0956    13.3116    6.6004
12.098    13.2308    6.6004
12.1012    13.181999    6.6004
12.11    13.1036    6.6004
12.113999    13.0772    6.6004
12.1244    12.992399    6.6004
12.125999    12.9844    6.6004
12.1292    12.966    6.6004
12.148399    12.877999    6.6004
12.165199    12.8132    6.6004
12.177199    12.7708    6.6004
12.193999    12.7132    6.6004
12.205199    12.6796    6.6004
12.211599    12.660399    6.6004
12.2276    12.6244    6.6004
12.2596    12.5548    6.6004
12.2604    12.5532    6.6004
12.3004    12.4836    6.6004
12.3132    12.4612    6.6004
12.326799    12.4404    6.6004
12.3572    12.3932    6.6004
12.389999    12.354    6.6004
12.4324    12.3076    6.6004
12.4492    12.2892    6.6004
12.469999    12.2699995    6.6004
12.5292    12.223599    6.6004
12.555599    12.2044    6.6004
12.5892    12.182799    6.6004
12.634    12.1532    6.6004
12.6468    12.1452    6.6004
12.6964    12.1244    6.6004
12.7084    12.119599    6.6004
12.71    12.1188    6.6004
12.717199    12.1156    6.6004
12.791599    12.0868    6.6004
12.814799    12.079599    6.6004
12.865999    12.0636    6.6004
12.895599    12.056399    6.6004
12.9452    12.0468    6.6004
12.981199    12.0476    6.6004
13.0188    12.0476    6.6004
13.0692    12.0468    6.6004
13.0988    12.0468    6.6004
13.154799    12.0556    6.6004
13.177199    12.0596    6.6004
13.239599    12.0716    6.6004
13.263599    12.0764    6.6004
13.314    12.0988    6.6004
13.3236    12.102799    6.6004
13.344399    12.102799    6.6004
13.354799    12.079599    6.6004
13.3652    12.0668    6.6004
13.365999    12.0428    6.6004
13.365999    12.0412    6.6004
13.3684    11.987599    6.6004
13.371599    11.9595995    6.6004
13.3764    11.9324    6.6004
13.384399    11.8916    6.6004
13.3996    11.8372    6.6004
13.406799    11.8124    6.6004
13.4092    11.8052    6.6004
13.4204    11.7836    6.6004
13.4307995    11.7732    6.6004
13.438    11.7724    6.6004
13.457999    11.7644    6.6004
13.4668    11.7676    6.6004
13.486    11.7716    6.6004
13.506    11.7828    6.6004
13.510799    11.785999    6.6004
13.5148    11.7884    6.6004
13.5356    11.802    6.6004
13.5596    11.821199    6.6004
13.5692    11.83    6.6004
13.6228    11.886    6.6004
13.6236    11.886    6.6004
13.6284    11.8868    6.6004
13.653199    11.8907995    6.6004
13.6556    11.8907995    6.6004
13.714    11.877999    6.6004
13.717999    11.877999    6.6004
13.7204    11.878799    6.6004
13.738    11.8828    6.6004
13.751599    11.889199    6.6004
13.762799    11.894    6.6004
13.786799    11.913199    6.6004
13.7932    11.9172    6.6004
13.8292    11.946    6.6004
13.8636    11.9748    6.6004
13.8868    11.9939995    6.6004
13.9276    12.0268    6.6004
13.9444    12.0436    6.6004
13.998799    12.097199    6.6004
14.0412    12.1388    6.6004
14.106    12.2036    6.6004
14.118    12.2164    6.6004
14.124399    12.222799    6.6004
14.1916    12.2987995    6.6004
14.211599    12.3228    6.6004
14.2332    12.3524    6.6004
14.252399    12.3804    6.6004
14.2548    12.383599    6.6004
14.266    12.4052    6.6004
14.2764    12.4276    6.6004
14.285999    12.4564    6.6004
14.294    12.475599    6.6004
14.303599    12.502    6.6004
14.320399    12.5524    6.6004
14.337999    12.613999    6.6004
14.3452    12.641999    6.6004
14.354    12.6756    6.6004
14.382    12.782    6.6004
14.383599    12.7884    6.6004
14.4044    12.8828    6.6004
14.4092    12.901199    6.6004
14.414    12.922    6.6004
14.434    13.0171995    6.6004
14.435599    13.021999    6.6004
14.438    13.033999    6.6004
14.4595995    13.1435995    6.6004
14.462    13.1779995    6.6004
14.466    13.2132    6.6004
14.4676    13.226    6.6004
14.469199    13.2476    6.6004
14.469999    13.2987995    6.6004
14.4716    13.337999    6.6004
14.4724    13.3452    6.6004
14.4732    13.355599    6.6004
14.4748    13.382    6.6004
14.475599    13.4036    6.6004
14.475599    13.407599    6.6004
14.4748    13.4108    6.6004
14.4724    13.463599    6.6004
14.470799    13.5004    6.6004
14.469199    13.5868    6.6004
14.466    13.6412    6.6004
14.462    13.762    6.6004
14.462    13.7732    6.6004
14.4595995    13.873199    6.6004
14.4595995    13.882    6.6004
14.458799    13.986799    6.6004
14.458799    13.9883995    6.6004
14.458799    13.9948    6.6004
14.458799    14.1556    6.6004
14.4628    14.257999    6.6004
14.464399    14.3004    6.6004
14.470799    14.3828    6.6004
14.475599    14.436399    6.6004
14.4852    14.5244    6.6004
14.4948    14.6044    6.6004
14.506    14.687599    6.6004
14.5244    14.8308    6.6004
14.544399    14.964399    6.6004
14.5515995    15.014    6.6004
14.554    15.027599    6.6004
14.5571995    15.042    6.6004
14.5764    15.1412    6.6004
14.579599    15.1556    6.6004
14.625999    15.394799    6.6004
14.6268    15.3988    6.6004
14.6276    15.3996    6.6004
14.6276    15.401999    6.6004
14.6516    15.509199    6.6004
14.688399    15.658    6.6004
14.717199    15.7732    6.6004
14.745999    15.877999    6.6004
14.782    16.01    6.6004
14.8004    16.0772    6.6004
14.821199    16.1548    6.6004
14.8596    16.2804    6.6004
14.8796    16.3492    6.6004
14.8963995    16.4012    6.6004
14.9307995    16.5044    6.6004
14.9548    16.578    6.6004
15.0028    16.71    6.6004
15.032399    16.7932    6.6004
15.0476    16.8332    6.6004
15.1172    17.014    6.6004
15.17    17.139599    6.6004
15.205999    17.2284    6.6004
15.245999    17.3228    6.6004
15.2588    17.354    6.6004
15.308399    17.4812    6.6004
15.3236    17.5212    6.6004
15.3364    17.557999    6.6004
15.353999    17.6132    6.6004
15.3804    17.685999    6.6004
15.3924    17.730799    6.6004
15.405999    17.7748    6.6004
15.441199    17.906    6.6004
15.4452    17.9212    6.6004
15.446799    17.9284    6.6004
15.486    18.0972    6.6004
15.506    18.195599    6.6004
15.510799    18.2188    6.6004
15.514    18.2372    6.6004
15.521999    18.2836    6.6004
15.537999    18.375599    6.6004
15.555599    18.494799    6.6004
15.5571995    18.5052    6.6004
15.5571995    18.5092    6.6004
15.5571995    18.5124    6.6004
15.5588    18.522    6.6004
15.5652    18.576399    6.6004
15.567599    18.618    6.6004
15.57    18.637999    6.6004
15.567599    18.656399    6.6004
15.5652    18.6932    6.6004
15.561999    18.7068    6.6004
15.555599    18.7404    6.6004
15.53    18.827599    6.6004
15.514    18.8804    6.6004
15.5028    18.916399    6.6004
15.4852    18.97    6.6004
15.4564    19.035599    6.6004
15.452399    19.0436    6.6004
15.4484    19.052399    6.6004
15.418799    19.1108    6.6004
15.414    19.1196    6.6004
15.3988    19.1468    6.6004
15.3756    19.1796    6.6004
