24.011599    25.8044    14.7004
24.0204    25.7948    14.7004
24.037199    25.778    14.7004
24.0556    25.762    14.7004
24.0668    25.754799    14.7004
24.078    25.75    14.7004
24.081999    25.7484    14.7004
24.0884    25.7484    14.7004
24.1092    25.746    14.7004
24.1316    25.75    14.7004
24.1388    25.7524    14.7004
24.1412    25.753199    14.7004
24.1588    25.7628    14.7004
24.1796    25.7788    14.7004
24.2004    25.8004    14.7004
24.202799    25.8028    14.7004
24.2036    25.805199    14.7004
24.2188    25.8316    14.7004
24.222    25.840399    14.7004
24.23    25.861198    14.7004
24.2372    25.8884    14.7004
24.2396    25.8996    14.7004
24.2404    25.913198    14.7004
24.241999    25.9436    14.7004
24.2444    25.986    14.7004
24.2444    25.9916    14.7004
24.2428    26.011599    14.7004
24.2404    26.0388    14.7004
24.2372    26.0556    14.7004
24.230799    26.0852    14.7004
24.226    26.102798    14.7004
24.2188    26.122799    14.7004
24.2092    26.1444    14.7004
24.1876    26.198    14.7004
24.161999    26.2508    14.7004
24.1532    26.2724    14.7004
24.1484    26.2876    14.7004
24.139599    26.3132    14.7004
24.1364    26.338    14.7004
24.1348    26.3604    14.7004
24.1308    26.386    14.7004
24.128399    26.407598    14.7004
24.126799    26.433199    14.7004
24.126    26.438    14.7004
24.1204    26.4916    14.7004
24.1188    26.4972    14.7004
24.114    26.526    14.7004
24.111599    26.5332    14.7004
24.105999    26.552399    14.7004
24.100399    26.566    14.7004
24.087599    26.5844    14.7004
24.0828    26.5924    14.7004
24.0684    26.598799    14.7004
24.057999    26.602    14.7004
24.05    26.602    14.7004
24.0268    26.602798    14.7004
23.9996    26.594799    14.7004
23.9988    26.594    14.7004
23.994799    26.5924    14.7004
23.976398    26.5812    14.7004
23.9756    26.580399    14.7004
23.9492    26.5516    14.7004
23.9228    26.5204    14.7004
23.9228    26.5196    14.7004
23.890799    26.473999    14.7004
23.8884    26.470798    14.7004
23.8428    26.403599    14.7004
23.838799    26.3972    14.7004
23.8364    26.3948    14.7004
23.8172    26.364399    14.7004
23.8076    26.349998    14.7004
23.7948    26.3252    14.7004
23.7908    26.317999    14.7004
23.7852    26.306799    14.7004
23.7692    26.275599    14.7004
23.758799    26.254    14.7004
23.7572    26.247599    14.7004
23.7556    26.2444    14.7004
23.7484    26.219599    14.7004
23.7468    26.2044    14.7004
23.7444    26.1948    14.7004
23.7468    26.178799    14.7004
23.7468    26.1684    14.7004
23.749199    26.1628    14.7004
23.7516    26.1476    14.7004
23.758    26.1316    14.7004
23.764399    26.117199    14.7004
23.774    26.098799    14.7004
23.7892    26.0732    14.7004
23.7916    26.07    14.7004
23.792398    26.0684    14.7004
23.8284    26.018    14.7004
23.83    26.0164    14.7004
23.8324    26.013199    14.7004
23.8772    25.961199    14.7004
23.9172    25.9156    14.7004
23.918798    25.914    14.7004
23.920399    25.9124    14.7004
23.9476    25.8804    14.7004
23.9644    25.858799    14.7004
23.9748    25.8468    14.7004
23.989199    25.8308    14.7004
24.005999    25.81    14.7004
24.011599    25.8044    14.7004
