1.8596    46.905197    22.8004
1.8579999    46.906    22.8004
1.826    46.93    22.8004
1.6675999    47.042    22.8004
1.566    47.11    22.8004
1.5444    47.124397    22.8004
1.5131999    47.1476    22.8004
1.4787999    47.1732    22.8004
1.346    47.2636    22.8004
1.1883999    47.3732    22.8004
1.1603999    47.3924    22.8004
1.146    47.402    22.8004
1.1348    47.41    22.8004
1.1108    47.4236    22.8004
1.1036    47.426    22.8004
1.0979999    47.4268    22.8004
1.0763999    47.4212    22.8004
1.0724    47.419598    22.8004
1.0244    47.3892    22.8004
1.0028    47.3756    22.8004
1.0012    47.374    22.8004
1.0004    47.3732    22.8004
0.9956    47.37    22.8004
0.95    47.3372    22.8004
0.9284    47.3172    22.8004
0.91639996    47.3052    22.8004
0.91319996    47.2996    22.8004
0.9068    47.289997    22.8004
0.886    47.267597    22.8004
0.8684    47.242798    22.8004
0.83959997    47.2012    22.8004
0.8308    47.189198    22.8004
0.81479996    47.161198    22.8004
0.81159997    47.1564    22.8004
0.8092    47.1508    22.8004
0.802    47.1348    22.8004
0.80039996    47.1284    22.8004
0.7988    47.1252    22.8004
0.782    47.077198    22.8004
0.7284    46.913998    22.8004
0.718    46.8796    22.8004
0.70519996    46.841198    22.8004
0.6676    46.722797    22.8004
0.6476    46.662    22.8004
0.5724    46.433197    22.8004
0.56439996    46.4076    22.8004
0.56119996    46.3988    22.8004
0.5532    46.3724    22.8004
0.5268    46.289997    22.8004
0.49879998    46.202797    22.8004
0.466    46.099598    22.8004
0.4596    46.077198    22.8004
0.45319998    46.0532    22.8004
0.4452    46.020397    22.8004
0.43559998    45.9772    22.8004
0.4308    45.958797    22.8004
0.426    45.938    22.8004
0.4068    45.8564    22.8004
0.3892    45.7716    22.8004
0.3748    45.7028    22.8004
0.3556    45.6148    22.8004
0.3364    45.525997    22.8004
0.33319998    45.5108    22.8004
0.32999998    45.492397    22.8004
0.3276    45.4796    22.8004
0.2988    45.3372    22.8004
0.274    45.214    22.8004
0.266    45.174797    22.8004
0.2564    45.116398    22.8004
0.24919999    45.0764    22.8004
0.24599999    45.0556    22.8004
0.2268    44.9516    22.8004
0.214    44.882797    22.8004
0.2068    44.8388    22.8004
0.19559999    44.773197    22.8004
0.1796    44.683598    22.8004
0.1724    44.638798    22.8004
0.16759999    44.607597    22.8004
0.1612    44.565998    22.8004
0.15879999    44.5436    22.8004
0.146    44.4484    22.8004
0.1452    44.4372    22.8004
0.1444    44.4204    22.8004
0.1428    44.402    22.8004
0.14039999    44.374    22.8004
0.14119999    44.3484    22.8004
0.14199999    44.3404    22.8004
0.1428    44.3348    22.8004
0.1452    44.317997    22.8004
0.1468    44.309998    22.8004
0.1468    44.3084    22.8004
0.1548    44.2636    22.8004
0.1548    44.2628    22.8004
0.1548    44.261997    22.8004
0.1564    44.258    22.8004
0.1636    44.2324    22.8004
0.19399999    44.135597    22.8004
0.19559999    44.129997    22.8004
0.1972    44.126    22.8004
0.20439999    44.1028    22.8004
0.2516    43.9548    22.8004
0.2636    43.918    22.8004
0.3116    43.7684    22.8004
0.3436    43.669197    22.8004
0.406    43.475597    22.8004
0.45    43.342    22.8004
0.478    43.2572    22.8004
0.538    43.0724    22.8004
0.5572    43.01    22.8004
0.5908    42.910797    22.8004
0.598    42.89    22.8004
0.6324    42.7804    22.8004
0.6396    42.756397    22.8004
0.6404    42.7548    22.8004
0.66359997    42.6876    22.8004
0.6796    42.6516    22.8004
0.6884    42.629997    22.8004
0.6932    42.6212    22.8004
0.71559995    42.5644    22.8004
0.722    42.551598    22.8004
0.7324    42.534798    22.8004
0.7428    42.5132    22.8004
0.76919997    42.474    22.8004
0.7924    42.4412    22.8004
0.85639995    42.352398    22.8004
0.85719997    42.352398    22.8004
0.85719997    42.3516    22.8004
0.9148    42.2724    22.8004
0.91959995    42.2668    22.8004
0.92359996    42.2612    22.8004
0.95    42.225998    22.8004
0.95479995    42.214798    22.8004
0.96599996    42.194798    22.8004
0.96599996    42.1844    22.8004
0.9708    42.1604    22.8004
0.9684    42.1564    22.8004
0.9676    42.149998    22.8004
0.97239995    42.1308    22.8004
0.97239995    42.124397    22.8004
0.974    42.1228    22.8004
0.974    42.0956    22.8004
0.974    42.09    22.8004
0.9636    42.0724    22.8004
0.9604    42.0676    22.8004
0.95159996    42.0556    22.8004
0.9436    42.0436    22.8004
0.9364    42.03    22.8004
0.9084    41.9828    22.8004
0.8796    41.9316    22.8004
0.8772    41.927597    22.8004
0.8764    41.925198    22.8004
0.8724    41.9148    22.8004
0.862    41.897198    22.8004
0.85719997    41.8932    22.8004
0.84919995    41.878    22.8004
0.8444    41.8708    22.8004
0.826    41.857998    22.8004
0.8228    41.8564    22.8004
0.7988    41.8484    22.8004
0.77239996    41.8428    22.8004
0.7708    41.8428    22.8004
0.7468    41.8388    22.8004
0.7436    41.837997    22.8004
0.7204    41.8332    22.8004
0.70199996    41.8196    22.8004
0.694    41.814    22.8004
0.6836    41.7964    22.8004
0.67719996    41.787598    22.8004
0.6708    41.7724    22.8004
0.6708    41.7716    22.8004
0.634    41.6884    22.8004
0.6004    41.61    22.8004
0.55399996    41.501198    22.8004
0.5516    41.4964    22.8004
0.55079997    41.495598    22.8004
0.55079997    41.4948    22.8004
0.55    41.4932    22.8004
0.5396    41.4556    22.8004
0.538    41.439598    22.8004
0.5372    41.4268    22.8004
0.53639996    41.4068    22.8004
0.53639996    41.399597    22.8004
0.53639996    41.3948    22.8004
0.5396    41.3676    22.8004
0.55799997    41.228397    22.8004
0.5604    41.2108    22.8004
0.5604    41.2068    22.8004
0.566    41.1796    22.8004
0.5668    41.1764    22.8004
0.5676    41.1708    22.8004
0.58599997    41.0284    22.8004
0.58919996    41.003597    22.8004
0.58919996    40.9876    22.8004
0.594    40.9548    22.8004
0.594    40.953197    22.8004
0.6004    40.9148    22.8004
0.6004    40.913998    22.8004
0.61079997    40.8404    22.8004
0.61079997    40.8396    22.8004
0.6148    40.8148    22.8004
0.6156    40.781998    22.8004
0.6156    40.776398    22.8004
0.6164    40.7716    22.8004
0.618    40.7668    22.8004
0.62759995    40.722797    22.8004
0.62839997    40.720398    22.8004
0.63    40.711597    22.8004
0.63479996    40.677998    22.8004
0.6364    40.666    22.8004
0.6468    40.5932    22.8004
0.6556    40.5412    22.8004
0.662    40.492397    22.8004
0.66359997    40.486797    22.8004
0.6644    40.4836    22.8004
0.6652    40.481197    22.8004
0.6748    40.458    22.8004
0.7004    40.410797    22.8004
0.7108    40.3908    22.8004
0.7236    40.3684    22.8004
0.82519996    40.1884    22.8004
0.8332    40.1748    22.8004
0.8484    40.1604    22.8004
0.85719997    40.149998    22.8004
0.86759996    40.1452    22.8004
0.8836    40.1364    22.8004
0.9108    40.118797    22.8004
0.91719997    40.1156    22.8004
0.92039996    40.1028    22.8004
0.9252    40.0876    22.8004
0.92679995    40.073997    22.8004
0.9532    39.8988    22.8004
0.9916    39.646797    22.8004
0.9924    39.6452    22.8004
0.99399996    39.6372    22.8004
0.9996    39.618797    22.8004
1.0004    39.6156    22.8004
1.0059999    39.6004    22.8004
1.0116    39.5868    22.8004
1.0196    39.5732    22.8004
1.0724    39.486    22.8004
1.1316    39.3892    22.8004
1.142    39.377197    22.8004
1.1532    39.3668    22.8004
1.166    39.3628    22.8004
1.1724    39.362    22.8004
1.1868    39.362    22.8004
1.1948    39.363598    22.8004
1.2875999    39.374798    22.8004
1.2972    39.3764    22.8004
1.298    39.3764    22.8004
1.2988    39.3764    22.8004
1.3324    39.380398    22.8004
1.3371999    39.3796    22.8004
1.3643999    39.363598    22.8004
1.3659999    39.3628    22.8004
1.3659999    39.360397    22.8004
1.378    39.3308    22.8004
1.382    39.2948    22.8004
1.3844    39.284397    22.8004
1.3916    39.256397    22.8004
1.3931999    39.248398    22.8004
1.3931999    39.2404    22.8004
1.3908    39.2196    22.8004
1.3795999    39.21    22.8004
1.3587999    39.1964    22.8004
1.3307999    39.1876    22.8004
1.3036    39.1796    22.8004
1.2972    39.1732    22.8004
1.2892    39.1644    22.8004
1.2892    39.1532    22.8004
1.2908    39.1372    22.8004
1.2932    39.1236    22.8004
1.354    38.7524    22.8004
1.39    38.5476    22.8004
1.3908    38.5452    22.8004
1.3908    38.5428    22.8004
1.3916    38.5372    22.8004
1.4156    38.402798    22.8004
1.4219999    38.3764    22.8004
1.4283999    38.37    22.8004
1.4363999    38.3668    22.8004
1.4419999    38.362    22.8004
1.4491999    38.362    22.8004
1.4612    38.362    22.8004
1.4684    38.362    22.8004
1.4876    38.3644    22.8004
1.5203999    38.3668    22.8004
1.5619999    38.3708    22.8004
1.614    38.377197    22.8004
1.6883999    38.3868    22.8004
1.7212    38.3908    22.8004
1.7371999    38.3932    22.8004
1.762    38.397198    22.8004
1.7772    38.3964    22.8004
1.7844    38.3964    22.8004
1.8083999    38.3852    22.8004
1.8147999    38.382    22.8004
1.8348    38.360397    22.8004
1.8396    38.3564    22.8004
1.8404    38.3532    22.8004
1.8524    38.3004    22.8004
1.8596    38.27    22.8004
1.8612    38.265198    22.8004
1.8659999    38.2468    22.8004
1.8939999    38.1508    22.8004
1.9052    38.1084    22.8004
1.9404    37.975597    22.8004
1.9756    37.8596    22.8004
1.9868    37.826    22.8004
1.9884    37.8228    22.8004
1.9876    37.8196    22.8004
1.9835999    37.79    22.8004
1.966    37.778797    22.8004
1.9563999    37.773197    22.8004
1.9476    37.770798    22.8004
1.9396    37.7716    22.8004
1.9188    37.7684    22.8004
1.9028    37.7684    22.8004
1.8884    37.7692    22.8004
1.8867999    37.7684    22.8004
1.8851999    37.7684    22.8004
1.8836    37.7684    22.8004
1.8299999    37.765198    22.8004
1.8212    37.7644    22.8004
1.7572    37.759598    22.8004
1.7099999    37.7548    22.8004
1.6868    37.7524    22.8004
1.6348    37.7436    22.8004
1.6092    37.7388    22.8004
1.6068    37.738    22.8004
1.6028    37.737198    22.8004
1.578    37.731598    22.8004
1.558    37.722    22.8004
1.5564    37.7212    22.8004
1.5444    37.709198    22.8004
1.5436    37.7012    22.8004
1.5444    37.683598    22.8004
1.5524    37.6452    22.8004
1.554    37.638798    22.8004
1.5564    37.6268    22.8004
1.6204    37.293198    22.8004
1.6259999    37.2572    22.8004
1.6276    37.2476    22.8004
1.634    37.2308    22.8004
1.6428    37.2252    22.8004
1.6595999    37.222797    22.8004
1.6716    37.218    22.8004
1.6755999    37.218    22.8004
1.7116    37.2188    22.8004
1.7235999    37.2188    22.8004
1.7348    37.2196    22.8004
1.7675999    37.222797    22.8004
1.8276    37.231598    22.8004
1.8388    37.2324    22.8004
1.8492    37.233997    22.8004
1.9124    37.2388    22.8004
1.9699999    37.239597    22.8004
1.9756    37.239597    22.8004
1.9987999    37.2388    22.8004
2.0012    37.238    22.8004
2.0252    37.2364    22.8004
2.034    37.2348    22.8004
2.0564    37.2276    22.8004
2.0636    37.2252    22.8004
2.07    37.220398    22.8004
2.086    37.211597    22.8004
2.0867999    37.2108    22.8004
2.1188    37.183598    22.8004
2.1444    37.158    22.8004
2.1468    37.1564    22.8004
2.1699998    37.1268    22.8004
2.174    37.1236    22.8004
2.1987998    37.0972    22.8004
2.218    37.0812    22.8004
2.2284    37.071598    22.8004
2.2364    37.0532    22.8004
2.2436    37.0444    22.8004
2.2572    37.025997    22.8004
2.27    37.014797    22.8004
2.3076    36.967598    22.8004
2.3092    36.9668    22.8004
2.3404    36.9292    22.8004
2.3411999    36.9276    22.8004
2.3708    36.9012    22.8004
2.3955998    36.8756    22.8004
2.3988    36.8724    22.8004
2.422    36.854    22.8004
2.4284    36.8516    22.8004
2.4484    36.8508    22.8004
2.4548    36.8532    22.8004
2.474    36.8508    22.8004
2.4956    36.8724    22.8004
2.498    36.8764    22.8004
2.5028    36.8988    22.8004
2.5028    36.899597    22.8004
2.526    36.926    22.8004
2.5284    36.9316    22.8004
2.5324    36.9548    22.8004
2.5324    36.9556    22.8004
2.5588    36.9852    22.8004
2.574    37.0108    22.8004
2.5804    37.0188    22.8004
2.5844    37.0388    22.8004
2.5844    37.0396    22.8004
2.602    37.065998    22.8004
2.6083999    37.0764    22.8004
2.6132    37.0972    22.8004
2.622    37.113197    22.8004
2.6324    37.134    22.8004
2.6364    37.1532    22.8004
2.6404    37.172398    22.8004
2.6452    37.1812    22.8004
2.6612    37.1996    22.8004
2.6668    37.209198    22.8004
2.6787999    37.2356    22.8004
2.682    37.2412    22.8004
2.6964    37.2668    22.8004
2.7187998    37.3004    22.8004
2.7419999    37.3196    22.8004
2.7484    37.326    22.8004
2.774    37.3404    22.8004
2.7804    37.343597    22.8004
2.7835999    37.3444    22.8004
2.8084    37.3508    22.8004
2.8548    37.3596    22.8004
2.8588    37.360397    22.8004
2.8644    37.362    22.8004
2.9011998    37.37    22.8004
2.9508    37.378    22.8004
2.9652    37.380398    22.8004
3.0219998    37.3868    22.8004
3.0252    37.3876    22.8004
3.0307999    37.3876    22.8004
3.0588    37.3932    22.8004
3.0748    37.3956    22.8004
3.0772    37.3964    22.8004
3.0788    37.3964    22.8004
3.0907998    37.399597    22.8004
3.1236    37.4068    22.8004
3.1283998    37.4092    22.8004
3.1371999    37.4124    22.8004
3.1483998    37.419598    22.8004
3.162    37.4292    22.8004
3.1636    37.438    22.8004
3.1699998    37.4548    22.8004
3.1764    37.4612    22.8004
3.2003999    37.475597    22.8004
3.2052    37.4804    22.8004
3.2115998    37.4916    22.8004
3.2187998    37.5004    22.8004
3.2203999    37.5052    22.8004
3.2268    37.525997    22.8004
3.2396    37.57    22.8004
3.25    37.6084    22.8004
3.254    37.6212    22.8004
3.2707999    37.6748    22.8004
3.3251998    37.8476    22.8004
3.326    37.85    22.8004
3.3267999    37.8508    22.8004
3.3284    37.8564    22.8004
3.4148    38.155598    22.8004
3.4436    38.248398    22.8004
3.4843998    38.39    22.8004
3.4868    38.399597    22.8004
3.4875998    38.4036    22.8004
3.5091999    38.5004    22.8004
3.5124    38.5188    22.8004
3.5124    38.5228    22.8004
3.5163999    38.5452    22.8004
3.5156    38.5468    22.8004
3.5147998    38.5484    22.8004
3.514    38.5524    22.8004
3.5084    38.565998    22.8004
3.5075998    38.571598    22.8004
3.494    38.5924    22.8004
3.4908    38.6028    22.8004
3.4819999    38.6156    22.8004
3.4756    38.6268    22.8004
3.4659998    38.646797    22.8004
3.458    38.6684    22.8004
3.4508    38.69    22.8004
3.4348    38.742798    22.8004
3.434    38.7476    22.8004
3.4332    38.75    22.8004
3.4292    38.761997    22.8004
3.422    38.786    22.8004
3.4196    38.7916    22.8004
3.4011998    38.834    22.8004
3.4004    38.8364    22.8004
3.3964    38.8588    22.8004
3.3955998    38.860397    22.8004
3.3948    38.8612    22.8004
3.3948    38.8668    22.8004
3.3955998    38.878    22.8004
3.3955998    38.882    22.8004
3.3955998    38.882797    22.8004
3.3964    38.8876    22.8004
3.3971999    38.908398    22.8004
3.4043999    38.9316    22.8004
3.4083998    38.9388    22.8004
3.4252    38.956398    22.8004
3.4299998    38.9596    22.8004
3.434    38.9596    22.8004
3.4524    38.9684    22.8004
3.4852    38.969997    22.8004
3.4924    38.969997    22.8004
3.5572    38.969997    22.8004
3.6211998    38.9692    22.8004
3.6267998    38.9692    22.8004
3.6395998    38.9708    22.8004
3.6516    38.973198    22.8004
3.6755998    39.0004    22.8004
3.6764    39.0004    22.8004
3.6764    39.001198    22.8004
3.6764    39.002    22.8004
3.7164    39.0948    22.8004
3.7268    39.1196    22.8004
3.7364    39.1452    22.8004
3.7403998    39.162    22.8004
3.7459998    39.1756    22.8004
3.7452    39.192398    22.8004
3.7387998    39.2124    22.8004
3.7387998    39.214798    22.8004
3.734    39.222    22.8004
3.7212    39.2388    22.8004
3.714    39.248398    22.8004
3.6908    39.2812    22.8004
3.678    39.298798    22.8004
3.6323998    39.3572    22.8004
3.5916    39.408398    22.8004
3.5124    39.506    22.8004
3.478    39.5476    22.8004
3.4427998    39.5892    22.8004
3.382    39.6596    22.8004
3.3507998    39.6956    22.8004
3.3332    39.7156    22.8004
3.3276    39.722    22.8004
3.3107998    39.7412    22.8004
3.2972    39.7436    22.8004
3.2916    39.746    22.8004
3.2884    39.745197    22.8004
3.2772    39.7332    22.8004
3.2619998    39.714798    22.8004
3.2364    39.6772    22.8004
3.2052    39.6268    22.8004
3.198    39.6148    22.8004
3.1812    39.582798    22.8004
3.1588    39.537197    22.8004
3.1467998    39.514797    22.8004
3.1252    39.466    22.8004
3.1155999    39.445198    22.8004
3.1044    39.418    22.8004
3.0972    39.398    22.8004
3.0948    39.3924    22.8004
3.0844    39.371597    22.8004
3.0748    39.3484    22.8004
3.0635998    39.3388    22.8004
3.0379999    39.3452    22.8004
3.0307999    39.349197    22.8004
3.03    39.3516    22.8004
3.0235999    39.3596    22.8004
3.0075998    39.3852    22.8004
3.0028    39.385998    22.8004
2.9988    39.3868    22.8004
2.9803998    39.397198    22.8004
2.978    39.398    22.8004
2.9524    39.399597    22.8004
2.9484    39.399597    22.8004
2.9204    39.402    22.8004
2.9124    39.402    22.8004
2.898    39.4092    22.8004
2.8899999    39.4156    22.8004
2.8836    39.438    22.8004
2.8836    39.446    22.8004
2.8795998    39.474    22.8004
2.8788    39.4916    22.8004
2.8772    39.509197    22.8004
2.8755999    39.523598    22.8004
2.8764    39.5332    22.8004
2.8827999    39.558    22.8004
2.8883998    39.562    22.8004
2.9164    39.585197    22.8004
2.9212    39.5868    22.8004
2.9252    39.5876    22.8004
2.9364    39.59    22.8004
2.9531999    39.593998    22.8004
2.9612    39.5948    22.8004
2.9875998    39.598    22.8004
3.0188    39.601997    22.8004
3.0388    39.605198    22.8004
3.0604    39.6092    22.8004
3.0628    39.6092    22.8004
3.0707998    39.6116    22.8004
3.0828    39.618    22.8004
3.0939999    39.6396    22.8004
3.0948    39.6428    22.8004
3.1044    39.6676    22.8004
3.1076    39.6716    22.8004
3.1083999    39.6764    22.8004
3.1204    39.720398    22.8004
3.1195998    39.722    22.8004
3.1204    39.7244    22.8004
3.122    39.7276    22.8004
3.1355999    39.7716    22.8004
3.1476    39.813198    22.8004
3.1604    39.8612    22.8004
3.1643999    39.8836    22.8004
3.1652    39.8868    22.8004
3.1652    39.8876    22.8004
3.1652    39.8924    22.8004
3.1652    39.9324    22.8004
3.1436    40.138    22.8004
3.1211998    40.3444    22.8004
3.1188    40.3652    22.8004
3.118    40.391598    22.8004
3.1188    40.3924    22.8004
3.1388    40.4276    22.8004
3.1388    40.4284    22.8004
3.1564    40.441998    22.8004
3.1683998    40.453197    22.8004
3.1812    40.473198    22.8004
3.1859999    40.4828    22.8004
3.1931999    40.5108    22.8004
3.2028    40.545998    22.8004
3.2628    40.7868    22.8004
3.2668    40.8116    22.8004
3.2668    40.8428    22.8004
3.2603998    40.9012    22.8004
3.2588    40.908398    22.8004
3.2508    40.9772    22.8004
3.2508    40.9948    22.8004
3.2508    41.0052    22.8004
3.2508    41.009197    22.8004
3.2516    41.034798    22.8004
3.2531998    41.040398    22.8004
3.2684    41.093998    22.8004
3.294    41.183598    22.8004
3.3035998    41.218    22.8004
3.3188    41.2692    22.8004
3.3523998    41.3812    22.8004
3.3836    41.481197    22.8004
3.4243999    41.613197    22.8004
3.4404    41.6716    22.8004
3.4787998    41.787598    22.8004
3.5252    41.9292    22.8004
3.5484    41.9988    22.8004
3.5651999    42.0548    22.8004
3.5763998    42.1012    22.8004
3.59    42.157997    22.8004
3.6083999    42.238    22.8004
3.6355999    42.362    22.8004
3.6676    42.501198    22.8004
3.6724    42.5196    22.8004
3.6748    42.5308    22.8004
3.6987998    42.6292    22.8004
3.7003999    42.6348    22.8004
3.7012    42.6364    22.8004
3.7452    42.7836    22.8004
3.7668    42.862    22.8004
3.794    42.9556    22.8004
3.8107998    43.0164    22.8004
3.826    43.0804    22.8004
3.8379998    43.126    22.8004
3.862    43.2324    22.8004
3.8723998    43.2812    22.8004
3.8932    43.3924    22.8004
3.8939998    43.3988    22.8004
3.8964    43.4124    22.8004
3.9211998    43.5548    22.8004
3.9364    43.662    22.8004
3.9364    43.6628    22.8004
3.9364    43.663597    22.8004
3.9499998    43.7756    22.8004
3.9515998    43.795597    22.8004
3.9555998    43.860397    22.8004
3.9571998    43.9124    22.8004
3.9571998    43.9316    22.8004
3.9548    43.9836    22.8004
3.9524    44.0172    22.8004
3.9452    44.0956    22.8004
3.9404    44.1364    22.8004
3.9364    44.1596    22.8004
3.9308    44.2012    22.8004
3.9243999    44.23    22.8004
3.9171999    44.259598    22.8004
3.9108    44.2868    22.8004
3.9027998    44.313198    22.8004
3.8916    44.352398    22.8004
3.8844    44.3732    22.8004
3.8708    44.4044    22.8004
3.8476    44.4572    22.8004
3.8435998    44.4652    22.8004
3.8147998    44.523598    22.8004
3.7979999    44.558    22.8004
3.7756    44.5972    22.8004
3.7412    44.6596    22.8004
3.7315998    44.6764    22.8004
3.698    44.7348    22.8004
3.658    44.7996    22.8004
3.6588    44.802    22.8004
3.6555998    44.806    22.8004
3.6539998    44.8084    22.8004
3.6276    44.8508    22.8004
3.626    44.852398    22.8004
3.5979998    44.891598    22.8004
3.5948    44.8956    22.8004
3.5812    44.9156    22.8004
3.5772    44.9188    22.8004
3.5612    44.9372    22.8004
3.5579998    44.939598    22.8004
3.5363998    44.9668    22.8004
3.5324    44.9692    22.8004
3.514    44.9908    22.8004
3.4692    45.0284    22.8004
3.4659998    45.031597    22.8004
3.4587998    45.0364    22.8004
3.4564    45.0388    22.8004
3.4476    45.045998    22.8004
3.3892    45.0932    22.8004
3.322    45.1436    22.8004
3.2084    45.2276    22.8004
3.1884    45.2412    22.8004
3.1396    45.2756    22.8004
3.0779998    45.317997    22.8004
3.0404    45.3452    22.8004
3.0147998    45.3644    22.8004
2.9308    45.427597    22.8004
2.8652    45.4764    22.8004
2.822    45.509197    22.8004
2.8068    45.5228    22.8004
2.7988    45.5276    22.8004
2.7916    45.534798    22.8004
2.7675998    45.55    22.8004
2.7588    45.553997    22.8004
2.7475998    45.55    22.8004
2.7275999    45.5468    22.8004
2.7196    45.5388    22.8004
2.7148    45.53    22.8004
2.6956    45.4892    22.8004
2.6652    45.4172    22.8004
2.6332    45.3348    22.8004
2.6252    45.315598    22.8004
2.6204    45.2972    22.8004
2.6132    45.2684    22.8004
2.61    45.25    22.8004
2.6052    45.2268    22.8004
2.5939999    45.1828    22.8004
2.5884    45.1604    22.8004
2.5867999    45.149998    22.8004
2.5812    45.1196    22.8004
2.574    45.073997    22.8004
2.574    45.065998    22.8004
2.5732    45.0604    22.8004
2.57    45.0436    22.8004
2.5667999    45.020397    22.8004
2.5644    44.9972    22.8004
2.5548    44.9716    22.8004
2.534    44.967598    22.8004
2.5307999    44.973198    22.8004
2.53    44.978    22.8004
2.5291998    45.003597    22.8004
2.5268    45.0116    22.8004
2.5235999    45.0308    22.8004
2.5003998    45.037197    22.8004
2.498    45.0412    22.8004
2.4868    45.057198    22.8004
2.4852    45.0668    22.8004
2.4787998    45.1116    22.8004
2.474    45.134    22.8004
2.4724    45.1428    22.8004
2.4636    45.1652    22.8004
2.4484    45.2332    22.8004
2.4476    45.238    22.8004
2.4315999    45.3148    22.8004
2.4259999    45.3484    22.8004
2.418    45.382797    22.8004
2.4124    45.4132    22.8004
2.4043999    45.4556    22.8004
2.37    45.624397    22.8004
2.3508    45.722    22.8004
2.3451998    45.7476    22.8004
2.3179998    45.8876    22.8004
2.314    45.905197    22.8004
2.3132    45.91    22.8004
2.2868    46.042    22.8004
2.2747998    46.093998    22.8004
2.2596    46.1684    22.8004
2.2452    46.239597    22.8004
2.238    46.2668    22.8004
2.2347999    46.278797    22.8004
2.2324    46.2836    22.8004
2.2228    46.3148    22.8004
2.2203999    46.318798    22.8004
2.2012    46.3572    22.8004
2.178    46.4004    22.8004
2.158    46.436398    22.8004
2.0507998    46.6252    22.8004
2.0332    46.6572    22.8004
2.03    46.662    22.8004
1.9652    46.7756    22.8004
1.9619999    46.781998    22.8004
1.9604    46.784397    22.8004
1.9555999    46.793198    22.8004
1.9532    46.7964    22.8004
1.9499999    46.802    22.8004
1.9219999    46.8484    22.8004
1.9028    46.87    22.8004
1.8867999    46.8844    22.8004
1.87    46.898    22.8004
1.8596    46.905197    22.8004
