14.446    29.8084    20.4004
14.446799    29.814    20.4004
14.4484    29.820398    20.4004
14.4508    29.845999    20.4004
14.453199    29.8876    20.4004
14.453199    29.8956    20.4004
14.45    29.914    20.4004
14.4484    29.9172    20.4004
14.4436    29.937199    20.4004
14.4324    29.9604    20.4004
14.423599    29.972399    20.4004
14.4164    29.9828    20.4004
14.4052    29.994    20.4004
14.378799    30.0236    20.4004
14.377199    30.026    20.4004
14.3331995    30.065199    20.4004
14.2964    30.0956    20.4004
14.2876    30.102    20.4004
14.281199    30.1076    20.4004
14.2732    30.1148    20.4004
14.239599    30.1412    20.4004
14.217199    30.156399    20.4004
14.1748    30.185999    20.4004
14.160399    30.195599    20.4004
14.15    30.201199    20.4004
14.0892    30.236399    20.4004
14.078    30.2428    20.4004
14.062799    30.2508    20.4004
14.0428    30.2612    20.4004
14.016399    30.2732    20.4004
14.0132    30.274    20.4004
14.0124    30.2748    20.4004
14.009999    30.275599    20.4004
13.969999    30.289999    20.4004
13.966    30.2908    20.4004
13.918799    30.3028    20.4004
13.9084    30.3044    20.4004
13.8963995    30.3084    20.4004
13.878799    30.312399    20.4004
13.8596    30.3188    20.4004
13.846    30.3228    20.4004
13.8244    30.3324    20.4004
13.820399    30.334799    20.4004
13.8196    30.334799    20.4004
13.8188    30.3356    20.4004
13.7652    30.368399    20.4004
13.7484    30.377998    20.4004
13.7364    30.3844    20.4004
13.73    30.3884    20.4004
13.710799    30.3996    20.4004
13.7036    30.4012    20.4004
13.6844    30.4044    20.4004
13.6756    30.4044    20.4004
13.659599    30.4052    20.4004
13.648399    30.401999    20.4004
13.63    30.4004    20.4004
13.6124    30.394    20.4004
13.6036    30.390799    20.4004
13.5924    30.386799    20.4004
13.5636    30.3764    20.4004
13.5092    30.354    20.4004
13.5012    30.351599    20.4004
13.4964    30.349998    20.4004
13.481999    30.345999    20.4004
13.453199    30.338799    20.4004
13.446799    30.338    20.4004
13.4084    30.334799    20.4004
13.365999    30.338    20.4004
13.3292    30.340399    20.4004
13.3076    30.3396    20.4004
13.2828    30.338    20.4004
13.2612    30.334799    20.4004
13.2212    30.323599    20.4004
13.2076    30.3188    20.4004
13.183599    30.310799    20.4004
13.1628    30.302    20.4004
13.1324    30.2892    20.4004
13.119599    30.282799    20.4004
13.101999    30.275599    20.4004
13.068399    30.258799    20.4004
13.044399    30.2452    20.4004
13.014    30.226    20.4004
13.009999    30.2228    20.4004
12.992399    30.21    20.4004
12.9908    30.2092    20.4004
12.9892    30.205198    20.4004
12.9772    30.189999    20.4004
12.9828    30.17    20.4004
12.9836    30.1644    20.4004
12.986799    30.1572    20.4004
13.0196    30.102    20.4004
13.0204    30.100399    20.4004
13.021199    30.0996    20.4004
13.0644    30.0204    20.4004
13.073999    29.994799    20.4004
13.0756    29.9916    20.4004
13.073199    29.9804    20.4004
13.0612    29.9564    20.4004
13.0484    29.948399    20.4004
13.027599    29.9396    20.4004
13.0012    29.9284    20.4004
12.9948    29.925999    20.4004
12.9916    29.924398    20.4004
12.9788    29.918798    20.4004
12.9196    29.89    20.4004
12.894    29.8764    20.4004
12.8476    29.8508    20.4004
12.8076    29.8284    20.4004
12.786799    29.8172    20.4004
12.7612    29.8004    20.4004
12.7244    29.778    20.4004
12.705999    29.7652    20.4004
12.689199    29.754    20.4004
12.6292    29.7116    20.4004
12.6108    29.698    20.4004
12.5692    29.6644    20.4004
12.5324    29.6332    20.4004
12.5068    29.6108    20.4004
12.4724    29.578    20.4004
12.4612    29.5668    20.4004
12.434    29.5388    20.4004
12.406    29.5084    20.4004
12.3988    29.500399    20.4004
12.3772    29.476398    20.4004
12.349199    29.442799    20.4004
12.3404    29.4324    20.4004
12.3124    29.3948    20.4004
12.302799    29.382    20.4004
12.2764    29.3436    20.4004
12.268399    29.3308    20.4004
12.23    29.2708    20.4004
12.2244    29.260399    20.4004
12.2212    29.254799    20.4004
12.189199    29.188398    20.4004
12.182    29.1708    20.4004
12.165199    29.1332    20.4004
12.148399    29.0868    20.4004
12.1468    29.0812    20.4004
12.134    29.037199    20.4004
12.1292    29.0204    20.4004
12.1188    28.9804    20.4004
12.113199    28.9492    20.4004
12.107599    28.916399    20.4004
12.0988    28.8636    20.4004
12.098    28.853199    20.4004
12.0932    28.805199    20.4004
12.0924    28.7988    20.4004
12.0924    28.7412    20.4004
12.0932    28.7164    20.4004
12.094    28.6812    20.4004
12.094    28.674    20.4004
12.096399    28.656399    20.4004
12.1012    28.6244    20.4004
12.1036    28.5996    20.4004
12.113199    28.546    20.4004
12.1172    28.5268    20.4004
12.125199    28.493198    20.4004
12.137199    28.448399    20.4004
12.158    28.3876    20.4004
12.1636    28.369999    20.4004
12.1788    28.333199    20.4004
12.19    28.3076    20.4004
12.194799    28.293999    20.4004
12.2044    28.275599    20.4004
12.23    28.221199    20.4004
12.2428    28.1996    20.4004
12.278    28.1388    20.4004
12.285999    28.126    20.4004
12.3043995    28.100399    20.4004
12.3236    28.0732    20.4004
12.349999    28.039598    20.4004
12.366799    28.018    20.4004
12.3852    27.996399    20.4004
12.4028    27.977999    20.4004
12.4284    27.9516    20.4004
12.446    27.934    20.4004
12.4908    27.894    20.4004
12.499599    27.886799    20.4004
12.5132    27.8772    20.4004
12.561999    27.8412    20.4004
12.5924    27.8212    20.4004
12.6156    27.806    20.4004
12.6468    27.788399    20.4004
12.6732    27.7732    20.4004
12.728399    27.7444    20.4004
12.7332    27.7428    20.4004
12.7372    27.7412    20.4004
12.803599    27.7116    20.4004
12.877999    27.685999    20.4004
12.8884    27.682798    20.4004
12.900399    27.6796    20.4004
12.981999    27.6588    20.4004
13.039599    27.6484    20.4004
13.0428    27.6476    20.4004
13.0492    27.6468    20.4004
13.0756    27.6404    20.4004
13.0924    27.6236    20.4004
13.096399    27.6188    20.4004
13.096399    27.602    20.4004
13.096399    27.594799    20.4004
13.096399    27.593199    20.4004
13.094    27.5844    20.4004
13.0884    27.5612    20.4004
13.094    27.539598    20.4004
13.0956    27.537199    20.4004
13.0988    27.5348    20.4004
13.118799    27.5212    20.4004
13.1452    27.5084    20.4004
13.170799    27.4972    20.4004
13.2388    27.4692    20.4004
13.2411995    27.4684    20.4004
13.2428    27.4676    20.4004
13.245199    27.466799    20.4004
13.2652    27.458    20.4004
13.269199    27.458    20.4004
13.2932    27.455599    20.4004
13.303599    27.4564    20.4004
13.315599    27.455599    20.4004
13.337199    27.4548    20.4004
13.354799    27.455599    20.4004
13.3907995    27.4628    20.4004
13.434799    27.4756    20.4004
13.441999    27.477999    20.4004
13.4852    27.493198    20.4004
13.497999    27.498798    20.4004
13.5404    27.5196    20.4004
13.5652    27.528399    20.4004
13.568399    27.5292    20.4004
13.5716    27.5292    20.4004
13.5996    27.5308    20.4004
13.6156    27.5252    20.4004
13.630799    27.5236    20.4004
13.642799    27.513199    20.4004
13.6588    27.5044    20.4004
13.686    27.4804    20.4004
13.689199    27.477999    20.4004
13.714    27.462    20.4004
13.73    27.4564    20.4004
13.740399    27.4516    20.4004
13.7612    27.448399    20.4004
13.769199    27.4468    20.4004
13.7987995    27.4476    20.4004
13.8004    27.4476    20.4004
13.802    27.4476    20.4004
13.8244    27.4524    20.4004
13.8476    27.4604    20.4004
13.9196    27.49    20.4004
13.929999    27.494    20.4004
13.9436    27.500399    20.4004
13.9788    27.5124    20.4004
14.015599    27.526    20.4004
14.028399    27.5308    20.4004
14.038799    27.5332    20.4004
14.0836    27.542799    20.4004
14.1108    27.546799    20.4004
14.1324    27.548399    20.4004
14.1572    27.546799    20.4004
14.176399    27.546    20.4004
14.229199    27.545198    20.4004
14.239599    27.548399    20.4004
14.2588    27.5556    20.4004
14.269199    27.557999    20.4004
14.2844    27.5668    20.4004
14.2956    27.574    20.4004
14.3004    27.5796    20.4004
14.321199    27.598    20.4004
14.3396    27.622799    20.4004
14.349199    27.6348    20.4004
14.3524    27.6404    20.4004
14.3812    27.6908    20.4004
14.4148    27.7508    20.4004
14.4228    27.7636    20.4004
14.4444    27.797998    20.4004
14.4595995    27.8204    20.4004
14.469999    27.833199    20.4004
14.4828    27.849998    20.4004
14.487599    27.855598    20.4004
14.521199    27.894    20.4004
14.5292    27.9028    20.4004
14.5316    27.9044    20.4004
14.533199    27.906    20.4004
14.5364    27.909199    20.4004
14.5772    27.9476    20.4004
14.585199    27.9532    20.4004
14.618799    27.983599    20.4004
14.6212    27.985199    20.4004
14.6692    28.011599    20.4004
14.6748    28.0148    20.4004
14.698    28.026    20.4004
14.7076    28.033998    20.4004
14.7148    28.0388    20.4004
14.7324    28.053999    20.4004
14.7355995    28.057999    20.4004
14.7372    28.0612    20.4004
14.7492    28.078    20.4004
14.7612    28.102    20.4004
14.762799    28.1052    20.4004
14.7644    28.109999    20.4004
14.7788    28.143599    20.4004
14.785999    28.1596    20.4004
14.8164    28.2356    20.4004
14.8164    28.2372    20.4004
14.8244    28.2652    20.4004
14.8244    28.2668    20.4004
14.8284    28.286798    20.4004
14.826799    28.31    20.4004
14.8276    28.314798    20.4004
14.8188    28.3364    20.4004
14.818    28.3412    20.4004
14.8164    28.3452    20.4004
14.8043995    28.362    20.4004
14.8004    28.368399    20.4004
14.7948    28.377998    20.4004
14.763599    28.4156    20.4004
14.7355995    28.4492    20.4004
14.6692    28.531599    20.4004
14.6684    28.5324    20.4004
14.6676    28.5332    20.4004
14.625999    28.5884    20.4004
14.6108    28.621199    20.4004
14.607599    28.626    20.4004
14.6004    28.650799    20.4004
14.6012    28.674    20.4004
14.6004    28.678799    20.4004
14.6052    28.7052    20.4004
14.6052    28.7164    20.4004
14.6116    28.760399    20.4004
14.6124    28.7788    20.4004
14.6172    28.8228    20.4004
14.618799    28.838799    20.4004
14.618799    28.864399    20.4004
14.620399    28.9172    20.4004
14.619599    28.941198    20.4004
14.618    29.0036    20.4004
14.613999    29.042799    20.4004
14.6116    29.061998    20.4004
14.6068    29.100399    20.4004
14.5988    29.146    20.4004
14.595599    29.165998    20.4004
14.585199    29.213999    20.4004
14.5803995    29.234    20.4004
14.568399    29.2764    20.4004
14.5604    29.3004    20.4004
14.5515995    29.325998    20.4004
14.5484    29.334799    20.4004
14.5348    29.3708    20.4004
14.5236    29.3972    20.4004
14.5171995    29.410799    20.4004
14.5004    29.446798    20.4004
14.4828    29.479599    20.4004
14.4684    29.5036    20.4004
14.464399    29.5124    20.4004
14.4604    29.522    20.4004
14.436399    29.563599    20.4004
14.434799    29.5724    20.4004
14.434    29.5812    20.4004
14.422    29.604399    20.4004
14.4228    29.6132    20.4004
14.4196    29.6316    20.4004
14.4204    29.654    20.4004
14.4212    29.654799    20.4004
14.4212    29.6556    20.4004
14.429199    29.688398    20.4004
14.429199    29.691599    20.4004
14.4444    29.7972    20.4004
14.446    29.8084    20.4004
