20.9764    31.6756    14.7004
20.965199    31.678    14.7004
20.9628    31.678799    14.7004
20.9052    31.6892    14.7004
20.8916    31.6908    14.7004
20.8564    31.6932    14.7004
20.847599    31.6924    14.7004
20.83    31.691599    14.7004
20.8156    31.688398    14.7004
20.7988    31.685999    14.7004
20.765999    31.677198    14.7004
20.762    31.6764    14.7004
20.726    31.661999    14.7004
20.7228    31.6612    14.7004
20.719599    31.6596    14.7004
20.7164    31.6588    14.7004
20.71    31.6556    14.7004
20.6684    31.637999    14.7004
20.6468    31.622    14.7004
20.6388    31.615599    14.7004
20.621199    31.593199    14.7004
20.6204    31.5924    14.7004
20.6196    31.59    14.7004
20.609999    31.561998    14.7004
20.6092    31.5604    14.7004
20.604399    31.535599    14.7004
20.6036    31.531599    14.7004
20.604399    31.522799    14.7004
20.6076    31.5068    14.7004
20.6108    31.4996    14.7004
20.6164    31.4828    14.7004
20.6204    31.476398    14.7004
20.6372    31.452398    14.7004
20.6476    31.438799    14.7004
20.6628    31.4228    14.7004
20.6996    31.386799    14.7004
20.7284    31.362    14.7004
20.75    31.344398    14.7004
20.775599    31.325998    14.7004
20.782    31.3212    14.7004
20.7908    31.316399    14.7004
20.817999    31.299599    14.7004
20.847599    31.282799    14.7004
20.8652    31.273998    14.7004
20.9012    31.260399    14.7004
20.906    31.258799    14.7004
20.910799    31.257198    14.7004
20.9284    31.2524    14.7004
20.948399    31.247599    14.7004
20.9524    31.2468    14.7004
20.9956    31.237999    14.7004
21.007599    31.236399    14.7004
21.0252    31.234    14.7004
21.0476    31.232399    14.7004
21.059599    31.2316    14.7004
21.0732    31.232399    14.7004
21.0796    31.2332    14.7004
21.0996    31.237999    14.7004
21.111599    31.241999    14.7004
21.1444    31.2564    14.7004
21.15    31.2596    14.7004
21.1572    31.2636    14.7004
21.1812    31.277199    14.7004
21.2132    31.297998    14.7004
21.234    31.3116    14.7004
21.265999    31.334799    14.7004
21.2692    31.337198    14.7004
21.3028    31.366798    14.7004
21.3036    31.368399    14.7004
21.317999    31.3916    14.7004
21.3204    31.3956    14.7004
21.3212    31.3996    14.7004
21.327599    31.418    14.7004
21.327599    31.429998    14.7004
21.326    31.4516    14.7004
21.3252    31.4644    14.7004
21.3228    31.486    14.7004
21.316399    31.5164    14.7004
21.3116    31.5324    14.7004
21.3076    31.542799    14.7004
21.298    31.5548    14.7004
21.286    31.5668    14.7004
21.282799    31.570799    14.7004
21.2764    31.574799    14.7004
21.2556    31.5852    14.7004
21.2204    31.5996    14.7004
21.2092    31.6036    14.7004
21.1996    31.6068    14.7004
21.156399    31.622    14.7004
21.1404    31.628399    14.7004
21.1188    31.6356    14.7004
21.094799    31.643599    14.7004
21.042799    31.6588    14.7004
21.029999    31.661999    14.7004
20.9764    31.6756    14.7004
