21.9172    21.6372    13.5004
21.9236    21.654799    13.5004
21.9244    21.656399    13.5004
21.93    21.674    13.5004
21.944399    21.722    13.5004
21.9492    21.737999    13.5004
21.9508    21.743599    13.5004
21.965199    21.806799    13.5004
21.9732    21.847599    13.5004
21.973999    21.853199    13.5004
21.973999    21.857199    13.5004
21.9788    21.8892    13.5004
21.9812    21.9244    13.5004
21.982    21.9348    13.5004
21.9812    21.9404    13.5004
21.9756    21.965199    13.5004
21.9732    21.973999    13.5004
21.9716    21.996399    13.5004
21.9636    22.0156    13.5004
21.955599    22.034    13.5004
21.9516    22.0388    13.5004
21.9436    22.0476    13.5004
21.9228    22.0732    13.5004
21.9124    22.0828    13.5004
21.8956    22.094    13.5004
21.8844    22.0964    13.5004
21.8724    22.0964    13.5004
21.8596    22.0924    13.5004
21.8484    22.09    13.5004
21.8436    22.0884    13.5004
21.81    22.070799    13.5004
21.788399    22.0572    13.5004
21.7748    22.0492    13.5004
21.7524    22.0348    13.5004
21.7404    22.026    13.5004
21.7396    22.026    13.5004
21.7076    22.0164    13.5004
21.697199    22.0236    13.5004
21.6932    22.0348    13.5004
21.682    22.052399    13.5004
21.674    22.07    13.5004
21.6716    22.076399    13.5004
21.6684    22.0884    13.5004
21.669199    22.094799    13.5004
21.654    22.1524    13.5004
21.6468    22.1756    13.5004
21.6412    22.194    13.5004
21.628399    22.2396    13.5004
21.621199    22.265999    13.5004
21.6164    22.2804    13.5004
21.6092    22.3132    13.5004
21.605999    22.3252    13.5004
21.598799    22.362    13.5004
21.594    22.382    13.5004
21.5924    22.3988    13.5004
21.5892    22.420399    13.5004
21.5844    22.466    13.5004
21.5668    22.4972    13.5004
21.563599    22.5036    13.5004
21.5604    22.5084    13.5004
21.5476    22.522    13.5004
21.537199    22.5268    13.5004
21.5268    22.528399    13.5004
21.5108    22.5292    13.5004
21.4884    22.5156    13.5004
21.4844    22.5148    13.5004
21.4692    22.4916    13.5004
21.4628    22.482    13.5004
21.4604    22.4756    13.5004
21.453999    22.4524    13.5004
21.448399    22.427599    13.5004
21.4364    22.3564    13.5004
21.421999    22.298    13.5004
21.4156    22.278    13.5004
21.406    22.2388    13.5004
21.3948    22.2108    13.5004
21.3876    22.189999    13.5004
21.3844    22.1796    13.5004
21.3828    22.169199    13.5004
21.3788    22.139599    13.5004
21.378    22.1188    13.5004
21.382    22.0444    13.5004
21.3828    22.0404    13.5004
21.3828    22.037199    13.5004
21.3884    21.9868    13.5004
21.394    21.959599    13.5004
21.3956    21.938    13.5004
21.3996    21.9188    13.5004
21.4084    21.8844    13.5004
21.4188    21.8452    13.5004
21.4244    21.827599    13.5004
21.444399    21.7732    13.5004
21.4644    21.721199    13.5004
21.4676    21.713999    13.5004
21.4876    21.6724    13.5004
21.4916    21.6652    13.5004
21.496399    21.657999    13.5004
21.518    21.626799    13.5004
21.5348    21.6052    13.5004
21.5532    21.5732    13.5004
21.557999    21.566    13.5004
21.559599    21.562    13.5004
21.5628    21.553999    13.5004
21.574    21.528399    13.5004
21.5868    21.4884    13.5004
21.600399    21.4476    13.5004
21.6084    21.4308    13.5004
21.615599    21.414    13.5004
21.626799    21.397999    13.5004
21.6316    21.390799    13.5004
21.6404    21.386    13.5004
21.650799    21.379599    13.5004
21.6644    21.3772    13.5004
21.674799    21.3748    13.5004
21.6836    21.375599    13.5004
21.702799    21.3764    13.5004
21.7172    21.379599    13.5004
21.7284    21.3828    13.5004
21.747599    21.392399    13.5004
21.753199    21.3948    13.5004
21.7564    21.396399    13.5004
21.7684    21.4044    13.5004
21.7924    21.4212    13.5004
21.7988    21.427599    13.5004
21.814    21.442799    13.5004
21.8364    21.4708    13.5004
21.844398    21.4828    13.5004
21.8604    21.5092    13.5004
21.8716    21.5308    13.5004
21.885199    21.5548    13.5004
21.890799    21.5668    13.5004
21.894    21.5756    13.5004
21.9172    21.6372    13.5004
