5.4988    16.111599    19.2004
5.4876    16.1484    19.2004
5.4596    16.2316    19.2004
5.4291997    16.314    19.2004
5.4156    16.358    19.2004
5.3915997    16.4228    19.2004
5.3747997    16.4676    19.2004
5.3652    16.4884    19.2004
5.3403997    16.553999    19.2004
5.3076    16.6196    19.2004
5.298    16.6412    19.2004
5.2851996    16.6668    19.2004
5.258    16.7116    19.2004
5.2172    16.7788    19.2004
5.206    16.7964    19.2004
5.1948    16.81    19.2004
5.1731997    16.8412    19.2004
5.1651998    16.8524    19.2004
5.1348    16.882    19.2004
5.134    16.882    19.2004
5.0924    16.8996    19.2004
5.0875998    16.902    19.2004
5.0755997    16.8988    19.2004
5.0436    16.8908    19.2004
5.0348    16.8908    19.2004
5.0076    16.8636    19.2004
4.9955997    16.8484    19.2004
4.9884    16.83    19.2004
4.9716    16.8092    19.2004
4.9604    16.7812    19.2004
4.9476    16.7596    19.2004
4.934    16.706    19.2004
4.9244    16.6716    19.2004
4.9059997    16.5844    19.2004
4.898    16.542799    19.2004
4.8884    16.483599    19.2004
4.8828    16.438799    19.2004
4.8691998    16.3372    19.2004
4.8547997    16.178    19.2004
4.854    16.1716    19.2004
4.854    16.1644    19.2004
4.8468    15.9883995    19.2004
4.8427997    15.8932    19.2004
4.8396    15.7764    19.2004
4.8371997    15.631599    19.2004
4.8371997    15.625199    19.2004
4.8371997    15.506    19.2004
4.8371997    15.4956    19.2004
4.8396    15.3116    19.2004
4.8396    15.2884    19.2004
4.8412    15.2092    19.2004
4.8436    15.0924    19.2004
4.8452    15.0484    19.2004
4.8468    15.010799    19.2004
4.8532    14.8396    19.2004
4.8556    14.797199    19.2004
4.8588    14.676399    19.2004
4.8684    14.5076    19.2004
4.87    14.4844    19.2004
4.8844    14.2372    19.2004
4.8996    14.032399    19.2004
4.9003997    14.0171995    19.2004
4.902    14.0036    19.2004
4.9244    13.69    19.2004
4.934    13.5868    19.2004
4.9388    13.5316    19.2004
4.9676    13.21    19.2004
4.9691997    13.1956    19.2004
5.002    12.8692    19.2004
5.0044    12.8404    19.2004
5.0116    12.7724    19.2004
5.0396    12.5171995    19.2004
5.0564    12.3716    19.2004
5.0636    12.306    19.2004
5.0868    12.1228    19.2004
5.0916    12.0836    19.2004
5.0948    12.0571995    19.2004
5.1308    11.7772    19.2004
5.138    11.7164    19.2004
5.1548    11.598    19.2004
5.166    11.515599    19.2004
5.178    11.4268    19.2004
5.1948    11.3084    19.2004
5.2075996    11.214    19.2004
5.2244    11.1012    19.2004
5.2412    10.9868    19.2004
5.2524    10.912399    19.2004
5.278    10.742    19.2004
5.2892    10.6748    19.2004
5.31    10.538    19.2004
5.3476    10.3124    19.2004
5.3515997    10.2892    19.2004
5.3564    10.263599    19.2004
5.3932    10.05    19.2004
5.4156    9.9196    19.2004
5.462    9.6668    19.2004
5.4764    9.591599    19.2004
5.482    9.5652    19.2004
5.486    9.5428    19.2004
5.4891996    9.5244    19.2004
5.4996    9.4732    19.2004
5.5467997    9.2308    19.2004
5.582    9.0612    19.2004
5.5948    9.0004    19.2004
5.6004    8.976399    19.2004
5.6052    8.9524    19.2004
5.6452    8.7699995    19.2004
5.6868    8.5876    19.2004
5.6931996    8.561999    19.2004
5.6956    8.5515995    19.2004
5.71    8.49    19.2004
5.746    8.3356    19.2004
5.7507997    8.3148    19.2004
5.758    8.2892    19.2004
5.7804    8.200399    19.2004
5.8195996    8.0468    19.2004
5.8691998    7.8651996    19.2004
5.8756    7.8436    19.2004
5.8812    7.8244    19.2004
5.9284    7.6692    19.2004
5.9379997    7.6443996    19.2004
5.9747996    7.5276    19.2004
6.0028    7.4396    19.2004
6.0084    7.4227996    19.2004
6.0188    7.3956    19.2004
6.0532    7.3076    19.2004
6.0908    7.21    19.2004
6.0964    7.1956    19.2004
6.1019998    7.1836    19.2004
6.138    7.1092    19.2004
6.186    7.0123997    19.2004
6.1868    7.0116    19.2004
6.2332    6.9403996    19.2004
6.2356    6.9371996    19.2004
6.2444    6.9276    19.2004
6.282    6.8812    19.2004
6.2924    6.8683996    19.2004
6.3283997    6.8356    19.2004
6.3356    6.83    19.2004
6.3388    6.8283997    19.2004
6.3452    6.8283997    19.2004
6.3859997    6.8283997    19.2004
6.4044    6.8339996    19.2004
6.4291997    6.8588    19.2004
6.4452    6.8764    19.2004
6.4628    6.9027996    19.2004
6.4732    6.9276    19.2004
6.4923997    6.9764    19.2004
6.5099998    7.0291996    19.2004
6.5196    7.0652    19.2004
6.5404    7.1731997    19.2004
6.5476    7.2051997    19.2004
6.5636    7.3051996    19.2004
6.5748    7.4124    19.2004
6.5772    7.4379997    19.2004
6.5787997    7.462    19.2004
6.5804    7.49    19.2004
6.5908    7.6092    19.2004
6.5964    7.7012    19.2004
6.5996    7.798    19.2004
6.6028    7.8852    19.2004
6.6043997    7.9652    19.2004
6.606    8.0556    19.2004
6.6067996    8.1491995    19.2004
6.6052    8.2892    19.2004
6.6036    8.366799    19.2004
6.6004    8.526    19.2004
6.5996    8.568399    19.2004
6.5948    8.7708    19.2004
6.594    8.7844    19.2004
6.5908    8.877999    19.2004
6.5875998    8.9539995    19.2004
6.5875998    8.964399    19.2004
6.5796    9.1108    19.2004
6.5731997    9.2652    19.2004
6.5708    9.3052    19.2004
6.5684    9.3428    19.2004
6.5523996    9.573999    19.2004
6.5508    9.594    19.2004
6.542    9.723599    19.2004
6.5243998    9.9684    19.2004
6.5204    10.0156    19.2004
6.514    10.0876    19.2004
6.4947996    10.2996    19.2004
6.4835997    10.4268    19.2004
6.4667997    10.6036    19.2004
6.4659996    10.607599    19.2004
6.4635997    10.636399    19.2004
6.4372    10.9092    19.2004
6.4347997    10.929999    19.2004
6.4171996    11.0884    19.2004
6.4052    11.193999    19.2004
6.4035997    11.2036    19.2004
6.3676    11.5212    19.2004
6.3459997    11.69    19.2004
6.3292    11.8308    19.2004
6.2939997    12.0924    19.2004
6.2876    12.142799    19.2004
6.286    12.158    19.2004
6.258    12.3564    19.2004
6.238    12.492399    19.2004
6.2075996    12.7012    19.2004
6.158    13.0348    19.2004
6.1524    13.07    19.2004
6.1428    13.13    19.2004
6.1068    13.3468    19.2004
6.0764    13.53    19.2004
6.066    13.589999    19.2004
6.0532    13.6612    19.2004
6.0243998    13.8252    19.2004
6.0084    13.9164    19.2004
5.9835997    14.0515995    19.2004
5.9635997    14.158799    19.2004
5.9124    14.4156    19.2004
5.9068    14.4436    19.2004
5.8747997    14.6044    19.2004
5.8636    14.6612    19.2004
5.8532    14.711599    19.2004
5.8339996    14.797999    19.2004
5.7948    14.978    19.2004
5.7476    15.186    19.2004
5.7372    15.2308    19.2004
5.7275996    15.2732    19.2004
5.69    15.424399    19.2004
5.666    15.516399    19.2004
5.6164    15.711599    19.2004
5.6116    15.729199    19.2004
5.6092    15.7372    19.2004
5.5692    15.883599    19.2004
5.5611997    15.9108    19.2004
5.5604    15.914    19.2004
5.5604    15.9148    19.2004
5.5596    15.9164    19.2004
5.4988    16.111599    19.2004
