1.6484    38.7588    21.6004
1.6484    38.756397    21.6004
1.6484    38.7524    21.6004
1.6508    38.593998    21.6004
1.65    38.586    21.6004
1.65    38.5788    21.6004
1.65    38.5524    21.6004
1.6556    38.5484    21.6004
1.6636    38.545998    21.6004
1.6836    38.5428    21.6004
1.7179999    38.5444    21.6004
1.726    38.5444    21.6004
1.7412    38.5444    21.6004
1.786    38.5476    21.6004
1.8027999    38.5492    21.6004
1.8083999    38.55    21.6004
1.8091999    38.55    21.6004
1.81    38.55    21.6004
1.8635999    38.5524    21.6004
1.8876    38.5476    21.6004
1.8884    38.5476    21.6004
1.9156    38.531597    21.6004
1.9244    38.5268    21.6004
1.9267999    38.523598    21.6004
1.9444    38.5084    21.6004
1.9684    38.484398    21.6004
2.034    38.419598    21.6004
2.1468    38.3092    21.6004
2.2428    38.214    21.6004
2.2572    38.1996    21.6004
2.2891998    38.1684    21.6004
2.2916    38.166    21.6004
2.2932    38.1652    21.6004
2.3035998    38.1652    21.6004
2.3195999    38.1844    21.6004
2.3228    38.189198    21.6004
2.3292    38.194798    21.6004
2.338    38.2108    21.6004
2.3411999    38.2164    21.6004
2.3964    38.3108    21.6004
2.5075998    38.4988    21.6004
2.526    38.5284    21.6004
2.5588    38.5836    21.6004
2.5635998    38.5916    21.6004
2.574    38.607597    21.6004
2.5779998    38.614    21.6004
2.5884    38.621998    21.6004
2.6092    38.638798    21.6004
2.6324    38.6492    21.6004
2.642    38.654    21.6004
2.6627998    38.6596    21.6004
2.6724    38.661198    21.6004
2.698    38.666    21.6004
2.7043998    38.6676    21.6004
2.7547998    38.6788    21.6004
2.7796    38.6852    21.6004
2.7884    38.6876    21.6004
2.8004    38.6932    21.6004
2.806    38.6956    21.6004
2.8132    38.7044    21.6004
2.8132    38.71    21.6004
2.8076    38.7476    21.6004
2.8068    38.750797    21.6004
2.806    38.753998    21.6004
2.7484    38.9668    21.6004
2.718    39.085197    21.6004
2.6748    39.239597    21.6004
2.6668    39.267597    21.6004
2.6299999    39.4012    21.6004
2.6292    39.41    21.6004
2.6227999    39.438    21.6004
2.6132    39.4604    21.6004
2.6123998    39.4604    21.6004
2.5867999    39.4748    21.6004
2.554    39.4724    21.6004
2.5363998    39.469997    21.6004
2.5212    39.466    21.6004
2.5075998    39.4612    21.6004
2.4931998    39.4524    21.6004
2.478    39.4412    21.6004
2.4612    39.419598    21.6004
2.4564    39.413998    21.6004
2.4515998    39.4076    21.6004
2.4252    39.3644    21.6004
2.3916    39.309998    21.6004
2.386    39.2996    21.6004
2.3539999    39.245197    21.6004
2.3428    39.228397    21.6004
2.3164    39.183598    21.6004
2.3116    39.1772    21.6004
2.3092    39.172398    21.6004
2.2876    39.134    21.6004
2.2868    39.1324    21.6004
2.2596    39.0892    21.6004
2.2572    39.086    21.6004
2.2556    39.082    21.6004
2.2347999    39.0476    21.6004
2.2316    39.0444    21.6004
2.2284    39.042    21.6004
2.2052    39.0188    21.6004
2.2012    39.0188    21.6004
2.1708    39.0196    21.6004
2.1355999    39.0444    21.6004
2.1348    39.0444    21.6004
2.0388    39.138    21.6004
2.0276    39.1484    21.6004
2.0212    39.1548    21.6004
1.9707999    39.2052    21.6004
1.9668    39.2076    21.6004
1.9396    39.2356    21.6004
1.8723999    39.3036    21.6004
1.8427999    39.3316    21.6004
1.8268    39.346798    21.6004
1.806    39.3612    21.6004
1.8027999    39.363598    21.6004
1.7964    39.3644    21.6004
1.7731999    39.3724    21.6004
1.7531999    39.371597    21.6004
1.7508    39.371597    21.6004
1.7443999    39.3708    21.6004
1.7091999    39.3652    21.6004
1.6819999    39.3588    21.6004
1.6667999    39.352398    21.6004
1.6644    39.3516    21.6004
1.6531999    39.337997    21.6004
1.6531999    39.3012    21.6004
1.6516    39.2044    21.6004
1.6516    39.133198    21.6004
1.6484    38.776398    21.6004
1.6475999    38.761997    21.6004
1.6484    38.7588    21.6004
