19.866    35.3316    21.3004
19.894    35.250797    21.3004
19.909199    35.2076    21.3004
19.910799    35.203598    21.3004
19.914799    35.1916    21.3004
19.9812    34.994    21.3004
19.9916    34.9628    21.3004
20.0036    34.9324    21.3004
20.013199    34.908398    21.3004
20.017199    34.898    21.3004
20.0348    34.854797    21.3004
20.053999    34.8036    21.3004
20.062    34.781998    21.3004
20.0908    34.7076    21.3004
20.1124    34.649998    21.3004
20.115599    34.6404    21.3004
20.117199    34.635597    21.3004
20.122799    34.6196    21.3004
20.132399    34.5892    21.3004
20.1356    34.5804    21.3004
20.150799    34.534798    21.3004
20.1612    34.5108    21.3004
20.1708    34.473198    21.3004
20.1764    34.4604    21.3004
20.189999    34.425198    21.3004
20.1996    34.4068    21.3004
20.2132    34.3724    21.3004
20.2156    34.3652    21.3004
20.2172    34.360397    21.3004
20.2292    34.3252    21.3004
20.234    34.3076    21.3004
20.2372    34.298    21.3004
20.2396    34.2884    21.3004
20.2444    34.2676    21.3004
20.2452    34.2572    21.3004
20.247599    34.2412    21.3004
20.246    34.2332    21.3004
20.249199    34.2196    21.3004
20.247599    34.2132    21.3004
20.247599    34.1956    21.3004
20.246    34.1876    21.3004
20.2468    34.1604    21.3004
20.2372    34.1364    21.3004
20.2292    34.1116    21.3004
20.2284    34.105198    21.3004
20.2156    34.0732    21.3004
20.2204    34.0636    21.3004
20.2204    34.0444    21.3004
20.236399    34.0332    21.3004
20.2612    34.0172    21.3004
20.274    34.0116    21.3004
20.289999    34.002    21.3004
20.3132    33.992397    21.3004
20.3468    33.9828    21.3004
20.392399    33.9692    21.3004
20.3972    33.9692    21.3004
20.4004    33.9692    21.3004
20.4452    33.966    21.3004
20.477999    33.9684    21.3004
20.4844    33.9692    21.3004
20.4876    33.969997    21.3004
20.490799    33.9708    21.3004
20.535599    33.9836    21.3004
20.5668    33.9948    21.3004
20.5884    34.002    21.3004
20.6036    34.0084    21.3004
20.6108    34.0116    21.3004
20.6364    34.022    21.3004
20.654    34.0308    21.3004
20.684399    34.0412    21.3004
20.701199    34.0492    21.3004
20.719599    34.0564    21.3004
20.771599    34.0788    21.3004
20.777199    34.0812    21.3004
20.7812    34.0844    21.3004
20.8084    34.1004    21.3004
20.810799    34.101997    21.3004
20.8132    34.105198    21.3004
20.840399    34.1356    21.3004
20.8436    34.1412    21.3004
20.8548    34.1596    21.3004
20.8708    34.1908    21.3004
20.886799    34.2356    21.3004
20.8916    34.2524    21.3004
20.901999    34.2948    21.3004
20.9172    34.354797    21.3004
20.9236    34.385998    21.3004
20.9308    34.419598    21.3004
20.942    34.486797    21.3004
20.944399    34.506798    21.3004
20.946    34.5172    21.3004
20.946    34.593998    21.3004
20.946    34.5988    21.3004
20.942799    34.6476    21.3004
20.942    34.6596    21.3004
20.9404    34.674    21.3004
20.9292    34.7444    21.3004
20.9244    34.77    21.3004
20.910799    34.8292    21.3004
20.8932    34.9012    21.3004
20.89    34.9108    21.3004
20.8748    34.961998    21.3004
20.8676    34.986    21.3004
20.8508    35.0332    21.3004
20.826    35.1012    21.3004
20.8244    35.106    21.3004
20.823599    35.107597    21.3004
20.8204    35.114    21.3004
20.7892    35.1788    21.3004
20.7572    35.2388    21.3004
20.7508    35.250797    21.3004
20.741999    35.265198    21.3004
20.71    35.3196    21.3004
20.684399    35.362    21.3004
20.6644    35.397198    21.3004
20.656399    35.4132    21.3004
20.6468    35.4316    21.3004
20.6388    35.450798    21.3004
20.6252    35.478798    21.3004
20.6148    35.5172    21.3004
20.6132    35.5244    21.3004
20.6108    35.5316    21.3004
20.6028    35.57    21.3004
20.5868    35.6596    21.3004
20.5852    35.666    21.3004
20.574799    35.7076    21.3004
20.5644    35.750797    21.3004
20.5604    35.767597    21.3004
20.5476    35.8076    21.3004
20.5388    35.8364    21.3004
20.5276    35.8684    21.3004
20.5124    35.9116    21.3004
20.489199    35.9668    21.3004
20.4756    36.001198    21.3004
20.4508    36.0596    21.3004
20.4436    36.0756    21.3004
20.43    36.1036    21.3004
20.3748    36.211597    21.3004
20.3436    36.2796    21.3004
20.321999    36.326    21.3004
20.306799    36.363598    21.3004
20.286    36.4148    21.3004
20.271599    36.4548    21.3004
20.2612    36.486    21.3004
20.243599    36.5388    21.3004
20.2116    36.6364    21.3004
20.198    36.682    21.3004
20.1884    36.7156    21.3004
20.1796    36.756397    21.3004
20.163599    36.8316    21.3004
20.150799    36.874    21.3004
20.150799    36.874798    21.3004
20.132399    36.934    21.3004
20.1308    36.9372    21.3004
20.13    36.939598    21.3004
20.126799    36.945198    21.3004
20.1084    36.978    21.3004
20.094    36.9996    21.3004
20.0892    37.006798    21.3004
20.0884    37.009197    21.3004
20.0828    37.0156    21.3004
20.0564    37.042    21.3004
20.0516    37.0468    21.3004
20.0388    37.0564    21.3004
20.0276    37.065998    21.3004
20.024399    37.0676    21.3004
20.0044    37.0788    21.3004
19.983599    37.0876    21.3004
19.972399    37.0916    21.3004
19.9476    37.0972    21.3004
19.925999    37.1012    21.3004
19.914    37.101997    21.3004
19.892399    37.1044    21.3004
19.862    37.1036    21.3004
19.8484    37.1028    21.3004
19.838    37.1004    21.3004
19.7892    37.090797    21.3004
19.7868    37.09    21.3004
19.7524    37.073997    21.3004
19.7244    37.058    21.3004
19.7124    37.0524    21.3004
19.689999    37.0388    21.3004
19.6708    37.0252    21.3004
19.6388    36.9996    21.3004
19.6388    36.9988    21.3004
19.637999    36.997997    21.3004
19.6036    36.9628    21.3004
19.594    36.95    21.3004
19.574799    36.926    21.3004
19.553999    36.8956    21.3004
19.5364    36.8684    21.3004
19.5268    36.8516    21.3004
19.5052    36.8148    21.3004
19.4924    36.7892    21.3004
19.473999    36.748398    21.3004
19.4684    36.7324    21.3004
19.466    36.725998    21.3004
19.4572    36.7012    21.3004
19.455599    36.694798    21.3004
19.4548    36.6916    21.3004
19.4476    36.6516    21.3004
19.4452    36.633198    21.3004
19.442    36.6084    21.3004
19.4396    36.5756    21.3004
19.4396    36.562798    21.3004
19.4412    36.5284    21.3004
19.4436    36.497997    21.3004
19.448399    36.464397    21.3004
19.4532    36.4404    21.3004
19.4652    36.3852    21.3004
19.473999    36.3484    21.3004
19.4804    36.3204    21.3004
19.5012    36.2532    21.3004
19.5084    36.2308    21.3004
19.5276    36.1788    21.3004
19.5404    36.1452    21.3004
19.563599    36.085197    21.3004
19.5772    36.0532    21.3004
19.5828    36.038    21.3004
19.614    35.9628    21.3004
19.650799    35.8764    21.3004
19.702799    35.75    21.3004
19.7468    35.644398    21.3004
19.777199    35.565998    21.3004
19.8172    35.464397    21.3004
19.858799    35.35    21.3004
19.8636    35.337997    21.3004
19.866    35.3316    21.3004
