16.198    14.2092    6.3004
16.194    14.2092    6.3004
16.1924    14.2092    6.3004
16.19    14.2092    6.3004
16.1556    14.2067995    6.3004
16.142    14.205999    6.3004
16.1108    14.202    6.3004
16.1012    14.200399    6.3004
16.0772    14.194799    6.3004
16.0612    14.1916    6.3004
16.0388    14.186    6.3004
16.024399    14.183599    6.3004
15.9972    14.1756    6.3004
15.9836    14.171599    6.3004
15.969999    14.1676    6.3004
15.9452    14.158799    6.3004
15.929199    14.1524    6.3004
15.9164    14.1468    6.3004
15.8972    14.1396    6.3004
15.8708    14.125999    6.3004
15.8628    14.122    6.3004
15.8468    14.113999    6.3004
15.8164    14.098    6.3004
15.803599    14.090799    6.3004
15.785999    14.0803995    6.3004
15.750799    14.058    6.3004
15.7444    14.0532    6.3004
15.705999    14.0227995    6.3004
15.700399    14.0188    6.3004
15.6732    13.997999    6.3004
15.6723995    13.9972    6.3004
15.670799    13.9956    6.3004
15.6435995    13.969999    6.3004
15.6396    13.966    6.3004
15.619599    13.947599    6.3004
15.6068    13.9332    6.3004
15.591599    13.9196    6.3004
15.57    13.894799    6.3004
15.561999    13.8852    6.3004
15.542    13.861199    6.3004
15.5356    13.854    6.3004
15.5171995    13.8284    6.3004
15.504399    13.8116    6.3004
15.4836    13.7788    6.3004
15.4796    13.7732    6.3004
15.476399    13.768399    6.3004
15.441999    13.7123995    6.3004
15.4396    13.7076    6.3004
15.4092    13.6508    6.3004
15.4052    13.642799    6.3004
15.384399    13.5988    6.3004
15.377199    13.5828    6.3004
15.353999    13.526    6.3004
15.3508    13.5171995    6.3004
15.331599    13.4595995    6.3004
15.321199    13.426    6.3004
15.3124    13.3932    6.3004
15.3052    13.3628    6.3004
15.3012    13.342799    6.3004
15.292399    13.303599    6.3004
15.290799    13.2908    6.3004
15.2836    13.2308    6.3004
15.2828    13.2268    6.3004
15.281199    13.2067995    6.3004
15.278    13.1796    6.3004
15.2772    13.1668    6.3004
15.2764    13.125999    6.3004
15.278    13.0876    6.3004
15.2788    13.0724    6.3004
15.281199    13.028399    6.3004
15.282    13.021999    6.3004
15.2828    13.018    6.3004
15.2876    12.9772    6.3004
15.294    12.941999    6.3004
15.297199    12.9228    6.3004
15.306    12.878799    6.3004
15.308399    12.8716    6.3004
15.322    12.8244    6.3004
15.3236    12.818    6.3004
15.326799    12.809999    6.3004
15.3404    12.7699995    6.3004
15.354799    12.734799    6.3004
15.3588    12.723599    6.3004
15.361199    12.7188    6.3004
15.378799    12.677199    6.3004
15.3812    12.6732    6.3004
15.4036    12.6292    6.3004
15.41    12.619599    6.3004
15.4196    12.602799    6.3004
15.429199    12.5868    6.3004
15.435599    12.5764    6.3004
15.453199    12.5484    6.3004
15.469199    12.5252    6.3004
15.4804    12.5092    6.3004
15.498799    12.486    6.3004
15.5068    12.475599    6.3004
15.516399    12.465199    6.3004
15.5348    12.446    6.3004
15.5532    12.424399    6.3004
15.5588    12.417999    6.3004
15.5803995    12.3963995    6.3004
15.5884    12.3884    6.3004
15.613999    12.3652    6.3004
15.6164    12.3628    6.3004
15.619599    12.360399    6.3004
15.6524    12.3364    6.3004
15.653999    12.3356    6.3004
15.6564    12.334    6.3004
15.659599    12.331599    6.3004
15.6972    12.3052    6.3004
15.7204    12.292399    6.3004
15.729199    12.2884    6.3004
15.7355995    12.2884    6.3004
15.75    12.2884    6.3004
15.7676    12.2956    6.3004
15.808399    12.3188    6.3004
15.813999    12.322    6.3004
15.8348    12.331599    6.3004
15.8452    12.3348    6.3004
15.8636    12.344399    6.3004
15.872399    12.343599    6.3004
15.8916    12.3396    6.3004
15.8963995    12.338799    6.3004
15.8972    12.3372    6.3004
15.9228    12.3084    6.3004
15.9228    12.3068    6.3004
15.9444    12.2699995    6.3004
15.952399    12.2532    6.3004
15.9539995    12.2484    6.3004
15.963599    12.234799    6.3004
15.974    12.2188    6.3004
15.976399    12.2164    6.3004
15.999599    12.1924    6.3004
16.01    12.1876    6.3004
16.0348    12.176399    6.3004
16.0452    12.1756    6.3004
16.0612    12.174    6.3004
16.0748    12.1723995    6.3004
16.1068    12.171599    6.3004
16.114    12.171599    6.3004
16.1348    12.171599    6.3004
16.145199    12.171599    6.3004
16.1476    12.171599    6.3004
16.174    12.171599    6.3004
16.2004    12.1748    6.3004
16.2316    12.1796    6.3004
16.2524    12.1844    6.3004
16.2596    12.186    6.3004
16.2676    12.188399    6.3004
16.3036    12.199599    6.3004
16.3428    12.2132    6.3004
16.369999    12.223599    6.3004
16.3844    12.23    6.3004
16.431599    12.252399    6.3004
16.4364    12.254    6.3004
16.4436    12.257999    6.3004
16.472399    12.2724    6.3004
16.4916    12.2828    6.3004
16.501999    12.2892    6.3004
16.5164    12.297999    6.3004
16.5228    12.302799    6.3004
16.5268    12.3052    6.3004
16.5332    12.309199    6.3004
16.5604    12.325999    6.3004
16.598    12.3532    6.3004
16.6028    12.3564    6.3004
16.6036    12.3572    6.3004
16.6148    12.366799    6.3004
16.642    12.3876    6.3004
16.6724    12.412399    6.3004
16.678799    12.417999    6.3004
16.7164    12.4548    6.3004
16.760399    12.498799    6.3004
16.7644    12.5028    6.3004
16.786    12.5244    6.3004
16.8004    12.539599    6.3004
16.8252    12.5716    6.3004
16.8308    12.5772    6.3004
16.8436    12.5948    6.3004
16.8676    12.6276    6.3004
16.8908    12.6612    6.3004
16.8948    12.6668    6.3004
16.9076    12.688399    6.3004
16.9116    12.6956    6.3004
16.914799    12.699599    6.3004
16.9236    12.7148    6.3004
16.934    12.733999    6.3004
16.9452    12.7548    6.3004
16.962    12.7852    6.3004
16.9684    12.7987995    6.3004
16.9788    12.821199    6.3004
16.989199    12.8452    6.3004
16.9932    12.854799    6.3004
17.0108    12.9036    6.3004
17.0124    12.9092    6.3004
17.0204    12.935599    6.3004
17.0268    12.958799    6.3004
17.0284    12.965199    6.3004
17.0348    12.9892    6.3004
17.041199    13.015599    6.3004
17.042    13.0188    6.3004
17.048399    13.050799    6.3004
17.052399    13.0668    6.3004
17.0548    13.0836    6.3004
17.057999    13.1116    6.3004
17.0612    13.131599    6.3004
17.063599    13.1491995    6.3004
17.066    13.182799    6.3004
17.0668    13.1932    6.3004
17.0668    13.200399    6.3004
17.0676    13.216399    6.3004
17.0684    13.25    6.3004
17.0676    13.2844    6.3004
17.0668    13.2948    6.3004
17.066    13.3116    6.3004
17.063599    13.33    6.3004
17.062    13.3564    6.3004
17.0612    13.3684    6.3004
17.0532    13.4092    6.3004
17.052399    13.414    6.3004
17.048399    13.4316    6.3004
17.042799    13.4612    6.3004
17.031599    13.499599    6.3004
17.029999    13.504399    6.3004
17.0292    13.5068    6.3004
17.014    13.5476    6.3004
17.0124    13.5532    6.3004
16.994799    13.5924    6.3004
16.99    13.6036    6.3004
16.979599    13.625999    6.3004
16.9644    13.6564    6.3004
16.9484    13.6852    6.3004
16.9252    13.7268    6.3004
16.9172    13.7388    6.3004
16.897999    13.7708    6.3004
16.894    13.778    6.3004
16.869999    13.813999    6.3004
16.8444    13.8516    6.3004
16.838    13.860399    6.3004
16.8084    13.8996    6.3004
16.7964    13.914    6.3004
16.77    13.941199    6.3004
16.7444    13.969199    6.3004
16.7356    13.9772    6.3004
16.7172    13.9956    6.3004
16.7004    14.0116    6.3004
16.6812    14.028399    6.3004
16.6652    14.0412    6.3004
16.656399    14.0484    6.3004
16.622    14.0748    6.3004
16.6036    14.0876    6.3004
16.5828    14.1004    6.3004
16.563599    14.1124    6.3004
16.5284    14.131599    6.3004
16.5268    14.1332    6.3004
16.5252    14.134    6.3004
16.524399    14.134    6.3004
16.5148    14.1388    6.3004
16.4812    14.1556    6.3004
16.472399    14.159599    6.3004
16.438799    14.171599    6.3004
16.4116    14.1796    6.3004
16.397999    14.183599    6.3004
16.375599    14.19    6.3004
16.364399    14.1924    6.3004
16.3612    14.1932    6.3004
16.3388    14.198    6.3004
16.3316    14.199599    6.3004
16.31    14.2028    6.3004
16.301199    14.2028    6.3004
16.2876    14.205199    6.3004
16.2748    14.205999    6.3004
16.2556    14.2076    6.3004
16.2332    14.2076    6.3004
16.226799    14.2084    6.3004
16.198    14.2092    6.3004
