23.9756    25.9308    14.4004
24.0036    25.8988    14.4004
24.005999    25.8956    14.4004
24.018    25.886    14.4004
24.0292    25.875599    14.4004
24.052399    25.8564    14.4004
24.059599    25.8492    14.4004
24.0836    25.8324    14.4004
24.0868    25.829199    14.4004
24.111599    25.814    14.4004
24.1124    25.8132    14.4004
24.1404    25.8028    14.4004
24.1412    25.8028    14.4004
24.165998    25.7948    14.4004
24.1684    25.7948    14.4004
24.1716    25.7948    14.4004
24.180399    25.793999    14.4004
24.1948    25.793999    14.4004
24.21    25.803598    14.4004
24.2204    25.8084    14.4004
24.226799    25.816399    14.4004
24.2428    25.8396    14.4004
24.2572    25.8692    14.4004
24.260399    25.873999    14.4004
24.2628    25.8804    14.4004
24.2652    25.885199    14.4004
24.2804    25.924398    14.4004
24.2964    25.976398    14.4004
24.299599    25.987598    14.4004
24.3084    26.0276    14.4004
24.3132    26.0516    14.4004
24.3188    26.0852    14.4004
24.3204    26.0956    14.4004
24.3268    26.1572    14.4004
24.3308    26.1924    14.4004
24.333199    26.221199    14.4004
24.3364    26.2628    14.4004
24.338    26.2948    14.4004
24.338799    26.3316    14.4004
24.338    26.3724    14.4004
24.3356    26.4196    14.4004
24.3356    26.421999    14.4004
24.334    26.431599    14.4004
24.33    26.461199    14.4004
24.3244    26.4772    14.4004
24.3116    26.522    14.4004
24.3044    26.537199    14.4004
24.2804    26.5908    14.4004
24.2428    26.6756    14.4004
24.2412    26.680399    14.4004
24.2404    26.6836    14.4004
24.226    26.7284    14.4004
24.2244    26.7388    14.4004
24.2156    26.7708    14.4004
24.2092    26.806799    14.4004
24.1964    26.858    14.4004
24.1924    26.872398    14.4004
24.1836    26.8972    14.4004
24.1756    26.9252    14.4004
24.1588    26.958    14.4004
24.1516    26.9748    14.4004
24.1332    27.0012    14.4004
24.132399    27.0012    14.4004
24.132399    27.001999    14.4004
24.108398    27.018    14.4004
24.0964    27.018799    14.4004
24.0836    27.0164    14.4004
24.070799    27.0124    14.4004
24.057999    27.007599    14.4004
24.045198    27.000399    14.4004
24.029999    26.994    14.4004
24.0212    26.9884    14.4004
24.0028    26.973999    14.4004
23.9924    26.965199    14.4004
23.9732    26.9516    14.4004
23.9604    26.937199    14.4004
23.948399    26.920399    14.4004
23.948399    26.9196    14.4004
23.914    26.838    14.4004
23.903599    26.8148    14.4004
23.8932    26.793999    14.4004
23.8836    26.778    14.4004
23.8652    26.749199    14.4004
23.8428    26.7164    14.4004
23.812399    26.667599    14.4004
23.8044    26.654799    14.4004
23.782799    26.619598    14.4004
23.7764    26.605999    14.4004
23.7684    26.59    14.4004
23.762    26.5716    14.4004
23.758    26.5628    14.4004
23.7508    26.5324    14.4004
23.7428    26.494    14.4004
23.7388    26.4732    14.4004
23.7388    26.4604    14.4004
23.736399    26.444399    14.4004
23.7388    26.4356    14.4004
23.737999    26.416399    14.4004
23.7484    26.379599    14.4004
23.75    26.3748    14.4004
23.75    26.3732    14.4004
23.7508    26.3716    14.4004
23.7508    26.3708    14.4004
23.7724    26.3084    14.4004
23.7788    26.2916    14.4004
23.7852    26.277199    14.4004
23.8004    26.2388    14.4004
23.8172    26.202    14.4004
23.8196    26.197199    14.4004
23.834    26.1708    14.4004
23.8452    26.1516    14.4004
23.8652    26.122    14.4004
23.8916    26.0796    14.4004
23.8956    26.074    14.4004
23.896399    26.0724    14.4004
23.91    26.052399    14.4004
23.914    26.045198    14.4004
23.9284    26.0164    14.4004
23.933199    26.0028    14.4004
23.9396    25.989199    14.4004
23.9532    25.959599    14.4004
23.9628    25.9468    14.4004
23.9756    25.9308    14.4004
