16.2484    14.700399    7.8004
16.2444    14.700399    7.8004
16.2164    14.6972    7.8004
16.1836    14.693199    7.8004
16.1596    14.69    7.8004
16.139599    14.687599    7.8004
16.1252    14.6844    7.8004
16.0828    14.677199    7.8004
16.0684    14.674    7.8004
16.035599    14.6644    7.8004
16.0156    14.658799    7.8004
15.987599    14.6508    7.8004
15.957999    14.6412    7.8004
15.9396    14.634    7.8004
15.9028    14.619599    7.8004
15.888399    14.613999    7.8004
15.837999    14.591599    7.8004
15.8236    14.585199    7.8004
15.781199    14.5652    7.8004
15.7732    14.561199    7.8004
15.721999    14.5308    7.8004
15.717199    14.527599    7.8004
15.7067995    14.521199    7.8004
15.671599    14.5012    7.8004
15.658    14.4908    7.8004
15.648399    14.4836    7.8004
15.630799    14.4716    7.8004
15.6068    14.4564    7.8004
15.5756    14.4324    7.8004
15.5748    14.4316    7.8004
15.573999    14.4307995    7.8004
15.5252    14.3924    7.8004
15.510799    14.3812    7.8004
15.4732    14.346    7.8004
15.469199    14.342799    7.8004
15.4556    14.3308    7.8004
15.424399    14.2987995    7.8004
15.4028    14.2764    7.8004
15.3884    14.2612    7.8004
15.3675995    14.2372    7.8004
15.3588    14.2276    7.8004
15.3524    14.2204    7.8004
15.3188    14.1804    7.8004
15.313999    14.174    7.8004
15.285199    14.1348    7.8004
15.2668    14.107599    7.8004
15.262799    14.1012    7.8004
15.239599    14.0652    7.8004
15.226    14.045199    7.8004
15.223599    14.0412    7.8004
15.2196    14.033999    7.8004
15.193999    13.99    7.8004
15.176399    13.9539995    7.8004
15.1732    13.9484    7.8004
15.171599    13.9444    7.8004
15.1572    13.9148    7.8004
15.134    13.8652    7.8004
15.130799    13.855599    7.8004
15.113999    13.8116    7.8004
15.106    13.794    7.8004
15.102799    13.7844    7.8004
15.0948    13.7612    7.8004
15.0884    13.7372    7.8004
15.084399    13.7244    7.8004
15.082    13.7132    7.8004
15.0764    13.6916    7.8004
15.0652    13.6556    7.8004
15.0596    13.6292    7.8004
15.0532    13.598    7.8004
15.0515995    13.5828    7.8004
15.046    13.5548    7.8004
15.042    13.521999    7.8004
15.038799    13.499599    7.8004
15.033199    13.4452    7.8004
15.033199    13.4396    7.8004
15.033199    13.436399    7.8004
15.033199    13.3907995    7.8004
15.033199    13.378799    7.8004
15.033999    13.3412    7.8004
15.0348    13.3331995    7.8004
15.0364    13.3068    7.8004
15.038799    13.2828    7.8004
15.039599    13.273999    7.8004
15.0436    13.2411995    7.8004
15.044399    13.233999    7.8004
15.0468    13.222799    7.8004
15.054    13.1844    7.8004
15.056399    13.1723995    7.8004
15.061199    13.1516    7.8004
15.0724    13.11    7.8004
15.078    13.094    7.8004
15.0876    13.0652    7.8004
15.0948    13.039599    7.8004
15.1004    13.0244    7.8004
15.118    12.9852    7.8004
15.120399    12.9796    7.8004
15.1388    12.938    7.8004
15.1491995    12.918799    7.8004
15.165199    12.8868    7.8004
15.17    12.877999    7.8004
15.1732    12.872399    7.8004
15.189199    12.846    7.8004
15.2012    12.825999    7.8004
15.2092    12.814    7.8004
15.233999    12.7796    7.8004
15.246799    12.762    7.8004
15.262    12.739599    7.8004
15.2676    12.7332    7.8004
15.278    12.7204    7.8004
15.3004    12.6932    7.8004
15.3043995    12.688399    7.8004
15.3331995    12.6564    7.8004
15.342799    12.6452    7.8004
15.3452    12.641999    7.8004
15.348399    12.6388    7.8004
15.398    12.5859995    7.8004
15.4212    12.562799    7.8004
15.436399    12.5476    7.8004
15.453199    12.5316    7.8004
15.4716    12.5132    7.8004
15.4852    12.502    7.8004
15.493199    12.4956    7.8004
15.514    12.4772    7.8004
15.53    12.464399    7.8004
15.545199    12.4508    7.8004
15.5524    12.4452    7.8004
15.584399    12.4228    7.8004
15.589999    12.418799    7.8004
15.6156    12.4028    7.8004
15.6228    12.3996    7.8004
15.642799    12.395599    7.8004
15.6556    12.401999    7.8004
15.665199    12.406    7.8004
15.677199    12.4148    7.8004
15.6916    12.4276    7.8004
15.7028    12.436399    7.8004
15.7244    12.4508    7.8004
15.7428    12.4492    7.8004
15.7532    12.45    7.8004
15.7716    12.429199    7.8004
15.780399    12.417999    7.8004
15.7876    12.4036    7.8004
15.7932    12.389199    7.8004
15.809199    12.360399    7.8004
15.8108    12.358    7.8004
15.8132    12.355599    7.8004
15.8331995    12.3364    7.8004
15.849999    12.3292    7.8004
15.860399    12.3244    7.8004
15.8675995    12.321199    7.8004
15.894799    12.309999    7.8004
15.9108    12.3043995    7.8004
15.917199    12.302799    7.8004
15.9324    12.2996    7.8004
15.946799    12.2948    7.8004
15.966    12.2932    7.8004
15.976399    12.294    7.8004
15.997999    12.3004    7.8004
16.0028    12.302    7.8004
16.0068    12.303599    7.8004
16.0308    12.3116    7.8004
16.0388    12.3124    7.8004
16.0628    12.3076    7.8004
16.0852    12.2876    7.8004
16.0972    12.2772    7.8004
16.1012    12.268399    7.8004
16.1132    12.2372    7.8004
16.1188    12.222    7.8004
16.126    12.21    7.8004
16.1356    12.193999    7.8004
16.142    12.1868    7.8004
16.1604    12.1756    7.8004
16.169199    12.1692    7.8004
16.1964    12.165199    7.8004
16.202    12.1644    7.8004
16.202799    12.1644    7.8004
16.2204    12.1636    7.8004
16.226799    12.1636    7.8004
16.2764    12.160399    7.8004
16.2852    12.1612    7.8004
16.31    12.1628    7.8004
16.322    12.1636    7.8004
16.33    12.1644    7.8004
16.3676    12.1676    7.8004
16.386    12.170799    7.8004
16.4084    12.174    7.8004
16.4436    12.1812    7.8004
16.4604    12.1844    7.8004
16.490799    12.1916    7.8004
16.507599    12.1972    7.8004
16.5332    12.205199    7.8004
16.5492    12.21    7.8004
16.5612    12.214    7.8004
16.586    12.222799    7.8004
16.642    12.2444    7.8004
16.6524    12.2484    7.8004
16.6596    12.252399    7.8004
16.7044    12.273999    7.8004
16.7172    12.281199    7.8004
16.7588    12.3043995    7.8004
16.7756    12.314    7.8004
16.8036    12.3308    7.8004
16.8156    12.337999    7.8004
16.8484    12.361199    7.8004
16.8524    12.3636    7.8004
16.8844    12.3876    7.8004
16.8996    12.401199    7.8004
16.920399    12.418799    7.8004
16.954    12.447599    7.8004
16.9588    12.452399    7.8004
16.9684    12.4612    7.8004
16.982    12.4748    7.8004
16.983599    12.476399    7.8004
17.0028    12.499599    7.8004
17.006    12.5028    7.8004
17.0108    12.5076    7.8004
17.034    12.5316    7.8004
17.05    12.5492    7.8004
17.0572    12.558    7.8004
17.0732    12.578    7.8004
17.0812    12.5868    7.8004
17.093199    12.6036    7.8004
17.102    12.6156    7.8004
17.118    12.6388    7.8004
17.1356    12.665199    7.8004
17.1364    12.6668    7.8004
17.1372    12.6676    7.8004
17.139599    12.671599    7.8004
17.1556    12.6988    7.8004
17.166    12.7164    7.8004
17.1796    12.7388    7.8004
17.2052    12.7892    7.8004
17.206    12.7908    7.8004
17.206    12.792399    7.8004
17.2076    12.7948    7.8004
17.226799    12.8356    7.8004
17.2356    12.855599    7.8004
17.249199    12.8916    7.8004
17.253199    12.901999    7.8004
17.2572    12.912399    7.8004
17.2748    12.9628    7.8004
17.2876    13.0036    7.8004
17.2908    13.0148    7.8004
17.293999    13.027599    7.8004
17.306    13.078799    7.8004
17.3156    13.1124    7.8004
17.3156    13.113199    7.8004
17.316399    13.1156    7.8004
17.3268    13.1796    7.8004
17.3276    13.1868    7.8004
17.3324    13.2092    7.8004
17.3364    13.2428    7.8004
17.340399    13.273999    7.8004
17.3436    13.297999    7.8004
17.3468    13.3236    7.8004
17.3492    13.355599    7.8004
17.3508    13.394    7.8004
17.351599    13.412399    7.8004
17.3524    13.475599    7.8004
17.3524    13.4883995    7.8004
17.3508    13.5308    7.8004
17.347599    13.5859995    7.8004
17.3468    13.596399    7.8004
17.3444    13.613199    7.8004
17.3396    13.6508    7.8004
17.3372    13.6668    7.8004
17.3308    13.717199    7.8004
17.329199    13.7268    7.8004
17.323599    13.751599    7.8004
17.3204    13.7708    7.8004
17.316399    13.785999    7.8004
17.3084    13.8188    7.8004
17.2964    13.865999    7.8004
17.288399    13.8924    7.8004
17.282    13.913199    7.8004
17.274    13.9388    7.8004
17.265999    13.957999    7.8004
17.254    13.9908    7.8004
17.2348    14.0356    7.8004
17.23    14.046    7.8004
17.2244    14.0571995    7.8004
17.2076    14.094    7.8004
17.1932    14.1236    7.8004
17.1668    14.170799    7.8004
17.1404    14.2148    7.8004
17.139599    14.216399    7.8004
17.111599    14.257199    7.8004
17.098799    14.2764    7.8004
17.0884    14.2908    7.8004
17.0612    14.3252    7.8004
17.057999    14.3284    7.8004
17.0572    14.33    7.8004
17.0236    14.3675995    7.8004
17.0196    14.373199    7.8004
16.972399    14.4204    7.8004
16.944399    14.45    7.8004
16.910799    14.478    7.8004
16.8836    14.498799    7.8004
16.873999    14.506    7.8004
16.8564    14.5188    7.8004
16.8244    14.5428    7.8004
16.8196    14.546    7.8004
16.771599    14.5764    7.8004
16.77    14.5772    7.8004
16.7396    14.5932    7.8004
16.7132    14.608399    7.8004
16.7108    14.6092    7.8004
16.71    14.61    7.8004
16.6796    14.622    7.8004
16.6524    14.634    7.8004
16.6388    14.6396    7.8004
16.6308    14.642799    7.8004
16.6164    14.647599    7.8004
16.602    14.6524    7.8004
16.59    14.6572    7.8004
16.5732    14.662    7.8004
16.5604    14.665999    7.8004
16.535599    14.674    7.8004
16.5332    14.6748    7.8004
16.5092    14.6804    7.8004
16.5068    14.6812    7.8004
16.4692    14.687599    7.8004
16.4596    14.689199    7.8004
16.4292    14.693199    7.8004
16.406    14.6956    7.8004
16.397999    14.6972    7.8004
16.3556    14.702    7.8004
16.3508    14.702    7.8004
16.3116    14.702    7.8004
16.3084    14.7028    7.8004
16.2868    14.7028    7.8004
16.282799    14.702    7.8004
16.2516    14.700399    7.8004
16.2484    14.700399    7.8004
