11.722799    29.0252    19.2004
11.71    29.0772    19.2004
11.705999    29.0924    19.2004
11.6916    29.137999    19.2004
11.6723995    29.1876    19.2004
11.665999    29.2004    19.2004
11.6324    29.271599    19.2004
11.6284    29.2796    19.2004
11.622    29.2908    19.2004
11.5844    29.347599    19.2004
11.5571995    29.3828    19.2004
11.544399    29.3988    19.2004
11.538799    29.406    19.2004
11.502    29.441198    19.2004
11.4628    29.4788    19.2004
11.4595995    29.481998    19.2004
11.4564    29.4844    19.2004
11.4404    29.4972    19.2004
11.4052    29.524399    19.2004
11.395599    29.531599    19.2004
11.3708    29.548399    19.2004
11.334    29.5716    19.2004
11.3292    29.574799    19.2004
11.3244    29.5772    19.2004
11.2676    29.605999    19.2004
11.2588    29.609999    19.2004
11.23    29.622799    19.2004
11.214    29.628399    19.2004
11.1812    29.6404    19.2004
11.142799    29.654799    19.2004
11.1236    29.6612    19.2004
11.062799    29.678799    19.2004
11.0324    29.685999    19.2004
10.9772    29.698    19.2004
10.917999    29.708399    19.2004
10.895599    29.7116    19.2004
10.826799    29.7204    19.2004
10.8068    29.7228    19.2004
10.7948    29.723598    19.2004
10.6804    29.732399    19.2004
10.6796    29.732399    19.2004
10.6788    29.732399    19.2004
10.5956    29.734    19.2004
10.5204    29.732399    19.2004
10.516399    29.732399    19.2004
10.514    29.732399    19.2004
10.435599    29.726799    19.2004
10.406799    29.723598    19.2004
10.346    29.7172    19.2004
10.326    29.7148    19.2004
10.2652    29.7036    19.2004
10.2548    29.701199    19.2004
10.2492    29.7004    19.2004
10.165999    29.682    19.2004
10.137199    29.674    19.2004
10.0803995    29.6572    19.2004
10.0316    29.6412    19.2004
10.0204    29.637999    19.2004
9.998799    29.63    19.2004
9.9595995    29.6148    19.2004
9.946799    29.6092    19.2004
9.929999    29.600399    19.2004
9.898    29.5852    19.2004
9.884399    29.5836    19.2004
9.8675995    29.576399    19.2004
9.858    29.5788    19.2004
9.8356    29.567598    19.2004
9.8316    29.565199    19.2004
9.8276    29.5684    19.2004
9.83    29.5716    19.2004
9.83    29.598    19.2004
9.8364    29.609999    19.2004
9.8532    29.6444    19.2004
9.8619995    29.6628    19.2004
9.878799    29.691599    19.2004
9.8876    29.706799    19.2004
9.9044    29.7412    19.2004
9.9092    29.751598    19.2004
9.913199    29.758799    19.2004
9.918    29.7684    19.2004
9.9307995    29.7916    19.2004
9.9684    29.8596    19.2004
9.974    29.8764    19.2004
9.9732    29.9012    19.2004
9.9748    29.906    19.2004
9.9636    29.918798    19.2004
9.9539995    29.925999    19.2004
9.9388    29.927599    19.2004
9.929999    29.929998    19.2004
9.9084    29.9268    19.2004
9.9004    29.9268    19.2004
9.8628    29.916399    19.2004
9.854    29.914799    19.2004
9.8356    29.91    19.2004
9.814    29.903599    19.2004
9.7196    29.8676    19.2004
9.69    29.855598    19.2004
9.6396    29.834    19.2004
9.6076    29.8188    19.2004
9.5644    29.7964    19.2004
9.5412    29.7836    19.2004
9.5252    29.774    19.2004
9.4564    29.7332    19.2004
9.4492    29.729198    19.2004
9.441999    29.723598    19.2004
9.4084    29.699598    19.2004
9.378799    29.678    19.2004
9.321199    29.630798    19.2004
9.3204    29.630798    19.2004
9.3164    29.626799    19.2004
9.280399    29.597198    19.2004
9.2788    29.5956    19.2004
9.2732    29.59    19.2004
9.222    29.541199    19.2004
9.186    29.5036    19.2004
9.158    29.472399    19.2004
9.1412    29.4516    19.2004
9.1284    29.4364    19.2004
9.0548    29.3428    19.2004
9.054    29.342    19.2004
9.004399    29.2636    19.2004
8.9468    29.165998    19.2004
8.9452    29.1628    19.2004
8.9436    29.1596    19.2004
8.9044    29.0844    19.2004
8.8852    29.041199    19.2004
8.8812    29.0308    19.2004
8.8596    28.9684    19.2004
8.8476    28.933199    19.2004
8.832399    28.886    19.2004
8.826    28.861198    19.2004
8.8196    28.8324    19.2004
8.809199    28.781199    19.2004
8.797999    28.721199    19.2004
8.794    28.695599    19.2004
8.792399    28.682    19.2004
8.786    28.608398    19.2004
8.7836    28.51    19.2004
8.7836    28.504398    19.2004
8.7836    28.494799    19.2004
8.786799    28.4308    19.2004
8.7948    28.3708    19.2004
8.7956    28.366    19.2004
8.7956    28.364399    19.2004
8.8124    28.2876    19.2004
8.814799    28.2804    19.2004
8.8236    28.245998    19.2004
8.8372    28.197199    19.2004
8.87    28.109999    19.2004
8.8772    28.093199    19.2004
8.886    28.070799    19.2004
8.901999    28.031599    19.2004
8.91    28.0164    19.2004
8.9284    27.9828    19.2004
8.941999    27.9564    19.2004
8.9548    27.935598    19.2004
8.9812    27.8916    19.2004
8.9964    27.866    19.2004
9.0227995    27.826    19.2004
9.046    27.792398    19.2004
9.054    27.782799    19.2004
9.0859995    27.743599    19.2004
9.090799    27.7388    19.2004
9.130799    27.695599    19.2004
9.158    27.6668    19.2004
9.1628    27.661999    19.2004
9.1668    27.6588    19.2004
9.217999    27.6124    19.2004
9.2628    27.576399    19.2004
9.322    27.5308    19.2004
9.3452    27.5164    19.2004
9.3596    27.5052    19.2004
9.4044    27.477999    19.2004
9.4148    27.472399    19.2004
9.4436    27.4548    19.2004
9.493199    27.4252    19.2004
9.5227995    27.4084    19.2004
9.5716    27.381199    19.2004
9.598    27.366798    19.2004
9.646    27.338    19.2004
9.660399    27.3308    19.2004
9.674    27.3268    19.2004
9.6852    27.3212    19.2004
9.7028    27.3196    19.2004
9.714    27.3172    19.2004
9.726    27.316399    19.2004
9.751599    27.3204    19.2004
9.7724    27.3244    19.2004
9.786799    27.3268    19.2004
9.8004    27.3284    19.2004
9.814799    27.3268    19.2004
9.8292    27.33    19.2004
9.842    27.3268    19.2004
9.8532    27.326    19.2004
9.8675995    27.3196    19.2004
9.882    27.317999    19.2004
9.9004    27.3116    19.2004
9.9228    27.302    19.2004
9.941199    27.293999    19.2004
9.9844    27.2748    19.2004
9.9972    27.269999    19.2004
10.014    27.2652    19.2004
10.0324    27.2596    19.2004
10.0484    27.2556    19.2004
10.0836    27.2508    19.2004
10.122    27.2452    19.2004
10.130799    27.2444    19.2004
10.160399    27.2444    19.2004
10.1748    27.2452    19.2004
10.1876    27.245998    19.2004
10.1916    27.2468    19.2004
10.2644    27.2556    19.2004
10.297999    27.2596    19.2004
10.3348    27.2652    19.2004
10.3372    27.265999    19.2004
10.3412    27.2676    19.2004
10.3564    27.271599    19.2004
10.3812    27.277199    19.2004
10.3852    27.2796    19.2004
10.3884    27.282799    19.2004
10.3884    27.2988    19.2004
10.3868    27.3028    19.2004
10.384399    27.3076    19.2004
10.366    27.3372    19.2004
10.3316    27.3804    19.2004
10.326799    27.385199    19.2004
10.3252    27.386799    19.2004
10.320399    27.3956    19.2004
10.302    27.414799    19.2004
10.2987995    27.4212    19.2004
10.286799    27.448399    19.2004
10.3004    27.4644    19.2004
10.3132    27.4644    19.2004
10.3316    27.472399    19.2004
10.343599    27.4692    19.2004
10.361199    27.470798    19.2004
10.37    27.47    19.2004
10.3868    27.4716    19.2004
10.4028    27.470798    19.2004
10.422    27.4692    19.2004
10.4492    27.4676    19.2004
10.465199    27.4676    19.2004
10.5004    27.4684    19.2004
10.5196    27.4692    19.2004
10.55    27.470798    19.2004
10.578    27.4732    19.2004
10.6244    27.4788    19.2004
10.6404    27.4812    19.2004
10.7123995    27.4956    19.2004
10.7708    27.5124    19.2004
10.8043995    27.522    19.2004
10.8619995    27.5404    19.2004
10.8708    27.5436    19.2004
10.8764    27.546    19.2004
10.9612    27.5836    19.2004
11.0148    27.6108    19.2004
11.0252    27.6164    19.2004
11.073199    27.6444    19.2004
11.0924    27.656399    19.2004
11.131599    27.6812    19.2004
11.154799    27.698    19.2004
11.1972    27.726799    19.2004
11.2396    27.760399    19.2004
11.2492    27.7692    19.2004
11.2836    27.7948    19.2004
11.3348    27.840399    19.2004
11.346    27.8508    19.2004
11.395599    27.8972    19.2004
11.4092    27.9116    19.2004
11.434    27.938    19.2004
11.4572    27.9676    19.2004
11.4692    27.981998    19.2004
11.4916    28.0124    19.2004
11.506    28.0324    19.2004
11.514    28.045198    19.2004
11.5596    28.1188    19.2004
11.5948    28.184399    19.2004
11.6012    28.195599    19.2004
11.6068    28.206    19.2004
11.646    28.297998    19.2004
11.6516    28.3132    19.2004
11.6732    28.368399    19.2004
11.682799    28.397999    19.2004
11.689199    28.420399    19.2004
11.698    28.4524    19.2004
11.7012    28.466    19.2004
11.711599    28.5036    19.2004
11.7164    28.5268    19.2004
11.7252    28.565199    19.2004
11.7316    28.6068    19.2004
11.7372    28.6444    19.2004
11.742    28.6876    19.2004
11.7428    28.693998    19.2004
11.745999    28.737999    19.2004
11.745999    28.7444    19.2004
11.745999    28.789999    19.2004
11.745999    28.7932    19.2004
11.745999    28.7988    19.2004
11.745999    28.8524    19.2004
11.7452    28.858    19.2004
11.7388    28.9212    19.2004
11.7332    28.958    19.2004
11.7252    29.0124    19.2004
11.722799    29.0252    19.2004
