9.832399    30.069199    9.9004
9.8348    30.031599    9.9004
9.8364    30.0012    9.9004
9.8372    29.9508    9.9004
9.8372    29.9172    9.9004
9.8372    29.913198    9.9004
9.8356    29.909199    9.9004
9.8308    29.882    9.9004
9.826799    29.872398    9.9004
9.8244    29.8524    9.9004
9.809999    29.8284    9.9004
9.8052    29.820398    9.9004
9.803599    29.8172    9.9004
9.7684    29.786    9.9004
9.7548    29.7676    9.9004
9.7388    29.75    9.9004
9.7244    29.730799    9.9004
9.7204    29.726799    9.9004
9.7123995    29.7052    9.9004
9.7092    29.693998    9.9004
9.71    29.680399    9.9004
9.7067995    29.646    9.9004
9.711599    29.621199    9.9004
9.7123995    29.597198    9.9004
9.714    29.5884    9.9004
9.7164    29.5628    9.9004
9.7204    29.538    9.9004
9.7268    29.5012    9.9004
9.7316    29.4884    9.9004
9.738    29.4636    9.9004
9.745999    29.433199    9.9004
9.763599    29.372398    9.9004
9.7644    29.3708    9.9004
9.7796    29.3324    9.9004
9.7836    29.3244    9.9004
9.806    29.2732    9.9004
9.8188    29.245998    9.9004
9.8372    29.2108    9.9004
9.846    29.1932    9.9004
9.8636    29.1596    9.9004
9.874    29.1428    9.9004
9.8868    29.121199    9.9004
9.9156    29.0772    9.9004
9.9388    29.0436    9.9004
9.9612    29.014    9.9004
10.009999    28.9548    9.9004
10.014    28.9508    9.9004
10.018    28.946    9.9004
10.0204    28.9436    9.9004
10.0692    28.892399    9.9004
10.0748    28.8876    9.9004
10.0868    28.877998    9.9004
10.1172    28.853199    9.9004
10.159599    28.8244    9.9004
10.189199    28.803598    9.9004
10.2036    28.795599    9.9004
10.2212    28.7836    9.9004
10.229199    28.7804    9.9004
10.2556    28.7652    9.9004
10.263599    28.7628    9.9004
10.3116    28.743599    9.9004
10.342    28.736399    9.9004
10.3628    28.732399    9.9004
10.447599    28.721199    9.9004
10.4564    28.721199    9.9004
10.465199    28.721199    9.9004
10.509999    28.725199    9.9004
10.510799    28.725199    9.9004
10.5116    28.725199    9.9004
10.538799    28.734    9.9004
10.5548    28.749199    9.9004
10.5612    28.758799    9.9004
10.5636    28.7628    9.9004
10.5868    28.8028    9.9004
10.5932    28.817999    9.9004
10.6147995    28.8692    9.9004
10.6172    28.8732    9.9004
10.6244    28.881199    9.9004
10.642    28.894    9.9004
10.6532    28.8972    9.9004
10.653999    28.8972    9.9004
10.670799    28.897999    9.9004
10.754    28.9068    9.9004
10.7876    28.913198    9.9004
10.7932    28.914    9.9004
10.8116    28.920399    9.9004
10.8316    28.925999    9.9004
10.8468    28.937199    9.9004
10.8484    28.942    9.9004
10.8604    28.953999    9.9004
10.8708    28.973999    9.9004
10.874    28.979599    9.9004
10.8772    28.987598    9.9004
10.889199    29.033998    9.9004
10.8932    29.0492    9.9004
10.894    29.0516    9.9004
10.894    29.052399    9.9004
10.894    29.053999    9.9004
10.8996    29.0844    9.9004
10.9004    29.0996    9.9004
10.9036    29.122799    9.9004
10.9036    29.1556    9.9004
10.9044    29.1652    9.9004
10.9052    29.177198    9.9004
10.9044    29.206    9.9004
10.9036    29.236399    9.9004
10.901999    29.260399    9.9004
10.8996    29.2724    9.9004
10.9004    29.286798    9.9004
10.8996    29.288399    9.9004
10.8932    29.333199    9.9004
10.8916    29.3412    9.9004
10.883599    29.3892    9.9004
10.8764    29.414    9.9004
10.8675995    29.4492    9.9004
10.8596    29.472399    9.9004
10.846    29.5148    9.9004
10.844399    29.522    9.9004
10.8228    29.5772    9.9004
10.8124    29.6012    9.9004
10.7987995    29.6292    9.9004
10.792399    29.642    9.9004
10.778    29.67    9.9004
10.769199    29.685999    9.9004
10.751599    29.7164    9.9004
10.734799    29.7412    9.9004
10.717999    29.7676    9.9004
10.6916    29.8076    9.9004
10.674    29.8316    9.9004
10.6404    29.8764    9.9004
10.6092    29.9196    9.9004
10.59    29.9436    9.9004
10.5803995    29.955599    9.9004
10.5476    29.990799    9.9004
10.539599    29.998798    9.9004
10.5171995    30.018799    9.9004
10.4956    30.038    9.9004
10.49    30.042799    9.9004
10.466    30.0612    9.9004
10.453199    30.067598    9.9004
10.4404    30.0772    9.9004
10.4332    30.081999    9.9004
10.4268    30.0836    9.9004
10.3924    30.0924    9.9004
10.3284    30.102798    9.9004
10.3172    30.1052    9.9004
10.3132    30.105999    9.9004
10.285999    30.1148    9.9004
10.2724    30.122799    9.9004
10.252399    30.1356    9.9004
10.242    30.145199    9.9004
10.234799    30.1516    9.9004
10.222    30.1644    9.9004
10.2148    30.1724    9.9004
10.2123995    30.174799    9.9004
10.2108    30.1764    9.9004
10.136399    30.2524    9.9004
10.1356    30.253199    9.9004
10.130799    30.258799    9.9004
10.102799    30.288399    9.9004
10.0996    30.2908    9.9004
10.0724    30.3116    9.9004
10.0556    30.3188    9.9004
10.0476    30.323599    9.9004
10.039599    30.3268    9.9004
10.018    30.334799    9.9004
9.9772    30.3484    9.9004
9.9676    30.3492    9.9004
9.946799    30.349998    9.9004
9.9348    30.3508    9.9004
9.9292    30.3508    9.9004
9.924399    30.3484    9.9004
9.9052    30.340399    9.9004
9.889999    30.3324    9.9004
9.8748    30.3212    9.9004
9.855599    30.2972    9.9004
9.8468    30.2836    9.9004
9.8404    30.2668    9.9004
9.834    30.2508    9.9004
9.83    30.232399    9.9004
9.83    30.2132    9.9004
9.8276    30.188398    9.9004
9.8276    30.156399    9.9004
9.832399    30.069199    9.9004
