13.0227995    34.4108    9.0004
12.999599    34.418    9.0004
12.964399    34.4172    9.0004
12.9452    34.418    9.0004
12.9084    34.4108    9.0004
12.874    34.3876    9.0004
12.8644    34.3732    9.0004
12.8452    34.3052    9.0004
12.8428    34.298    9.0004
12.865999    34.2828    9.0004
12.889199    34.2844    9.0004
12.91    34.2844    9.0004
12.964399    34.2972    9.0004
12.9724    34.2996    9.0004
12.9732    34.2996    9.0004
12.9748    34.3004    9.0004
13.0124    34.315598    9.0004
13.0468    34.3236    9.0004
13.0571995    34.3292    9.0004
13.0692    34.3476    9.0004
13.0756    34.352398    9.0004
13.073999    34.3596    9.0004
13.0604    34.3788    9.0004
13.049999    34.3876    9.0004
13.0227995    34.4108    9.0004
