21.2284    34.6796    22.5004
21.2332    34.593998    22.5004
21.234    34.5844    22.5004
21.2356    34.5748    22.5004
21.2388    34.5284    22.5004
21.230799    34.497997    22.5004
21.236399    34.481197    22.5004
21.246    34.450798    22.5004
21.2804    34.4516    22.5004
21.312399    34.5132    22.5004
21.3148    34.5156    22.5004
21.316399    34.5172    22.5004
21.340399    34.554    22.5004
21.3492    34.5876    22.5004
21.358    34.618    22.5004
21.3604    34.634    22.5004
21.3564    34.6548    22.5004
21.3524    34.6964    22.5004
21.342    34.748398    22.5004
21.338    34.759598    22.5004
21.334799    34.7668    22.5004
21.310799    34.8052    22.5004
21.306    34.809998    22.5004
21.2908    34.8196    22.5004
21.2852    34.8236    22.5004
21.2612    34.8236    22.5004
21.2564    34.8276    22.5004
21.249199    34.818    22.5004
21.241999    34.7796    22.5004
21.2356    34.750797    22.5004
21.2316    34.717197    22.5004
21.2284    34.6796    22.5004
