16.9756    29.0308    18.6004
16.933199    29.098    18.6004
16.9324    29.0996    18.6004
16.9308    29.102    18.6004
16.8884    29.173199    18.6004
16.8732    29.1948    18.6004
16.840399    29.2484    18.6004
16.838    29.251598    18.6004
16.812399    29.292398    18.6004
16.7916    29.3284    18.6004
16.782799    29.3436    18.6004
16.771599    29.3596    18.6004
16.7508    29.394    18.6004
16.7356    29.4228    18.6004
16.7124    29.4604    18.6004
16.698    29.4844    18.6004
16.6532    29.5548    18.6004
16.6524    29.5556    18.6004
16.6516    29.556398    18.6004
16.6492    29.5604    18.6004
16.6108    29.626    18.6004
16.598799    29.6468    18.6004
16.5628    29.701199    18.6004
16.546799    29.7284    18.6004
16.518799    29.7724    18.6004
16.500399    29.8044    18.6004
16.47    29.849998    18.6004
16.4564    29.8732    18.6004
16.4452    29.890799    18.6004
16.402    29.948399    18.6004
16.3876    29.9732    18.6004
16.3468    30.0324    18.6004
16.334    30.0532    18.6004
16.2788    30.125198    18.6004
16.2636    30.1444    18.6004
16.258    30.15    18.6004
16.2508    30.156399    18.6004
16.2092    30.2044    18.6004
16.1948    30.2188    18.6004
16.169199    30.241999    18.6004
16.133999    30.265999    18.6004
16.128399    30.269999    18.6004
16.121199    30.2724    18.6004
16.062    30.2972    18.6004
16.0556    30.299599    18.6004
16.0276    30.306799    18.6004
15.998799    30.3116    18.6004
15.99    30.31    18.6004
15.9444    30.2988    18.6004
15.934    30.293999    18.6004
15.907599    30.2796    18.6004
15.8972    30.2724    18.6004
15.8564    30.2108    18.6004
15.848399    30.199598    18.6004
15.8476    30.197199    18.6004
15.815599    30.125198    18.6004
15.8116    30.0612    18.6004
15.808399    30.0516    18.6004
15.802    30.000399    18.6004
15.7948    29.8956    18.6004
15.790799    29.864399    18.6004
15.79    29.8564    18.6004
15.782    29.7652    18.6004
15.7788    29.754799    18.6004
15.7716    29.722    18.6004
15.7699995    29.7148    18.6004
15.7699995    29.7116    18.6004
15.757999    29.654    18.6004
15.75    29.618    18.6004
15.746799    29.594799    18.6004
15.7436    29.566    18.6004
15.7388    29.5348    18.6004
15.734799    29.5124    18.6004
15.721999    29.4364    18.6004
15.716399    29.390799    18.6004
15.7123995    29.358799    18.6004
15.7044    29.2804    18.6004
15.702    29.2684    18.6004
15.699599    29.240398    18.6004
15.693999    29.1908    18.6004
15.6908    29.149199    18.6004
15.687599    29.1124    18.6004
15.6844    29.038    18.6004
15.6812    28.9636    18.6004
15.681999    28.8788    18.6004
15.6812    28.8468    18.6004
15.681999    28.805199    18.6004
15.683599    28.706    18.6004
15.687599    28.6332    18.6004
15.6908    28.569199    18.6004
15.6972    28.470798    18.6004
15.699599    28.424398    18.6004
15.7067995    28.3372    18.6004
15.710799    28.2908    18.6004
15.7244    28.1572    18.6004
15.7244    28.1556    18.6004
15.726    28.1476    18.6004
15.742    28.028399    18.6004
15.7444    28.0124    18.6004
15.761999    27.9044    18.6004
15.768399    27.8708    18.6004
15.7892    27.7508    18.6004
15.7956    27.7164    18.6004
15.813999    27.63    18.6004
15.815599    27.622    18.6004
15.846    27.485199    18.6004
15.8675995    27.3956    18.6004
15.8796    27.347599    18.6004
15.888399    27.312399    18.6004
15.9108    27.23    18.6004
15.935599    27.1412    18.6004
15.9436    27.113998    18.6004
15.969199    27.035599    18.6004
15.981199    26.998    18.6004
16.0012    26.9396    18.6004
16.0172    26.8932    18.6004
16.034    26.849998    18.6004
16.0556    26.7964    18.6004
16.065199    26.775599    18.6004
16.098    26.702    18.6004
16.1092    26.6796    18.6004
16.1468    26.594    18.6004
16.1524    26.5836    18.6004
16.1596    26.569199    18.6004
16.174    26.538    18.6004
16.1852    26.5156    18.6004
16.219599    26.4452    18.6004
16.2204    26.4436    18.6004
16.2204    26.442799    18.6004
16.221199    26.4412    18.6004
16.258    26.3732    18.6004
16.2684    26.354    18.6004
16.293999    26.312399    18.6004
16.3084    26.286798    18.6004
16.33    26.253199    18.6004
16.3636    26.206799    18.6004
16.375599    26.191599    18.6004
16.41    26.1524    18.6004
16.420399    26.1412    18.6004
16.4228    26.1388    18.6004
16.4596    26.102798    18.6004
16.466799    26.0964    18.6004
16.5124    26.057999    18.6004
16.5284    26.0444    18.6004
16.5332    26.041199    18.6004
16.5388    26.037199    18.6004
16.5916    26.0068    18.6004
16.6492    25.9772    18.6004
16.657999    25.972399    18.6004
16.678799    25.9644    18.6004
16.7052    25.953999    18.6004
16.722    25.9492    18.6004
16.7636    25.938799    18.6004
16.7908    25.9356    18.6004
16.8164    25.934    18.6004
16.834    25.9324    18.6004
16.868399    25.9324    18.6004
16.892399    25.934    18.6004
16.9268    25.938799    18.6004
16.949999    25.942799    18.6004
16.9692    25.9468    18.6004
17.0068    25.955599    18.6004
17.0276    25.9604    18.6004
17.105999    25.986    18.6004
17.133999    25.996399    18.6004
17.1468    26.001999    18.6004
17.1884    26.018    18.6004
17.197199    26.022    18.6004
17.2276    26.0348    18.6004
17.2508    26.046    18.6004
17.2796    26.0628    18.6004
17.310799    26.081999    18.6004
17.3132    26.0836    18.6004
17.338    26.102    18.6004
17.3548    26.1148    18.6004
17.3676    26.1252    18.6004
17.4052    26.1572    18.6004
17.4172    26.1684    18.6004
17.4516    26.201199    18.6004
17.4572    26.206799    18.6004
17.4932    26.246    18.6004
17.5204    26.282    18.6004
17.5228    26.2852    18.6004
17.524399    26.286798    18.6004
17.5364    26.305199    18.6004
17.5588    26.3396    18.6004
17.5612    26.3436    18.6004
17.5916    26.3948    18.6004
17.594    26.3996    18.6004
17.602    26.4156    18.6004
17.6292    26.4716    18.6004
17.65    26.5212    18.6004
17.6628    26.552399    18.6004
17.6796    26.5996    18.6004
17.6852    26.6164    18.6004
17.6908    26.6348    18.6004
17.7012    26.6708    18.6004
17.7036    26.680399    18.6004
17.7068    26.6924    18.6004
17.7172    26.7372    18.6004
17.7244    26.782799    18.6004
17.726799    26.802    18.6004
17.7284    26.812399    18.6004
17.73    26.834    18.6004
17.730799    26.855598    18.6004
17.730799    26.862    18.6004
17.7292    26.8884    18.6004
17.7292    26.9028    18.6004
17.7284    26.91    18.6004
17.725199    26.953999    18.6004
17.7228    26.9804    18.6004
17.719599    27.0036    18.6004
17.7132    27.0324    18.6004
17.697199    27.080399    18.6004
17.680399    27.113998    18.6004
17.6628    27.139599    18.6004
17.6548    27.1476    18.6004
17.6468    27.154    18.6004
17.6244    27.174    18.6004
17.598799    27.182798    18.6004
17.593199    27.184399    18.6004
17.5676    27.1908    18.6004
17.542    27.1924    18.6004
17.5148    27.2092    18.6004
17.514    27.21    18.6004
17.4972    27.247599    18.6004
17.494799    27.258    18.6004
17.486    27.274    18.6004
17.485199    27.2796    18.6004
17.4804    27.3004    18.6004
17.479599    27.3076    18.6004
17.4676    27.333199    18.6004
17.466799    27.3364    18.6004
17.466    27.3412    18.6004
17.4588    27.369999    18.6004
17.4588    27.3764    18.6004
17.4572    27.4028    18.6004
17.455599    27.433199    18.6004
17.454    27.47    18.6004
17.4532    27.489199    18.6004
17.4548    27.5836    18.6004
17.4548    27.585999    18.6004
17.4548    27.602    18.6004
17.4516    27.702799    18.6004
17.449999    27.7148    18.6004
17.4484    27.7356    18.6004
17.4436    27.7972    18.6004
17.4404    27.8244    18.6004
17.438    27.8412    18.6004
17.4324    27.8836    18.6004
17.4228    27.934    18.6004
17.4228    27.9348    18.6004
17.4132    27.973999    18.6004
17.402    28.026    18.6004
17.3948    28.057999    18.6004
17.3764    28.1292    18.6004
17.373999    28.139599    18.6004
17.358799    28.191599    18.6004
17.347599    28.2276    18.6004
17.342    28.2452    18.6004
17.3356    28.2652    18.6004
17.295599    28.3764    18.6004
17.274    28.433199    18.6004
17.2588    28.4716    18.6004
17.237999    28.5276    18.6004
17.219599    28.569199    18.6004
17.191599    28.632399    18.6004
17.156399    28.71    18.6004
17.154    28.7164    18.6004
17.1484    28.7276    18.6004
17.122799    28.7764    18.6004
17.105999    28.8084    18.6004
17.0844    28.8492    18.6004
17.0804    28.8564    18.6004
17.0796    28.858    18.6004
17.034    28.9324    18.6004
17.0324    28.935598    18.6004
17.0116    28.972399    18.6004
17.007599    28.9788    18.6004
16.994    29.0012    18.6004
16.9756    29.0308    18.6004
