1.6716    34.618    20.7004
1.714    34.6324    20.7004
1.7708    34.6492    20.7004
1.7852    34.6532    20.7004
1.8052    34.6588    20.7004
1.8244    34.6732    20.7004
1.826    34.6732    20.7004
1.8324    34.683598    20.7004
1.8379999    34.689198    20.7004
1.854    34.717197    20.7004
1.8612    34.73    20.7004
1.8635999    34.7348    20.7004
1.8923999    34.7844    20.7004
1.8987999    34.7964    20.7004
1.9011999    34.8012    20.7004
1.9052    34.8084    20.7004
1.926    34.8428    20.7004
1.9571999    34.894    20.7004
1.9707999    34.9148    20.7004
1.9892    34.9436    20.7004
2.0276    35.0044    20.7004
2.0579998    35.051598    20.7004
2.0692    35.07    20.7004
2.1011999    35.1252    20.7004
2.1052    35.1316    20.7004
2.1083999    35.138798    20.7004
2.1276    35.1764    20.7004
2.1348    35.1908    20.7004
2.1427999    35.21    20.7004
2.1452    35.2196    20.7004
2.1452    35.2388    20.7004
2.146    35.2444    20.7004
2.1444    35.2548    20.7004
2.1371999    35.2956    20.7004
2.1308    35.326797    20.7004
2.1308    35.3276    20.7004
2.1268    35.357998    20.7004
2.126    35.3764    20.7004
2.1252    35.3852    20.7004
2.1308    35.4092    20.7004
2.1308    35.4148    20.7004
2.1332    35.419598    20.7004
2.1436    35.4356    20.7004
2.1571999    35.453197    20.7004
2.1692    35.466    20.7004
2.1868    35.4804    20.7004
2.2275999    35.5212    20.7004
2.234    35.5276    20.7004
2.2619998    35.5564    20.7004
2.2804    35.586    20.7004
2.2812    35.5876    20.7004
2.2819998    35.59    20.7004
2.2916    35.616398    20.7004
2.3012    35.642    20.7004
2.3028    35.6452    20.7004
2.3035998    35.6468    20.7004
2.3084    35.661198    20.7004
2.3132    35.6796    20.7004
2.3188    35.6972    20.7004
2.3284    35.738    20.7004
2.3284    35.7388    20.7004
2.3292    35.742798    20.7004
2.3372    35.7772    20.7004
2.3404    35.7892    20.7004
2.346    35.8148    20.7004
2.3564    35.834    20.7004
2.3604    35.8396    20.7004
2.3708    35.846    20.7004
2.3876    35.8556    20.7004
2.4115999    35.862    20.7004
2.4212    35.8652    20.7004
2.4484    35.8652    20.7004
2.4548    35.865997    20.7004
2.4803998    35.8612    20.7004
2.4852    35.860397    20.7004
2.5116    35.8476    20.7004
2.5235999    35.8444    20.7004
2.5372    35.8396    20.7004
2.5548    35.837997    20.7004
2.5635998    35.835598    20.7004
2.57    35.8372    20.7004
2.5756    35.8396    20.7004
2.5844    35.8444    20.7004
2.5948    35.852398    20.7004
2.6092    35.865997    20.7004
2.6123998    35.87    20.7004
2.6155999    35.8724    20.7004
2.6371999    35.8948    20.7004
2.638    35.8956    20.7004
2.6388    35.8964    20.7004
2.6524    35.9124    20.7004
2.666    35.9244    20.7004
2.6668    35.9244    20.7004
2.6668    35.925198    20.7004
2.6755998    35.9428    20.7004
2.6899998    35.956398    20.7004
2.6908    35.9572    20.7004
2.6924    35.958797    20.7004
2.7036    35.974    20.7004
2.718    35.9876    20.7004
2.7252    35.9948    20.7004
2.7468    36.0156    20.7004
2.7756    36.0444    20.7004
2.7891998    36.058    20.7004
2.802    36.07    20.7004
2.8051999    36.0732    20.7004
2.8379998    36.1068    20.7004
2.8476    36.118    20.7004
2.87    36.1452    20.7004
2.8892    36.17    20.7004
2.8916    36.1732    20.7004
2.8955998    36.182    20.7004
2.9052    36.202    20.7004
2.9068    36.214798    20.7004
2.9108    36.2268    20.7004
2.9108    36.2292    20.7004
2.9099998    36.2412    20.7004
2.9099998    36.278    20.7004
2.9092    36.286    20.7004
2.8955998    36.3476    20.7004
2.8939998    36.352398    20.7004
2.8892    36.369198    20.7004
2.8755999    36.4156    20.7004
2.8708    36.4292    20.7004
2.8508    36.492397    20.7004
2.85    36.4972    20.7004
2.8523998    36.5284    20.7004
2.8652    36.5548    20.7004
2.8676    36.5596    20.7004
2.8892    36.5932    20.7004
2.8924    36.5972    20.7004
2.9108    36.6212    20.7004
2.9299998    36.6436    20.7004
2.9315999    36.6452    20.7004
2.9332    36.6476    20.7004
2.9508    36.6644    20.7004
2.954    36.6676    20.7004
2.9548    36.6684    20.7004
2.9548    36.6692    20.7004
2.9787998    36.682    20.7004
2.9836    36.6852    20.7004
3.0219998    36.694798    20.7004
3.0347998    36.697998    20.7004
3.0516    36.6988    20.7004
3.0851998    36.702    20.7004
3.0923998    36.702    20.7004
3.11    36.702    20.7004
3.1859999    36.6996    20.7004
3.1948    36.6996    20.7004
3.2347999    36.6996    20.7004
3.2524    36.703598    20.7004
3.27    36.705997    20.7004
3.2851999    36.71    20.7004
3.3068    36.718    20.7004
3.3411999    36.7332    20.7004
3.3444    36.733997    20.7004
3.346    36.7348    20.7004
3.3667998    36.75    20.7004
3.3788    36.7628    20.7004
3.3988    36.786    20.7004
3.4052    36.7948    20.7004
3.4427998    36.841198    20.7004
3.4492    36.85    20.7004
3.5052    36.918    20.7004
3.5172    36.9324    20.7004
3.5324    36.950798    20.7004
3.5716    37.0052    20.7004
3.5763998    37.0108    20.7004
3.5884    37.0284    20.7004
3.6236    37.0804    20.7004
3.6299999    37.0916    20.7004
3.6571999    37.1348    20.7004
3.6708    37.1572    20.7004
3.6843998    37.177998    20.7004
3.6908    37.1884    20.7004
3.7148    37.228397    20.7004
3.7156    37.2292    20.7004
3.7324    37.265198    20.7004
3.7484    37.2948    20.7004
3.7491999    37.298798    20.7004
3.7508    37.3164    20.7004
3.7508    37.318798    20.7004
3.7475998    37.3364    20.7004
3.7396    37.357998    20.7004
3.7364    37.363598    20.7004
3.73    37.377197    20.7004
3.7228    37.3892    20.7004
3.7059999    37.4172    20.7004
3.674    37.4684    20.7004
3.6636    37.4836    20.7004
3.6524    37.497997    20.7004
3.6148    37.5476    20.7004
3.5772    37.5892    20.7004
3.5595999    37.61    20.7004
3.5363998    37.6308    20.7004
3.5228    37.6428    20.7004
3.51    37.652397    20.7004
3.4668    37.683598    20.7004
3.4556    37.6908    20.7004
3.442    37.6908    20.7004
3.4292    37.694798    20.7004
3.4243999    37.6908    20.7004
3.4171999    37.6844    20.7004
3.4132    37.677998    20.7004
3.4076    37.6692    20.7004
3.398    37.6532    20.7004
3.3811998    37.626    20.7004
3.3708    37.6092    20.7004
3.3411999    37.5636    20.7004
3.3179998    37.5268    20.7004
3.27    37.4548    20.7004
3.2563999    37.4332    20.7004
3.2475998    37.4212    20.7004
3.2099998    37.3684    20.7004
3.162    37.2996    20.7004
3.1596    37.2964    20.7004
3.1588    37.2956    20.7004
3.1267998    37.25    20.7004
3.1004    37.209198    20.7004
3.0988    37.2076    20.7004
3.0972    37.2044    20.7004
3.0748    37.1636    20.7004
3.0563998    37.1148    20.7004
3.0532    37.105198    20.7004
3.0523999    37.1028    20.7004
3.0516    37.099598    20.7004
3.0507998    37.098    20.7004
3.0372    37.0588    20.7004
3.0244    37.0356    20.7004
3.0212    37.029198    20.7004
3.0036    37.0028    20.7004
2.9972    36.9964    20.7004
2.9819999    36.978798    20.7004
2.9724    36.969997    20.7004
2.9492    36.9524    20.7004
2.9476    36.95    20.7004
2.9115999    36.925198    20.7004
2.9043999    36.9204    20.7004
2.9036    36.9204    20.7004
2.8555999    36.891598    20.7004
2.8356    36.877197    20.7004
2.8267999    36.871597    20.7004
2.8035998    36.854797    20.7004
2.7891998    36.843597    20.7004
2.7724    36.829998    20.7004
2.7508    36.809998    20.7004
2.7347999    36.7924    20.7004
2.7268    36.7836    20.7004
2.6971998    36.745197    20.7004
2.6915998    36.7364    20.7004
2.6812    36.717197    20.7004
2.6715999    36.7028    20.7004
2.6596    36.6828    20.7004
2.654    36.6748    20.7004
2.6411998    36.6452    20.7004
2.6364    36.638    20.7004
2.6276    36.621998    20.7004
2.6227999    36.613197    20.7004
2.6067998    36.5868    20.7004
2.598    36.5652    20.7004
2.5964    36.5604    20.7004
2.5948    36.554    20.7004
2.5795999    36.5324    20.7004
2.5756    36.522    20.7004
2.5644    36.5052    20.7004
2.5588    36.4972    20.7004
2.554    36.4884    20.7004
2.5428    36.461998    20.7004
2.5332    36.4428    20.7004
2.5188    36.418    20.7004
2.5156    36.4092    20.7004
2.5052    36.378    20.7004
2.4956    36.3572    20.7004
2.4908    36.3444    20.7004
2.4844    36.3236    20.7004
2.478    36.3068    20.7004
2.4756    36.294    20.7004
2.4724    36.2756    20.7004
2.4644    36.259598    20.7004
2.458    36.2524    20.7004
2.4459999    36.225998    20.7004
2.442    36.222797    20.7004
2.4227998    36.202    20.7004
2.4052    36.1884    20.7004
2.4004    36.186    20.7004
2.3708    36.166798    20.7004
2.3628    36.1628    20.7004
2.3611999    36.161198    20.7004
2.3404    36.154    20.7004
2.3323998    36.1492    20.7004
2.3212    36.144398    20.7004
2.2812    36.129997    20.7004
2.2028    36.101997    20.7004
2.1876    36.0956    20.7004
2.1524    36.0812    20.7004
2.1404    36.0764    20.7004
2.1252    36.068398    20.7004
2.1083999    36.0604    20.7004
2.0667999    36.0364    20.7004
2.0628    36.034    20.7004
2.0604    36.0332    20.7004
2.0572    36.0308    20.7004
2.0348    36.017998    20.7004
2.01    35.9972    20.7004
2.0075998    35.995598    20.7004
1.9828    35.9548    20.7004
1.9796    35.950798    20.7004
1.9691999    35.9268    20.7004
1.9643999    35.9156    20.7004
1.9635999    35.9148    20.7004
1.9555999    35.8948    20.7004
1.954    35.89    20.7004
1.9516    35.877197    20.7004
1.9491999    35.8668    20.7004
1.9476    35.85    20.7004
1.9476    35.8388    20.7004
1.9491999    35.8292    20.7004
1.9508    35.806    20.7004
1.9548    35.79    20.7004
1.9619999    35.7636    20.7004
1.9643999    35.746    20.7004
1.9684    35.7244    20.7004
1.9707999    35.7052    20.7004
1.9707999    35.6956    20.7004
1.9676    35.6844    20.7004
1.9627999    35.6644    20.7004
1.9596    35.6596    20.7004
1.9476    35.6364    20.7004
1.9219999    35.601997    20.7004
1.9108    35.5916    20.7004
1.8987999    35.5804    20.7004
1.8892    35.5732    20.7004
1.8556    35.5524    20.7004
1.7852    35.5172    20.7004
1.7603999    35.503597    20.7004
1.7387999    35.4892    20.7004
1.7235999    35.4796    20.7004
1.7027999    35.4628    20.7004
1.6988    35.4604    20.7004
1.6947999    35.456398    20.7004
1.6708    35.4332    20.7004
1.6628    35.422    20.7004
1.6556    35.4108    20.7004
1.6428    35.391598    20.7004
1.6403999    35.3868    20.7004
1.6115999    35.3372    20.7004
1.5852    35.287598    20.7004
1.5259999    35.1732    20.7004
1.5012    35.1236    20.7004
1.494    35.107597    20.7004
1.4779999    35.071598    20.7004
1.4308    34.966    20.7004
1.4156    34.9268    20.7004
1.4108    34.913998    20.7004
1.4011999    34.8876    20.7004
1.3852    34.8452    20.7004
1.3731999    34.8076    20.7004
1.362    34.7724    20.7004
1.3507999    34.7348    20.7004
1.3307999    34.6476    20.7004
1.3307999    34.6468    20.7004
1.3307999    34.646    20.7004
1.3291999    34.6396    20.7004
1.3244    34.6028    20.7004
1.3252    34.5988    20.7004
1.3252    34.5764    20.7004
1.3332    34.5612    20.7004
1.3412    34.5612    20.7004
1.3596    34.5548    20.7004
1.3715999    34.5556    20.7004
1.4028    34.5588    20.7004
1.4188    34.5612    20.7004
1.4548    34.5668    20.7004
1.4724    34.5692    20.7004
1.5148    34.578    20.7004
1.5267999    34.579597    20.7004
1.5411999    34.5836    20.7004
1.622    34.6036    20.7004
1.6716    34.618    20.7004
