17.01    12.698    3.3004
17.013199    12.7132    3.3004
17.0388    12.8188    3.3004
17.0492    12.8692    3.3004
17.0588    12.917999    3.3004
17.062    12.9307995    3.3004
17.0684    12.9684    3.3004
17.074    13.0012    3.3004
17.081999    13.0571995    3.3004
17.0868    13.0876    3.3004
17.087599    13.096399    3.3004
17.0964    13.177199    3.3004
17.100399    13.2268    3.3004
17.1012    13.2364    3.3004
17.1012    13.2556    3.3004
17.102    13.297999    3.3004
17.102    13.342799    3.3004
17.1012    13.3812    3.3004
17.0964    13.452399    3.3004
17.0956    13.4748    3.3004
17.0908    13.5092    3.3004
17.0868    13.538    3.3004
17.0852    13.5476    3.3004
17.0812    13.567599    3.3004
17.0716    13.6147995    3.3004
17.0588    13.674    3.3004
17.0564    13.682799    3.3004
17.034    13.7588    3.3004
17.0324    13.7644    3.3004
17.0044    13.8364    3.3004
17.000399    13.8468    3.3004
16.990799    13.8684    3.3004
16.9684    13.9164    3.3004
16.9588    13.934799    3.3004
16.9348    13.9772    3.3004
16.9244    13.9948    3.3004
16.9124    14.0148    3.3004
16.8732    14.0716    3.3004
16.8724    14.0724    3.3004
16.8716    14.073999    3.3004
16.834799    14.118799    3.3004
16.8164    14.1396    3.3004
16.7892    14.1684    3.3004
16.7588    14.1956    3.3004
16.7516    14.202    3.3004
16.7468    14.205999    3.3004
16.7188    14.2268    3.3004
16.7156    14.229199    3.3004
16.678799    14.251599    3.3004
16.65    14.268399    3.3004
16.6324    14.2788    3.3004
16.6124    14.286799    3.3004
16.5756    14.3012    3.3004
16.548399    14.3116    3.3004
16.529999    14.318    3.3004
16.4972    14.3252    3.3004
16.4876    14.3276    3.3004
16.4564    14.332399    3.3004
16.438799    14.3356    3.3004
16.4284    14.3364    3.3004
16.368399    14.3412    3.3004
16.312399    14.3412    3.3004
16.3004    14.3404    3.3004
16.271599    14.337199    3.3004
16.2668    14.3364    3.3004
16.2612    14.3356    3.3004
16.218    14.33    3.3004
16.185999    14.3236    3.3004
16.1604    14.3196    3.3004
16.1324    14.3116    3.3004
16.1028    14.302799    3.3004
16.046799    14.285999    3.3004
16.0364    14.2828    3.3004
16.0284    14.279599    3.3004
15.9716    14.254    3.3004
15.918799    14.229199    3.3004
15.901999    14.221999    3.3004
15.8916    14.2156    3.3004
15.8636    14.199599    3.3004
15.818    14.1732    3.3004
15.7772    14.1491995    3.3004
15.7676    14.142799    3.3004
15.7588    14.136399    3.3004
15.7212    14.1108    3.3004
15.6788    14.0803995    3.3004
15.6779995    14.079599    3.3004
15.6268    14.038799    3.3004
15.6156    14.028399    3.3004
15.5892    14.004399    3.3004
15.5716    13.987599    3.3004
15.533999    13.95    3.3004
15.5236    13.9396    3.3004
15.514    13.929199    3.3004
15.4732    13.8812    3.3004
15.463599    13.8692    3.3004
15.4316    13.826799    3.3004
15.426    13.8188    3.3004
15.398    13.7772    3.3004
15.3932    13.7699995    3.3004
15.3884    13.762799    3.3004
15.358    13.7148    3.3004
15.348399    13.698    3.3004
15.325999    13.654799    3.3004
15.315599    13.631599    3.3004
15.2948    13.591599    3.3004
15.2876    13.5756    3.3004
15.269199    13.5364    3.3004
15.2428    13.469999    3.3004
15.2372    13.4548    3.3004
15.2332    13.4436    3.3004
15.2012    13.354    3.3004
15.176399    13.2772    3.3004
15.1732    13.266    3.3004
15.171599    13.262    3.3004
15.160399    13.226    3.3004
15.142799    13.165999    3.3004
15.1412    13.1588    3.3004
15.136399    13.1412    3.3004
15.1156    13.067599    3.3004
15.11    13.0428    3.3004
15.090799    12.957999    3.3004
15.089999    12.9516    3.3004
15.0876    12.9428    3.3004
15.066    12.838799    3.3004
15.056399    12.7892    3.3004
15.0484    12.7428    3.3004
15.0372    12.6779995    3.3004
15.0364    12.6756    3.3004
15.0356    12.6692    3.3004
15.026799    12.5956    3.3004
15.021199    12.538799    3.3004
15.0171995    12.492399    3.3004
15.014    12.4564    3.3004
15.0132    12.4316    3.3004
15.0124    12.386    3.3004
15.0092    12.3164    3.3004
15.0084    12.2996    3.3004
15.0084    12.281199    3.3004
15.0084    12.214    3.3004
15.010799    12.148399    3.3004
15.010799    12.1452    3.3004
15.0116    12.1124    3.3004
15.0124    12.0932    3.3004
15.0124    12.091599    3.3004
15.0171995    12.0412    3.3004
15.021199    12.009999    3.3004
15.026799    11.9716    3.3004
15.03    11.9492    3.3004
15.0372    11.907599    3.3004
15.0404    11.8907995    3.3004
15.044399    11.8708    3.3004
15.0524    11.8364    3.3004
15.0571995    11.8132    3.3004
15.061999    11.797199    3.3004
15.0724    11.7556    3.3004
15.082    11.729199    3.3004
15.0892    11.7076    3.3004
15.0948    11.6924    3.3004
15.097199    11.686    3.3004
15.102799    11.671599    3.3004
15.118    11.631599    3.3004
15.124399    11.6156    3.3004
15.1516    11.5571995    3.3004
15.1524    11.556399    3.3004
15.162    11.5372    3.3004
15.1748    11.5132    3.3004
15.186    11.4939995    3.3004
15.202    11.4668    3.3004
15.2196    11.4404    3.3004
15.2355995    11.4156    3.3004
15.2492    11.395599    3.3004
15.2604    11.382    3.3004
15.2788    11.361199    3.3004
15.285199    11.354    3.3004
15.290799    11.3476    3.3004
15.3116    11.3236    3.3004
15.3348    11.3012    3.3004
15.3404    11.2956    3.3004
15.3684    11.2699995    3.3004
15.3796    11.2596    3.3004
15.41    11.2355995    3.3004
15.424399    11.226    3.3004
15.438    11.2164    3.3004
15.4564    11.2044    3.3004
15.476399    11.1916    3.3004
15.505199    11.174    3.3004
15.5316    11.159599    3.3004
15.5548    11.1491995    3.3004
15.585199    11.138    3.3004
15.5884    11.136399    3.3004
15.5948    11.134    3.3004
15.618    11.125999    3.3004
15.630799    11.1188    3.3004
15.6452    11.106    3.3004
15.6508    11.091599    3.3004
15.664399    11.0748    3.3004
15.665999    11.0532    3.3004
15.665999    11.0412    3.3004
15.665199    11.010799    3.3004
15.6612    10.9204    3.3004
15.6612    10.901999    3.3004
15.658799    10.8516    3.3004
15.6564    10.7684    3.3004
15.6564    10.7612    3.3004
15.6572    10.7556    3.3004
15.659599    10.733999    3.3004
15.6636    10.723599    3.3004
15.6684    10.71    3.3004
15.6756    10.7012    3.3004
15.687599    10.6876    3.3004
15.693199    10.683599    3.3004
15.694799    10.6812    3.3004
15.714    10.6723995    3.3004
15.721999    10.665999    3.3004
15.7372    10.6636    3.3004
15.750799    10.6612    3.3004
15.761999    10.6644    3.3004
15.7755995    10.665199    3.3004
15.792399    10.674    3.3004
15.8043995    10.6804    3.3004
15.8236    10.699599    3.3004
15.832399    10.7067995    3.3004
15.848399    10.7276    3.3004
15.8532    10.733999    3.3004
15.8564    10.7428    3.3004
15.8708    10.7668    3.3004
15.884399    10.7972    3.3004
15.9084    10.8452    3.3004
15.929999    10.8907995    3.3004
15.9716    10.9724    3.3004
16.013199    11.0556    3.3004
16.018    11.068399    3.3004
16.031599    11.0932    3.3004
16.0364    11.102799    3.3004
16.048399    11.118    3.3004
16.0556    11.13    3.3004
16.0692    11.142799    3.3004
16.0956    11.1564    3.3004
16.0964    11.1564    3.3004
16.146    11.1764    3.3004
16.161999    11.183599    3.3004
16.1812    11.1924    3.3004
16.213999    11.2084    3.3004
16.2508    11.2308    3.3004
16.2628    11.238    3.3004
16.2812    11.25    3.3004
16.3284    11.2836    3.3004
16.3428    11.2948    3.3004
16.375599    11.3228    3.3004
16.3972    11.342    3.3004
16.402    11.3468    3.3004
16.409199    11.3524    3.3004
16.4396    11.3812    3.3004
16.4436    11.3852    3.3004
16.4484    11.3907995    3.3004
16.4676    11.412399    3.3004
16.49    11.4372    3.3004
16.4932    11.4404    3.3004
16.4996    11.447599    3.3004
16.51    11.462    3.3004
16.5196    11.4724    3.3004
16.5332    11.4916    3.3004
16.546799    11.510799    3.3004
16.576399    11.554    3.3004
16.586    11.57    3.3004
16.602    11.5956    3.3004
16.615599    11.618    3.3004
16.6372    11.6572    3.3004
16.6516    11.683599    3.3004
16.6756    11.7324    3.3004
16.6868    11.7548    3.3004
16.7068    11.797999    3.3004
16.7204    11.8276    3.3004
16.7452    11.8868    3.3004
16.7484    11.8932    3.3004
16.784399    11.9804    3.3004
16.8116    12.046    3.3004
16.8332    12.1012    3.3004
16.834    12.102799    3.3004
16.834799    12.1044    3.3004
16.8356    12.107599    3.3004
16.8676    12.1932    3.3004
16.873999    12.2132    3.3004
16.892399    12.269199    3.3004
16.9084    12.318    3.3004
16.9124    12.3308    3.3004
16.9156    12.3404    3.3004
16.9356    12.4108    3.3004
16.9452    12.4484    3.3004
16.9684    12.5324    3.3004
16.9748    12.5571995    3.3004
16.99    12.6172    3.3004
17.01    12.698    3.3004
