5.2356    11.763599    15.0004
5.2195997    11.705199    15.0004
5.2132    11.682799    15.0004
5.21    11.671599    15.0004
5.2051997    11.646    15.0004
5.1931996    11.596399    15.0004
5.1812    11.5148    15.0004
5.1804    11.5084    15.0004
5.1796    11.5036    15.0004
5.1763997    11.4612    15.0004
5.1756    11.4564    15.0004
5.1763997    11.4564    15.0004
5.1763997    11.4539995    15.0004
5.1851997    11.3868    15.0004
5.1963997    11.360399    15.0004
5.1972    11.355599    15.0004
5.2051997    11.3348    15.0004
5.2075996    11.3292    15.0004
5.2268    11.29    15.0004
5.2427998    11.251599    15.0004
5.2476    11.240399    15.0004
5.266    11.2044    15.0004
5.2915998    11.1532    15.0004
5.3171997    11.1052    15.0004
5.33    11.078799    15.0004
5.3468    11.0484    15.0004
5.3588    11.027599    15.0004
5.382    10.9852    15.0004
5.39    10.9732    15.0004
5.4003997    10.958    15.0004
5.4188    10.929999    15.0004
5.4268    10.9196    15.0004
5.4484    10.889999    15.0004
5.4564    10.8804    15.0004
5.4756    10.8564    15.0004
5.4804    10.8516    15.0004
5.5035996    10.8244    15.0004
5.5211997    10.8084    15.0004
5.526    10.803599    15.0004
5.5804    10.7604    15.0004
5.6043997    10.742    15.0004
5.6131997    10.7332    15.0004
5.6308    10.7196    15.0004
5.6636    10.693999    15.0004
5.7012    10.6676    15.0004
5.7604    10.625199    15.0004
5.7892    10.6052    15.0004
5.8252    10.5812    15.0004
5.8292    10.578    15.0004
5.8459997    10.5668    15.0004
5.8827996    10.544399    15.0004
5.8964    10.538    15.0004
5.9164    10.5268    15.0004
5.9196    10.526    15.0004
5.9484    10.5148    15.0004
6.0091996    10.505199    15.0004
6.0179996    10.505199    15.0004
6.1052    10.5068    15.0004
6.2044    10.5124    15.0004
6.2188    10.5132    15.0004
6.2539997    10.5156    15.0004
6.2883997    10.518    15.0004
6.3044    10.5204    15.0004
6.3515997    10.53    15.0004
6.3788    10.5372    15.0004
6.3947997    10.5412    15.0004
6.4108    10.5468    15.0004
6.4364    10.5588    15.0004
6.4523997    10.566    15.0004
6.4579997    10.5692    15.0004
6.4652    10.5772    15.0004
6.4828    10.5988    15.0004
6.4947996    10.620399    15.0004
6.5004    10.631599    15.0004
6.5084    10.6524    15.0004
6.5116    10.6636    15.0004
6.5155997    10.677199    15.0004
6.5267997    10.7476    15.0004
6.5291996    10.7716    15.0004
6.5332    10.7884    15.0004
6.5355997    10.814    15.0004
6.5388    10.846    15.0004
6.5396    10.866    15.0004
6.5411997    10.8884    15.0004
6.5404    10.9092    15.0004
6.5364    10.9516    15.0004
6.5355997    10.9612    15.0004
6.5299997    10.987599    15.0004
6.526    10.998    15.0004
6.5164    11.0292    15.0004
6.5044    11.0596    15.0004
6.4972    11.0764    15.0004
6.4884    11.0948    15.0004
6.4788    11.1108    15.0004
6.4676    11.1284    15.0004
6.4547997    11.1468    15.0004
6.4467998    11.1588    15.0004
6.4403996    11.1796    15.0004
6.4372    11.1844    15.0004
6.4347997    11.19    15.0004
6.434    11.2132    15.0004
6.434    11.2212    15.0004
6.4364    11.2324    15.0004
6.442    11.2548    15.0004
6.4444    11.2596    15.0004
6.4564    11.286799    15.0004
6.4684    11.318    15.0004
6.4788    11.3508    15.0004
6.486    11.3756    15.0004
6.4947996    11.407599    15.0004
6.5116    11.4724    15.0004
6.5179996    11.502    15.0004
6.5228    11.5204    15.0004
6.542    11.6012    15.0004
6.5443997    11.613999    15.0004
6.5692    11.728399    15.0004
6.5723996    11.7428    15.0004
6.5852    11.7996    15.0004
6.6011996    11.874    15.0004
6.6555996    12.1244    15.0004
6.7019997    12.3364    15.0004
6.7116    12.3868    15.0004
6.7324    12.4852    15.0004
6.7524    12.5812    15.0004
6.7595997    12.622    15.0004
6.766    12.653999    15.0004
6.782    12.745199    15.0004
6.786    12.7699995    15.0004
6.798    12.861199    15.0004
6.8027997    12.894799    15.0004
6.81    12.952399    15.0004
6.8148    12.9916    15.0004
6.8212    13.0468    15.0004
6.8244    13.078799    15.0004
6.8292    13.1276    15.0004
6.8332    13.1732    15.0004
6.8371997    13.229199    15.0004
6.842    13.2852    15.0004
6.8444    13.343599    15.0004
6.8452    13.374    15.0004
6.8468    13.4316    15.0004
6.8483996    13.4724    15.0004
6.8492    13.526    15.0004
6.85    13.5836    15.0004
6.8508    13.6628    15.0004
6.8524    13.7355995    15.0004
6.8515997    13.8236    15.0004
6.8508    13.8748    15.0004
6.8508    14.0532    15.0004
6.8508    14.079599    15.0004
6.8492    14.1524    15.0004
6.8492    14.19    15.0004
6.8492    14.291599    15.0004
6.8508    14.3675995    15.0004
6.8508    14.382    15.0004
6.8515997    14.3852    15.0004
6.8515997    14.395599    15.0004
6.8571997    14.5012    15.0004
6.8595996    14.5412    15.0004
6.862    14.573199    15.0004
6.8659997    14.6068    15.0004
6.8683996    14.6636    15.0004
6.8715997    14.6924    15.0004
6.8764    14.7372    15.0004
6.8803997    14.780399    15.0004
6.8844    14.8252    15.0004
6.8908    14.889999    15.0004
6.8924    14.9044    15.0004
6.894    14.911599    15.0004
6.9076    15.009999    15.0004
6.9259996    15.130799    15.0004
6.9284    15.142799    15.0004
6.9284    15.1452    15.0004
6.9611998    15.3708    15.0004
6.9723997    15.447599    15.0004
6.9852    15.546    15.0004
6.9916    15.5948    15.0004
6.9972    15.648399    15.0004
7.0044    15.7044    15.0004
7.0091996    15.75    15.0004
7.0123997    15.778    15.0004
7.0132    15.7964    15.0004
7.0179996    15.8748    15.0004
7.0196    15.9036    15.0004
7.0196    15.987599    15.0004
7.0179996    16.070799    15.0004
7.0179996    16.0724    15.0004
7.0179996    16.074    15.0004
7.0116    16.161999    15.0004
7.0116    16.1724    15.0004
7.0099998    16.1884    15.0004
7.0028    16.2676    15.0004
6.9979997    16.3028    15.0004
6.9908    16.3508    15.0004
6.9803996    16.4124    15.0004
6.9716    16.461199    15.0004
6.9659996    16.4788    15.0004
6.9523997    16.5332    15.0004
6.9467998    16.5556    15.0004
6.9364    16.5868    15.0004
6.9259996    16.618    15.0004
6.9076    16.6644    15.0004
6.8812    16.726    15.0004
6.8627996    16.765999    15.0004
6.8588    16.774    15.0004
6.8339996    16.806799    15.0004
6.8124    16.8316    15.0004
6.798    16.8484    15.0004
6.7963996    16.8524    15.0004
6.7948    16.8604    15.0004
6.7844    16.8852    15.0004
6.7763996    16.906    15.0004
6.7763996    16.914799    15.0004
6.7795997    16.938    15.0004
6.7804    16.9412    15.0004
6.7836    16.9476    15.0004
6.7939997    16.9748    15.0004
6.818    17.0196    15.0004
6.8236    17.031599    15.0004
6.8444    17.076399    15.0004
6.8636    17.117199    15.0004
6.878    17.1572    15.0004
6.8883996    17.189999    15.0004
6.898    17.2276    15.0004
6.8988    17.230799    15.0004
6.8988    17.2332    15.0004
6.9003997    17.3132    15.0004
6.9003997    17.317999    15.0004
6.8964    17.394    15.0004
6.8956    17.41    15.0004
6.8908    17.4516    15.0004
6.8812    17.5012    15.0004
6.8812    17.5028    15.0004
6.8803997    17.505999    15.0004
6.8708    17.5476    15.0004
6.8612    17.5836    15.0004
6.8459997    17.6332    15.0004
6.8436    17.6404    15.0004
6.8427997    17.6436    15.0004
6.8371997    17.6572    15.0004
6.8236    17.6884    15.0004
6.8036    17.713999    15.0004
6.8004    17.7164    15.0004
6.7644    17.736399    15.0004
6.7507997    17.746    15.0004
6.7092    17.7652    15.0004
6.6772    17.7812    15.0004
6.6699996    17.784399    15.0004
6.6531997    17.7916    15.0004
6.5964    17.8148    15.0004
6.5787997    17.8212    15.0004
6.5011997    17.8524    15.0004
6.4572    17.8692    15.0004
6.402    17.89    15.0004
6.3547997    17.906    15.0004
6.3515997    17.9068    15.0004
6.3148    17.914799    15.0004
6.2763996    17.921999    15.0004
6.2692    17.9212    15.0004
6.2307997    17.9116    15.0004
6.2036    17.9004    15.0004
6.1995997    17.8988    15.0004
6.1956    17.8972    15.0004
6.1828    17.89    15.0004
6.1499996    17.8716    15.0004
6.1148    17.85    15.0004
6.082    17.829199    15.0004
6.0652    17.817999    15.0004
6.034    17.7972    15.0004
6.0084    17.778    15.0004
5.9891996    17.7652    15.0004
5.9603996    17.741999    15.0004
5.9228    17.7132    15.0004
5.9164    17.708399    15.0004
5.8891997    17.6836    15.0004
5.8764    17.6708    15.0004
5.8676    17.6628    15.0004
5.8403997    17.6364    15.0004
5.8388    17.6348    15.0004
5.8268    17.622799    15.0004
5.81    17.6052    15.0004
5.7827997    17.5772    15.0004
5.7572    17.541199    15.0004
5.7483997    17.5284    15.0004
5.746    17.524399    15.0004
5.7188    17.483599    15.0004
5.7132    17.4756    15.0004
5.7124    17.4748    15.0004
5.7107997    17.472399    15.0004
5.6875997    17.4212    15.0004
5.6756    17.3884    15.0004
5.6675997    17.364399    15.0004
5.6572    17.334799    15.0004
5.6475997    17.31    15.0004
5.6428    17.2948    15.0004
5.6228    17.2348    15.0004
5.6092    17.191599    15.0004
5.6075997    17.1876    15.0004
5.6068    17.184399    15.0004
5.6052    17.178799    15.0004
5.5931997    17.1292    15.0004
5.5811996    17.0772    15.0004
5.5716    17.0364    15.0004
5.5667996    17.0092    15.0004
5.5467997    16.910799    15.0004
5.5452    16.9028    15.0004
5.5452    16.9012    15.0004
5.5443997    16.8972    15.0004
5.5379996    16.8652    15.0004
5.5364    16.8412    15.0004
5.5364    16.810799    15.0004
5.5355997    16.81    15.0004
5.5388    16.7724    15.0004
5.5467997    16.6964    15.0004
5.5484    16.6708    15.0004
5.566    16.5204    15.0004
5.5731997    16.4596    15.0004
5.5828    16.368399    15.0004
5.5916    16.2332    15.0004
5.5924    16.218    15.0004
5.594    16.19    15.0004
5.6004    16.1036    15.0004
5.6043997    16.0668    15.0004
5.6068    16.0228    15.0004
5.6116    15.998799    15.0004
5.6116    15.993199    15.0004
5.6148    15.9828    15.0004
5.6212    15.964399    15.0004
5.6316    15.946799    15.0004
5.6443996    15.9332    15.0004
5.6612    15.9204    15.0004
5.6804    15.91    15.0004
5.7244    15.8868    15.0004
5.7436    15.8756    15.0004
5.7636    15.8652    15.0004
5.7836    15.8619995    15.0004
5.8012    15.855599    15.0004
5.802    15.855599    15.0004
5.8315997    15.820399    15.0004
5.8315997    15.819599    15.0004
5.8227997    15.794    15.0004
5.8227997    15.7844    15.0004
5.8236    15.7772    15.0004
5.8188    15.751599    15.0004
5.818    15.7492    15.0004
5.818    15.7476    15.0004
5.8115997    15.728399    15.0004
5.7883997    15.6612    15.0004
5.7795997    15.6332    15.0004
5.7627997    15.5756    15.0004
5.7524    15.537999    15.0004
5.7348    15.4788    15.0004
5.6892    15.3228    15.0004
5.6604    15.2212    15.0004
5.6284    15.118    15.0004
5.6116    15.062799    15.0004
5.5852    14.9772    15.0004
5.5499997    14.8596    15.0004
5.5284    14.79    15.0004
5.47    14.5876    15.0004
5.4603996    14.5571995    15.0004
5.4564    14.542    15.0004
5.45    14.521999    15.0004
5.4276    14.4436    15.0004
5.4035997    14.358    15.0004
5.3868    14.2987995    15.0004
5.3691998    14.2316    15.0004
5.354    14.1756    15.0004
5.342    14.1292    15.0004
5.3292    14.078    15.0004
5.3171997    14.028399    15.0004
5.2948    13.941199    15.0004
5.286    13.901999    15.0004
5.2707996    13.8331995    15.0004
5.2627997    13.7908    15.0004
5.2516    13.733999    15.0004
5.2483997    13.717999    15.0004
5.2292    13.6052    15.0004
5.2283998    13.6004    15.0004
5.2268    13.5892    15.0004
5.2156    13.4908    15.0004
5.2139997    13.4788    15.0004
5.2139997    13.4772    15.0004
5.21    13.4436    15.0004
5.1907997    13.4164    15.0004
5.1604    13.4276    15.0004
5.1587996    13.4276    15.0004
5.1572    13.429199    15.0004
5.1131997    13.4484    15.0004
5.098    13.4548    15.0004
5.0748    13.4564    15.0004
5.0652    13.4539995    15.0004
5.0508    13.447599    15.0004
5.0308    13.4404    15.0004
5.0236    13.4307995    15.0004
5.0108    13.4156    15.0004
5.0011997    13.401199    15.0004
4.9948    13.366799    15.0004
4.9932    13.349199    15.0004
4.9932    13.342799    15.0004
4.99    13.3244    15.0004
4.9876    13.302    15.0004
4.986    13.274799    15.0004
4.9852    13.245999    15.0004
4.9852    13.242    15.0004
4.986    13.1956    15.0004
4.986    13.174    15.0004
4.9867997    13.153999    15.0004
4.99    13.106    15.0004
4.9955997    13.0364    15.0004
4.9972    13.018    15.0004
5.0108    12.894799    15.0004
5.0123997    12.8868    15.0004
5.0228    12.8043995    15.0004
5.0323997    12.742    15.0004
5.0452    12.6612    15.0004
5.0532    12.6124    15.0004
5.0636    12.5612    15.0004
5.082    12.4676    15.0004
5.0955997    12.41    15.0004
5.1012    12.389999    15.0004
5.1284    12.2828    15.0004
5.1363997    12.252399    15.0004
5.1563997    12.1779995    15.0004
5.1931996    12.0492    15.0004
5.198    12.0316    15.0004
5.2028    12.0148    15.0004
5.2139997    11.9804    15.0004
5.2268    11.938    15.0004
5.2283998    11.9316    15.0004
5.2324    11.9212    15.0004
5.2372    11.8996    15.0004
5.2436    11.877999    15.0004
5.2483997    11.855599    15.0004
5.246    11.8292    15.0004
5.2468    11.8252    15.0004
5.246    11.8012    15.0004
5.246    11.7987995    15.0004
5.2436    11.7884    15.0004
5.2356    11.763599    15.0004
