7.7876    14.738    12.0004
7.7827997    14.7148    12.0004
7.7604    14.6092    12.0004
7.7492    14.5571995    12.0004
7.7292    14.4684    12.0004
7.7012    14.343599    12.0004
7.694    14.3132    12.0004
7.6587996    14.165199    12.0004
7.6563997    14.158    12.0004
7.6548    14.1524    12.0004
7.6507998    14.1324    12.0004
7.6284    14.038799    12.0004
7.5948    13.9052    12.0004
7.5948    13.9044    12.0004
7.594    13.9028    12.0004
7.4588    13.3772    12.0004
7.4452    13.3252    12.0004
7.4364    13.291599    12.0004
7.4091997    13.1796    12.0004
7.3796    13.061999    12.0004
7.3771996    13.0515995    12.0004
7.3756    13.0428    12.0004
7.3483996    12.918799    12.0004
7.3388    12.8764    12.0004
7.322    12.794    12.0004
7.3107996    12.740399    12.0004
7.2971997    12.6779995    12.0004
7.2827997    12.6012    12.0004
7.278    12.5748    12.0004
7.258    12.4556    12.0004
7.2436    12.3619995    12.0004
7.238    12.322    12.0004
7.2316    12.2788    12.0004
7.226    12.239599    12.0004
7.2195997    12.19    12.0004
7.2116    12.1188    12.0004
7.2092    12.102799    12.0004
7.2036    12.033199    12.0004
7.198    11.9668    12.0004
7.1972    11.9492    12.0004
7.1956    11.9316    12.0004
7.1972    11.906    12.0004
7.194    11.8996    12.0004
7.1843996    11.8764    12.0004
7.174    11.8644    12.0004
7.1612    11.8468    12.0004
7.1587996    11.846    12.0004
7.0908    11.7772    12.0004
7.0852    11.7716    12.0004
7.066    11.752399    12.0004
7.054    11.742    12.0004
7.0076    11.6972    12.0004
6.9908    11.682799    12.0004
6.9476    11.6435995    12.0004
6.9412    11.638    12.0004
6.9364    11.6332    12.0004
6.9179997    11.6156    12.0004
6.8844    11.585199    12.0004
6.8771996    11.578    12.0004
6.8756    11.5756    12.0004
6.8644    11.5644    12.0004
6.8251996    11.526    12.0004
6.7804    11.481199    12.0004
6.7563996    11.4564    12.0004
6.7444    11.4428    12.0004
6.7356    11.4316    12.0004
6.7316    11.418799    12.0004
6.7219996    11.401999    12.0004
6.7195997    11.3916    12.0004
6.718    11.3852    12.0004
6.7148    11.3772    12.0004
6.7148    11.366    12.0004
6.7139997    11.3524    12.0004
6.7204    11.326799    12.0004
6.726    11.3084    12.0004
6.7436    11.263599    12.0004
6.7595997    11.2196    12.0004
6.7707996    11.1964    12.0004
6.7763996    11.1779995    12.0004
6.778    11.170799    12.0004
6.7795997    11.1644    12.0004
6.7868    11.141999    12.0004
6.7876    11.1268    12.0004
6.7915998    11.1147995    12.0004
6.7939997    11.1092    12.0004
6.7963996    11.101999    12.0004
6.8132    11.0468    12.0004
6.8236    11.014    12.0004
6.8315997    10.99    12.0004
6.838    10.9724    12.0004
6.8468    10.947599    12.0004
6.8508    10.9372    12.0004
6.8612    10.913199    12.0004
6.8644    10.9084    12.0004
6.8708    10.895599    12.0004
6.8827996    10.873199    12.0004
6.8932    10.855599    12.0004
6.9003997    10.8412    12.0004
6.9203997    10.8076    12.0004
6.9611998    10.7444    12.0004
6.962    10.7436    12.0004
7.0099998    10.6723995    12.0004
7.0172    10.662    12.0004
7.0228    10.654799    12.0004
7.0396    10.6324    12.0004
7.0964    10.554    12.0004
7.1084    10.538    12.0004
7.1267996    10.5156    12.0004
7.134    10.5084    12.0004
7.1572    10.4828    12.0004
7.1604    10.4796    12.0004
7.1651998    10.4772    12.0004
7.1892    10.4564    12.0004
7.1963997    10.4508    12.0004
7.2019997    10.4452    12.0004
7.2219996    10.434    12.0004
7.2324    10.4268    12.0004
7.2604    10.4044    12.0004
7.2651997    10.4004    12.0004
7.2804    10.377999    12.0004
7.286    10.3708    12.0004
7.2932    10.343599    12.0004
7.2956    10.326    12.0004
7.3044    10.314    12.0004
7.3059998    10.3012    12.0004
7.3107996    10.286799    12.0004
7.3132    10.245999    12.0004
7.3124    10.2476    12.0004
7.3132    10.2428    12.0004
7.3188    10.1988    12.0004
7.35    9.9539995    12.0004
7.3659997    9.8372    12.0004
7.3683996    9.8228    12.0004
7.3803997    9.7284    12.0004
7.382    9.7196    12.0004
7.3835998    9.711599    12.0004
7.3964    9.6324    12.0004
7.3964    9.631599    12.0004
7.4132    9.545199    12.0004
7.4147997    9.538    12.0004
7.4164    9.527599    12.0004
7.4188    9.518    12.0004
7.4235997    9.499599    12.0004
7.4244    9.4924    12.0004
7.4227996    9.4796    12.0004
7.4012    9.4444    12.0004
7.3971996    9.4404    12.0004
7.3812    9.429999    12.0004
7.3668    9.4164    12.0004
7.3564    9.4052    12.0004
7.3492    9.398    12.0004
7.3388    9.378799    12.0004
7.3348    9.3675995    12.0004
7.322    9.322    12.0004
7.3059998    9.2604    12.0004
7.3036    9.251599    12.0004
7.2915998    9.182    12.0004
7.2788    9.0868    12.0004
7.278    9.0836    12.0004
7.278    9.079599    12.0004
7.2707996    9.0012    12.0004
7.266    8.9268    12.0004
7.2651997    8.9004    12.0004
7.2651997    8.882    12.0004
7.2675996    8.854    12.0004
7.2683997    8.844399    12.0004
7.2739997    8.8276    12.0004
7.2788    8.809199    12.0004
7.2827997    8.7972    12.0004
7.2876    8.786    12.0004
7.2971997    8.762    12.0004
7.3156    8.7308    12.0004
7.3268    8.7092    12.0004
7.3668    8.6412    12.0004
7.3803997    8.6188    12.0004
7.3947997    8.597199    12.0004
7.4147997    8.568399    12.0004
7.4291997    8.5492    12.0004
7.4347997    8.542    12.0004
7.4772    8.493199    12.0004
7.5028    8.465199    12.0004
7.526    8.4412    12.0004
7.5611997    8.41    12.0004
7.5692    8.4036    12.0004
7.5955997    8.3868    12.0004
7.6116    8.3756    12.0004
7.6284    8.3675995    12.0004
7.6531997    8.3532    12.0004
7.6668    8.346    12.0004
7.6948    8.3356    12.0004
7.7595997    8.3116    12.0004
7.7604    8.3108    12.0004
7.8044    8.2972    12.0004
7.8203998    8.292399    12.0004
7.862    8.2796    12.0004
7.9076    8.2676    12.0004
7.9252    8.2628    12.0004
7.9379997    8.2604    12.0004
8.0204    8.245999    12.0004
8.102    8.2324    12.0004
8.120399    8.23    12.0004
8.1636    8.2284    12.0004
8.1748    8.2268    12.0004
8.2044    8.2276    12.0004
8.2148    8.2284    12.0004
8.242    8.234799    12.0004
8.2772    8.2444    12.0004
8.292399    8.2484    12.0004
8.321199    8.257999    12.0004
8.3972    8.2844    12.0004
8.4348    8.2964    12.0004
8.4396    8.297999    12.0004
8.4436    8.2996    12.0004
8.4492    8.302    12.0004
8.5084    8.3236    12.0004
8.5348    8.3331995    12.0004
8.5716    8.3484    12.0004
8.6476    8.3804    12.0004
8.6748    8.3924    12.0004
8.7244    8.414    12.0004
8.769199    8.435599    12.0004
8.806    8.4556    12.0004
8.8308    8.4692    12.0004
8.8468    8.4788    12.0004
8.8604    8.487599    12.0004
8.886    8.5044    12.0004
8.906799    8.5204    12.0004
8.9204    8.533199    12.0004
8.9268    8.5444    12.0004
8.9348    8.556399    12.0004
8.938    8.566    12.0004
8.941199    8.5772    12.0004
8.9428    8.6036    12.0004
8.946    8.6172    12.0004
8.946    8.638    12.0004
8.9444    8.689199    12.0004
8.9436    8.7108    12.0004
8.938    8.7684    12.0004
8.9372    8.7732    12.0004
8.929999    8.8043995    12.0004
8.9268    8.814    12.0004
8.9172    8.8452    12.0004
8.9028    8.8907995    12.0004
8.889999    8.9164    12.0004
8.8804    8.9316    12.0004
8.873199    8.9428    12.0004
8.8644    8.9508    12.0004
8.8468    8.9732    12.0004
8.8292    8.9916    12.0004
8.826    8.9939995    12.0004
8.8124    9.0028    12.0004
8.7652    9.0348    12.0004
8.754    9.0444    12.0004
8.738    9.056399    12.0004
8.7324    9.0803995    12.0004
8.7324    9.082    12.0004
8.7324    9.0828    12.0004
8.7316    9.0828    12.0004
8.7316    9.119599    12.0004
8.7316    9.120399    12.0004
8.7355995    9.1364    12.0004
8.740399    9.1723995    12.0004
8.746799    9.2396    12.0004
8.7476    9.257999    12.0004
8.751599    9.3564    12.0004
8.751599    9.373199    12.0004
8.752399    9.4084    12.0004
8.752399    9.4788    12.0004
8.752399    9.4924    12.0004
8.75    9.7036    12.0004
8.75    9.726    12.0004
8.75    9.7355995    12.0004
8.7476    9.8996    12.0004
8.7484    10.0124    12.0004
8.7484    10.0148    12.0004
8.7484    10.0236    12.0004
8.7676    10.4964    12.0004
8.7684    10.518    12.0004
8.7764    10.7596    12.0004
8.778    10.849199    12.0004
8.7788    10.9564    12.0004
8.7796    11.13    12.0004
8.7796    11.130799    12.0004
8.7796    11.131599    12.0004
8.7796    11.1324    12.0004
8.780399    11.2796    12.0004
8.781199    11.3372    12.0004
8.780399    11.3692    12.0004
8.7796    11.3924    12.0004
8.7796    11.556399    12.0004
8.7796    11.5571995    12.0004
8.780399    11.700399    12.0004
8.781199    11.7699995    12.0004
8.7828    11.8652    12.0004
8.7852    11.923599    12.0004
8.7876    11.9595995    12.0004
8.7892    12.002    12.0004
8.7932    12.0748    12.0004
8.7972    12.1412    12.0004
8.803599    12.2644    12.0004
8.806    12.3244    12.0004
8.8108    12.441999    12.0004
8.814799    12.5292    12.0004
8.818    12.6468    12.0004
8.821199    12.7556    12.0004
8.8228    12.7932    12.0004
8.8244    12.9164    12.0004
8.8252    12.926    12.0004
8.8276    13.148399    12.0004
8.8276    13.1644    12.0004
8.8292    13.182799    12.0004
8.834    13.268399    12.0004
8.8396    13.355599    12.0004
8.8412    13.3876    12.0004
8.844399    13.4316    12.0004
8.849999    13.5012    12.0004
8.8596    13.5836    12.0004
8.872399    13.6779995    12.0004
8.884399    13.754    12.0004
8.886    13.763599    12.0004
8.886    13.7676    12.0004
8.8948    13.8068    12.0004
8.9164    13.907599    12.0004
8.9196    13.9228    12.0004
8.9452    14.045199    12.0004
8.962    14.1092    12.0004
8.9684    14.1356    12.0004
8.9788    14.17    12.0004
8.993199    14.226    12.0004
9.004399    14.2644    12.0004
9.0268    14.3404    12.0004
9.054    14.4316    12.0004
9.0548    14.4324    12.0004
9.0548    14.4332    12.0004
9.056399    14.4372    12.0004
9.1044    14.590799    12.0004
9.1108    14.6124    12.0004
9.1644    14.7716    12.0004
9.1756    14.808399    12.0004
9.1908    14.8516    12.0004
9.211599    14.914    12.0004
9.234    14.9788    12.0004
9.2652    15.068399    12.0004
9.3124    15.2012    12.0004
9.3508    15.309999    12.0004
9.394    15.434    12.0004
9.394    15.435599    12.0004
9.41    15.4788    12.0004
9.4883995    15.6964    12.0004
9.49    15.7012    12.0004
9.55    15.87    12.0004
9.5612    15.901999    12.0004
9.6068    16.034    12.0004
9.625199    16.087599    12.0004
9.6468    16.1548    12.0004
9.6636    16.2092    12.0004
9.6804    16.2572    12.0004
9.6996    16.3164    12.0004
9.7212    16.3796    12.0004
9.742    16.4508    12.0004
9.7556    16.496399    12.0004
9.7724    16.5564    12.0004
9.7876    16.6036    12.0004
9.797999    16.6428    12.0004
9.8124    16.691599    12.0004
9.8196    16.7204    12.0004
9.837999    16.7836    12.0004
9.8452    16.8132    12.0004
9.8596    16.8612    12.0004
9.883599    16.9548    12.0004
9.8852    16.961199    12.0004
9.8876    16.973999    12.0004
9.9212    17.105999    12.0004
9.9276    17.1308    12.0004
9.9292    17.1372    12.0004
9.929999    17.1404    12.0004
9.9539995    17.2348    12.0004
9.9548    17.237999    12.0004
9.965199    17.2948    12.0004
9.978    17.3604    12.0004
9.9804    17.3732    12.0004
9.9948    17.4524    12.0004
9.9964    17.458    12.0004
9.9964    17.4596    12.0004
10.0036    17.5052    12.0004
10.014    17.57    12.0004
10.018    17.5868    12.0004
10.026    17.6412    12.0004
10.0316    17.673199    12.0004
10.0364    17.7132    12.0004
10.0436    17.7556    12.0004
10.046    17.7748    12.0004
10.0556    17.8548    12.0004
10.058    17.8764    12.0004
10.0636    17.9212    12.0004
10.0644    17.9396    12.0004
10.068399    17.9916    12.0004
10.073999    18.076399    12.0004
10.0756    18.132399    12.0004
10.078    18.1796    12.0004
10.0788    18.1996    12.0004
10.0812    18.277199    12.0004
10.0812    18.2868    12.0004
10.082    18.317999    12.0004
10.0812    18.3412    12.0004
10.079599    18.3564    12.0004
10.0772    18.425999    12.0004
10.073199    18.4628    12.0004
10.07    18.514    12.0004
10.0612    18.5668    12.0004
10.0571995    18.5964    12.0004
10.038    18.6876    12.0004
10.0348    18.7068    12.0004
10.0156    18.7892    12.0004
10.005199    18.8372    12.0004
9.9868    18.9172    12.0004
9.965199    19.0324    12.0004
9.9604    19.0604    12.0004
9.9508    19.118    12.0004
9.9388    19.191599    12.0004
9.9348    19.2156    12.0004
9.9284    19.2988    12.0004
9.9276    19.3132    12.0004
9.9324    19.4196    12.0004
9.9348    19.449999    12.0004
9.941999    19.5268    12.0004
9.9436    19.537199    12.0004
9.9444    19.546799    12.0004
9.9748    19.7076    12.0004
9.975599    19.7132    12.0004
10.0028    19.838    12.0004
10.004399    19.8468    12.0004
10.009999    19.8692    12.0004
10.0484    20.017199    12.0004
10.0636    20.0796    12.0004
10.068399    20.1012    12.0004
10.0868    20.173199    12.0004
10.0932    20.2052    12.0004
10.106    20.2612    12.0004
10.11    20.278    12.0004
10.1228    20.3372    12.0004
10.1452    20.4292    12.0004
10.154799    20.473999    12.0004
10.165199    20.524399    12.0004
10.1852    20.6132    12.0004
10.1868    20.6244    12.0004
10.19    20.6412    12.0004
10.200399    20.6948    12.0004
10.2156    20.7676    12.0004
10.226    20.8244    12.0004
10.23    20.8524    12.0004
10.2436    20.9228    12.0004
10.246799    20.9436    12.0004
10.2596    21.013199    12.0004
10.2604    21.018799    12.0004
10.2708    21.0788    12.0004
10.281199    21.139599    12.0004
10.2876    21.1908    12.0004
10.2964    21.2484    12.0004
10.3076    21.3252    12.0004
10.3116    21.358799    12.0004
10.3172    21.3988    12.0004
10.321199    21.434    12.0004
10.332399    21.5404    12.0004
10.3348    21.553999    12.0004
10.3356    21.5588    12.0004
10.3396    21.6276    12.0004
10.3396    21.6316    12.0004
10.3396    21.6332    12.0004
10.3396    21.639599    12.0004
10.346    21.7404    12.0004
10.3468    21.760399    12.0004
10.3468    21.7972    12.0004
10.3428    21.8788    12.0004
10.3404    21.914799    12.0004
10.337999    21.9524    12.0004
10.3276    22.0436    12.0004
10.326    22.0516    12.0004
10.3244    22.059599    12.0004
10.3084    22.1356    12.0004
10.292399    22.1876    12.0004
10.286799    22.222    12.0004
10.274    22.2556    12.0004
10.2596    22.2804    12.0004
10.25    22.3092    12.0004
10.21    22.386799    12.0004
10.2084    22.39    12.0004
10.2076    22.390799    12.0004
10.182    22.4292    12.0004
10.1556    22.459599    12.0004
10.1396    22.47    12.0004
10.134    22.4764    12.0004
10.1012    22.5052    12.0004
10.0884    22.518    12.0004
10.0764    22.5236    12.0004
10.0476    22.5348    12.0004
10.0348    22.533998    12.0004
10.03    22.535599    12.0004
9.998799    22.537199    12.0004
9.99    22.5396    12.0004
9.981999    22.5436    12.0004
9.9388    22.5532    12.0004
9.935599    22.5532    12.0004
9.8684    22.542    12.0004
9.8284    22.5276    12.0004
9.8236    22.5252    12.0004
9.815599    22.522799    12.0004
9.8124    22.529999    12.0004
9.8172    22.537199    12.0004
9.8052    22.562    12.0004
9.8068    22.5836    12.0004
9.806    22.5908    12.0004
9.8116    22.605999    12.0004
9.814799    22.6148    12.0004
9.814799    22.6204    12.0004
9.8188    22.645199    12.0004
9.8188    22.6484    12.0004
9.8228    22.669199    12.0004
9.8228    22.6708    12.0004
9.8316    22.734    12.0004
9.8316    22.7396    12.0004
9.832399    22.7444    12.0004
9.832399    22.746    12.0004
9.8331995    22.7484    12.0004
9.843599    22.821999    12.0004
9.843599    22.826    12.0004
9.843599    22.8268    12.0004
9.8452    22.842    12.0004
9.8548    22.9676    12.0004
9.8564    22.9772    12.0004
9.8572    22.989199    12.0004
9.8596    23.0108    12.0004
9.8652    23.0836    12.0004
9.866799    23.1012    12.0004
9.8692    23.1316    12.0004
9.8756    23.1884    12.0004
9.8772    23.2284    12.0004
9.878799    23.243599    12.0004
9.8804    23.2764    12.0004
9.8812    23.286    12.0004
9.882    23.2988    12.0004
9.8812    23.344398    12.0004
9.882    23.358799    12.0004
9.8764    23.3948    12.0004
9.8756    23.4044    12.0004
9.8708    23.4228    12.0004
9.855599    23.442    12.0004
9.834    23.4516    12.0004
9.786799    23.4532    12.0004
9.757999    23.458    12.0004
9.7332    23.4532    12.0004
9.7132    23.448399    12.0004
9.6764    23.4364    12.0004
9.6564    23.4284    12.0004
9.594    23.4068    12.0004
9.539599    23.385199    12.0004
9.510799    23.3676    12.0004
9.4748    23.351599    12.0004
9.4172    23.321999    12.0004
9.3932    23.310799    12.0004
9.3292    23.2836    12.0004
9.3108    23.271599    12.0004
9.2908    23.258    12.0004
9.2708    23.241999    12.0004
9.2244    23.2132    12.0004
9.188399    23.1772    12.0004
9.1748    23.157999    12.0004
9.162    23.146    12.0004
9.1564    23.1348    12.0004
9.1516    23.1316    12.0004
9.1364    23.1148    12.0004
9.1356    23.1132    12.0004
9.134    23.111599    12.0004
9.1147995    23.085999    12.0004
9.1068    23.078    12.0004
9.0876    23.0476    12.0004
9.0788    23.0388    12.0004
9.0772    23.0364    12.0004
9.0756    23.033998    12.0004
9.0644    23.0164    12.0004
9.0484    22.994799    12.0004
9.0236    22.953999    12.0004
9.0171995    22.944399    12.0004
9.004399    22.9228    12.0004
8.9916    22.906    12.0004
8.99    22.901999    12.0004
8.9604    22.858799    12.0004
8.9196    22.7988    12.0004
8.8708    22.723598    12.0004
8.826799    22.657999    12.0004
8.7916    22.6036    12.0004
8.7452    22.533998    12.0004
8.7188    22.4924    12.0004
8.6644    22.41    12.0004
8.646    22.382    12.0004
8.6236    22.345999    12.0004
8.6108    22.3268    12.0004
8.5932    22.2964    12.0004
8.5803995    22.2708    12.0004
8.566    22.2428    12.0004
8.5468    22.2044    12.0004
8.5412    22.1892    12.0004
8.5236    22.1532    12.0004
8.4939995    22.080399    12.0004
8.49    22.069199    12.0004
8.4756    22.0324    12.0004
8.4484    21.9524    12.0004
8.435599    21.9156    12.0004
8.4292    21.892399    12.0004
8.4116    21.833199    12.0004
8.395599    21.7804    12.0004
8.389999    21.760399    12.0004
8.373199    21.691599    12.0004
8.3508    21.593199    12.0004
8.3508    21.591599    12.0004
8.349999    21.59    12.0004
8.318    21.4396    12.0004
8.3108    21.3972    12.0004
8.3084    21.382    12.0004
8.3052    21.3268    12.0004
8.3052    21.317999    12.0004
8.3068    21.286    12.0004
8.3084    21.2628    12.0004
8.3108    21.230799    12.0004
8.3164    21.1628    12.0004
8.322    21.111599    12.0004
8.3331995    21.026    12.0004
8.3364    21.0036    12.0004
8.3468    20.9452    12.0004
8.366    20.851599    12.0004
8.366799    20.8444    12.0004
8.378799    20.789999    12.0004
8.3836    20.7692    12.0004
8.3996    20.7188    12.0004
8.4124    20.6724    12.0004
8.418799    20.6516    12.0004
8.436399    20.604399    12.0004
8.4492    20.57    12.0004
8.453199    20.5644    12.0004
8.4604    20.5492    12.0004
8.465199    20.541199    12.0004
8.4852    20.5212    12.0004
8.498799    20.5092    12.0004
8.516399    20.5028    12.0004
8.533999    20.5044    12.0004
8.542    20.5028    12.0004
8.568399    20.501999    12.0004
8.5788    20.5012    12.0004
8.5803995    20.494    12.0004
8.594    20.4804    12.0004
8.5988    20.459599    12.0004
8.602799    20.4516    12.0004
8.6012    20.4356    12.0004
8.598    20.4252    12.0004
8.596399    20.4044    12.0004
8.59    20.386799    12.0004
8.5844    20.362799    12.0004
8.5724    20.314    12.0004
8.57    20.302    12.0004
8.568399    20.2964    12.0004
8.538    20.1604    12.0004
8.5364    20.1532    12.0004
8.5348    20.1468    12.0004
8.533199    20.1372    12.0004
8.5028    19.985199    12.0004
8.487599    19.906    12.0004
8.4724    19.829199    12.0004
8.4636    19.7812    12.0004
8.4404    19.6588    12.0004
8.436399    19.6404    12.0004
8.4172    19.534    12.0004
8.4164    19.529999    12.0004
8.4124    19.51    12.0004
8.3876    19.386799    12.0004
8.382    19.3548    12.0004
8.3628    19.25    12.0004
8.346    19.1476    12.0004
8.3396    19.114    12.0004
8.332399    19.0788    12.0004
8.309999    18.9452    12.0004
8.303599    18.9004    12.0004
8.2908    18.8172    12.0004
8.2828    18.7612    12.0004
8.2764    18.7124    12.0004
8.262    18.6124    12.0004
8.2532    18.5492    12.0004
8.2388    18.431599    12.0004
8.2332    18.3804    12.0004
8.2244    18.2948    12.0004
8.2156    18.2204    12.0004
8.2044    18.1076    12.0004
8.2028    18.0884    12.0004
8.2012    18.0676    12.0004
8.1972    18.0028    12.0004
8.1956    17.9716    12.0004
8.1932    17.9244    12.0004
8.19    17.868399    12.0004
8.1876    17.847599    12.0004
8.1844    17.736399    12.0004
8.182799    17.695599    12.0004
8.1812    17.6292    12.0004
8.177199    17.5084    12.0004
8.1748    17.4508    12.0004
8.1748    17.4356    12.0004
8.17    17.305199    12.0004
8.1684    17.2516    12.0004
8.165999    17.1852    12.0004
8.1628    17.0844    12.0004
8.162    17.0716    12.0004
8.160399    17.0452    12.0004
8.154799    16.949999    12.0004
8.15    16.897999    12.0004
8.1452    16.840399    12.0004
8.1412    16.7916    12.0004
8.1332    16.702799    12.0004
8.1332    16.6964    12.0004
8.131599    16.6868    12.0004
8.1172    16.5884    12.0004
8.113999    16.5588    12.0004
8.1052    16.4956    12.0004
8.0924    16.4084    12.0004
8.090799    16.3964    12.0004
8.085199    16.358799    12.0004
8.078    16.3092    12.0004
8.0716    16.2732    12.0004
8.0644    16.23    12.0004
8.038    16.0732    12.0004
8.0196    15.9604    12.0004
8.010799    15.9036    12.0004
7.9979997    15.8331995    12.0004
7.9788    15.727599    12.0004
7.9644    15.646    12.0004
7.9396    15.509999    12.0004
7.9283996    15.4484    12.0004
7.9124    15.3644    12.0004
7.8876    15.2355995    12.0004
7.8844    15.2204    12.0004
7.8603997    15.0996    12.0004
7.8468    15.0308    12.0004
7.8332    14.958799    12.0004
7.8163996    14.874    12.0004
7.8076    14.8308    12.0004
7.7915998    14.7548    12.0004
7.7876    14.738    12.0004
