18.6348    30.566    10.5004
18.6132    30.573198    10.5004
18.5916    30.5796    10.5004
18.5212    30.6052    10.5004
18.494799    30.6148    10.5004
18.4628    30.6276    10.5004
18.410799    30.6476    10.5004
18.386799    30.6572    10.5004
18.310799    30.6924    10.5004
18.2788    30.7076    10.5004
18.2468    30.723598    10.5004
18.225199    30.734    10.5004
18.2068    30.741999    10.5004
18.182    30.7556    10.5004
18.1364    30.7796    10.5004
18.1068    30.7964    10.5004
18.0748    30.814798    10.5004
18.0556    30.8252    10.5004
18.000399    30.8596    10.5004
17.994799    30.862799    10.5004
17.9932    30.8636    10.5004
17.961199    30.882    10.5004
17.9116    30.918    10.5004
17.910799    30.918798    10.5004
17.909199    30.9196    10.5004
17.9076    30.920399    10.5004
17.8828    30.938    10.5004
17.8484    30.966    10.5004
17.806    30.9996    10.5004
17.8004    31.004398    10.5004
17.782    31.0268    10.5004
17.7692    31.050798    10.5004
17.7708    31.057999    10.5004
17.7964    31.073198    10.5004
17.8028    31.070799    10.5004
17.8228    31.0724    10.5004
17.8308    31.069199    10.5004
17.8508    31.0644    10.5004
17.8556    31.0628    10.5004
17.8772    31.0556    10.5004
17.8908    31.052399    10.5004
17.9132    31.045198    10.5004
17.9708    31.0268    10.5004
17.9956    31.018    10.5004
18.038    31.0012    10.5004
18.053999    30.996399    10.5004
18.1036    30.976398    10.5004
18.1724    30.9476    10.5004
18.2036    30.934    10.5004
18.2316    30.9228    10.5004
18.2468    30.9156    10.5004
18.2764    30.903599    10.5004
18.3172    30.885199    10.5004
18.3388    30.875599    10.5004
18.3676    30.862799    10.5004
18.3972    30.8492    10.5004
18.505999    30.795599    10.5004
18.537199    30.7788    10.5004
18.6076    30.7444    10.5004
18.6132    30.741999    10.5004
18.617199    30.740398    10.5004
18.622799    30.7372    10.5004
18.726799    30.6892    10.5004
18.758    30.674799    10.5004
18.826    30.646    10.5004
18.8364    30.6412    10.5004
18.8804    30.6204    10.5004
18.9604    30.5828    10.5004
18.9676    30.578798    10.5004
18.973999    30.576399    10.5004
18.9996    30.566    10.5004
19.0228    30.556398    10.5004
19.0268    30.553999    10.5004
19.034    30.550798    10.5004
19.0836    30.5292    10.5004
19.0916    30.526    10.5004
19.115599    30.513199    10.5004
19.1364    30.5068    10.5004
19.1436    30.5036    10.5004
19.169199    30.4924    10.5004
19.17    30.4924    10.5004
19.1924    30.4812    10.5004
19.198    30.4788    10.5004
19.2204    30.446798    10.5004
19.2228    30.4452    10.5004
19.2524    30.446798    10.5004
19.253199    30.446798    10.5004
19.254    30.4452    10.5004
19.2524    30.444399    10.5004
19.2276    30.4348    10.5004
19.2204    30.4396    10.5004
19.218    30.4396    10.5004
19.1924    30.431599    10.5004
19.1852    30.4324    10.5004
19.163599    30.427599    10.5004
19.139599    30.4324    10.5004
19.1244    30.4348    10.5004
19.1036    30.437199    10.5004
19.0828    30.4396    10.5004
19.0612    30.4436    10.5004
19.052399    30.446    10.5004
18.994    30.4604    10.5004
18.99    30.461199    10.5004
18.9876    30.462    10.5004
18.914    30.4812    10.5004
18.9084    30.4828    10.5004
18.8044    30.511599    10.5004
18.758799    30.526    10.5004
18.7172    30.539598    10.5004
18.6852    30.55    10.5004
18.6348    30.566    10.5004
