13.2411995    35.1148    10.5004
13.245199    35.107597    10.5004
13.263599    35.0676    10.5004
13.266    35.062    10.5004
13.2699995    35.0508    10.5004
13.2852    35.01    10.5004
13.291599    34.9908    10.5004
13.3043995    34.9484    10.5004
13.309999    34.9292    10.5004
13.314799    34.91    10.5004
13.3236    34.877197    10.5004
13.3331995    34.834    10.5004
13.337999    34.8116    10.5004
13.343599    34.770798    10.5004
13.3476    34.7468    10.5004
13.3508    34.722797    10.5004
13.3564    34.672398    10.5004
13.358    34.6348    10.5004
13.3588    34.5924    10.5004
13.3572    34.5436    10.5004
13.355599    34.5284    10.5004
13.3532    34.4852    10.5004
13.3524    34.481197    10.5004
13.3516    34.475597    10.5004
13.342    34.422    10.5004
13.331599    34.380398    10.5004
13.3276    34.3668    10.5004
13.314    34.322    10.5004
13.3116    34.315598    10.5004
13.308399    34.3092    10.5004
13.292399    34.2684    10.5004
13.2724    34.231598    10.5004
13.2716    34.23    10.5004
13.2444    34.1868    10.5004
13.2268    34.1628    10.5004
13.2244    34.1596    10.5004
13.2204    34.1548    10.5004
13.186    34.1156    10.5004
13.1556    34.099598    10.5004
13.1524    34.0988    10.5004
13.1508    34.099598    10.5004
13.15    34.101997    10.5004
13.13    34.1092    10.5004
13.1228    34.1148    10.5004
13.106    34.129997    10.5004
13.0948    34.1492    10.5004
13.0932    34.149998    10.5004
13.091599    34.1516    10.5004
13.091599    34.154    10.5004
13.0932    34.1804    10.5004
13.1012    34.2068    10.5004
13.1068    34.2244    10.5004
13.1092    34.2332    10.5004
13.1147995    34.258    10.5004
13.125999    34.306    10.5004
13.1284    34.321198    10.5004
13.1348    34.3532    10.5004
13.137199    34.3652    10.5004
13.142799    34.4044    10.5004
13.1452    34.4212    10.5004
13.1452    34.4236    10.5004
13.1524    34.4796    10.5004
13.1524    34.4876    10.5004
13.1524    34.509197    10.5004
13.1524    34.53    10.5004
13.153199    34.5364    10.5004
13.154799    34.565998    10.5004
13.153999    34.599598    10.5004
13.153999    34.6068    10.5004
13.1508    34.662    10.5004
13.15    34.6644    10.5004
13.1468    34.7068    10.5004
13.1468    34.7076    10.5004
13.1396    34.7588    10.5004
13.1292    34.7964    10.5004
13.1284    34.8012    10.5004
13.125199    34.809998    10.5004
13.1156    34.8372    10.5004
13.1147995    34.8396    10.5004
13.113199    34.8444    10.5004
13.1124    34.8476    10.5004
13.1044    34.8868    10.5004
13.1004    34.9204    10.5004
13.0996    34.925198    10.5004
13.0988    34.9284    10.5004
13.0988    34.930798    10.5004
13.101999    34.964397    10.5004
13.1052    34.9972    10.5004
13.1052    35.0116    10.5004
13.107599    35.0372    10.5004
13.108399    35.0396    10.5004
13.108399    35.0588    10.5004
13.108399    35.0788    10.5004
13.108399    35.0812    10.5004
13.1052    35.1172    10.5004
13.1044    35.1236    10.5004
13.1044    35.124397    10.5004
13.0996    35.177998    10.5004
13.0996    35.1812    10.5004
13.0996    35.183598    10.5004
13.097199    35.197998    10.5004
13.0924    35.222797    10.5004
13.094    35.2348    10.5004
13.0988    35.228397    10.5004
13.1268    35.250797    10.5004
13.1292    35.248398    10.5004
13.1452    35.2412    10.5004
13.1636    35.2332    10.5004
13.165199    35.231598    10.5004
13.1868    35.200397    10.5004
13.1916    35.1932    10.5004
13.217999    35.1516    10.5004
13.2388    35.118    10.5004
13.2411995    35.1148    10.5004
