18.2092    30.3004    10.5004
18.2948    30.2244    10.5004
18.321999    30.2004    10.5004
18.4028    30.1236    10.5004
18.4052    30.1204    10.5004
18.4124    30.113998    10.5004
18.4804    30.05    10.5004
18.5012    30.0292    10.5004
18.562    29.9772    10.5004
18.570799    29.9684    10.5004
18.6012    29.938799    10.5004
18.622    29.918798    10.5004
18.639599    29.9052    10.5004
18.680399    29.8716    10.5004
18.708399    29.851599    10.5004
18.789999    29.784399    10.5004
18.798    29.7788    10.5004
18.799599    29.777199    10.5004
18.85    29.736399    10.5004
18.8964    29.693998    10.5004
18.9156    29.6724    10.5004
18.9436    29.639599    10.5004
18.9628    29.613998    10.5004
18.966799    29.609999    10.5004
19.001999    29.580399    10.5004
19.0036    29.5788    10.5004
19.041199    29.5556    10.5004
19.0804    29.5332    10.5004
19.094    29.5252    10.5004
19.1012    29.522    10.5004
19.2292    29.4476    10.5004
19.2372    29.442799    10.5004
19.246    29.437199    10.5004
19.282    29.414    10.5004
19.312399    29.3916    10.5004
19.323599    29.3828    10.5004
19.334    29.375599    10.5004
19.358799    29.3548    10.5004
19.3724    29.3428    10.5004
19.397999    29.3212    10.5004
19.4716    29.2508    10.5004
19.4764    29.2468    10.5004
19.4788    29.2452    10.5004
19.4812    29.2428    10.5004
19.4996    29.23    10.5004
19.507599    29.222    10.5004
19.522    29.2132    10.5004
19.542799    29.1948    10.5004
19.548399    29.191599    10.5004
19.566    29.180399    10.5004
19.5892    29.1668    10.5004
19.642    29.136398    10.5004
19.669199    29.1236    10.5004
19.701199    29.1108    10.5004
19.736399    29.0956    10.5004
19.798    29.0756    10.5004
19.8188    29.067598    10.5004
19.881199    29.050798    10.5004
19.9044    29.0436    10.5004
19.931599    29.035599    10.5004
19.9548    29.0268    10.5004
19.9716    29.018799    10.5004
19.983599    29.0156    10.5004
19.9972    29.0068    10.5004
20.01    29.0012    10.5004
20.0268    28.9924    10.5004
20.0396    28.983599    10.5004
20.0516    28.9748    10.5004
20.0756    28.9564    10.5004
20.1348    28.9116    10.5004
20.157999    28.892399    10.5004
20.1924    28.8652    10.5004
20.237999    28.8324    10.5004
20.2412    28.829199    10.5004
20.243599    28.8284    10.5004
20.2484    28.8244    10.5004
20.282799    28.802    10.5004
20.314    28.788399    10.5004
20.3212    28.784399    10.5004
20.334799    28.778    10.5004
20.364399    28.7668    10.5004
20.4028    28.754    10.5004
20.414799    28.749199    10.5004
20.438799    28.740398    10.5004
20.4732    28.7284    10.5004
20.4924    28.723598    10.5004
20.5276    28.7132    10.5004
20.6052    28.6908    10.5004
20.6124    28.688398    10.5004
20.615599    28.6876    10.5004
20.618    28.6876    10.5004
20.6908    28.67    10.5004
20.6996    28.6684    10.5004
20.760399    28.654799    10.5004
20.7876    28.649199    10.5004
20.8508    28.6372    10.5004
20.8892    28.63    10.5004
20.944399    28.622799    10.5004
20.9508    28.621199    10.5004
20.9532    28.621199    10.5004
21.000399    28.6164    10.5004
21.017199    28.6148    10.5004
21.0436    28.6132    10.5004
21.0684    28.6124    10.5004
21.1028    28.611599    10.5004
21.121199    28.611599    10.5004
21.132399    28.611599    10.5004
21.1868    28.6132    10.5004
21.2628    28.617199    10.5004
21.2988    28.6188    10.5004
21.3228    28.6204    10.5004
21.382    28.6236    10.5004
21.386    28.6236    10.5004
21.421999    28.6236    10.5004
21.4508    28.619598    10.5004
21.4524    28.619598    10.5004
21.462    28.617199    10.5004
21.4812    28.6124    10.5004
21.5068    28.6036    10.5004
21.5332    28.59    10.5004
21.563599    28.574799    10.5004
21.5956    28.557999    10.5004
21.656399    28.5268    10.5004
21.7428    28.479599    10.5004
21.749199    28.4772    10.5004
21.762    28.47    10.5004
21.8036    28.4508    10.5004
21.8228    28.441198    10.5004
21.8316    28.437199    10.5004
21.862799    28.4252    10.5004
21.89    28.4156    10.5004
21.9084    28.409199    10.5004
21.962    28.394    10.5004
21.966    28.3932    10.5004
21.9692    28.392399    10.5004
22.0156    28.385199    10.5004
22.048399    28.3844    10.5004
22.059599    28.3836    10.5004
22.063599    28.3844    10.5004
22.076399    28.385199    10.5004
22.0956    28.385199    10.5004
22.1204    28.3884    10.5004
22.1292    28.3892    10.5004
22.143599    28.392399    10.5004
22.1652    28.396399    10.5004
22.2156    28.4116    10.5004
22.2188    28.4124    10.5004
22.2236    28.413198    10.5004
22.249199    28.4196    10.5004
22.275599    28.431599    10.5004
22.282799    28.434    10.5004
22.306799    28.444399    10.5004
22.316399    28.4492    10.5004
22.3212    28.4516    10.5004
22.3412    28.461199    10.5004
22.3612    28.4732    10.5004
22.381199    28.489199    10.5004
22.3956    28.507599    10.5004
22.409199    28.522    10.5004
22.4196    28.535599    10.5004
22.427599    28.548399    10.5004
22.437199    28.574    10.5004
22.437199    28.5756    10.5004
22.437199    28.580399    10.5004
22.434    28.5964    10.5004
22.433199    28.6068    10.5004
22.43    28.6148    10.5004
22.4156    28.6412    10.5004
22.4068    28.6556    10.5004
22.3804    28.6924    10.5004
22.3764    28.697199    10.5004
22.3508    28.726799    10.5004
22.338799    28.7396    10.5004
22.314    28.7636    10.5004
22.3028    28.774    10.5004
22.2876    28.7892    10.5004
22.258    28.8132    10.5004
22.2452    28.8212    10.5004
22.2044    28.847599    10.5004
22.1708    28.866798    10.5004
22.1404    28.883598    10.5004
22.122799    28.8916    10.5004
22.0836    28.91    10.5004
22.0508    28.9228    10.5004
22.0308    28.929998    10.5004
22.0044    28.9396    10.5004
21.9772    28.9492    10.5004
21.9364    28.961199    10.5004
21.892399    28.973999    10.5004
21.885199    28.9756    10.5004
21.8524    28.9828    10.5004
21.8172    28.99    10.5004
21.805199    28.9924    10.5004
21.802    28.9924    10.5004
21.722    29.0028    10.5004
21.6252    29.0156    10.5004
21.598799    29.0196    10.5004
21.594    29.0212    10.5004
21.513199    29.0324    10.5004
21.5124    29.0324    10.5004
21.4564    29.048399    10.5004
21.4244    29.0604    10.5004
21.4004    29.0724    10.5004
21.3972    29.074    10.5004
21.364399    29.094799    10.5004
21.3284    29.119598    10.5004
21.3268    29.1204    10.5004
21.323599    29.122799    10.5004
21.2892    29.1516    10.5004
21.2724    29.17    10.5004
21.2628    29.178    10.5004
21.249199    29.2004    10.5004
21.2404    29.2092    10.5004
21.2236    29.234798    10.5004
21.2164    29.2452    10.5004
21.1884    29.3116    10.5004
21.166    29.358799    10.5004
21.146    29.4004    10.5004
21.126    29.442    10.5004
21.0964    29.493198    10.5004
21.09    29.5036    10.5004
21.0612    29.5476    10.5004
21.0532    29.5588    10.5004
21.029999    29.587599    10.5004
21.013199    29.605999    10.5004
20.983599    29.6356    10.5004
20.9636    29.6556    10.5004
20.942799    29.6764    10.5004
20.937199    29.6812    10.5004
20.914799    29.702799    10.5004
20.909199    29.706799    10.5004
20.862799    29.745998    10.5004
20.8372    29.764399    10.5004
20.788399    29.8004    10.5004
20.753199    29.8268    10.5004
20.642    29.903599    10.5004
20.6412    29.9044    10.5004
20.6404    29.9044    10.5004
20.6244    29.914799    10.5004
20.546    29.9644    10.5004
20.542    29.966    10.5004
20.494    29.993198    10.5004
20.455599    30.0148    10.5004
20.444399    30.0212    10.5004
20.397999    30.042    10.5004
20.386    30.0476    10.5004
20.358799    30.0604    10.5004
20.312399    30.0796    10.5004
20.2596    30.0996    10.5004
20.1908    30.125198    10.5004
20.145199    30.141998    10.5004
20.0068    30.189999    10.5004
20.000399    30.1924    10.5004
19.9884    30.1964    10.5004
19.799599    30.258799    10.5004
19.7036    30.2908    10.5004
19.697199    30.292398    10.5004
19.6948    30.293999    10.5004
19.678    30.299599    10.5004
19.63    30.316399    10.5004
19.6148    30.320398    10.5004
19.609999    30.321999    10.5004
19.5796    30.331598    10.5004
19.5684    30.342    10.5004
19.5564    30.3524    10.5004
19.5772    30.375599    10.5004
19.5788    30.3764    10.5004
19.5812    30.3764    10.5004
19.5964    30.381199    10.5004
19.6092    30.385199    10.5004
19.6356    30.385199    10.5004
19.698    30.386    10.5004
19.7172    30.386    10.5004
19.7516    30.385199    10.5004
19.7964    30.385199    10.5004
19.8636    30.385199    10.5004
19.873999    30.3844    10.5004
19.9084    30.386799    10.5004
19.9212    30.386799    10.5004
19.9572    30.39    10.5004
19.9676    30.3916    10.5004
19.9732    30.392399    10.5004
19.996399    30.3972    10.5004
20.0212    30.406    10.5004
20.0348    30.4116    10.5004
20.038    30.4124    10.5004
20.046799    30.4196    10.5004
20.076399    30.4404    10.5004
20.0844    30.4636    10.5004
20.0868    30.466799    10.5004
20.0892    30.4772    10.5004
20.0924    30.489199    10.5004
20.0924    30.4916    10.5004
20.0924    30.494    10.5004
20.0956    30.526    10.5004
20.105999    30.552399    10.5004
20.1076    30.5572    10.5004
20.1108    30.557999    10.5004
20.1308    30.563599    10.5004
20.137999    30.5644    10.5004
20.163599    30.565199    10.5004
20.174    30.563599    10.5004
20.1924    30.5668    10.5004
20.2004    30.567598    10.5004
20.202    30.567598    10.5004
20.226799    30.5644    10.5004
20.2276    30.5644    10.5004
20.258799    30.559599    10.5004
20.2628    30.5588    10.5004
20.269999    30.5572    10.5004
20.3212    30.55    10.5004
20.3468    30.546799    10.5004
20.386799    30.542799    10.5004
20.4284    30.541199    10.5004
20.442    30.5404    10.5004
20.455599    30.539598    10.5004
20.4844    30.5404    10.5004
20.5044    30.541199    10.5004
20.517199    30.541199    10.5004
20.5364    30.542    10.5004
20.5572    30.546    10.5004
20.578    30.5492    10.5004
20.5956    30.5548    10.5004
20.6092    30.5604    10.5004
20.6148    30.5628    10.5004
20.633999    30.5796    10.5004
20.643599    30.5868    10.5004
20.6468    30.5908    10.5004
20.6596    30.6076    10.5004
20.661999    30.6124    10.5004
20.6628    30.6148    10.5004
20.669199    30.6356    10.5004
20.6652    30.649199    10.5004
20.663599    30.6588    10.5004
20.639599    30.689999    10.5004
20.6388    30.6924    10.5004
20.6372    30.6932    10.5004
20.617199    30.712399    10.5004
20.587599    30.7356    10.5004
20.580399    30.7412    10.5004
20.5628    30.753199    10.5004
20.4812    30.8116    10.5004
20.4524    30.8308    10.5004
20.4196    30.851599    10.5004
20.3732    30.8764    10.5004
20.3452    30.8884    10.5004
20.2852    30.907598    10.5004
20.265999    30.914    10.5004
20.226799    30.9268    10.5004
20.1764    30.942799    10.5004
20.100399    30.9644    10.5004
20.0644    30.9748    10.5004
20.0532    30.9772    10.5004
20.014    30.9868    10.5004
19.977999    30.9996    10.5004
19.9676    31.0028    10.5004
19.9492    31.0124    10.5004
19.9356    31.018    10.5004
19.920399    31.026    10.5004
19.9076    31.0324    10.5004
19.9028    31.0348    10.5004
19.826    31.085999    10.5004
19.8148    31.093199    10.5004
19.7468    31.136398    10.5004
19.6996    31.1652    10.5004
19.6404    31.201199    10.5004
19.6036    31.223598    10.5004
19.535599    31.262798    10.5004
19.5124    31.2764    10.5004
19.4068    31.3324    10.5004
19.3828    31.3452    10.5004
19.334    31.3692    10.5004
19.249199    31.4116    10.5004
19.1924    31.4404    10.5004
19.1132    31.479599    10.5004
19.0108    31.5276    10.5004
18.9684    31.546799    10.5004
18.882    31.585999    10.5004
18.8316    31.608398    10.5004
18.67    31.6796    10.5004
18.637999    31.693998    10.5004
18.4348    31.7796    10.5004
18.3908    31.797998    10.5004
18.3844    31.8004    10.5004
18.3492    31.814798    10.5004
18.1388    31.897999    10.5004
18.0908    31.9172    10.5004
17.878    32.0004    10.5004
17.7916    32.034    10.5004
17.6164    32.1004    10.5004
17.5668    32.1196    10.5004
17.5452    32.127598    10.5004
17.3988    32.1844    10.5004
17.1796    32.2692    10.5004
17.1684    32.274    10.5004
17.1644    32.2756    10.5004
17.1532    32.2804    10.5004
17.026    32.3316    10.5004
17.0012    32.342    10.5004
16.918    32.3764    10.5004
16.886    32.39    10.5004
16.8084    32.4236    10.5004
16.799599    32.4276    10.5004
16.771599    32.4404    10.5004
16.6868    32.4772    10.5004
16.673199    32.4836    10.5004
16.67    32.4852    10.5004
16.609999    32.5092    10.5004
16.5844    32.5188    10.5004
16.5788    32.5212    10.5004
16.479599    32.562798    10.5004
16.473999    32.5652    10.5004
16.4548    32.5732    10.5004
16.438799    32.5804    10.5004
16.3932    32.6004    10.5004
16.3724    32.6092    10.5004
16.366    32.614    10.5004
16.362799    32.616398    10.5004
16.3596    32.618    10.5004
16.334799    32.63    10.5004
16.3308    32.6348    10.5004
16.305199    32.649998    10.5004
16.301199    32.654    10.5004
16.2804    32.672398    10.5004
16.2684    32.6852    10.5004
16.258    32.6972    10.5004
16.2564    32.6988    10.5004
16.222    32.7364    10.5004
16.2116    32.7476    10.5004
16.2004    32.7604    10.5004
16.1884    32.774    10.5004
16.1724    32.7916    10.5004
16.145199    32.8204    10.5004
16.114    32.8516    10.5004
16.0852    32.8788    10.5004
16.0724    32.89    10.5004
16.035599    32.925198    10.5004
16.0172    32.9436    10.5004
16.0028    32.958797    10.5004
16.0004    32.9604    10.5004
15.980399    32.9748    10.5004
15.974    32.9804    10.5004
15.9444    32.9988    10.5004
15.9396    33.001198    10.5004
15.913199    33.012398    10.5004
15.884399    33.0228    10.5004
15.871599    33.0268    10.5004
15.8172    33.0452    10.5004
15.729199    33.0724    10.5004
15.6924    33.0836    10.5004
15.629999    33.1028    10.5004
15.6108    33.1092    10.5004
15.608399    33.11    10.5004
15.606    33.1116    10.5004
15.578799    33.1236    10.5004
15.5772    33.126    10.5004
15.5652    33.1412    10.5004
15.561999    33.144398    10.5004
15.545199    33.17    10.5004
15.544399    33.1708    10.5004
15.544399    33.1716    10.5004
15.5348    33.1916    10.5004
15.5204    33.2244    10.5004
15.4732    33.343597    10.5004
15.465199    33.3628    10.5004
15.463599    33.3668    10.5004
15.462    33.37    10.5004
15.4612    33.3724    10.5004
15.4564    33.3844    10.5004
15.429199    33.445198    10.5004
15.426    33.453197    10.5004
15.4052    33.492397    10.5004
15.400399    33.502    10.5004
15.3932    33.5108    10.5004
15.3852    33.526    10.5004
15.3804    33.534798    10.5004
15.3652    33.5524    10.5004
15.3588    33.5596    10.5004
15.3572    33.5604    10.5004
15.3356    33.573997    10.5004
15.3308    33.5764    10.5004
15.315599    33.582798    10.5004
15.282    33.5948    10.5004
15.262799    33.6012    10.5004
15.2316    33.61    10.5004
15.205199    33.616398    10.5004
15.158    33.6292    10.5004
15.1236    33.6372    10.5004
15.0636    33.6484    10.5004
15.062799    33.6484    10.5004
14.9724    33.6628    10.5004
14.9452    33.666    10.5004
14.9332    33.666    10.5004
14.918799    33.6652    10.5004
14.91    33.6636    10.5004
14.889999    33.6628    10.5004
14.8796    33.662    10.5004
14.785199    33.6476    10.5004
14.7588    33.646    10.5004
14.7444    33.6452    10.5004
14.7132    33.6508    10.5004
14.7123995    33.6508    10.5004
14.7092    33.6532    10.5004
14.6852    33.6748    10.5004
14.682799    33.6788    10.5004
14.6812    33.682    10.5004
14.662    33.714798    10.5004
14.6468    33.7492    10.5004
14.624399    33.8028    10.5004
14.6164    33.8228    10.5004
14.601999    33.8572    10.5004
14.590799    33.8836    10.5004
14.573199    33.9156    10.5004
14.5724    33.9172    10.5004
14.568399    33.922    10.5004
14.5468    33.947598    10.5004
14.538    33.9572    10.5004
14.5124    33.986    10.5004
14.4828    34.014    10.5004
14.478    34.0188    10.5004
14.458799    34.0388    10.5004
14.4428    34.0524    10.5004
14.4324    34.062798    10.5004
14.4164    34.0756    10.5004
14.405999    34.0836    10.5004
14.383599    34.0948    10.5004
14.3828    34.0948    10.5004
14.377199    34.0972    10.5004
14.354    34.105198    10.5004
14.3516    34.105198    10.5004
14.314799    34.1148    10.5004
14.2699995    34.1212    10.5004
14.2388    34.126    10.5004
14.216399    34.1292    10.5004
14.1676    34.1324    10.5004
14.154799    34.133198    10.5004
14.1404    34.1324    10.5004
14.0876    34.134    10.5004
14.0803995    34.133198    10.5004
14.0524    34.1316    10.5004
14.0292    34.1284    10.5004
13.997999    34.1212    10.5004
13.99    34.1212    10.5004
13.9852    34.124397    10.5004
13.9564    34.127598    10.5004
13.9539995    34.1316    10.5004
13.9324    34.158    10.5004
13.9268    34.161198    10.5004
13.9044    34.183598    10.5004
13.901999    34.1844    10.5004
13.8972    34.1972    10.5004
13.889199    34.217197    10.5004
13.8868    34.2388    10.5004
13.886    34.248398    10.5004
13.8812    34.2684    10.5004
13.878799    34.2852    10.5004
13.8764    34.2972    10.5004
13.873199    34.3116    10.5004
13.872399    34.324398    10.5004
13.872399    34.3284    10.5004
13.873199    34.349197    10.5004
13.8748    34.354797    10.5004
13.8748    34.3596    10.5004
13.874    34.3796    10.5004
13.874    34.3836    10.5004
13.8708    34.4052    10.5004
13.8708    34.4068    10.5004
13.8692    34.4428    10.5004
13.8675995    34.4668    10.5004
13.8675995    34.4684    10.5004
13.8748    34.4908    10.5004
13.8748    34.494    10.5004
13.8748    34.522    10.5004
13.8748    34.5228    10.5004
13.873199    34.5276    10.5004
13.8675995    34.5508    10.5004
13.8675995    34.5524    10.5004
13.866799    34.6004    10.5004
13.865999    34.61    10.5004
13.858    34.7012    10.5004
13.855599    34.7156    10.5004
13.8516    34.7364    10.5004
13.8452    34.7692    10.5004
13.838799    34.7964    10.5004
13.834    34.822    10.5004
13.8292    34.841198    10.5004
13.8244    34.854797    10.5004
13.8228    34.8644    10.5004
13.820399    34.885998    10.5004
13.820399    34.8868    10.5004
13.821199    34.8876    10.5004
13.849199    34.919598    10.5004
13.871599    34.9292    10.5004
13.873199    34.93    10.5004
13.8764    34.9324    10.5004
13.8932    34.945198    10.5004
13.900399    34.9548    10.5004
13.91    34.974    10.5004
13.912399    34.9892    10.5004
13.912399    34.992397    10.5004
13.901199    35.0132    10.5004
13.8748    35.0492    10.5004
13.814799    35.1308    10.5004
13.809199    35.1364    10.5004
13.791599    35.158    10.5004
13.7755995    35.1644    10.5004
13.768399    35.166798    10.5004
13.7411995    35.1628    10.5004
13.740399    35.1628    10.5004
13.739599    35.1628    10.5004
13.7148    35.1604    10.5004
13.714    35.1604    10.5004
13.7084    35.1644    10.5004
13.676399    35.1828    10.5004
13.6756    35.1844    10.5004
13.67    35.192398    10.5004
13.6444    35.225998    10.5004
13.6404    35.2324    10.5004
13.636399    35.238    10.5004
13.6147995    35.2668    10.5004
13.5956    35.2964    10.5004
13.594    35.298    10.5004
13.5932    35.3004    10.5004
13.5859995    35.3372    10.5004
13.589999    35.3476    10.5004
13.594    35.3652    10.5004
13.5932    35.382    10.5004
13.594    35.3876    10.5004
13.5924    35.391598    10.5004
13.582    35.4132    10.5004
13.5668    35.439598    10.5004
13.5668    35.4404    10.5004
13.5644    35.4428    10.5004
13.5428    35.4684    10.5004
13.521199    35.4804    10.5004
13.505199    35.492397    10.5004
13.4836    35.5044    10.5004
13.4796    35.506798    10.5004
13.4556    35.522    10.5004
13.4508    35.5492    10.5004
13.446799    35.5556    10.5004
13.4564    35.582    10.5004
13.4564    35.5836    10.5004
13.4564    35.5844    10.5004
13.4564    35.5876    10.5004
13.4595995    35.6116    10.5004
13.4539995    35.629997    10.5004
13.4516    35.6364    10.5004
13.426    35.6564    10.5004
13.4196    35.6604    10.5004
13.418799    35.661198    10.5004
13.406    35.6692    10.5004
13.3244    35.722    10.5004
13.2884    35.742798    10.5004
13.2508    35.7588    10.5004
13.239599    35.7612    10.5004
13.2196    35.766    10.5004
13.2084    35.767597    10.5004
13.1788    35.770798    10.5004
13.160399    35.7724    10.5004
13.134    35.7732    10.5004
13.0772    35.776398    10.5004
13.0764    35.776398    10.5004
13.0756    35.776398    10.5004
13.044399    35.776398    10.5004
13.042    35.7772    10.5004
13.0148    35.7748    10.5004
13.0116    35.7756    10.5004
12.99    35.7812    10.5004
12.9844    35.7812    10.5004
12.9604    35.7804    10.5004
12.935599    35.776398    10.5004
12.9324    35.7756    10.5004
12.91    35.770798    10.5004
12.886    35.7692    10.5004
12.8636    35.7684    10.5004
12.8619995    35.7684    10.5004
12.8164    35.7604    10.5004
12.8108    35.7628    10.5004
12.7852    35.7748    10.5004
12.7836    35.7748    10.5004
12.781199    35.7748    10.5004
12.7699995    35.7884    10.5004
12.757999    35.8028    10.5004
12.757999    35.804398    10.5004
12.752399    35.832397    10.5004
12.752399    35.8332    10.5004
12.7532    35.8372    10.5004
12.754    35.862    10.5004
12.754    35.9092    10.5004
12.75    35.926    10.5004
12.746799    35.947598    10.5004
12.7364    35.981197    10.5004
12.7355995    35.9828    10.5004
12.734799    35.9852    10.5004
12.733999    35.984398    10.5004
12.7067995    35.9932    10.5004
12.694799    35.986797    10.5004
12.6779995    35.984398    10.5004
12.658    35.9692    10.5004
12.6468    35.958797    10.5004
12.631599    35.9404    10.5004
12.625199    35.930798    10.5004
12.607599    35.9036    10.5004
12.5708    35.843597    10.5004
12.539599    35.794    10.5004
12.538799    35.7924    10.5004
12.538    35.7924    10.5004
12.5372    35.7916    10.5004
12.515599    35.776398    10.5004
12.5004    35.778    10.5004
12.486799    35.7748    10.5004
12.4724    35.781998    10.5004
12.4572    35.794    10.5004
12.4372    35.798    10.5004
12.4251995    35.798    10.5004
12.407599    35.781998    10.5004
12.3988    35.7812    10.5004
12.395599    35.7684    10.5004
12.3932    35.7628    10.5004
12.3916    35.7524    10.5004
12.3812    35.7244    10.5004
12.3796    35.7052    10.5004
12.3748    35.6972    10.5004
12.3716    35.694798    10.5004
12.3675995    35.6644    10.5004
12.3652    35.6628    10.5004
12.358    35.6508    10.5004
12.3484    35.638    10.5004
12.3484    35.6364    10.5004
12.3188    35.618    10.5004
12.315599    35.614    10.5004
12.291599    35.606    10.5004
12.280399    35.598    10.5004
12.2596    35.59    10.5004
12.2452    35.5812    10.5004
12.2324    35.5756    10.5004
12.1916    35.554    10.5004
12.1092    35.506798    10.5004
12.108399    35.506    10.5004
12.107599    35.5052    10.5004
12.0412    35.458797    10.5004
12.021199    35.4444    10.5004
11.957999    35.397198    10.5004
11.9564    35.3956    10.5004
11.9548    35.3932    10.5004
11.9436    35.3836    10.5004
11.9307995    35.3708    10.5004
11.9164    35.3516    10.5004
11.9052    35.334    10.5004
11.901199    35.3284    10.5004
11.87    35.2676    10.5004
11.8348    35.1916    10.5004
11.8348    35.1908    10.5004
11.8348    35.19    10.5004
11.8228    35.1628    10.5004
11.8228    35.1492    10.5004
11.8236    35.138798    10.5004
11.8244    35.1364    10.5004
11.8331995    35.1172    10.5004
11.8356    35.1116    10.5004
11.834    35.105198    10.5004
11.842    35.082    10.5004
11.8428    35.0804    10.5004
11.8396    35.0548    10.5004
11.8308    35.029198    10.5004
11.831599    35.0244    10.5004
11.8348    35.0004    10.5004
11.8356    34.9964    10.5004
11.8404    34.9804    10.5004
11.8468    34.9596    10.5004
11.8484    34.9572    10.5004
11.8596    34.941998    10.5004
11.8708    34.9324    10.5004
11.8907995    34.9204    10.5004
11.8932    34.9164    10.5004
11.907599    34.89    10.5004
11.907599    34.8852    10.5004
11.906    34.857998    10.5004
11.8963995    34.8036    10.5004
11.8963995    34.8028    10.5004
11.8963995    34.8012    10.5004
11.894799    34.7548    10.5004
11.894    34.7468    10.5004
11.8924    34.7356    10.5004
11.8884    34.711597    10.5004
11.8764    34.6812    10.5004
11.8756    34.6804    10.5004
11.842    34.6628    10.5004
11.825999    34.6596    10.5004
11.809999    34.6564    10.5004
11.803599    34.6548    10.5004
11.7892    34.6524    10.5004
11.7828    34.6508    10.5004
11.7612    34.6436    10.5004
11.7604    34.6436    10.5004
11.7484    34.6124    10.5004
11.746799    34.6084    10.5004
11.746799    34.607597    10.5004
11.7444    34.5524    10.5004
11.7476    34.4836    10.5004
11.7476    34.4796    10.5004
11.7476    34.473198    10.5004
11.75    34.447598    10.5004
11.7548    34.4188    10.5004
11.7604    34.402798    10.5004
11.7652    34.391598    10.5004
11.781199    34.374798    10.5004
11.7956    34.3572    10.5004
11.7987995    34.3532    10.5004
11.8012    34.3516    10.5004
11.8468    34.3092    10.5004
11.8468    34.3084    10.5004
11.8619995    34.2996    10.5004
11.872399    34.2884    10.5004
11.878799    34.286    10.5004
11.898    34.2812    10.5004
11.9036    34.2804    10.5004
11.9284    34.2756    10.5004
11.9324    34.270798    10.5004
11.958799    34.245197    10.5004
11.958799    34.2444    10.5004
11.9732    34.218    10.5004
11.9804    34.1988    10.5004
11.99    34.1772    10.5004
11.9972    34.1604    10.5004
12.0004    34.1548    10.5004
12.0188    34.118    10.5004
12.039599    34.0748    10.5004
12.050799    34.0564    10.5004
12.084399    34.003597    10.5004
12.1068    33.969997    10.5004
12.1324    33.930798    10.5004
12.138    33.9236    10.5004
12.1876    33.8652    10.5004
12.194799    33.8572    10.5004
12.2067995    33.8444    10.5004
12.2196    33.8308    10.5004
12.238    33.7996    10.5004
12.240399    33.794    10.5004
12.2388    33.79    10.5004
12.2324    33.7628    10.5004
12.2324    33.762    10.5004
12.210799    33.7348    10.5004
12.1964    33.7156    10.5004
12.1932    33.7108    10.5004
12.193999    33.7076    10.5004
12.189199    33.6884    10.5004
12.205999    33.6708    10.5004
12.2132    33.6644    10.5004
12.2452    33.6428    10.5004
12.2644    33.6308    10.5004
12.2908    33.616398    10.5004
12.3012    33.613197    10.5004
12.3132    33.613197    10.5004
12.3331995    33.626    10.5004
12.3396    33.6284    10.5004
12.346    33.634    10.5004
12.3708    33.654    10.5004
12.3804    33.6596    10.5004
12.3907995    33.6652    10.5004
12.3924    33.666    10.5004
12.4092    33.6628    10.5004
12.4268    33.6596    10.5004
12.4284    33.6588    10.5004
12.453199    33.644398    10.5004
12.466    33.638798    10.5004
12.493199    33.6228    10.5004
12.561999    33.588398    10.5004
12.578    33.5804    10.5004
12.601999    33.57    10.5004
12.654799    33.5508    10.5004
12.677199    33.5436    10.5004
12.71    33.5356    10.5004
12.7652    33.5204    10.5004
12.7956    33.5148    10.5004
12.855599    33.506798    10.5004
12.882    33.5052    10.5004
12.926    33.501198    10.5004
12.9492    33.501198    10.5004
12.975599    33.501198    10.5004
13.028399    33.5044    10.5004
13.038    33.506    10.5004
13.049999    33.5052    10.5004
13.0724    33.497997    10.5004
13.073999    33.4964    10.5004
13.102799    33.458797    10.5004
13.102799    33.458    10.5004
13.102799    33.4548    10.5004
13.1004    33.4244    10.5004
13.098    33.4212    10.5004
13.078799    33.3964    10.5004
13.0772    33.3956    10.5004
13.073199    33.3908    10.5004
13.054    33.374798    10.5004
13.050799    33.369198    10.5004
13.042    33.3476    10.5004
13.039599    33.3444    10.5004
13.026    33.3228    10.5004
13.0236    33.318    10.5004
13.0124    33.2884    10.5004
13.0084    33.2748    10.5004
13.0036    33.2572    10.5004
12.999599    33.250797    10.5004
12.976399    33.218    10.5004
12.9404    33.162    10.5004
12.935599    33.1548    10.5004
12.9156    33.126    10.5004
12.9108    33.118797    10.5004
12.9084    33.1148    10.5004
12.8812    33.077198    10.5004
12.8484    33.0388    10.5004
12.8468    33.0364    10.5004
12.843599    33.0324    10.5004
12.826799    33.0148    10.5004
12.8236    33.0108    10.5004
12.8108    32.997997    10.5004
12.7796    32.9652    10.5004
12.766    32.9524    10.5004
12.75    32.938    10.5004
12.7316    32.9204    10.5004
12.7164    32.9068    10.5004
12.700399    32.8932    10.5004
12.681999    32.878    10.5004
12.6612    32.8572    10.5004
12.6052    32.8076    10.5004
12.6004    32.8036    10.5004
12.5812    32.7892    10.5004
12.568399    32.776398    10.5004
12.5468    32.7588    10.5004
12.538799    32.753998    10.5004
12.53    32.75    10.5004
12.5148    32.7412    10.5004
12.4939995    32.7364    10.5004
12.4828    32.7356    10.5004
12.466    32.7364    10.5004
12.434    32.7348    10.5004
12.401199    32.7364    10.5004
12.3804    32.739597    10.5004
12.3404    32.739597    10.5004
12.281199    32.7404    10.5004
12.2364    32.7364    10.5004
12.2196    32.7332    10.5004
12.183599    32.7268    10.5004
12.1491995    32.7196    10.5004
12.1228    32.7124    10.5004
12.0756    32.6988    10.5004
12.0468    32.6876    10.5004
12.0004    32.6692    10.5004
11.9732    32.655598    10.5004
11.9428    32.638798    10.5004
11.9172    32.6228    10.5004
11.8644    32.588398    10.5004
11.8076    32.554    10.5004
11.780399    32.5356    10.5004
11.7556    32.512398    10.5004
11.75    32.506    10.5004
11.746799    32.5036    10.5004
11.702    32.4604    10.5004
11.6964    32.4556    10.5004
11.6723995    32.43    10.5004
11.653999    32.4172    10.5004
11.6444    32.4092    10.5004
11.625999    32.4004    10.5004
11.6164    32.3964    10.5004
11.6044    32.398    10.5004
11.5876    32.397198    10.5004
11.5612    32.4076    10.5004
11.556399    32.4092    10.5004
11.554    32.4116    10.5004
11.5227995    32.439598    10.5004
11.4276    32.5188    10.5004
11.426    32.5204    10.5004
11.4251995    32.5212    10.5004
11.423599    32.5228    10.5004
11.3932    32.5476    10.5004
11.377999    32.5596    10.5004
11.3636    32.568398    10.5004
11.3316    32.582798    10.5004
11.3308    32.5836    10.5004
11.3004    32.5892    10.5004
11.2772    32.5932    10.5004
11.240399    32.5948    10.5004
11.2268    32.593998    10.5004
11.199599    32.5948    10.5004
11.1868    32.593998    10.5004
11.1228    32.5892    10.5004
11.108399    32.5876    10.5004
11.0772    32.579597    10.5004
11.062799    32.5756    10.5004
11.050799    32.571598    10.5004
11.03    32.5612    10.5004
11.0132    32.5492    10.5004
11.0036    32.5436    10.5004
10.9908    32.5316    10.5004
10.9788    32.523598    10.5004
10.9612    32.506798    10.5004
10.9348    32.4748    10.5004
10.9324    32.4716    10.5004
10.929999    32.467598    10.5004
10.8948    32.413998    10.5004
10.886    32.4012    10.5004
10.8564    32.35    10.5004
10.8516    32.3404    10.5004
10.8236    32.2828    10.5004
10.8228    32.2812    10.5004
10.818    32.27    10.5004
10.8068    32.239597    10.5004
10.803599    32.2244    10.5004
10.7964    32.1916    10.5004
10.7932    32.1524    10.5004
10.792399    32.1428    10.5004
10.791599    32.110798    10.5004
10.791599    32.101997    10.5004
10.791599    32.0988    10.5004
10.791599    32.098    10.5004
10.7956    32.022    10.5004
10.7964    32.0108    10.5004
10.797999    31.998    10.5004
10.7996    31.9812    10.5004
10.8028    31.961199    10.5004
10.806    31.9172    10.5004
10.8108    31.879599    10.5004
10.8108    31.8788    10.5004
10.8108    31.8772    10.5004
10.814    31.8484    10.5004
10.814799    31.838799    10.5004
10.814799    31.8156    10.5004
10.8132    31.786798    10.5004
10.8132    31.7804    10.5004
10.8124    31.754    10.5004
10.8124    31.7524    10.5004
10.809999    31.743599    10.5004
10.797999    31.7132    10.5004
10.786799    31.6852    10.5004
10.7676    31.649199    10.5004
10.729199    31.576399    10.5004
10.723599    31.5668    10.5004
10.7188    31.55    10.5004
10.7132    31.5324    10.5004
10.7067995    31.494799    10.5004
10.7067995    31.493198    10.5004
10.705999    31.490799    10.5004
10.699599    31.3828    10.5004
10.6964    31.337198    10.5004
10.694799    31.286798    10.5004
10.6932    31.2484    10.5004
10.6924    31.150799    10.5004
10.6924    31.1092    10.5004
10.6932    31.0812    10.5004
10.700399    30.9492    10.5004
10.702    30.9292    10.5004
10.711599    30.7564    10.5004
10.7123995    30.7428    10.5004
10.7355995    30.524399    10.5004
10.738    30.5036    10.5004
10.7388    30.496399    10.5004
10.7411995    30.4788    10.5004
10.7588    30.344398    10.5004
10.7612    30.3268    10.5004
10.7708    30.2724    10.5004
10.7796    30.2284    10.5004
10.8004    30.1276    10.5004
10.802    30.1188    10.5004
10.8028    30.117199    10.5004
10.8028    30.1164    10.5004
10.8043995    30.111599    10.5004
10.818    30.065199    10.5004
10.826799    30.037199    10.5004
10.8364    30.0092    10.5004
10.854    29.9644    10.5004
10.8716    29.9236    10.5004
10.886    29.894    10.5004
10.889199    29.886799    10.5004
10.8948    29.8772    10.5004
10.9251995    29.820398    10.5004
10.9276    29.816399    10.5004
10.95    29.777199    10.5004
10.9556    29.7676    10.5004
10.9772    29.732399    10.5004
10.993199    29.706799    10.5004
11.03    29.654799    10.5004
11.0524    29.6244    10.5004
11.0756    29.5964    10.5004
11.107599    29.5572    10.5004
11.1228    29.5388    10.5004
11.137199    29.522799    10.5004
11.1723995    29.481998    10.5004
11.1868    29.4684    10.5004
11.2132    29.441198    10.5004
11.2188    29.4364    10.5004
11.2372    29.418    10.5004
11.2596    29.397999    10.5004
11.2764    29.383598    10.5004
11.2996    29.3676    10.5004
11.315599    29.3548    10.5004
11.3164    29.3548    10.5004
11.326799    29.3484    10.5004
11.3372    29.342    10.5004
11.3868    29.314    10.5004
11.4044    29.305199    10.5004
11.4116    29.301199    10.5004
11.418799    29.2972    10.5004
11.481999    29.265999    10.5004
11.515599    29.2468    10.5004
11.5252    29.2412    10.5004
11.5372    29.232399    10.5004
11.57    29.21    10.5004
11.602799    29.1852    10.5004
11.6516    29.1484    10.5004
11.702    29.1092    10.5004
11.740399    29.080399    10.5004
11.780399    29.052399    10.5004
11.8012    29.0364    10.5004
11.832399    29.0156    10.5004
11.849199    29.005999    10.5004
11.866    28.9956    10.5004
11.8852    28.986    10.5004
11.901199    28.9772    10.5004
11.9268    28.965199    10.5004
11.946    28.9564    10.5004
12.004399    28.937199    10.5004
12.0092    28.9364    10.5004
12.054    28.9268    10.5004
12.082    28.9212    10.5004
12.0924    28.918798    10.5004
12.1388    28.9124    10.5004
12.186    28.9052    10.5004
12.1988    28.9028    10.5004
12.214    28.901999    10.5004
12.2364    28.9012    10.5004
12.2588    28.903599    10.5004
12.266    28.907598    10.5004
12.282    28.9172    10.5004
12.297199    28.933199    10.5004
12.3068    28.9476    10.5004
12.3188    28.965199    10.5004
12.3396    29.001999    10.5004
12.3396    29.0036    10.5004
12.3404    29.0052    10.5004
12.372399    29.080399    10.5004
12.395599    29.1372    10.5004
12.4004    29.146    10.5004
12.424399    29.180399    10.5004
12.4276    29.184399    10.5004
12.4284    29.1852    10.5004
12.4612    29.2052    10.5004
12.465199    29.206799    10.5004
12.4732    29.2076    10.5004
12.481999    29.2092    10.5004
12.545199    29.219599    10.5004
12.5876    29.23    10.5004
12.6292    29.241999    10.5004
12.6468    29.2484    10.5004
12.6916    29.2676    10.5004
12.7076    29.277199    10.5004
12.7604    29.306799    10.5004
12.768399    29.3116    10.5004
12.7732    29.314798    10.5004
12.7964    29.3396    10.5004
12.802    29.3492    10.5004
12.809199    29.3692    10.5004
12.8124    29.3828    10.5004
12.8132    29.3884    10.5004
12.8124    29.3972    10.5004
12.8132    29.4084    10.5004
12.8116    29.4324    10.5004
12.8108    29.441198    10.5004
12.808399    29.462    10.5004
12.8068    29.4732    10.5004
12.8043995    29.4788    10.5004
12.7964    29.513199    10.5004
12.79    29.529999    10.5004
12.7844    29.542    10.5004
12.7724    29.570799    10.5004
12.75    29.6204    10.5004
12.7436    29.6356    10.5004
12.705199    29.7284    10.5004
12.7044    29.73    10.5004
12.698    29.7508    10.5004
12.6964    29.758799    10.5004
12.6924    29.7948    10.5004
12.6924    29.803598    10.5004
12.699599    29.8324    10.5004
12.700399    29.833199    10.5004
12.7252    29.857199    10.5004
12.7428    29.869999    10.5004
12.7652    29.886    10.5004
12.820399    29.9228    10.5004
12.8396    29.9396    10.5004
12.846    29.9452    10.5004
12.8572    29.9588    10.5004
12.8812    30.0012    10.5004
12.8828    30.0036    10.5004
12.9436    30.125198    10.5004
12.952399    30.141998    10.5004
12.9604    30.154799    10.5004
12.9804    30.193998    10.5004
12.99    30.205198    10.5004
13.005199    30.217999    10.5004
13.0068    30.2204    10.5004
13.0171995    30.225199    10.5004
13.0412    30.232399    10.5004
13.0468    30.232399    10.5004
13.073199    30.2356    10.5004
13.078799    30.2332    10.5004
13.096399    30.2332    10.5004
13.1164    30.2276    10.5004
13.1284    30.226    10.5004
13.137199    30.2204    10.5004
13.142799    30.219599    10.5004
13.15    30.217999    10.5004
13.1972    30.202    10.5004
13.2316    30.189999    10.5004
13.2364    30.1876    10.5004
13.266    30.1796    10.5004
13.3108    30.1668    10.5004
13.383599    30.149199    10.5004
13.384399    30.1484    10.5004
13.389999    30.1476    10.5004
13.474    30.136398    10.5004
13.4796    30.1356    10.5004
13.4964    30.1348    10.5004
13.5292    30.132399    10.5004
13.538    30.132399    10.5004
13.5803995    30.1316    10.5004
13.613199    30.132399    10.5004
13.6491995    30.1332    10.5004
13.6524    30.1332    10.5004
13.7204    30.1404    10.5004
13.734799    30.141998    10.5004
13.7388    30.143599    10.5004
13.768399    30.160398    10.5004
13.7755995    30.1644    10.5004
13.780399    30.167599    10.5004
13.791599    30.174799    10.5004
13.895599    30.241999    10.5004
13.9316    30.253199    10.5004
13.935599    30.254799    10.5004
13.938    30.254799    10.5004
13.9908    30.258    10.5004
14.0196    30.2596    10.5004
14.0308    30.260399    10.5004
14.078    30.262    10.5004
14.094    30.262798    10.5004
14.1228    30.268398    10.5004
14.1284    30.269999    10.5004
14.1491995    30.2796    10.5004
14.2123995    30.314    10.5004
14.214    30.314798    10.5004
14.2148    30.3156    10.5004
14.2708    30.3492    10.5004
14.2828    30.358    10.5004
14.337199    30.3988    10.5004
14.354    30.410799    10.5004
14.3924    30.442799    10.5004
14.4276    30.4732    10.5004
14.441999    30.485199    10.5004
14.4564    30.498    10.5004
14.481199    30.518799    10.5004
14.4883995    30.526    10.5004
14.521199    30.561998    10.5004
14.558    30.602    10.5004
14.5716    30.6148    10.5004
14.5748    30.617199    10.5004
14.578    30.617199    10.5004
14.602799    30.6244    10.5004
14.6116    30.622    10.5004
14.634    30.6236    10.5004
14.660399    30.6164    10.5004
14.6612    30.6164    10.5004
14.687599    30.6052    10.5004
14.7028    30.600399    10.5004
14.7092    30.597198    10.5004
14.7276    30.59    10.5004
14.757199    30.578    10.5004
14.781199    30.570799    10.5004
14.8004    30.563599    10.5004
14.8244    30.5572    10.5004
14.832399    30.5556    10.5004
14.837199    30.5548    10.5004
14.8652    30.5492    10.5004
14.872399    30.548399    10.5004
14.901999    30.546    10.5004
14.929199    30.5492    10.5004
14.9436    30.550798    10.5004
14.9539995    30.552399    10.5004
14.9844    30.5588    10.5004
14.9972    30.563599    10.5004
15.0348    30.5796    10.5004
15.108399    30.6108    10.5004
15.1164    30.6132    10.5004
15.1388    30.617199    10.5004
15.1435995    30.615599    10.5004
15.1636    30.611599    10.5004
15.1668    30.6092    10.5004
15.188399    30.6012    10.5004
15.217999    30.585999    10.5004
15.221999    30.5836    10.5004
15.3276    30.5268    10.5004
15.3412    30.5196    10.5004
15.3868    30.4972    10.5004
15.417199    30.4844    10.5004
15.4604    30.466799    10.5004
15.4916    30.4564    10.5004
15.532399    30.4452    10.5004
15.5596    30.4396    10.5004
15.613199    30.4284    10.5004
15.6452    30.4268    10.5004
15.658    30.4252    10.5004
15.7212    30.421999    10.5004
15.883599    30.41    10.5004
15.8972    30.41    10.5004
15.913199    30.4084    10.5004
15.9788    30.406    10.5004
16.007599    30.4068    10.5004
16.0308    30.406    10.5004
16.070799    30.410799    10.5004
16.0804    30.4116    10.5004
16.100399    30.414    10.5004
16.2156    30.427599    10.5004
16.2244    30.4284    10.5004
16.2412    30.4308    10.5004
16.3156    30.442    10.5004
16.3804    30.4532    10.5004
16.4012    30.458    10.5004
16.41    30.461199    10.5004
16.4188    30.4628    10.5004
16.431599    30.4716    10.5004
16.43    30.483599    10.5004
16.433199    30.4972    10.5004
16.4324    30.5036    10.5004
16.4324    30.5068    10.5004
16.4132    30.567598    10.5004
16.3852    30.6644    10.5004
16.3828    30.678799    10.5004
16.3804    30.706    10.5004
16.3836    30.7276    10.5004
16.3852    30.732399    10.5004
16.3972    30.7452    10.5004
16.416399    30.754799    10.5004
16.425999    30.757198    10.5004
16.4484    30.7596    10.5004
16.4564    30.7596    10.5004
16.5084    30.7596    10.5004
16.552399    30.758799    10.5004
16.570799    30.757198    10.5004
16.6052    30.7556    10.5004
16.638    30.753199    10.5004
16.656399    30.7524    10.5004
16.7116    30.745998    10.5004
16.75    30.7412    10.5004
16.7788    30.743599    10.5004
16.7876    30.7428    10.5004
16.822    30.7484    10.5004
16.83    30.749199    10.5004
16.8324    30.749199    10.5004
16.8444    30.7524    10.5004
16.9084    30.768398    10.5004
16.9644    30.782799    10.5004
16.9764    30.7876    10.5004
16.9868    30.7908    10.5004
17.042    30.806799    10.5004
17.053999    30.810799    10.5004
17.059599    30.809198    10.5004
17.1068    30.809198    10.5004
17.13    30.803598    10.5004
17.17    30.797998    10.5004
17.191599    30.7916    10.5004
17.2452    30.782799    10.5004
17.2804    30.7764    10.5004
17.282799    30.7764    10.5004
17.288399    30.775599    10.5004
17.298    30.774    10.5004
17.3956    30.7556    10.5004
17.4132    30.751598    10.5004
17.473999    30.736399    10.5004
17.4788    30.7356    10.5004
17.498    30.729198    10.5004
17.5868    30.699598    10.5004
17.6012    30.6948    10.5004
17.614    30.688398    10.5004
17.6932    30.65    10.5004
17.7348    30.63    10.5004
17.778    30.6092    10.5004
17.7964    30.5996    10.5004
17.845999    30.570799    10.5004
17.894    30.542    10.5004
17.937199    30.5148    10.5004
17.9748    30.487598    10.5004
18.024399    30.4516    10.5004
18.053999    30.4292    10.5004
18.121199    30.3748    10.5004
18.174    30.3308    10.5004
18.2092    30.3004    10.5004
