17.4652    14.7884    9.9004
17.4636    14.7892    9.9004
17.4156    14.837199    9.9004
17.406    14.846    9.9004
17.3668    14.878799    9.9004
17.3388    14.901999    9.9004
17.302    14.9324    9.9004
17.27    14.9556    9.9004
17.243599    14.975599    9.9004
17.2004    15.003599    9.9004
17.184399    15.0148    9.9004
17.174799    15.0204    9.9004
17.122    15.0532    9.9004
17.098799    15.066    9.9004
17.0564    15.0892    9.9004
17.0204    15.107599    9.9004
16.998    15.118799    9.9004
16.9916    15.122    9.9004
16.946    15.1412    9.9004
16.931599    15.1468    9.9004
16.8772    15.1676    9.9004
16.862799    15.1732    9.9004
16.834    15.182799    9.9004
16.7916    15.1964    9.9004
16.726799    15.2148    9.9004
16.7172    15.217999    9.9004
16.7116    15.2188    9.9004
16.6812    15.2268    9.9004
16.654    15.2332    9.9004
16.645199    15.2355995    9.9004
16.586    15.246799    9.9004
16.5388    15.2548    9.9004
16.5308    15.256399    9.9004
16.466799    15.2644    9.9004
16.466    15.2644    9.9004
16.4028    15.2699995    9.9004
16.3732    15.2716    9.9004
16.3444    15.2724    9.9004
16.2988    15.273999    9.9004
16.288399    15.274799    9.9004
16.241999    15.2732    9.9004
16.2316    15.2732    9.9004
16.1868    15.2716    9.9004
16.1828    15.2708    9.9004
16.1316    15.2644    9.9004
16.0828    15.257199    9.9004
16.07    15.2556    9.9004
16.053999    15.252399    9.9004
15.9972    15.2428    9.9004
15.9332    15.227599    9.9004
15.926    15.226    9.9004
15.9204    15.2244    9.9004
15.878799    15.2132    9.9004
15.855599    15.2067995    9.9004
15.8164    15.193999    9.9004
15.752399    15.1723995    9.9004
15.69    15.148399    9.9004
15.6812    15.1452    9.9004
15.670799    15.1404    9.9004
15.629999    15.122    9.9004
15.585199    15.101199    9.9004
15.562799    15.090799    9.9004
15.5236    15.0692    9.9004
15.4964    15.054    9.9004
15.447599    15.0252    9.9004
15.423599    15.010799    9.9004
15.382    14.9852    9.9004
15.348399    14.963599    9.9004
15.3004    14.929999    9.9004
15.2755995    14.9108    9.9004
15.238    14.882    9.9004
15.1964    14.849199    9.9004
15.1723995    14.83    9.9004
15.124399    14.7884    9.9004
15.1156    14.781199    9.9004
15.1124    14.778    9.9004
15.0492    14.716399    9.9004
15.046    14.714    9.9004
15.0068    14.670799    9.9004
14.987599    14.6491995    9.9004
14.964399    14.6228    9.9004
14.9396    14.5924    9.9004
14.913199    14.556399    9.9004
14.9028    14.542    9.9004
14.8963995    14.533999    9.9004
14.8812    14.5116    9.9004
14.8675995    14.4916    9.9004
14.8572    14.4748    9.9004
14.838799    14.4444    9.9004
14.802    14.3796    9.9004
14.7996    14.3748    9.9004
14.797999    14.371599    9.9004
14.79    14.354    9.9004
14.774799    14.3188    9.9004
14.7644    14.2932    9.9004
14.7532    14.2644    9.9004
14.75    14.2556    9.9004
14.738    14.2204    9.9004
14.7244    14.182799    9.9004
14.722799    14.1748    9.9004
14.7084    14.107599    9.9004
14.7036    14.084399    9.9004
14.7028    14.0812    9.9004
14.694799    14.021999    9.9004
14.694799    14.0188    9.9004
14.689199    13.952399    9.9004
14.689199    13.946    9.9004
14.689199    13.934799    9.9004
14.6908    13.884399    9.9004
14.6924    13.8196    9.9004
14.6924    13.815599    9.9004
14.6924    13.8132    9.9004
14.694799    13.8012    9.9004
14.7012    13.7476    9.9004
14.702    13.739599    9.9004
14.7076    13.694799    9.9004
14.71    13.6796    9.9004
14.7196    13.6284    9.9004
14.723599    13.6108    9.9004
14.738    13.549999    9.9004
14.7388    13.5468    9.9004
14.7388    13.545199    9.9004
14.7548    13.487599    9.9004
14.7699995    13.435599    9.9004
14.7788    13.406799    9.9004
14.7884    13.3764    9.9004
14.806    13.325999    9.9004
14.8164    13.3012    9.9004
14.83    13.2676    9.9004
14.8412    13.2411995    9.9004
14.8564    13.2084    9.9004
14.865999    13.1868    9.9004
14.883599    13.154799    9.9004
14.9028    13.120399    9.9004
14.924399    13.0828    9.9004
14.941999    13.056399    9.9004
14.9612    13.026799    9.9004
14.9724    13.009999    9.9004
14.9788    13.002    9.9004
14.986    12.9939995    9.9004
15.0028    12.976399    9.9004
15.0227995    12.966    9.9004
15.033199    12.957999    9.9004
15.0468    12.9556    9.9004
15.0588    12.9508    9.9004
15.066799    12.95    9.9004
15.0868    12.9484    9.9004
15.0948    12.9492    9.9004
15.108399    12.9508    9.9004
15.125199    12.9539995    9.9004
15.138    12.9548    9.9004
15.1468    12.9539995    9.9004
15.159599    12.9539995    9.9004
15.170799    12.9556    9.9004
15.188399    12.9436    9.9004
15.199599    12.9396    9.9004
15.2084    12.929199    9.9004
15.2196    12.914    9.9004
15.2252    12.9036    9.9004
15.227599    12.889199    9.9004
15.2308    12.873199    9.9004
15.23    12.8396    9.9004
15.229199    12.8196    9.9004
15.23    12.7996    9.9004
15.2324    12.778    9.9004
15.2355995    12.7699995    9.9004
15.2388    12.752399    9.9004
15.245999    12.740399    9.9004
15.251599    12.7268    9.9004
15.2668    12.705999    9.9004
15.280399    12.688399    9.9004
15.286799    12.6804    9.9004
15.297199    12.6692    9.9004
15.343599    12.6228    9.9004
15.3524    12.6147995    9.9004
15.382799    12.5868    9.9004
15.413199    12.5604    9.9004
15.4268    12.5492    9.9004
15.4548    12.527599    9.9004
15.476399    12.5116    9.9004
15.5004    12.4964    9.9004
15.5188    12.4844    9.9004
15.5588    12.4604    9.9004
15.582    12.447599    9.9004
15.607599    12.4348    9.9004
15.631599    12.423599    9.9004
15.681999    12.401199    9.9004
15.6852    12.3996    9.9004
15.6924    12.3972    9.9004
15.7332    12.383599    9.9004
15.7772    12.3684    9.9004
15.779599    12.3675995    9.9004
15.782    12.366799    9.9004
15.843599    12.3508    9.9004
15.895599    12.338799    9.9004
15.9204    12.3331995    9.9004
15.9492    12.3292    9.9004
15.978    12.3244    9.9004
16.0292    12.3164    9.9004
16.074    12.3108    9.9004
16.0844    12.309199    9.9004
16.1428    12.3052    9.9004
16.1476    12.3043995    9.9004
16.1628    12.3043995    9.9004
16.21    12.302799    9.9004
16.2348    12.303599    9.9004
16.2708    12.3052    9.9004
16.306799    12.3084    9.9004
16.322    12.309199    9.9004
16.3748    12.318    9.9004
16.3804    12.3188    9.9004
16.386799    12.3196    9.9004
16.4156    12.3252    9.9004
16.4292    12.3284    9.9004
16.431599    12.3292    9.9004
16.4348    12.33    9.9004
16.4652    12.3412    9.9004
16.4956    12.3572    9.9004
16.500399    12.360399    9.9004
16.513199    12.372399    9.9004
16.537199    12.394799    9.9004
16.548399    12.4036    9.9004
16.566    12.4204    9.9004
16.5756    12.422    9.9004
16.5924    12.429999    9.9004
16.614    12.4276    9.9004
16.6252    12.4196    9.9004
16.6444    12.3924    9.9004
16.6468    12.389199    9.9004
16.656399    12.3675995    9.9004
16.667599    12.3524    9.9004
16.6796    12.3412    9.9004
16.684399    12.3372    9.9004
16.6932    12.331599    9.9004
16.7108    12.320399    9.9004
16.721199    12.314799    9.9004
16.741999    12.3052    9.9004
16.749199    12.3012    9.9004
16.7588    12.2996    9.9004
16.7868    12.297199    9.9004
16.805199    12.297999    9.9004
16.8172    12.3004    9.9004
16.8388    12.3068    9.9004
16.858799    12.3132    9.9004
16.862799    12.314799    9.9004
16.903599    12.332399    9.9004
16.910799    12.3356    9.9004
16.9404    12.349199    9.9004
16.966    12.3619995    9.9004
16.9972    12.3796    9.9004
17.0252    12.395599    9.9004
17.038    12.4036    9.9004
17.1012    12.4444    9.9004
17.1068    12.4484    9.9004
17.1092    12.45    9.9004
17.157999    12.4844    9.9004
17.1796    12.5004    9.9004
17.21    12.5236    9.9004
17.2356    12.544399    9.9004
17.2764    12.579599    9.9004
17.2908    12.5924    9.9004
17.3148    12.6147995    9.9004
17.3468    12.6444    9.9004
17.3852    12.6804    9.9004
17.3892    12.6844    9.9004
17.392399    12.688399    9.9004
17.433199    12.7332    9.9004
17.4532    12.7556    9.9004
17.4932    12.802799    9.9004
17.5092    12.822    9.9004
17.5444    12.865999    9.9004
17.5516    12.8764    9.9004
17.5684    12.8988    9.9004
17.5956    12.9372    9.9004
17.628399    12.9852    9.9004
17.6388    13.0012    9.9004
17.669199    13.0532    9.9004
17.6924    13.091599    9.9004
17.7404    13.1779995    9.9004
17.7404    13.1788    9.9004
17.7804    13.262    9.9004
17.7812    13.2652    9.9004
17.784399    13.2724    9.9004
17.8076    13.3284    9.9004
17.8156    13.3508    9.9004
17.8308    13.3924    9.9004
17.838    13.412399    9.9004
17.8508    13.4539995    9.9004
17.8556    13.469999    9.9004
17.868399    13.515599    9.9004
17.8724    13.5364    9.9004
17.881199    13.579599    9.9004
17.8876    13.618799    9.9004
17.8932    13.653199    9.9004
17.8956    13.681999    9.9004
17.8996    13.716399    9.9004
17.903599    13.769199    9.9004
17.9044    13.7828    9.9004
17.9044    13.8004    9.9004
17.9028    13.844399    9.9004
17.902    13.874    9.9004
17.897999    13.929199    9.9004
17.8964    13.9516    9.9004
17.8884    14.002    9.9004
17.886    14.018    9.9004
17.8852    14.021999    9.9004
17.8828    14.0364    9.9004
17.8732    14.085199    9.9004
17.8692    14.1012    9.9004
17.8564    14.146    9.9004
17.85    14.170799    9.9004
17.8452    14.19    9.9004
17.838    14.21    9.9004
17.826    14.2436    9.9004
17.8132    14.2772    9.9004
17.805199    14.2956    9.9004
17.7852    14.344399    9.9004
17.7804    14.354799    9.9004
17.7756    14.3652    9.9004
17.753199    14.41    9.9004
17.7468    14.4212    9.9004
17.7116    14.4828    9.9004
17.708399    14.4883995    9.9004
17.708399    14.4892    9.9004
17.7076    14.49    9.9004
17.6932    14.510799    9.9004
17.6548    14.566799    9.9004
17.6532    14.57    9.9004
17.6188    14.6164    9.9004
17.5796    14.6636    9.9004
17.5668    14.6788    9.9004
17.513199    14.739599    9.9004
17.5124    14.7411995    9.9004
17.4652    14.7884    9.9004
