17.1476    10.6156    0.6004
17.1572    10.637199    0.6004
17.1756    10.682799    0.6004
17.1796    10.6964    0.6004
17.1948    10.7492    0.6004
17.2052    10.7884    0.6004
17.2068    10.7948    0.6004
17.208399    10.8043995    0.6004
17.221199    10.8652    0.6004
17.2228    10.877999    0.6004
17.230799    10.9428    0.6004
17.2316    10.9516    0.6004
17.2348    11.009999    0.6004
17.2348    11.0268    0.6004
17.2348    11.0748    0.6004
17.2332    11.108399    0.6004
17.2316    11.1348    0.6004
17.2276    11.1756    0.6004
17.226799    11.186    0.6004
17.225199    11.193999    0.6004
17.218    11.2484    0.6004
17.2164    11.257199    0.6004
17.2156    11.2604    0.6004
17.2068    11.297999    0.6004
17.1996    11.325999    0.6004
17.1908    11.360399    0.6004
17.1812    11.3948    0.6004
17.173199    11.4212    0.6004
17.161999    11.4508    0.6004
17.1516    11.4796    0.6004
17.138    11.515599    0.6004
17.1164    11.562799    0.6004
17.098    11.602799    0.6004
17.094    11.6108    0.6004
17.087599    11.6228    0.6004
17.070799    11.6508    0.6004
17.0532    11.6756    0.6004
17.046    11.686    0.6004
17.037199    11.6964    0.6004
16.996399    11.7428    0.6004
16.994799    11.7444    0.6004
16.946    11.7876    0.6004
16.9396    11.794    0.6004
16.9236    11.8068    0.6004
16.8796    11.8404    0.6004
16.8428    11.8675995    0.6004
16.793999    11.901199    0.6004
16.7372    11.9348    0.6004
16.6932    11.9612    0.6004
16.6164    12.005199    0.6004
16.6084    12.009999    0.6004
16.5972    12.015599    0.6004
16.5052    12.0612    0.6004
16.4124    12.1036    0.6004
16.3396    12.136399    0.6004
16.2428    12.177199    0.6004
16.182    12.2012    0.6004
16.0924    12.234799    0.6004
16.059599    12.2452    0.6004
16.0236    12.2556    0.6004
15.993199    12.262799    0.6004
15.969199    12.268399    0.6004
15.934799    12.2764    0.6004
15.922    12.2796    0.6004
15.884399    12.2852    0.6004
15.8588    12.2892    0.6004
15.8524    12.29    0.6004
15.802799    12.294    0.6004
15.761999    12.2948    0.6004
15.7596    12.2948    0.6004
15.756399    12.2948    0.6004
15.722799    12.291599    0.6004
15.7067995    12.2884    0.6004
15.6868    12.2852    0.6004
15.658    12.2796    0.6004
15.6556    12.2796    0.6004
15.619599    12.2644    0.6004
15.6147995    12.262    0.6004
15.5892    12.2492    0.6004
15.549999    12.226    0.6004
15.5364    12.217199    0.6004
15.528399    12.211599    0.6004
15.4612    12.1636    0.6004
15.4276    12.1388    0.6004
15.4148    12.1292    0.6004
15.394799    12.113199    0.6004
15.3564    12.0828    0.6004
15.3356    12.0652    0.6004
15.3228    12.0532    0.6004
15.313999    12.045199    0.6004
15.2724    12.0036    0.6004
15.263599    11.9956    0.6004
15.229199    11.957999    0.6004
15.2212    11.95    0.6004
15.1964    11.9156    0.6004
15.186    11.901199    0.6004
15.1684    11.8772    0.6004
15.1636    11.87    0.6004
15.159599    11.8644    0.6004
15.1332    11.825999    0.6004
15.108399    11.7828    0.6004
15.097199    11.762799    0.6004
15.066    11.700399    0.6004
15.062799    11.6924    0.6004
15.056399    11.677199    0.6004
15.0364    11.6268    0.6004
15.015599    11.5668    0.6004
15.009999    11.5515995    0.6004
15.005199    11.5356    0.6004
14.9939995    11.4939995    0.6004
14.9883995    11.474    0.6004
14.9772    11.4228    0.6004
14.9604    11.3412    0.6004
14.9604    11.3404    0.6004
14.9484    11.2532    0.6004
14.946    11.2396    0.6004
14.940399    11.1788    0.6004
14.9388    11.153999    0.6004
14.936399    11.106    0.6004
14.934    11.0764    0.6004
14.9307995    11.009999    0.6004
14.929199    10.9836    0.6004
14.9284    10.964399    0.6004
14.9284    10.8876    0.6004
14.9284    10.861199    0.6004
14.929199    10.7772    0.6004
14.929999    10.769199    0.6004
14.929999    10.7668    0.6004
14.9324    10.717999    0.6004
14.934799    10.665999    0.6004
14.938    10.6244    0.6004
14.9396    10.5868    0.6004
14.940399    10.5844    0.6004
14.941199    10.5772    0.6004
14.9516    10.4939995    0.6004
14.9548    10.4676    0.6004
14.962    10.4236    0.6004
14.9668    10.3924    0.6004
14.9684    10.382    0.6004
14.9724    10.3636    0.6004
14.986    10.3068    0.6004
14.9948    10.274799    0.6004
15.0004    10.2556    0.6004
15.015599    10.2084    0.6004
15.0196    10.1964    0.6004
15.021199    10.1908    0.6004
15.056399    10.108399    0.6004
15.0588    10.101999    0.6004
15.066799    10.0859995    0.6004
15.0884    10.042    0.6004
15.1004    10.0188    0.6004
15.118    9.987599    0.6004
15.1444    9.9428    0.6004
15.165999    9.9084    0.6004
15.2012    9.8588    0.6004
15.211599    9.8452    0.6004
15.221999    9.8316    0.6004
15.2612    9.7852    0.6004
15.2828    9.7596    0.6004
15.309199    9.7308    0.6004
15.3364    9.7036    0.6004
15.3764    9.6668    0.6004
15.3884    9.6572    0.6004
15.424399    9.6292    0.6004
15.4396    9.618    0.6004
15.4436    9.6156    0.6004
15.4852    9.5892    0.6004
15.4892    9.5868    0.6004
15.506    9.579599    0.6004
15.544399    9.5612    0.6004
15.549999    9.5588    0.6004
15.601999    9.5364    0.6004
15.6092    9.533999    0.6004
15.6404    9.526    0.6004
15.6516    9.5227995    0.6004
15.688399    9.5132    0.6004
15.710799    9.51    0.6004
15.739599    9.506    0.6004
15.779599    9.5036    0.6004
15.791599    9.5028    0.6004
15.803599    9.5028    0.6004
15.8396    9.504399    0.6004
15.858    9.506    0.6004
15.8972    9.510799    0.6004
15.917199    9.5132    0.6004
15.941199    9.518    0.6004
15.9844    9.527599    0.6004
15.9883995    9.528399    0.6004
15.993199    9.53    0.6004
16.0556    9.550799    0.6004
16.0796    9.5596    0.6004
16.1324    9.5812    0.6004
16.133999    9.582    0.6004
16.2004    9.6124    0.6004
16.2404    9.6332    0.6004
16.247599    9.637199    0.6004
16.3084    9.6748    0.6004
16.310799    9.6756    0.6004
16.323599    9.683599    0.6004
16.373999    9.7156    0.6004
16.414799    9.7428    0.6004
16.4428    9.763599    0.6004
16.506    9.8132    0.6004
16.513199    9.8188    0.6004
16.5212    9.8252    0.6004
16.586    9.8804    0.6004
16.5956    9.8884    0.6004
16.6444    9.9332    0.6004
16.6652    9.9524    0.6004
16.6964    9.9836    0.6004
16.7404    10.028399    0.6004
16.7468    10.033999    0.6004
16.7508    10.038799    0.6004
16.806    10.0988    0.6004
16.8396    10.137199    0.6004
16.866    10.1692    0.6004
16.91    10.222799    0.6004
16.916399    10.2324    0.6004
16.938    10.2612    0.6004
16.9692    10.3028    0.6004
16.9844    10.3244    0.6004
17.0156    10.37    0.6004
17.0284    10.3884    0.6004
17.053999    10.4307995    0.6004
17.0676    10.453199    0.6004
17.087599    10.49    0.6004
17.0972    10.5076    0.6004
17.109999    10.5348    0.6004
17.13    10.5772    0.6004
17.1364    10.59    0.6004
17.1476    10.6156    0.6004
