21.906    29.390799    11.1004
21.890799    29.4004    11.1004
21.853199    29.4252    11.1004
21.806799    29.453999    11.1004
21.7924    29.461199    11.1004
21.781199    29.4684    11.1004
21.754    29.4828    11.1004
21.7468    29.4868    11.1004
21.7332    29.493198    11.1004
21.6868    29.5148    11.1004
21.6316    29.538    11.1004
21.626    29.5404    11.1004
21.615599    29.5444    11.1004
21.5684    29.5612    11.1004
21.529999    29.5756    11.1004
21.4996    29.5868    11.1004
21.4188    29.617199    11.1004
21.3668    29.636398    11.1004
21.3364    29.6484    11.1004
21.2964    29.6652    11.1004
21.258    29.684399    11.1004
21.2236    29.7036    11.1004
21.174    29.732399    11.1004
21.1164    29.7668    11.1004
21.1036    29.7748    11.1004
21.094799    29.781199    11.1004
21.0452    29.812399    11.1004
21.0196    29.8268    11.1004
20.9972    29.8396    11.1004
20.955599    29.8636    11.1004
20.9348    29.875599    11.1004
20.894    29.8972    11.1004
20.85    29.9196    11.1004
20.838    29.9252    11.1004
20.8244    29.931599    11.1004
20.7796    29.9492    11.1004
20.771599    29.952398    11.1004
20.7452    29.9628    11.1004
20.708399    29.9756    11.1004
20.6924    29.9804    11.1004
20.663599    29.9868    11.1004
20.622799    29.9972    11.1004
20.576399    30.007599    11.1004
20.49    30.022799    11.1004
20.4676    30.0268    11.1004
20.458    30.028399    11.1004
20.3612    30.042799    11.1004
20.357199    30.0436    11.1004
20.265999    30.0532    11.1004
20.1796    30.059599    11.1004
20.1596    30.0612    11.1004
20.1556    30.0612    11.1004
20.017199    30.066    11.1004
20.000399    30.067598    11.1004
19.9788    30.067598    11.1004
19.8596    30.073198    11.1004
19.829199    30.073198    11.1004
19.8044    30.073198    11.1004
19.7812    30.074799    11.1004
19.754799    30.0716    11.1004
19.736399    30.056398    11.1004
19.7332    30.0532    11.1004
19.7356    30.05    11.1004
19.7484    30.022799    11.1004
19.753199    30.018    11.1004
19.765999    29.9996    11.1004
19.793999    29.966    11.1004
19.8076    29.949999    11.1004
19.8148    29.942    11.1004
19.8708    29.879599    11.1004
19.8916    29.858    11.1004
19.979599    29.765999    11.1004
19.9996    29.7444    11.1004
20.024399    29.7188    11.1004
20.0308    29.7116    11.1004
20.07    29.669199    11.1004
20.0892    29.645199    11.1004
20.118    29.6052    11.1004
20.132399    29.5852    11.1004
20.143599    29.569199    11.1004
20.163599    29.542    11.1004
20.1724    29.5276    11.1004
20.1764    29.5204    11.1004
20.178    29.518    11.1004
20.184399    29.5068    11.1004
20.1988    29.4844    11.1004
20.202    29.477999    11.1004
20.2204    29.438    11.1004
20.2244    29.4252    11.1004
20.230799    29.351599    11.1004
20.234    29.334    11.1004
20.2452    29.306    11.1004
20.2484    29.2964    11.1004
20.2636    29.2692    11.1004
20.271599    29.2596    11.1004
20.286    29.2468    11.1004
20.312399    29.217999    11.1004
20.329199    29.2004    11.1004
20.342    29.1876    11.1004
20.366    29.1612    11.1004
20.4308    29.094    11.1004
20.4588    29.0604    11.1004
20.483599    29.0324    11.1004
20.4876    29.028399    11.1004
20.49    29.0252    11.1004
20.496399    29.018799    11.1004
20.518799    28.994    11.1004
20.542799    28.970798    11.1004
20.55    28.9636    11.1004
20.5572    28.9588    11.1004
20.5724    28.9452    11.1004
20.5836    28.935598    11.1004
20.6068    28.920399    11.1004
20.617199    28.9124    11.1004
20.639599    28.9004    11.1004
20.6572    28.8884    11.1004
20.6988    28.866    11.1004
20.7284    28.8524    11.1004
20.8188    28.814    11.1004
20.8748    28.7908    11.1004
20.885199    28.786798    11.1004
20.8972    28.7804    11.1004
20.927599    28.7668    11.1004
20.9412    28.760399    11.1004
20.9636    28.749199    11.1004
20.9772    28.7412    11.1004
20.9972    28.725199    11.1004
21.0212    28.71    11.1004
21.038    28.6932    11.1004
21.0628    28.665998    11.1004
21.0788    28.650799    11.1004
21.1244    28.6052    11.1004
21.1372    28.591599    11.1004
21.1444    28.585999    11.1004
21.157999    28.5732    11.1004
21.1612    28.570799    11.1004
21.1628    28.569199    11.1004
21.1924    28.542    11.1004
21.2108    28.528399    11.1004
21.2316    28.5108    11.1004
21.2804    28.4756    11.1004
21.286    28.4716    11.1004
21.289999    28.4692    11.1004
21.3452    28.4364    11.1004
21.3724    28.4212    11.1004
21.396399    28.41    11.1004
21.421999    28.396399    11.1004
21.444399    28.385199    11.1004
21.477999    28.3732    11.1004
21.51    28.362799    11.1004
21.5204    28.358799    11.1004
21.5308    28.3564    11.1004
21.565199    28.3484    11.1004
21.598    28.3428    11.1004
21.628399    28.3364    11.1004
21.6892    28.326    11.1004
21.6908    28.3252    11.1004
21.691599    28.3252    11.1004
21.6932    28.3252    11.1004
21.7204    28.3228    11.1004
21.7388    28.3204    11.1004
21.7748    28.3188    11.1004
21.7836    28.3188    11.1004
21.8084    28.3172    11.1004
21.8428    28.3188    11.1004
21.8564    28.3204    11.1004
21.894    28.323599    11.1004
21.9044    28.3252    11.1004
21.9644    28.334799    11.1004
22.0268    28.344398    11.1004
22.0476    28.3468    11.1004
22.0676    28.3492    11.1004
22.076399    28.3492    11.1004
22.102    28.349998    11.1004
22.1076    28.3492    11.1004
22.128399    28.3428    11.1004
22.1484    28.3324    11.1004
22.1604    28.3284    11.1004
22.180399    28.314798    11.1004
22.2052    28.295599    11.1004
22.234    28.2732    11.1004
22.2612    28.253199    11.1004
22.326    28.2052    11.1004
22.338    28.1964    11.1004
22.382    28.163599    11.1004
22.392399    28.156399    11.1004
22.4364    28.1292    11.1004
22.4532    28.1188    11.1004
22.4588    28.115599    11.1004
22.505999    28.094    11.1004
22.522    28.0884    11.1004
22.5588    28.0772    11.1004
22.5676    28.074799    11.1004
22.585999    28.0716    11.1004
22.626    28.065199    11.1004
22.63    28.0644    11.1004
22.6404    28.0644    11.1004
22.6684    28.0628    11.1004
22.6756    28.0628    11.1004
22.7092    28.0644    11.1004
22.7188    28.065199    11.1004
22.7564    28.067598    11.1004
22.764399    28.0684    11.1004
22.771599    28.07    11.1004
22.817999    28.0796    11.1004
22.8188    28.080399    11.1004
22.8196    28.080399    11.1004
22.8244    28.081999    11.1004
22.8716    28.094    11.1004
22.873999    28.094799    11.1004
22.910799    28.108398    11.1004
22.914    28.109999    11.1004
22.9188    28.1132    11.1004
22.9364    28.126    11.1004
22.9468    28.1332    11.1004
22.9676    28.154    11.1004
22.970798    28.157999    11.1004
22.9884    28.185999    11.1004
22.9932    28.193998    11.1004
23.0044    28.212399    11.1004
23.0108    28.2316    11.1004
23.0148    28.240398    11.1004
23.0204    28.2612    11.1004
23.0212    28.2636    11.1004
23.0212    28.265999    11.1004
23.018799    28.286    11.1004
23.0148    28.306799    11.1004
23.0148    28.310799    11.1004
23.0044    28.3372    11.1004
23.0028    28.340399    11.1004
22.983599    28.3748    11.1004
22.983599    28.3764    11.1004
22.9828    28.3772    11.1004
22.982    28.3788    11.1004
22.955599    28.4228    11.1004
22.9268    28.4604    11.1004
22.9236    28.465199    11.1004
22.921999    28.466799    11.1004
22.8916    28.496399    11.1004
22.882    28.5052    11.1004
22.851599    28.5308    11.1004
22.8076    28.5668    11.1004
22.788399    28.5844    11.1004
22.7692    28.602798    11.1004
22.7516    28.619598    11.1004
22.708399    28.6644    11.1004
22.6876    28.684399    11.1004
22.667599    28.7036    11.1004
22.6468    28.721199    11.1004
22.63    28.734798    11.1004
22.602    28.754    11.1004
22.593199    28.758799    11.1004
22.5556    28.7796    11.1004
22.518    28.7964    11.1004
22.507599    28.801199    11.1004
22.486    28.809198    11.1004
22.459599    28.820398    11.1004
22.4252    28.8324    11.1004
22.4172    28.8356    11.1004
22.4124    28.8372    11.1004
22.401999    28.840399    11.1004
22.378    28.8484    11.1004
22.3356    28.8636    11.1004
22.3212    28.8692    11.1004
22.299599    28.8788    11.1004
22.278    28.8916    11.1004
22.2732    28.8948    11.1004
22.2684    28.9004    11.1004
22.2388    28.9284    11.1004
22.2332    28.938    11.1004
22.226    28.9492    11.1004
22.219599    28.9572    11.1004
22.213999    28.9684    11.1004
22.1908    29.0236    11.1004
22.1556    29.0956    11.1004
22.1556    29.0964    11.1004
22.132399    29.146    11.1004
22.1252    29.1556    11.1004
22.121199    29.161999    11.1004
22.114    29.174799    11.1004
22.0972    29.206799    11.1004
22.0756    29.236399    11.1004
22.0676    29.2484    11.1004
22.0564    29.260399    11.1004
22.0396    29.2796    11.1004
22.022799    29.297998    11.1004
22.0204    29.3004    11.1004
22.01    29.310799    11.1004
21.9732    29.3412    11.1004
21.944399    29.362    11.1004
21.921999    29.379599    11.1004
21.906    29.390799    11.1004
