21.368399    24.6996    9.6004
21.414799    24.7156    9.6004
21.4364    24.7244    9.6004
21.4868    24.7468    9.6004
21.5644    24.7836    9.6004
21.57    24.786    9.6004
21.5716    24.786798    9.6004
21.576399    24.7892    9.6004
21.6052    24.8044    9.6004
21.626799    24.817999    9.6004
21.656399    24.8364    9.6004
21.694    24.861198    9.6004
21.708399    24.8716    9.6004
21.736399    24.8948    9.6004
21.7468    24.903599    9.6004
21.7636    24.9172    9.6004
21.7692    24.921999    9.6004
21.777199    24.931599    9.6004
21.795599    24.959599    9.6004
21.8004    24.9676    9.6004
21.806799    24.977999    9.6004
21.8196    25.0044    9.6004
21.83    25.0236    9.6004
21.8564    25.0844    9.6004
21.858    25.0868    9.6004
21.866    25.1012    9.6004
21.8772    25.115599    9.6004
21.896399    25.1292    9.6004
21.914    25.1364    9.6004
21.9412    25.143599    9.6004
21.994    25.157999    9.6004
22.018799    25.1644    9.6004
22.028399    25.167599    9.6004
22.0404    25.1724    9.6004
22.063599    25.182    9.6004
22.080399    25.1924    9.6004
22.0892    25.198    9.6004
22.122799    25.2188    9.6004
22.126    25.221199    9.6004
22.1484    25.2404    9.6004
22.189999    25.2732    9.6004
22.208399    25.289999    9.6004
22.260399    25.344398    9.6004
22.286    25.3724    9.6004
22.326    25.418    9.6004
22.3412    25.4356    9.6004
22.3716    25.4588    9.6004
22.3724    25.4588    9.6004
22.4004    25.459599    9.6004
22.4028    25.459599    9.6004
22.421999    25.4548    9.6004
22.4252    25.453999    9.6004
22.455599    25.4452    9.6004
22.4756    25.4396    9.6004
22.5036    25.4292    9.6004
22.518    25.425999    9.6004
22.535599    25.4236    9.6004
22.5444    25.424398    9.6004
22.57    25.4268    9.6004
22.622    25.437199    9.6004
22.6476    25.442799    9.6004
22.694    25.455599    9.6004
22.73    25.466799    9.6004
22.7444    25.4732    9.6004
22.7668    25.483599    9.6004
22.781199    25.494799    9.6004
22.7988    25.518    9.6004
22.8116    25.5308    9.6004
22.826    25.5548    9.6004
22.8372    25.5716    9.6004
22.864399    25.6244    9.6004
22.869999    25.6356    9.6004
22.8708    25.637999    9.6004
22.8828    25.6684    9.6004
22.8956    25.7092    9.6004
22.8972    25.7428    9.6004
22.896399    25.746    9.6004
22.8956    25.7748    9.6004
22.8948    25.786798    9.6004
22.8884    25.8596    9.6004
22.8836    25.8972    9.6004
22.8788    25.9348    9.6004
22.8716    25.989199    9.6004
22.8708    25.9956    9.6004
22.869999    25.998    9.6004
22.8668    26.013199    9.6004
22.858    26.037199    9.6004
22.8548    26.05    9.6004
22.849998    26.057999    9.6004
22.8316    26.085999    9.6004
22.827599    26.091599    9.6004
22.817999    26.1052    9.6004
22.760399    26.1892    9.6004
22.753199    26.1988    9.6004
22.723598    26.2412    9.6004
22.706799    26.265999    9.6004
22.6796    26.3076    9.6004
22.654    26.3492    9.6004
22.6308    26.3836    9.6004
22.6092    26.4172    9.6004
22.569199    26.476398    9.6004
22.5548    26.498    9.6004
22.5332    26.5276    9.6004
22.507599    26.563599    9.6004
22.4924    26.5852    9.6004
22.4764    26.604399    9.6004
22.466    26.6188    9.6004
22.4588    26.6276    9.6004
22.4532    26.6348    9.6004
22.449999    26.6372    9.6004
22.427599    26.6644    9.6004
22.416399    26.673199    9.6004
22.396399    26.6924    9.6004
22.39    26.695599    9.6004
22.369999    26.7156    9.6004
22.3436    26.7396    9.6004
22.2836    26.7932    9.6004
22.281199    26.795599    9.6004
22.275599    26.8004    9.6004
22.2284    26.8436    9.6004
22.2132    26.8596    9.6004
22.178799    26.8948    9.6004
22.1684    26.9052    9.6004
22.118    26.9588    9.6004
22.1164    26.959599    9.6004
22.1148    26.962    9.6004
22.078    26.998798    9.6004
22.0436    27.037199    9.6004
22.000399    27.081999    9.6004
21.916399    27.1708    9.6004
21.9156    27.171598    9.6004
21.914799    27.1724    9.6004
21.9132    27.174    9.6004
21.8716    27.2172    9.6004
21.868399    27.2204    9.6004
21.8652    27.225199    9.6004
21.8484    27.2428    9.6004
21.844398    27.2468    9.6004
21.840399    27.2508    9.6004
21.833199    27.258799    9.6004
21.7916    27.299599    9.6004
21.7868    27.3028    9.6004
21.7836    27.306799    9.6004
21.7732    27.3156    9.6004
21.758799    27.33    9.6004
21.7572    27.3316    9.6004
21.746    27.3428    9.6004
21.730799    27.358799    9.6004
21.6932    27.392399    9.6004
21.6852    27.3988    9.6004
21.678799    27.4052    9.6004
21.6588    27.424398    9.6004
21.639599    27.4436    9.6004
21.6372    27.4452    9.6004
21.6348    27.4468    9.6004
21.609999    27.465199    9.6004
21.57    27.4996    9.6004
21.5684    27.501999    9.6004
21.566    27.5028    9.6004
21.565199    27.5036    9.6004
21.5204    27.537199    9.6004
21.5084    27.545198    9.6004
21.496399    27.546799    9.6004
21.4844    27.5588    9.6004
21.4804    27.5604    9.6004
21.4788    27.561998    9.6004
21.473999    27.565199    9.6004
21.4524    27.5684    9.6004
21.438799    27.5628    9.6004
21.4324    27.5556    9.6004
21.4364    27.5012    9.6004
21.4348    27.466799    9.6004
21.442799    27.366    9.6004
21.4468    27.321999    9.6004
21.448399    27.310799    9.6004
21.4508    27.2332    9.6004
21.4572    27.1996    9.6004
21.459599    27.180399    9.6004
21.47    27.132399    9.6004
21.4716    27.117199    9.6004
21.4812    27.0716    9.6004
21.4876    27.041199    9.6004
21.4916    27.0276    9.6004
21.494799    27.0156    9.6004
21.505999    26.972399    9.6004
21.518799    26.916399    9.6004
21.5204    26.9052    9.6004
21.5236    26.881199    9.6004
21.531599    26.8412    9.6004
21.5332    26.8316    9.6004
21.5348    26.8228    9.6004
21.541199    26.7852    9.6004
21.55    26.745998    9.6004
21.5516    26.7316    9.6004
21.5564    26.706799    9.6004
21.562    26.680399    9.6004
21.566    26.6668    9.6004
21.5716    26.6404    9.6004
21.580399    26.6148    9.6004
21.5828    26.6068    9.6004
21.5956    26.570799    9.6004
21.6028    26.5516    9.6004
21.6084    26.5404    9.6004
21.6276    26.4956    9.6004
21.65    26.4516    9.6004
21.6596    26.4308    9.6004
21.6908    26.368399    9.6004
21.7204    26.302    9.6004
21.7292    26.281199    9.6004
21.730799    26.278    9.6004
21.730799    26.274    9.6004
21.7412    26.249199    9.6004
21.7444    26.226    9.6004
21.7444    26.2204    9.6004
21.746    26.2164    9.6004
21.743599    26.2052    9.6004
21.7452    26.1876    9.6004
21.7388    26.169199    9.6004
21.7372    26.1644    9.6004
21.719599    26.1404    9.6004
21.701199    26.115599    9.6004
21.6964    26.1108    9.6004
21.691599    26.102798    9.6004
21.67    26.0724    9.6004
21.649199    26.0364    9.6004
21.646    26.029999    9.6004
21.6444    26.0268    9.6004
21.6364    26.0124    9.6004
21.6148    25.973999    9.6004
21.6084    25.9628    9.6004
21.6012    25.9572    9.6004
21.5772    25.9492    9.6004
21.5684    25.9436    9.6004
21.548399    25.9476    9.6004
21.5348    25.9476    9.6004
21.526    25.9492    9.6004
21.4196    25.973999    9.6004
21.362    25.986    9.6004
21.3508    25.989199    9.6004
21.347599    25.99    9.6004
21.342    25.99    9.6004
21.2876    25.9956    9.6004
21.2708    25.996399    9.6004
21.2412    25.9972    9.6004
21.2316    25.996399    9.6004
21.2228    25.994799    9.6004
21.202799    25.994    9.6004
21.1988    25.993198    9.6004
21.1604    25.9828    9.6004
21.1516    25.9804    9.6004
21.117199    25.966799    9.6004
21.0908    25.9516    9.6004
21.069199    25.9412    9.6004
21.0516    25.929998    9.6004
21.0092    25.9052    9.6004
20.9788    25.886    9.6004
20.948399    25.8676    9.6004
20.9244    25.849998    9.6004
20.9044    25.8356    9.6004
20.8956    25.826    9.6004
20.866    25.7964    9.6004
20.8452    25.769999    9.6004
20.838    25.7612    9.6004
20.8324    25.7524    9.6004
20.8132    25.7244    9.6004
20.8036    25.706    9.6004
20.7924    25.678799    9.6004
20.788399    25.6708    9.6004
20.775599    25.637999    9.6004
20.7724    25.63    9.6004
20.7564    25.581999    9.6004
20.7412    25.541199    9.6004
20.734    25.518    9.6004
20.7316    25.514    9.6004
20.712399    25.4924    9.6004
20.7036    25.487598    9.6004
20.6812    25.4844    9.6004
20.678799    25.483599    9.6004
20.674799    25.483599    9.6004
20.646    25.483599    9.6004
20.6388    25.4828    9.6004
20.57    25.4788    9.6004
20.553999    25.4788    9.6004
20.494    25.476398    9.6004
20.4532    25.473999    9.6004
20.4348    25.472399    9.6004
20.41    25.4676    9.6004
20.3996    25.466799    9.6004
20.369999    25.4604    9.6004
20.3556    25.4572    9.6004
20.3524    25.4564    9.6004
20.3188    25.442799    9.6004
20.3076    25.438    9.6004
20.277199    25.420399    9.6004
20.258    25.4068    9.6004
20.2444    25.397999    9.6004
20.234    25.3876    9.6004
20.2228    25.3716    9.6004
20.2164    25.364399    9.6004
20.2156    25.3604    9.6004
20.1988    25.3156    9.6004
20.1948    25.2988    9.6004
20.189999    25.269999    9.6004
20.1876    25.229198    9.6004
20.185999    25.2116    9.6004
20.1884    25.174    9.6004
20.1924    25.160398    9.6004
20.1988    25.1388    9.6004
20.2004    25.1356    9.6004
20.202    25.1332    9.6004
20.2076    25.1292    9.6004
20.2284    25.102798    9.6004
20.2444    25.094    9.6004
20.260399    25.081999    9.6004
20.274    25.0772    9.6004
20.289999    25.0684    9.6004
20.2948    25.066    9.6004
20.3076    25.059599    9.6004
20.362    25.037199    9.6004
20.3988    25.0236    9.6004
20.403599    25.022    9.6004
20.406    25.0212    9.6004
20.4628    25.0068    9.6004
20.522799    24.9988    9.6004
20.569199    24.9924    9.6004
20.581999    24.99    9.6004
20.5908    24.9868    9.6004
20.598799    24.981998    9.6004
20.622799    24.9716    9.6004
20.645199    24.953999    9.6004
20.661999    24.9396    9.6004
20.6756    24.927599    9.6004
20.684399    24.9196    9.6004
20.7092    24.8988    9.6004
20.726    24.885199    9.6004
20.7428    24.8748    9.6004
20.7724    24.853199    9.6004
20.798    24.8372    9.6004
20.8212    24.8244    9.6004
20.8972    24.7836    9.6004
20.901999    24.7804    9.6004
20.9124    24.775599    9.6004
20.9564    24.754    9.6004
20.9844    24.7412    9.6004
21.007599    24.7316    9.6004
21.013199    24.73    9.6004
21.062    24.708399    9.6004
21.069199    24.706    9.6004
21.0732    24.7036    9.6004
21.1532    24.6756    9.6004
21.173199    24.669199    9.6004
21.1932    24.6652    9.6004
21.202    24.661999    9.6004
21.206799    24.6612    9.6004
21.2188    24.660398    9.6004
21.25    24.663599    9.6004
21.254799    24.6644    9.6004
21.260399    24.6652    9.6004
21.302    24.678    9.6004
21.3436    24.691599    9.6004
21.358799    24.6964    9.6004
21.3612    24.697199    9.6004
21.368399    24.6996    9.6004
