19.074799    18.490799    15.9004
19.0812    18.485199    15.9004
19.0868    18.4756    15.9004
19.0828    18.4676    15.9004
19.066    18.4492    15.9004
19.063599    18.4476    15.9004
19.0628    18.4468    15.9004
19.0588    18.4452    15.9004
19.038    18.425999    15.9004
19.0332    18.4228    15.9004
19.0012    18.4196    15.9004
18.994    18.421999    15.9004
18.9748    18.442799    15.9004
18.9476    18.4596    15.9004
18.9228    18.4876    15.9004
18.902    18.5012    15.9004
18.89    18.5156    15.9004
18.882    18.5284    15.9004
18.8596    18.5476    15.9004
18.8468    18.5612    15.9004
18.840399    18.578    15.9004
18.8596    18.5724    15.9004
18.881199    18.5716    15.9004
18.8876    18.5668    15.9004
18.9068    18.5844    15.9004
18.910799    18.587599    15.9004
18.9124    18.587599    15.9004
18.9412    18.587599    15.9004
18.9644    18.5732    15.9004
18.973999    18.5644    15.9004
18.985199    18.5628    15.9004
19.026    18.5564    15.9004
19.042    18.535599    15.9004
19.042799    18.526    15.9004
19.0516    18.524399    15.9004
19.07    18.505999    15.9004
19.074799    18.490799    15.9004
