22.230799    27.07    9.3004
22.1476    27.1588    9.3004
22.1428    27.1644    9.3004
22.1388    27.1684    9.3004
22.1236    27.182798    9.3004
22.070799    27.2332    9.3004
22.0548    27.249199    9.3004
21.9244    27.3636    9.3004
21.9084    27.378    9.3004
21.9052    27.381199    9.3004
21.901999    27.3844    9.3004
21.8436    27.437199    9.3004
21.8036    27.4772    9.3004
21.782    27.4956    9.3004
21.7388    27.537199    9.3004
21.719599    27.5556    9.3004
21.6876    27.585999    9.3004
21.666    27.6068    9.3004
21.6388    27.6316    9.3004
21.5908    27.6756    9.3004
21.5668    27.6964    9.3004
21.552399    27.708399    9.3004
21.485199    27.7668    9.3004
21.4716    27.778    9.3004
21.4212    27.817999    9.3004
21.368399    27.862    9.3004
21.3452    27.879599    9.3004
21.2964    27.916399    9.3004
21.2892    27.921999    9.3004
21.274    27.933199    9.3004
21.2116    27.979599    9.3004
21.1316    28.0332    9.3004
21.0972    28.056398    9.3004
21.0756    28.07    9.3004
20.9708    28.139599    9.3004
20.8972    28.1836    9.3004
20.8788    28.1948    9.3004
20.762    28.2636    9.3004
20.7348    28.2788    9.3004
20.7156    28.289999    9.3004
20.6444    28.327599    9.3004
20.617199    28.3412    9.3004
20.5396    28.379599    9.3004
20.529999    28.3836    9.3004
20.5204    28.3876    9.3004
20.4548    28.416399    9.3004
20.438799    28.4236    9.3004
20.390799    28.444399    9.3004
20.3876    28.4452    9.3004
20.3804    28.448399    9.3004
20.354    28.459599    9.3004
20.3036    28.4788    9.3004
20.3004    28.479599    9.3004
20.3004    28.4804    9.3004
20.299599    28.4804    9.3004
20.2988    28.4804    9.3004
20.241999    28.498    9.3004
20.2188    28.505999    9.3004
20.195599    28.513199    9.3004
20.1836    28.518    9.3004
20.166    28.522    9.3004
20.128399    28.533998    9.3004
20.118    28.5364    9.3004
20.0916    28.5444    9.3004
20.065199    28.550798    9.3004
20.0508    28.5556    9.3004
20.022    28.561998    9.3004
20.0052    28.565199    9.3004
19.990799    28.57    9.3004
19.989199    28.570799    9.3004
19.9284    28.5772    9.3004
19.9044    28.5836    9.3004
19.882    28.5868    9.3004
19.8484    28.593199    9.3004
19.8436    28.593199    9.3004
19.834799    28.594    9.3004
19.8148    28.5956    9.3004
19.7836    28.598799    9.3004
19.7596    28.602    9.3004
19.7116    28.6012    9.3004
19.6932    28.602798    9.3004
19.6444    28.5964    9.3004
19.637999    28.5924    9.3004
19.622    28.5772    9.3004
19.6204    28.570799    9.3004
19.628399    28.5604    9.3004
19.6444    28.535599    9.3004
19.6556    28.5164    9.3004
19.674799    28.4972    9.3004
19.6828    28.4884    9.3004
19.7244    28.4524    9.3004
19.7292    28.4468    9.3004
19.734    28.442799    9.3004
19.7924    28.4004    9.3004
19.8148    28.3844    9.3004
19.8196    28.3804    9.3004
19.8676    28.3428    9.3004
19.89    28.33    9.3004
19.9116    28.314798    9.3004
19.9188    28.31    9.3004
19.9868    28.2628    9.3004
20.0236    28.2356    9.3004
20.1148    28.1724    9.3004
20.154    28.1444    9.3004
20.178    28.126799    9.3004
20.326    28.0212    9.3004
20.3356    28.014    9.3004
20.3988    27.9716    9.3004
20.434    27.946    9.3004
20.486    27.909199    9.3004
20.5476    27.858799    9.3004
20.5612    27.847599    9.3004
20.594    27.817999    9.3004
20.622    27.793999    9.3004
20.628399    27.786798    9.3004
20.6468    27.7692    9.3004
20.669199    27.7468    9.3004
20.678799    27.7356    9.3004
20.712399    27.701199    9.3004
20.7572    27.6468    9.3004
20.775599    27.625198    9.3004
20.8084    27.5844    9.3004
20.821999    27.5676    9.3004
20.886    27.487598    9.3004
20.8916    27.4788    9.3004
20.9292    27.4228    9.3004
20.9292    27.421999    9.3004
20.9676    27.366798    9.3004
20.9732    27.358    9.3004
21.013199    27.2964    9.3004
21.0252    27.2788    9.3004
21.0348    27.262    9.3004
21.076399    27.195599    9.3004
21.0812    27.1852    9.3004
21.0956    27.160398    9.3004
21.102    27.145199    9.3004
21.1164    27.117199    9.3004
21.146    27.070799    9.3004
21.1524    27.057999    9.3004
21.185999    27.001999    9.3004
21.189999    26.993198    9.3004
21.213999    26.959599    9.3004
21.219599    26.949999    9.3004
21.23    26.938    9.3004
21.254    26.909199    9.3004
21.2764    26.885199    9.3004
21.2988    26.8596    9.3004
21.3268    26.833199    9.3004
21.347599    26.81    9.3004
21.394    26.7612    9.3004
21.3988    26.7564    9.3004
21.4468    26.7044    9.3004
21.458    26.6908    9.3004
21.4708    26.6756    9.3004
21.485199    26.6524    9.3004
21.490799    26.6444    9.3004
21.5028    26.621199    9.3004
21.5092    26.6124    9.3004
21.513199    26.5908    9.3004
21.5196    26.581999    9.3004
21.522    26.5724    9.3004
21.5196    26.556398    9.3004
21.5164    26.5476    9.3004
21.5068    26.5388    9.3004
21.4828    26.5108    9.3004
21.4636    26.486    9.3004
21.437199    26.4516    9.3004
21.421999    26.421999    9.3004
21.4196    26.418    9.3004
21.4188    26.4156    9.3004
21.41    26.381199    9.3004
21.403599    26.354    9.3004
21.401999    26.344398    9.3004
21.3972    26.3172    9.3004
21.394    26.2932    9.3004
21.386    26.2788    9.3004
21.3828    26.2692    9.3004
21.3732    26.262    9.3004
21.3596    26.253199    9.3004
21.3396    26.2524    9.3004
21.33    26.2564    9.3004
21.314    26.254799    9.3004
21.298    26.2572    9.3004
21.2732    26.262    9.3004
21.2204    26.2708    9.3004
21.1892    26.2764    9.3004
21.17    26.2796    9.3004
21.1404    26.2852    9.3004
21.111599    26.2892    9.3004
21.0788    26.2916    9.3004
21.041199    26.2932    9.3004
21.01    26.293999    9.3004
21.007599    26.2948    9.3004
21.000399    26.2932    9.3004
20.9692    26.2876    9.3004
20.9604    26.2852    9.3004
20.934    26.281199    9.3004
20.914799    26.2732    9.3004
20.890799    26.260399    9.3004
20.8676    26.249199    9.3004
20.810799    26.2148    9.3004
20.802    26.21    9.3004
20.7804    26.195599    9.3004
20.747599    26.173199    9.3004
20.734    26.1644    9.3004
20.71    26.1524    9.3004
20.685999    26.133999    9.3004
20.674    26.126    9.3004
20.6524    26.108398    9.3004
20.633999    26.091599    9.3004
20.6084    26.0604    9.3004
20.6036    26.0548    9.3004
20.602    26.0516    9.3004
20.59    26.0332    9.3004
20.580399    26.011599    9.3004
20.5724    25.994    9.3004
20.569199    25.986    9.3004
20.557999    25.9508    9.3004
20.553999    25.929998    9.3004
20.5492    25.9124    9.3004
20.535599    25.8492    9.3004
20.5212    25.786    9.3004
20.5196    25.782    9.3004
20.5196    25.7804    9.3004
20.5156    25.771599    9.3004
20.5068    25.7564    9.3004
20.4988    25.7468    9.3004
20.482    25.743599    9.3004
20.4764    25.741999    9.3004
20.4532    25.7388    9.3004
20.4356    25.737999    9.3004
20.362    25.7316    9.3004
20.3044    25.726799    9.3004
20.2988    25.726799    9.3004
20.288399    25.725199    9.3004
20.2764    25.723598    9.3004
20.222    25.719599    9.3004
20.189999    25.717999    9.3004
20.1756    25.7172    9.3004
20.156399    25.7172    9.3004
20.0628    25.7164    9.3004
20.037199    25.7148    9.3004
20.0364    25.7148    9.3004
20.035599    25.713999    9.3004
19.989199    25.706    9.3004
19.9604    25.697199    9.3004
19.949999    25.694    9.3004
19.9028    25.6764    9.3004
19.886799    25.6684    9.3004
19.862    25.654    9.3004
19.8452    25.6364    9.3004
19.8372    25.626    9.3004
19.827599    25.6124    9.3004
19.8252    25.5852    9.3004
19.8268    25.574    9.3004
19.8252    25.5572    9.3004
19.8252    25.5348    9.3004
19.83    25.487598    9.3004
19.8316    25.477999    9.3004
19.834    25.465199    9.3004
19.8388    25.438799    9.3004
19.8452    25.410799    9.3004
19.857199    25.3892    9.3004
19.858799    25.3844    9.3004
19.8724    25.3668    9.3004
19.8884    25.3524    9.3004
19.9076    25.344398    9.3004
19.9132    25.338    9.3004
19.9196    25.333199    9.3004
19.9348    25.3252    9.3004
19.9572    25.314    9.3004
19.9652    25.310799    9.3004
20.0092    25.2916    9.3004
20.0276    25.2852    9.3004
20.057999    25.2748    9.3004
20.102    25.260399    9.3004
20.1028    25.260399    9.3004
20.1036    25.260399    9.3004
20.137999    25.2508    9.3004
20.1684    25.2452    9.3004
20.1764    25.2444    9.3004
20.1884    25.2428    9.3004
20.2004    25.2412    9.3004
20.25    25.236399    9.3004
20.258    25.2356    9.3004
20.289999    25.232399    9.3004
20.305199    25.229198    9.3004
20.3084    25.2284    9.3004
20.3116    25.226    9.3004
20.327599    25.2228    9.3004
20.3388    25.219599    9.3004
20.366    25.201199    9.3004
20.368399    25.2004    9.3004
20.3692    25.1996    9.3004
20.402    25.174    9.3004
20.4436    25.143599    9.3004
20.4524    25.1364    9.3004
20.462    25.128399    9.3004
20.472399    25.1204    9.3004
20.494    25.105999    9.3004
20.5044    25.098    9.3004
20.5236    25.0884    9.3004
20.5396    25.078    9.3004
20.5508    25.070799    9.3004
20.57    25.059599    9.3004
20.621199    25.0364    9.3004
20.6356    25.029999    9.3004
20.6516    25.0236    9.3004
20.6836    25.0092    9.3004
20.7236    24.9916    9.3004
20.764399    24.9756    9.3004
20.7916    24.965199    9.3004
20.826    24.953999    9.3004
20.853199    24.944399    9.3004
20.9196    24.921999    9.3004
20.953999    24.91    9.3004
20.973999    24.9044    9.3004
21.0436    24.8844    9.3004
21.053999    24.881199    9.3004
21.0684    24.879599    9.3004
21.0812    24.878    9.3004
21.0828    24.8788    9.3004
21.09    24.8788    9.3004
21.1108    24.881199    9.3004
21.1308    24.886799    9.3004
21.15    24.892399    9.3004
21.169199    24.8996    9.3004
21.2036    24.9116    9.3004
21.2516    24.9292    9.3004
21.2764    24.9396    9.3004
21.3028    24.9492    9.3004
21.3372    24.9644    9.3004
21.3972    24.9956    9.3004
21.406    25.000399    9.3004
21.410799    25.0028    9.3004
21.4676    25.033998    9.3004
21.4932    25.0492    9.3004
21.5444    25.081999    9.3004
21.546799    25.0836    9.3004
21.5516    25.0868    9.3004
21.5852    25.1124    9.3004
21.632399    25.1516    9.3004
21.632399    25.1524    9.3004
21.6332    25.1524    9.3004
21.6332    25.1532    9.3004
21.6364    25.156399    9.3004
21.6684    25.1924    9.3004
21.674    25.2004    9.3004
21.684399    25.2164    9.3004
21.6932    25.234    9.3004
21.702    25.254    9.3004
21.7092    25.278    9.3004
21.7164    25.3028    9.3004
21.7316    25.3692    9.3004
21.732399    25.369999    9.3004
21.732399    25.3732    9.3004
21.7332    25.3764    9.3004
21.7468    25.4124    9.3004
21.754799    25.4252    9.3004
21.7796    25.4412    9.3004
21.7852    25.4436    9.3004
21.7924    25.4452    9.3004
21.8668    25.4572    9.3004
21.8788    25.459599    9.3004
21.906    25.4692    9.3004
21.91    25.470798    9.3004
21.9236    25.4772    9.3004
21.938    25.4844    9.3004
21.973999    25.5068    9.3004
21.99    25.517199    9.3004
21.9972    25.5212    9.3004
22.028399    25.546    9.3004
22.041199    25.5564    9.3004
22.0476    25.562    9.3004
22.0772    25.5908    9.3004
22.0836    25.597198    9.3004
22.0844    25.598    9.3004
22.1252    25.643599    9.3004
22.1484    25.6724    9.3004
22.1588    25.684399    9.3004
22.169199    25.6996    9.3004
22.1764    25.71    9.3004
22.1876    25.7276    9.3004
22.2116    25.7636    9.3004
22.225199    25.784399    9.3004
22.232399    25.7964    9.3004
22.249199    25.8188    9.3004
22.264399    25.8316    9.3004
22.2804    25.8364    9.3004
22.293999    25.8372    9.3004
22.31    25.8356    9.3004
22.338799    25.8308    9.3004
22.397999    25.8172    9.3004
22.420399    25.8116    9.3004
22.427599    25.810799    9.3004
22.448399    25.8116    9.3004
22.4604    25.8116    9.3004
22.4884    25.817999    9.3004
22.496399    25.8196    9.3004
22.501999    25.8212    9.3004
22.5148    25.8244    9.3004
22.548399    25.8316    9.3004
22.600399    25.8484    9.3004
22.611599    25.8524    9.3004
22.656399    25.8692    9.3004
22.684399    25.885199    9.3004
22.6868    25.886799    9.3004
22.7092    25.909199    9.3004
22.732399    25.9492    9.3004
22.736399    25.9564    9.3004
22.7612    26.0124    9.3004
22.7708    26.0516    9.3004
22.7764    26.0684    9.3004
22.784399    26.111599    9.3004
22.786    26.1204    9.3004
22.784399    26.169199    9.3004
22.784399    26.174    9.3004
22.784399    26.1756    9.3004
22.778    26.213999    9.3004
22.777199    26.2228    9.3004
22.7692    26.2636    9.3004
22.765999    26.281199    9.3004
22.75    26.338799    9.3004
22.737999    26.386    9.3004
22.7316    26.4116    9.3004
22.723598    26.437199    9.3004
22.7228    26.438799    9.3004
22.7148    26.458    9.3004
22.706799    26.477999    9.3004
22.701199    26.490799    9.3004
22.6868    26.5156    9.3004
22.663599    26.5516    9.3004
22.6628    26.552399    9.3004
22.661999    26.5532    9.3004
22.609999    26.619598    9.3004
22.594    26.639599    9.3004
22.574    26.663599    9.3004
22.548399    26.6948    9.3004
22.5012    26.75    9.3004
22.47    26.789999    9.3004
22.4492    26.8172    9.3004
22.442    26.826    9.3004
22.4012    26.8764    9.3004
22.3428    26.944399    9.3004
22.3156    26.9756    9.3004
22.2628    27.033998    9.3004
22.230799    27.07    9.3004
