21.5364    24.500399    9.9004
21.574    24.5148    9.9004
21.605999    24.5268    9.9004
21.63    24.537199    9.9004
21.6556    24.548399    9.9004
21.684399    24.5604    9.9004
21.7044    24.57    9.9004
21.7132    24.5756    9.9004
21.7412    24.593199    9.9004
21.7564    24.602    9.9004
21.798    24.63    9.9004
21.8076    24.6364    9.9004
21.8188    24.646    9.9004
21.842    24.6628    9.9004
21.8652    24.6852    9.9004
21.8692    24.689999    9.9004
21.89    24.7228    9.9004
21.9172    24.771599    9.9004
21.9252    24.7852    9.9004
21.933199    24.799599    9.9004
21.948399    24.8212    9.9004
21.9572    24.8284    9.9004
21.9844    24.8468    9.9004
21.9932    24.8492    9.9004
22.007599    24.853199    9.9004
22.0452    24.862799    9.9004
22.0836    24.8732    9.9004
22.104399    24.8804    9.9004
22.126    24.8884    9.9004
22.1484    24.897999    9.9004
22.1836    24.918    9.9004
22.1868    24.9196    9.9004
22.1884    24.9212    9.9004
22.189999    24.921999    9.9004
22.2444    24.9636    9.9004
22.2572    24.9732    9.9004
22.2708    24.9844    9.9004
22.317999    25.024399    9.9004
22.326    25.031599    9.9004
22.386799    25.0844    9.9004
22.3972    25.091599    9.9004
22.4236    25.1052    9.9004
22.4324    25.108398    9.9004
22.438799    25.1076    9.9004
22.4628    25.1068    9.9004
22.482    25.098799    9.9004
22.4996    25.091599    9.9004
22.5348    25.0772    9.9004
22.5444    25.0724    9.9004
22.5516    25.070799    9.9004
22.5724    25.0668    9.9004
22.5996    25.0684    9.9004
22.600399    25.0684    9.9004
22.6028    25.0684    9.9004
22.6852    25.0844    9.9004
22.6876    25.0844    9.9004
22.764399    25.1052    9.9004
22.7676    25.105999    9.9004
22.7708    25.1076    9.9004
22.7948    25.115599    9.9004
22.795599    25.1164    9.9004
22.8252    25.1364    9.9004
22.834    25.1468    9.9004
22.8548    25.1684    9.9004
22.879599    25.197199    9.9004
22.886799    25.206799    9.9004
22.890799    25.2132    9.9004
22.9116    25.246    9.9004
22.9308    25.281199    9.9004
22.9348    25.2916    9.9004
22.942799    25.3156    9.9004
22.9468    25.329199    9.9004
22.9492    25.342    9.9004
22.955599    25.366    9.9004
22.9572    25.379599    9.9004
22.9572    25.4172    9.9004
22.958    25.438799    9.9004
22.9572    25.453999    9.9004
22.9564    25.498    9.9004
22.9524    25.570799    9.9004
22.9508    25.5908    9.9004
22.9492    25.6012    9.9004
22.9452    25.621199    9.9004
22.942    25.643599    9.9004
22.9404    25.645199    9.9004
22.931599    25.665998    9.9004
22.9228    25.684399    9.9004
22.913198    25.7044    9.9004
22.894    25.7412    9.9004
22.881199    25.7652    9.9004
22.8564    25.8092    9.9004
22.8324    25.849998    9.9004
22.8172    25.8764    9.9004
22.8044    25.9012    9.9004
22.7796    25.948399    9.9004
22.7332    26.035599    9.9004
22.7284    26.0436    9.9004
22.726799    26.0476    9.9004
22.701199    26.0908    9.9004
22.6908    26.108398    9.9004
22.689999    26.109999    9.9004
22.6876    26.113998    9.9004
22.663599    26.1516    9.9004
22.660398    26.156399    9.9004
22.656399    26.1612    9.9004
22.621199    26.206799    9.9004
22.6068    26.217999    9.9004
22.5956    26.229198    9.9004
22.5892    26.2332    9.9004
22.5724    26.247599    9.9004
22.542799    26.2628    9.9004
22.5404    26.264399    9.9004
22.537199    26.2668    9.9004
22.5212    26.278    9.9004
22.4988    26.286798    9.9004
22.4564    26.3044    9.9004
22.4396    26.3116    9.9004
22.4284    26.3172    9.9004
22.4052    26.333199    9.9004
22.397999    26.338    9.9004
22.3764    26.362799    9.9004
22.3652    26.3764    9.9004
22.347599    26.3988    9.9004
22.3268    26.425999    9.9004
22.3188    26.4364    9.9004
22.301199    26.4604    9.9004
22.289999    26.473999    9.9004
22.286    26.4788    9.9004
22.264399    26.500399    9.9004
22.2612    26.5028    9.9004
22.258799    26.505999    9.9004
22.2316    26.5348    9.9004
22.2204    26.5444    9.9004
22.2036    26.5628    9.9004
22.1836    26.580399    9.9004
22.1604    26.6012    9.9004
22.154799    26.604399    9.9004
22.1404    26.618    9.9004
22.126    26.6308    9.9004
22.122799    26.6332    9.9004
22.098    26.6516    9.9004
22.09    26.6572    9.9004
22.081999    26.663599    9.9004
22.046    26.684399    9.9004
22.0444    26.6852    9.9004
22.042799    26.685999    9.9004
22.018799    26.685999    9.9004
22.0156    26.682798    9.9004
21.9876    26.661999    9.9004
21.972399    26.650799    9.9004
21.9364    26.6108    9.9004
21.9284    26.598799    9.9004
21.9188    26.585999    9.9004
21.9116    26.574    9.9004
21.896399    26.537199    9.9004
21.8916    26.522    9.9004
21.879599    26.4748    9.9004
21.8772    26.4644    9.9004
21.875599    26.453999    9.9004
21.862    26.394    9.9004
21.8468    26.3156    9.9004
21.845999    26.312399    9.9004
21.8412    26.2804    9.9004
21.8396    26.265999    9.9004
21.840399    26.249199    9.9004
21.8396    26.212399    9.9004
21.8396    26.201199    9.9004
21.842    26.191599    9.9004
21.844398    26.1796    9.9004
21.8548    26.1236    9.9004
21.8612    26.091599    9.9004
21.8668    26.069199    9.9004
21.873999    26.0348    9.9004
21.8836    25.9916    9.9004
21.89    25.959599    9.9004
21.8956    25.9268    9.9004
21.8956    25.914    9.9004
21.896399    25.8884    9.9004
21.8956    25.8836    9.9004
21.886    25.853199    9.9004
21.8716    25.83    9.9004
21.8708    25.8284    9.9004
21.8668    25.8228    9.9004
21.838799    25.7836    9.9004
21.8148    25.7508    9.9004
21.775599    25.6988    9.9004
21.7612    25.6836    9.9004
21.7572    25.6796    9.9004
21.7468    25.6756    9.9004
21.7332    25.669199    9.9004
21.7228    25.669199    9.9004
21.7052    25.6652    9.9004
21.6924    25.667599    9.9004
21.673199    25.671598    9.9004
21.6516    25.678799    9.9004
21.6388    25.682    9.9004
21.626799    25.684399    9.9004
21.5956    25.6924    9.9004
21.528399    25.7108    9.9004
21.5252    25.7116    9.9004
21.522799    25.7116    9.9004
21.4716    25.7204    9.9004
21.4644    25.721199    9.9004
21.4564    25.722    9.9004
21.4244    25.725199    9.9004
21.421999    25.725199    9.9004
21.3988    25.726799    9.9004
21.3708    25.726799    9.9004
21.3692    25.726    9.9004
21.3436    25.721199    9.9004
21.3244    25.7164    9.9004
21.3116    25.7116    9.9004
21.269999    25.691599    9.9004
21.2468    25.680399    9.9004
21.236399    25.674    9.9004
21.194    25.6524    9.9004
21.1364    25.6196    9.9004
21.118    25.6092    9.9004
21.1092    25.602798    9.9004
21.081999    25.5852    9.9004
21.069199    25.5756    9.9004
21.0548    25.563599    9.9004
21.0452    25.552399    9.9004
21.0268    25.5348    9.9004
21.0084    25.511599    9.9004
21.001999    25.5044    9.9004
20.9884    25.483599    9.9004
20.9748    25.4644    9.9004
20.9732    25.461199    9.9004
20.9684    25.453999    9.9004
20.9436    25.4084    9.9004
20.9196    25.361198    9.9004
20.9012    25.3212    9.9004
20.8948    25.310799    9.9004
20.8876    25.297998    9.9004
20.8764    25.2836    9.9004
20.869999    25.2788    9.9004
20.8604    25.275599    9.9004
20.8396    25.2684    9.9004
20.8324    25.265999    9.9004
20.827599    25.2652    9.9004
20.7692    25.2564    9.9004
20.7412    25.2524    9.9004
20.7276    25.25    9.9004
20.682    25.243599    9.9004
20.6716    25.241999    9.9004
20.67    25.241999    9.9004
20.6388    25.2316    9.9004
20.6052    25.219599    9.9004
20.576399    25.2052    9.9004
20.565199    25.1996    9.9004
20.5588    25.195599    9.9004
20.5268    25.174799    9.9004
20.5028    25.1516    9.9004
20.500399    25.15    9.9004
20.4988    25.1476    9.9004
20.498    25.146    9.9004
20.479599    25.1148    9.9004
20.473999    25.102798    9.9004
20.4684    25.085999    9.9004
20.4636    25.07    9.9004
20.4564    25.042    9.9004
20.4516    25.014    9.9004
20.449999    24.990799    9.9004
20.4452    24.9684    9.9004
20.4468    24.953999    9.9004
20.4476    24.938    9.9004
20.4532    24.9236    9.9004
20.4564    24.909199    9.9004
20.47    24.896399    9.9004
20.4756    24.886    9.9004
20.4916    24.873999    9.9004
20.4972    24.8692    9.9004
20.522799    24.8564    9.9004
20.5364    24.8492    9.9004
20.542    24.845999    9.9004
20.55    24.842    9.9004
20.5588    24.838799    9.9004
20.6124    24.8172    9.9004
20.643599    24.806799    9.9004
20.6668    24.8004    9.9004
20.712399    24.7892    9.9004
20.7372    24.782799    9.9004
20.765999    24.778    9.9004
20.7732    24.775599    9.9004
20.789999    24.7692    9.9004
20.8076    24.758    9.9004
20.817999    24.7524    9.9004
20.8316    24.741999    9.9004
20.853199    24.7228    9.9004
20.8876    24.6932    9.9004
20.894    24.6868    9.9004
20.931599    24.654    9.9004
20.962    24.6316    9.9004
20.9684    24.626    9.9004
21.0124    24.594799    9.9004
21.013199    24.594    9.9004
21.042    24.5772    9.9004
21.046799    24.574    9.9004
21.0812    24.553999    9.9004
21.1012    24.542799    9.9004
21.1196    24.531599    9.9004
21.150799    24.5156    9.9004
21.1516    24.5156    9.9004
21.1532    24.514    9.9004
21.2036    24.4916    9.9004
21.253199    24.47    9.9004
21.269999    24.4628    9.9004
21.3092    24.449999    9.9004
21.3116    24.449999    9.9004
21.3372    24.448399    9.9004
21.3428    24.448399    9.9004
21.3668    24.4532    9.9004
21.396399    24.4588    9.9004
21.4044    24.4604    9.9004
21.458    24.4756    9.9004
21.47    24.4788    9.9004
21.4812    24.4828    9.9004
21.518    24.494    9.9004
21.5364    24.500399    9.9004
