9.4564    32.2852    10.8004
9.436399    32.2412    10.8004
9.426    32.2164    10.8004
9.418799    32.194798    10.8004
9.4036    32.154    10.8004
9.3748    32.079597    10.8004
9.3596    32.0476    10.8004
9.3588    32.0452    10.8004
9.321199    31.970798    10.8004
9.3164    31.9628    10.8004
9.303599    31.942    10.8004
9.2755995    31.894    10.8004
9.2612    31.8636    10.8004
9.2492    31.8428    10.8004
9.238    31.817999    10.8004
9.2316    31.7972    10.8004
9.2252    31.7732    10.8004
9.2188    31.7452    10.8004
9.21    31.705198    10.8004
9.2028    31.67    10.8004
9.1932    31.613998    10.8004
9.1876    31.5716    10.8004
9.182    31.518799    10.8004
9.1812    31.5052    10.8004
9.1788    31.4604    10.8004
9.1779995    31.4452    10.8004
9.1764    31.394    10.8004
9.1779995    31.347599    10.8004
9.1788    31.317999    10.8004
9.1804    31.2748    10.8004
9.183599    31.229198    10.8004
9.186    31.197199    10.8004
9.189199    31.173199    10.8004
9.194    31.1348    10.8004
9.2084    31.045198    10.8004
9.2148    31.0124    10.8004
9.217199    30.9996    10.8004
9.238    30.920399    10.8004
9.246799    30.896399    10.8004
9.2556    30.872398    10.8004
9.2732    30.825998    10.8004
9.2828    30.8076    10.8004
9.3028    30.768398    10.8004
9.3108    30.7556    10.8004
9.3308    30.7172    10.8004
9.342    30.698    10.8004
9.354    30.678799    10.8004
9.3652    30.6644    10.8004
9.3836    30.6412    10.8004
9.398    30.6276    10.8004
9.4251995    30.598    10.8004
9.4508    30.574    10.8004
9.474    30.5532    10.8004
9.5132    30.5332    10.8004
9.5196    30.5292    10.8004
9.5412    30.5196    10.8004
9.5515995    30.514    10.8004
9.5636    30.5092    10.8004
9.5948    30.498    10.8004
9.625199    30.4868    10.8004
9.6292    30.4868    10.8004
9.6412    30.485199    10.8004
9.659599    30.483599    10.8004
9.6732    30.4884    10.8004
9.6844    30.494799    10.8004
9.71    30.5164    10.8004
9.7244    30.538    10.8004
9.7332    30.5516    10.8004
9.738    30.557999    10.8004
9.7444    30.5668    10.8004
9.7716    30.608398    10.8004
9.8068    30.674    10.8004
9.8084    30.6756    10.8004
9.8084    30.6764    10.8004
9.8404    30.7076    10.8004
9.8772    30.736399    10.8004
9.9284    30.7796    10.8004
9.935599    30.784399    10.8004
9.953199    30.788399    10.8004
9.966    30.792398    10.8004
9.9692    30.792398    10.8004
9.970799    30.7932    10.8004
9.9948    30.792398    10.8004
10.0636    30.7916    10.8004
10.0932    30.7916    10.8004
10.1012    30.793999    10.8004
10.1132    30.795599    10.8004
10.1348    30.7988    10.8004
10.1468    30.806799    10.8004
10.1588    30.810799    10.8004
10.1668    30.823599    10.8004
10.1852    30.855598    10.8004
10.1964    30.879599    10.8004
10.2156    30.935598    10.8004
10.2316    30.998798    10.8004
10.238    31.0236    10.8004
10.2452    31.0572    10.8004
10.2452    31.065199    10.8004
10.2492    31.094799    10.8004
10.2492    31.098799    10.8004
10.251599    31.137999    10.8004
10.2508    31.150799    10.8004
10.2492    31.191599    10.8004
10.25    31.225199    10.8004
10.2476    31.2452    10.8004
10.2444    31.277199    10.8004
10.2428    31.284399    10.8004
10.240399    31.3156    10.8004
10.2388    31.3268    10.8004
10.2388    31.3308    10.8004
10.238    31.334799    10.8004
10.2212    31.441198    10.8004
10.2156    31.473999    10.8004
10.205999    31.524399    10.8004
10.2028    31.5388    10.8004
10.1972    31.557999    10.8004
10.1956    31.570799    10.8004
10.1844    31.615599    10.8004
10.183599    31.619598    10.8004
10.1779995    31.6356    10.8004
10.1723995    31.6588    10.8004
10.162    31.691599    10.8004
10.1612    31.695599    10.8004
10.159599    31.701199    10.8004
10.1572    31.706    10.8004
10.1268    31.801199    10.8004
10.11    31.8468    10.8004
10.0996    31.873999    10.8004
10.0876    31.8996    10.8004
10.0748    31.9292    10.8004
10.0724    31.9324    10.8004
10.0484    31.9604    10.8004
10.038    31.97    10.8004
10.0148    31.9884    10.8004
9.9908    32.006    10.8004
9.936399    32.0444    10.8004
9.9324    32.0476    10.8004
9.906799    32.07    10.8004
9.901199    32.077198    10.8004
9.878799    32.113197    10.8004
9.8756    32.1196    10.8004
9.873199    32.1244    10.8004
9.8636    32.146    10.8004
9.8348    32.214    10.8004
9.8244    32.2332    10.8004
9.8068    32.2788    10.8004
9.797999    32.298    10.8004
9.7844    32.3228    10.8004
9.766    32.354797    10.8004
9.7508    32.369198    10.8004
9.7444    32.3764    10.8004
9.738    32.3812    10.8004
9.7164    32.3948    10.8004
9.700399    32.402798    10.8004
9.688399    32.4108    10.8004
9.658    32.4236    10.8004
9.6564    32.4244    10.8004
9.654799    32.4244    10.8004
9.630799    32.4324    10.8004
9.63    32.4316    10.8004
9.602799    32.43    10.8004
9.6004    32.4284    10.8004
9.5764    32.419598    10.8004
9.5524    32.402798    10.8004
9.546    32.398    10.8004
9.5268    32.3836    10.8004
9.526    32.3836    10.8004
9.5212    32.378    10.8004
9.4972    32.349197    10.8004
9.4956    32.346798    10.8004
9.4924    32.343597    10.8004
9.4676    32.306    10.8004
9.4564    32.2852    10.8004
