10.7108    26.8564    12.3004
10.7699995    26.8156    12.3004
10.8132    26.7876    12.3004
10.8484    26.7676    12.3004
10.8972    26.7388    12.3004
10.926    26.723598    12.3004
10.9595995    26.708399    12.3004
10.9892    26.6988    12.3004
11.0124    26.691599    12.3004
11.0252    26.6908    12.3004
11.0548    26.6876    12.3004
11.0596    26.6876    12.3004
11.0636    26.6892    12.3004
11.0828    26.694    12.3004
11.0859995    26.6964    12.3004
11.1092    26.7076    12.3004
11.125199    26.7188    12.3004
11.138    26.73    12.3004
11.1532    26.749199    12.3004
11.1644    26.760399    12.3004
11.186    26.7724    12.3004
11.193999    26.7764    12.3004
11.2123995    26.736399    12.3004
11.2212    26.721199    12.3004
11.2268    26.7132    12.3004
11.2316    26.702    12.3004
11.2508    26.6572    12.3004
11.2652    26.6252    12.3004
11.266    26.6236    12.3004
11.2668    26.621199    12.3004
11.274    26.6068    12.3004
11.3172    26.5164    12.3004
11.354    26.442    12.3004
11.3692    26.4084    12.3004
11.3796    26.385199    12.3004
11.398    26.344398    12.3004
11.441999    26.2556    12.3004
11.447599    26.243599    12.3004
11.464399    26.2108    12.3004
11.4828    26.174    12.3004
11.4883995    26.1652    12.3004
11.526    26.093199    12.3004
11.538799    26.0684    12.3004
11.549999    26.046799    12.3004
11.562799    26.0268    12.3004
11.590799    25.9812    12.3004
11.6332    25.920399    12.3004
11.6396    25.9116    12.3004
11.662    25.8884    12.3004
11.6804    25.8676    12.3004
11.69    25.858    12.3004
11.717199    25.8324    12.3004
11.751599    25.8044    12.3004
11.7564    25.801199    12.3004
11.766    25.7948    12.3004
11.7996    25.7708    12.3004
11.8284    25.7564    12.3004
11.8564    25.743599    12.3004
11.8916    25.73    12.3004
11.9396    25.7132    12.3004
11.9636    25.7044    12.3004
11.9692    25.702799    12.3004
11.9772    25.7004    12.3004
12.0692    25.674    12.3004
12.097199    25.667599    12.3004
12.1404    25.654799    12.3004
12.226    25.6292    12.3004
12.2652    25.6124    12.3004
12.302    25.5964    12.3004
12.315599    25.5884    12.3004
12.338799    25.570799    12.3004
12.349199    25.563599    12.3004
12.373199    25.535599    12.3004
12.3772    25.5308    12.3004
12.3804    25.5268    12.3004
12.4404    25.4492    12.3004
12.464399    25.4196    12.3004
12.4964    25.3716    12.3004
12.5012    25.3652    12.3004
12.510799    25.3492    12.3004
12.5412    25.3004    12.3004
12.5708    25.246    12.3004
12.5876    25.2148    12.3004
12.620399    25.146    12.3004
12.6212    25.1444    12.3004
12.6644    25.052399    12.3004
12.665199    25.0492    12.3004
12.69    24.9932    12.3004
12.7084    24.9532    12.3004
12.7324    24.9012    12.3004
12.7372    24.886799    12.3004
12.7644    24.8244    12.3004
12.7892    24.7564    12.3004
12.8076    24.706799    12.3004
12.8308    24.626    12.3004
12.837199    24.605999    12.3004
12.8636    24.51    12.3004
12.8708    24.4812    12.3004
12.8748    24.4644    12.3004
12.889199    24.4052    12.3004
12.898    24.369999    12.3004
12.9204    24.2724    12.3004
12.9276    24.2428    12.3004
12.936399    24.1884    12.3004
12.9484    24.1124    12.3004
12.95    24.093199    12.3004
12.9516    24.074799    12.3004
12.9539995    24.042799    12.3004
12.9548    23.9988    12.3004
12.9572    23.983599    12.3004
12.947599    23.9644    12.3004
12.9484    23.9524    12.3004
12.9372    23.9396    12.3004
12.934    23.9236    12.3004
12.923599    23.907598    12.3004
12.91    23.8988    12.3004
12.895599    23.8956    12.3004
12.878799    23.8804    12.3004
12.8708    23.881199    12.3004
12.8476    23.8708    12.3004
12.844399    23.8716    12.3004
12.818    23.8708    12.3004
12.786799    23.8748    12.3004
12.7716    23.875599    12.3004
12.7596    23.8772    12.3004
12.7556    23.8772    12.3004
12.751599    23.878    12.3004
12.745999    23.8788    12.3004
12.665999    23.881199    12.3004
12.636399    23.882    12.3004
12.49    23.8828    12.3004
12.470799    23.8828    12.3004
12.4564    23.882    12.3004
12.349999    23.8764    12.3004
12.338799    23.875599    12.3004
12.306    23.8732    12.3004
12.229199    23.8676    12.3004
12.2028    23.864399    12.3004
12.147599    23.8564    12.3004
12.09    23.8492    12.3004
12.0692    23.8468    12.3004
11.998    23.834799    12.3004
11.993199    23.834    12.3004
11.923599    23.8196    12.3004
11.8812    23.8092    12.3004
11.8684    23.806    12.3004
11.8188    23.7908    12.3004
11.802    23.786    12.3004
11.7699995    23.775599    12.3004
11.7268    23.762    12.3004
11.6779995    23.741999    12.3004
11.638    23.726799    12.3004
11.5515995    23.6908    12.3004
11.545199    23.6884    12.3004
11.4724    23.6588    12.3004
11.417999    23.6388    12.3004
11.3804    23.6236    12.3004
11.3588    23.615599    12.3004
11.3484    23.6124    12.3004
11.326799    23.6076    12.3004
11.3076    23.602798    12.3004
11.182799    23.574799    12.3004
11.1748    23.5732    12.3004
11.170799    23.5724    12.3004
11.0844    23.5572    12.3004
11.0588    23.5476    12.3004
11.0484    23.541199    12.3004
11.0428    23.537199    12.3004
11.038    23.5332    12.3004
11.0132    23.5092    12.3004
10.9172    23.413198    12.3004
10.914    23.41    12.3004
10.912399    23.4084    12.3004
10.9092    23.4044    12.3004
10.8028    23.293999    12.3004
10.7596    23.243599    12.3004
10.7268    23.2044    12.3004
10.7148    23.1892    12.3004
10.6988    23.1684    12.3004
10.654799    23.104399    12.3004
10.6332    23.0732    12.3004
10.6244    23.059599    12.3004
10.5748    22.9788    12.3004
10.5548    22.9452    12.3004
10.5308    22.901999    12.3004
10.528399    22.8972    12.3004
10.5132    22.862    12.3004
10.5092    22.854    12.3004
10.5084    22.8508    12.3004
10.5028    22.8244    12.3004
10.5036    22.8036    12.3004
10.504399    22.7964    12.3004
10.505199    22.789999    12.3004
10.5084    22.7628    12.3004
10.5236    22.702799    12.3004
10.5244    22.698    12.3004
10.526    22.6932    12.3004
10.5316    22.6684    12.3004
10.5412    22.637999    12.3004
10.5428    22.6308    12.3004
10.5515995    22.604399    12.3004
10.5612    22.581999    12.3004
10.5644    22.574    12.3004
10.5828    22.55    12.3004
10.5836    22.5476    12.3004
10.5876    22.542799    12.3004
10.6124    22.517199    12.3004
10.620399    22.5108    12.3004
10.638    22.4988    12.3004
10.6476    22.494799    12.3004
10.662    22.485199    12.3004
10.6924    22.47    12.3004
10.699599    22.466799    12.3004
10.711599    22.4636    12.3004
10.7436    22.4508    12.3004
10.7699995    22.4452    12.3004
10.780399    22.4436    12.3004
10.786799    22.442799    12.3004
10.8028    22.438799    12.3004
10.8188    22.4308    12.3004
10.8331995    22.4284    12.3004
10.8404    22.421999    12.3004
10.8692    22.4068    12.3004
10.877999    22.396399    12.3004
10.8756    22.3892    12.3004
10.8796    22.3676    12.3004
10.8907995    22.3484    12.3004
10.889199    22.3372    12.3004
10.8948    22.3228    12.3004
10.8988    22.3156    12.3004
10.901199    22.298    12.3004
10.8988    22.288399    12.3004
10.898    22.282    12.3004
10.8924    22.2484    12.3004
10.8884    22.2316    12.3004
10.8828    22.208399    12.3004
10.878799    22.1868    12.3004
10.872399    22.139599    12.3004
10.8684    22.0844    12.3004
10.866    22.026    12.3004
10.8644    21.9924    12.3004
10.8644    21.9684    12.3004
10.866    21.916399    12.3004
10.8708    21.838    12.3004
10.872399    21.823599    12.3004
10.873199    21.8132    12.3004
10.889999    21.7164    12.3004
10.9052    21.6428    12.3004
10.9092    21.6252    12.3004
10.9292    21.5492    12.3004
10.9324    21.5388    12.3004
10.9548    21.4804    12.3004
10.9612    21.4628    12.3004
10.986    21.397999    12.3004
10.9924    21.3844    12.3004
11.0132    21.3396    12.3004
11.0268    21.310799    12.3004
11.0308    21.3036    12.3004
11.0532    21.262    12.3004
11.058    21.254799    12.3004
11.061999    21.2468    12.3004
11.0868    21.2116    12.3004
11.0996    21.1924    12.3004
11.102799    21.1812    12.3004
11.1172    21.163599    12.3004
11.122    21.1596    12.3004
11.1332    21.1364    12.3004
11.1356    21.1292    12.3004
11.134    21.1108    12.3004
11.137199    21.1028    12.3004
11.138    21.0828    12.3004
11.1435995    21.076399    12.3004
11.1468    21.0532    12.3004
11.1516    21.042    12.3004
11.158    21.0236    12.3004
11.162    21.013199    12.3004
11.1556    20.9972    12.3004
11.158    20.9828    12.3004
11.1524    20.9684    12.3004
11.1532    20.953999    12.3004
11.1476    20.9348    12.3004
11.1452    20.925999    12.3004
11.1276    20.910799    12.3004
11.113999    20.901999    12.3004
11.1052    20.9004    12.3004
11.0724    20.8972    12.3004
11.0604    20.89    12.3004
11.0116    20.8668    12.3004
10.9396    20.842    12.3004
10.934    20.8396    12.3004
10.9172    20.8316    12.3004
10.8764    20.81    12.3004
10.8644    20.805199    12.3004
10.8188    20.7812    12.3004
10.802    20.769999    12.3004
10.7676    20.747599    12.3004
10.734799    20.718    12.3004
10.7268    20.7116    12.3004
10.723599    20.7092    12.3004
10.693999    20.6836    12.3004
10.6723995    20.657999    12.3004
10.6668    20.6532    12.3004
10.6612    20.646    12.3004
10.642799    20.6236    12.3004
10.6324    20.6076    12.3004
10.6228    20.5908    12.3004
10.6156    20.5828    12.3004
10.6116    20.570799    12.3004
10.6068    20.5628    12.3004
10.597199    20.542    12.3004
10.59    20.5092    12.3004
10.585199    20.494    12.3004
10.5828    20.472399    12.3004
10.578    20.453999    12.3004
10.578    20.4436    12.3004
10.57    20.394    12.3004
10.5612    20.3132    12.3004
10.5604    20.3084    12.3004
10.5604    20.305199    12.3004
10.556399    20.260399    12.3004
10.5524    20.2156    12.3004
10.5524    20.2132    12.3004
10.544399    20.1076    12.3004
10.5436    20.09    12.3004
10.538799    20.000399    12.3004
10.538    19.973999    12.3004
10.538    19.8932    12.3004
10.538799    19.8636    12.3004
10.5404    19.812399    12.3004
10.5412    19.7812    12.3004
10.5436    19.730799    12.3004
10.546    19.6884    12.3004
10.550799    19.617199    12.3004
10.5532    19.5852    12.3004
10.5588    19.5292    12.3004
10.5588    19.518799    12.3004
10.5668    19.4748    12.3004
10.567599    19.4684    12.3004
10.57    19.461199    12.3004
10.5836    19.4212    12.3004
10.607599    19.3876    12.3004
10.6108    19.3844    12.3004
10.6164    19.3788    12.3004
10.638    19.3596    12.3004
10.665999    19.334    12.3004
10.7012    19.3028    12.3004
10.7476    19.260399    12.3004
10.7908    19.225199    12.3004
10.866    19.1644    12.3004
10.8804    19.1532    12.3004
10.889199    19.146    12.3004
10.9636    19.0868    12.3004
10.993199    19.063599    12.3004
11.0124    19.0508    12.3004
11.0515995    19.0268    12.3004
11.0724    19.0148    12.3004
11.091599    19.0036    12.3004
11.113999    18.998    12.3004
11.1284    18.9956    12.3004
11.1732    18.9884    12.3004
11.1932    18.989199    12.3004
11.23    18.990799    12.3004
11.2764    18.9956    12.3004
11.282    18.996399    12.3004
11.2884    18.998    12.3004
11.3252    19.0092    12.3004
11.3372    19.013199    12.3004
11.3907995    19.034    12.3004
11.3988    19.037199    12.3004
11.458799    19.057999    12.3004
11.5116    19.0844    12.3004
11.554    19.104399    12.3004
11.6292    19.146    12.3004
11.6532    19.1604    12.3004
11.69    19.1828    12.3004
11.734799    19.2076    12.3004
11.769199    19.226    12.3004
11.834    19.274    12.3004
11.8428    19.2796    12.3004
11.854799    19.2876    12.3004
11.9324    19.3316    12.3004
11.9612    19.3524    12.3004
12.006    19.381199    12.3004
12.090799    19.4364    12.3004
12.1212    19.458    12.3004
12.2316    19.5268    12.3004
12.25    19.5388    12.3004
12.326799    19.581999    12.3004
12.3764    19.6132    12.3004
12.4324    19.6476    12.3004
12.5012    19.6884    12.3004
12.6092    19.754799    12.3004
12.6108    19.754799    12.3004
12.6116    19.7556    12.3004
12.659599    19.7892    12.3004
12.702    19.816399    12.3004
12.7092    19.8212    12.3004
12.7411995    19.8468    12.3004
12.754    19.8596    12.3004
12.778    19.8764    12.3004
12.8276    19.9172    12.3004
12.838799    19.925999    12.3004
12.889199    19.973999    12.3004
12.8907995    19.9756    12.3004
12.8916    19.9764    12.3004
12.938    20.0204    12.3004
12.9772    20.057999    12.3004
13.016399    20.0972    12.3004
13.0356    20.118    12.3004
13.0708    20.150799    12.3004
13.1236    20.2052    12.3004
13.1435995    20.226    12.3004
13.1924    20.2804    12.3004
13.2132    20.3036    12.3004
13.217199    20.3076    12.3004
13.2316    20.323599    12.3004
13.2844    20.381199    12.3004
13.306    20.4052    12.3004
13.3692    20.4764    12.3004
13.3988    20.51    12.3004
13.458799    20.5796    12.3004
13.4604    20.581999    12.3004
13.463599    20.5852    12.3004
13.5548    20.6828    12.3004
13.631599    20.7764    12.3004
13.6516    20.799599    12.3004
13.723599    20.882    12.3004
13.7596    20.9268    12.3004
13.8108    20.9916    12.3004
13.8812    21.081999    12.3004
13.9052    21.1124    12.3004
13.9668    21.1932    12.3004
13.9772    21.206    12.3004
14.004399    21.241999    12.3004
14.0428    21.2916    12.3004
14.056399    21.310799    12.3004
14.0892    21.357199    12.3004
14.142799    21.431599    12.3004
14.1435995    21.4324    12.3004
14.1468    21.437199    12.3004
14.1956    21.507599    12.3004
14.1988    21.5124    12.3004
14.2044    21.5204    12.3004
14.25    21.5828    12.3004
14.2764    21.622799    12.3004
14.326799    21.694    12.3004
14.342799    21.717999    12.3004
14.365999    21.7572    12.3004
14.394    21.798    12.3004
14.4284    21.8548    12.3004
14.4508    21.890799    12.3004
14.4684    21.9196    12.3004
14.5076    21.9772    12.3004
14.5116    21.9828    12.3004
14.5652    22.069199    12.3004
14.5764    22.085999    12.3004
14.5772    22.0884    12.3004
14.6268    22.1612    12.3004
14.6356    22.174    12.3004
14.654799    22.1996    12.3004
14.6612    22.212399    12.3004
14.6796    22.2332    12.3004
14.7076    22.286    12.3004
14.7156    22.2988    12.3004
14.7188    22.3028    12.3004
14.7268    22.3172    12.3004
14.7532    22.362    12.3004
14.778    22.4156    12.3004
14.780399    22.421999    12.3004
14.8116    22.51    12.3004
14.8124    22.514    12.3004
14.826799    22.574    12.3004
14.832399    22.6244    12.3004
14.837199    22.6524    12.3004
14.837999    22.6796    12.3004
14.8356    22.7452    12.3004
14.83    22.786    12.3004
14.8276    22.826    12.3004
14.8132    22.8764    12.3004
14.8043995    22.894    12.3004
14.8043995    22.9196    12.3004
14.8043995    22.93    12.3004
14.8116    22.9524    12.3004
14.8236    22.9756    12.3004
14.8252    22.9804    12.3004
14.8252    22.983599    12.3004
14.8404    23.0084    12.3004
14.8564    23.0212    12.3004
14.8652    23.0332    12.3004
14.8708    23.046    12.3004
14.877199    23.057999    12.3004
14.8988    23.074    12.3004
14.9084    23.0812    12.3004
14.9148    23.0844    12.3004
14.946799    23.098799    12.3004
14.966    23.1108    12.3004
15.006    23.1348    12.3004
15.016399    23.1412    12.3004
15.033199    23.150799    12.3004
15.098    23.1924    12.3004
15.131599    23.212399    12.3004
15.176399    23.2388    12.3004
15.228399    23.2684    12.3004
15.2892    23.2972    12.3004
15.325999    23.3172    12.3004
15.382799    23.3524    12.3004
15.4044    23.366    12.3004
15.418799    23.3748    12.3004
15.434    23.385199    12.3004
15.4716    23.4124    12.3004
15.499599    23.433199    12.3004
15.5292    23.4564    12.3004
15.549999    23.472399    12.3004
15.561999    23.483599    12.3004
15.658799    23.566    12.3004
15.7076    23.6108    12.3004
15.778    23.6716    12.3004
15.8108    23.6996    12.3004
15.8748    23.754799    12.3004
15.8996    23.7764    12.3004
15.917199    23.789999    12.3004
15.9284    23.7988    12.3004
15.9972    23.854    12.3004
16.0196    23.8692    12.3004
16.046799    23.8932    12.3004
16.0732    23.914799    12.3004
16.094    23.933199    12.3004
16.1124    23.9476    12.3004
16.1244    23.9564    12.3004
16.1332    23.9588    12.3004
16.1524    23.966    12.3004
16.163599    23.9684    12.3004
16.174    23.972399    12.3004
16.2004    23.979599    12.3004
16.2164    23.986    12.3004
16.2244    23.989199    12.3004
16.249199    24.0012    12.3004
16.265999    24.0084    12.3004
16.2812    24.0164    12.3004
16.3116    24.031599    12.3004
16.3324    24.042799    12.3004
16.3612    24.057999    12.3004
16.4012    24.074799    12.3004
16.442    24.093199    12.3004
16.4708    24.102798    12.3004
16.498    24.1108    12.3004
16.51    24.114    12.3004
16.5404    24.1204    12.3004
16.5844    24.126799    12.3004
16.6276    24.1332    12.3004
16.6516    24.1364    12.3004
16.697199    24.1412    12.3004
16.7428    24.146    12.3004
16.8148    24.143599    12.3004
16.8412    24.1428    12.3004
16.9268    24.1348    12.3004
16.990799    24.1292    12.3004
17.053999    24.122799    12.3004
17.1436    24.111599    12.3004
17.150799    24.1108    12.3004
17.156399    24.109999    12.3004
17.1612    24.109999    12.3004
17.2596    24.100399    12.3004
17.3116    24.098    12.3004
17.323599    24.098    12.3004
17.334    24.098    12.3004
17.3708    24.0964    12.3004
17.3764    24.097198    12.3004
17.4252    24.1036    12.3004
17.4564    24.1076    12.3004
17.4604    24.108398    12.3004
17.5228    24.1252    12.3004
17.534    24.1292    12.3004
17.587599    24.1484    12.3004
17.5908    24.149199    12.3004
17.622799    24.163599    12.3004
17.6356    24.17    12.3004
17.65    24.1796    12.3004
17.678799    24.1964    12.3004
17.7204    24.226799    12.3004
17.7404    24.2412    12.3004
17.758799    24.2564    12.3004
17.812399    24.299599    12.3004
17.864399    24.342    12.3004
17.9196    24.3884    12.3004
17.9636    24.4292    12.3004
18.022    24.4844    12.3004
18.042    24.5012    12.3004
18.052399    24.5068    12.3004
18.074    24.518799    12.3004
18.09    24.518    12.3004
18.1188    24.513199    12.3004
18.126799    24.513199    12.3004
18.156399    24.513199    12.3004
18.163599    24.514    12.3004
18.1836    24.518    12.3004
18.1996    24.5236    12.3004
18.218    24.529999    12.3004
18.234    24.537199    12.3004
18.2916    24.5612    12.3004
18.302    24.565199    12.3004
18.3828    24.602798    12.3004
18.5388    24.674799    12.3004
18.5612    24.6852    12.3004
18.618    24.712399    12.3004
18.6244    24.7156    12.3004
18.626    24.7164    12.3004
18.6276    24.7172    12.3004
18.685999    24.7508    12.3004
18.706    24.7636    12.3004
18.7092    24.7652    12.3004
18.730799    24.788399    12.3004
18.7372    24.795599    12.3004
18.7444    24.805199    12.3004
18.77    24.8428    12.3004
18.7988    24.89    12.3004
18.8652    25.001999    12.3004
18.8708    25.011599    12.3004
18.878    25.0236    12.3004
18.914799    25.0868    12.3004
18.921999    25.0996    12.3004
18.9236    25.1012    12.3004
18.9652    25.1836    12.3004
18.9684    25.189999    12.3004
18.9756    25.206    12.3004
19.01    25.2852    12.3004
19.013199    25.2916    12.3004
19.0172    25.301199    12.3004
19.0236    25.321999    12.3004
19.0292    25.338    12.3004
19.0364    25.3724    12.3004
19.0388    25.39    12.3004
19.038    25.420399    12.3004
19.0364    25.4436    12.3004
19.0364    25.4508    12.3004
19.035599    25.4548    12.3004
19.0348    25.4604    12.3004
19.029999    25.4932    12.3004
19.0276    25.5084    12.3004
19.022    25.5404    12.3004
19.0172    25.5612    12.3004
19.0052    25.6052    12.3004
19.000399    25.6196    12.3004
18.9812    25.6836    12.3004
18.979599    25.6868    12.3004
18.9564    25.7452    12.3004
18.946    25.7676    12.3004
18.9364    25.7876    12.3004
18.93    25.801199    12.3004
18.914    25.826    12.3004
18.9076    25.834799    12.3004
18.902    25.8412    12.3004
18.878    25.866    12.3004
18.862    25.8804    12.3004
18.8244    25.910799    12.3004
18.802    25.9284    12.3004
18.764399    25.9572    12.3004
18.7108    25.996399    12.3004
18.6892    26.011599    12.3004
18.614    26.0604    12.3004
18.5964    26.0716    12.3004
18.5572    26.094799    12.3004
18.5164    26.1188    12.3004
18.494    26.1332    12.3004
18.483599    26.137999    12.3004
18.462    26.1484    12.3004
18.446    26.154    12.3004
18.4364    26.157999    12.3004
18.4012    26.1652    12.3004
18.3988    26.165998    12.3004
18.397999    26.165998    12.3004
18.364399    26.1612    12.3004
18.338    26.1556    12.3004
18.3332    26.1532    12.3004
18.295599    26.1412    12.3004
18.2788    26.1348    12.3004
18.258    26.1276    12.3004
18.2244    26.113998    12.3004
18.2044    26.1036    12.3004
18.191599    26.097198    12.3004
18.1764    26.09    12.3004
18.157999    26.080399    12.3004
18.1332    26.0612    12.3004
18.128399    26.056398    12.3004
18.1164    26.046    12.3004
18.087599    26.0164    12.3004
18.076399    26.005999    12.3004
18.065199    26.0044    12.3004
18.0436    26.0068    12.3004
18.0116    26.0212    12.3004
18.0068    26.0236    12.3004
17.966    26.0492    12.3004
17.927599    26.0684    12.3004
17.8364    26.1132    12.3004
17.795599    26.1332    12.3004
17.743599    26.154799    12.3004
17.6772    26.182798    12.3004
17.6524    26.191599    12.3004
17.617199    26.2036    12.3004
17.5892    26.2132    12.3004
17.5612    26.219599    12.3004
17.529999    26.226    12.3004
17.5148    26.229198    12.3004
17.501999    26.2316    12.3004
17.461199    26.234798    12.3004
17.420399    26.2372    12.3004
17.3652    26.2372    12.3004
17.338    26.2356    12.3004
17.3308    26.2356    12.3004
17.2836    26.2284    12.3004
17.2572    26.2244    12.3004
17.241999    26.2204    12.3004
17.208399    26.2116    12.3004
17.1932    26.2076    12.3004
17.185999    26.2052    12.3004
17.1572    26.1924    12.3004
17.1484    26.1892    12.3004
17.1124    26.174    12.3004
17.094    26.1668    12.3004
17.018    26.1252    12.3004
16.9924    26.111599    12.3004
16.743599    25.9684    12.3004
16.7356    25.9636    12.3004
16.721199    25.9564    12.3004
16.7012    25.9452    12.3004
16.6388    25.9116    12.3004
16.6308    25.9084    12.3004
16.5996    25.8948    12.3004
16.5908    25.8916    12.3004
16.5668    25.89    12.3004
16.5628    25.8892    12.3004
16.559599    25.8892    12.3004
16.5364    25.8916    12.3004
16.5108    25.897999    12.3004
16.5084    25.8988    12.3004
16.4988    25.9012    12.3004
16.4788    25.9068    12.3004
16.4748    25.9084    12.3004
16.4484    25.918798    12.3004
16.4236    25.9324    12.3004
16.4196    25.9348    12.3004
16.334799    25.986    12.3004
16.3228    25.993198    12.3004
16.3196    25.9956    12.3004
16.1908    26.0892    12.3004
16.1308    26.132399    12.3004
16.0324    26.2036    12.3004
15.935599    26.274    12.3004
15.9324    26.275599    12.3004
15.929999    26.277199    12.3004
15.853999    26.323599    12.3004
15.842    26.33    12.3004
15.7828    26.362799    12.3004
15.7676    26.3716    12.3004
15.721999    26.39    12.3004
15.7156    26.3932    12.3004
15.702    26.3988    12.3004
15.6516    26.418798    12.3004
15.6268    26.4268    12.3004
15.5812    26.4404    12.3004
15.542    26.448399    12.3004
15.505199    26.458    12.3004
15.4164    26.4732    12.3004
15.3907995    26.477999    12.3004
15.1444    26.5156    12.3004
15.1292    26.518    12.3004
15.0084    26.5388    12.3004
15.004399    26.5388    12.3004
14.999599    26.5404    12.3004
14.934    26.556398    12.3004
14.901999    26.562    12.3004
14.861199    26.5732    12.3004
14.831599    26.5836    12.3004
14.8132    26.5908    12.3004
14.7996    26.5964    12.3004
14.781199    26.604399    12.3004
14.7732    26.6068    12.3004
14.762799    26.6132    12.3004
14.734799    26.626799    12.3004
14.7188    26.637999    12.3004
14.700399    26.649199    12.3004
14.6804    26.6628    12.3004
14.6556    26.678799    12.3004
14.641999    26.689999    12.3004
14.601999    26.725199    12.3004
14.5884    26.737999    12.3004
14.5708    26.754    12.3004
14.562799    26.7636    12.3004
14.5364    26.789999    12.3004
14.526799    26.801199    12.3004
14.499599    26.8316    12.3004
14.486    26.8484    12.3004
14.474    26.8652    12.3004
14.4604    26.882    12.3004
14.4436    26.9124    12.3004
14.4332    26.931599    12.3004
14.4052    26.9812    12.3004
14.401999    26.9868    12.3004
14.3972    26.9956    12.3004
14.361199    27.0716    12.3004
14.3452    27.1036    12.3004
14.332399    27.132399    12.3004
14.280399    27.2444    12.3004
14.2556    27.2972    12.3004
14.234799    27.3428    12.3004
14.1972    27.424398    12.3004
14.1908    27.4364    12.3004
14.170799    27.481998    12.3004
14.1292    27.57    12.3004
14.1116    27.609999    12.3004
14.0932    27.6468    12.3004
14.055599    27.726    12.3004
14.0204    27.786798    12.3004
14.010799    27.8044    12.3004
14.002    27.817999    12.3004
13.9564    27.8884    12.3004
13.9548    27.8916    12.3004
13.953199    27.894    12.3004
13.9444    27.906    12.3004
13.9212    27.938    12.3004
13.901999    27.9604    12.3004
13.8804    27.987598    12.3004
13.8748    27.994799    12.3004
13.8348    28.0404    12.3004
13.809999    28.069199    12.3004
13.786799    28.091599    12.3004
13.7411995    28.137999    12.3004
13.733999    28.1444    12.3004
13.7252    28.1524    12.3004
13.7156    28.1596    12.3004
13.6916    28.178799    12.3004
13.6556    28.206    12.3004
13.637199    28.219599    12.3004
13.6228    28.229198    12.3004
13.573199    28.257198    12.3004
13.550799    28.2708    12.3004
13.487599    28.3028    12.3004
13.486799    28.303598    12.3004
13.4844    28.3044    12.3004
13.453199    28.3172    12.3004
13.4508    28.3188    12.3004
13.446    28.3204    12.3004
13.3675995    28.3468    12.3004
13.302    28.364399    12.3004
13.2844    28.369999    12.3004
13.2012    28.3884    12.3004
13.19    28.390799    12.3004
13.1508    28.3972    12.3004
13.0764    28.409199    12.3004
12.9716    28.424398    12.3004
12.8412    28.444399    12.3004
12.7796    28.4532    12.3004
12.75    28.458    12.3004
12.671599    28.472399    12.3004
12.6524    28.4756    12.3004
12.590799    28.485199    12.3004
12.5812    28.487598    12.3004
12.515599    28.505999    12.3004
12.4908    28.5124    12.3004
12.4172    28.5364    12.3004
12.413199    28.538    12.3004
12.4116    28.538    12.3004
12.3364    28.5684    12.3004
12.3124    28.5788    12.3004
12.2308    28.618    12.3004
12.226    28.619598    12.3004
12.2244    28.621199    12.3004
12.214    28.626    12.3004
12.0803995    28.6924    12.3004
12.0004    28.7332    12.3004
11.901999    28.7836    12.3004
11.889199    28.789999    12.3004
11.8596    28.802    12.3004
11.7964    28.829199    12.3004
11.7844    28.834    12.3004
11.7132    28.858    12.3004
11.6932    28.862799    12.3004
11.659599    28.8716    12.3004
11.6396    28.8764    12.3004
11.6244    28.879599    12.3004
11.5892    28.883598    12.3004
11.546    28.8884    12.3004
11.4852    28.885199    12.3004
11.4788    28.885199    12.3004
11.470799    28.8844    12.3004
11.4492    28.882    12.3004
11.4436    28.8804    12.3004
11.4044    28.872398    12.3004
11.3756    28.866798    12.3004
11.37    28.8652    12.3004
11.3619995    28.861198    12.3004
11.3331995    28.8492    12.3004
11.309999    28.842    12.3004
11.3084    28.8412    12.3004
11.3028    28.8436    12.3004
11.274799    28.849998    12.3004
11.266    28.862    12.3004
11.2411995    28.882    12.3004
11.229199    28.896399    12.3004
11.214    28.9116    12.3004
11.1972    28.9284    12.3004
11.17    28.9476    12.3004
11.1668    28.949999    12.3004
11.1636    28.9524    12.3004
11.136399    28.965199    12.3004
11.1268    28.9684    12.3004
11.122    28.9692    12.3004
11.0932    28.972399    12.3004
11.0844    28.972399    12.3004
11.058    28.9692    12.3004
11.046    28.9684    12.3004
11.002    28.9644    12.3004
10.9892    28.962    12.3004
10.934    28.9524    12.3004
10.9084    28.9476    12.3004
10.8572    28.937199    12.3004
10.8043995    28.924398    12.3004
10.7411995    28.91    12.3004
10.682    28.890799    12.3004
10.677199    28.8892    12.3004
10.6748    28.8884    12.3004
10.6491995    28.879599    12.3004
10.6147995    28.866798    12.3004
10.6124    28.866    12.3004
10.602799    28.861198    12.3004
10.5668    28.844398    12.3004
10.5612    28.840399    12.3004
10.5364    28.8188    12.3004
10.5316    28.814798    12.3004
10.528399    28.8116    12.3004
10.5084    28.7932    12.3004
10.4964    28.7764    12.3004
10.4852    28.7612    12.3004
10.4684    28.7284    12.3004
10.462    28.7172    12.3004
10.4604    28.712399    12.3004
10.4372    28.6572    12.3004
10.424399    28.626    12.3004
10.4108    28.5892    12.3004
10.3748    28.486    12.3004
10.3716    28.4772    12.3004
10.3476    28.4068    12.3004
10.3364    28.3716    12.3004
10.326    28.3324    12.3004
10.318    28.289999    12.3004
10.314799    28.277199    12.3004
10.3116    28.258    12.3004
10.309999    28.2428    12.3004
10.309199    28.2188    12.3004
10.3076    28.174    12.3004
10.3076    28.1444    12.3004
10.3076    28.087599    12.3004
10.309999    28.0492    12.3004
10.3132    27.9684    12.3004
10.3164    27.9172    12.3004
10.321199    27.8468    12.3004
10.3236    27.8188    12.3004
10.3316    27.7076    12.3004
10.332399    27.7036    12.3004
10.3331995    27.695599    12.3004
10.338799    27.633999    12.3004
10.3396    27.6276    12.3004
10.343599    27.5796    12.3004
10.349199    27.505999    12.3004
10.349999    27.498798    12.3004
10.3516    27.485199    12.3004
10.355599    27.442799    12.3004
10.3628    27.396399    12.3004
10.366    27.369999    12.3004
10.3692    27.3524    12.3004
10.374    27.3308    12.3004
10.378799    27.2988    12.3004
10.3876    27.2628    12.3004
10.3988    27.206799    12.3004
10.3988    27.2052    12.3004
10.4196    27.1596    12.3004
10.424399    27.15    12.3004
10.438    27.1188    12.3004
10.447599    27.102798    12.3004
10.4636    27.078    12.3004
10.4676    27.0724    12.3004
10.4772    27.0588    12.3004
10.486    27.0492    12.3004
10.498    27.0332    12.3004
10.5156    27.014    12.3004
10.5356    26.993198    12.3004
10.5476    26.9812    12.3004
10.556399    26.9732    12.3004
10.591599    26.942799    12.3004
10.6348    26.9068    12.3004
10.648399    26.8972    12.3004
10.7108    26.8564    12.3004
