22.1532    32.0004    15.9004
22.1684    32.0228    15.9004
22.174799    32.0356    15.9004
22.178    32.05    15.9004
22.1852    32.062798    15.9004
22.178799    32.0916    15.9004
22.178799    32.0924    15.9004
22.178799    32.0932    15.9004
22.1532    32.116398    15.9004
22.1524    32.116398    15.9004
22.15    32.118    15.9004
22.1276    32.1292    15.9004
22.1052    32.134    15.9004
22.102    32.1356    15.9004
22.0732    32.1412    15.9004
22.070799    32.1412    15.9004
22.0452    32.1428    15.9004
22.0404    32.1428    15.9004
22.0148    32.1404    15.9004
22.01    32.138798    15.9004
21.99    32.1324    15.9004
21.9884    32.1316    15.9004
21.965199    32.1244    15.9004
21.9628    32.1236    15.9004
21.938    32.1124    15.9004
21.9308    32.1092    15.9004
21.918    32.1036    15.9004
21.886799    32.0868    15.9004
21.8764    32.079597    15.9004
21.8556    32.065998    15.9004
21.8436    32.0532    15.9004
21.83    32.042    15.9004
21.8228    32.034    15.9004
21.8196    32.0284    15.9004
21.802    32.0076    15.9004
21.7948    31.996399    15.9004
21.7876    31.9844    15.9004
21.782    31.979599    15.9004
21.7796    31.966799    15.9004
21.7724    31.9548    15.9004
21.771599    31.9436    15.9004
21.7724    31.9324    15.9004
21.7708    31.9284    15.9004
21.771599    31.914    15.9004
21.774    31.9028    15.9004
21.7804    31.8932    15.9004
21.789999    31.8732    15.9004
21.8092    31.8524    15.9004
21.817999    31.845999    15.9004
21.8412    31.838799    15.9004
21.8604    31.8356    15.9004
21.892399    31.834799    15.9004
21.8948    31.834799    15.9004
21.909199    31.838799    15.9004
21.934    31.8468    15.9004
21.9404    31.8492    15.9004
21.9476    31.853199    15.9004
21.989199    31.8732    15.9004
22.0276    31.8972    15.9004
22.0364    31.9028    15.9004
22.0588    31.918798    15.9004
22.0868    31.938799    15.9004
22.0908    31.942    15.9004
22.1188    31.966    15.9004
22.143599    31.99    15.9004
22.1476    31.994    15.9004
22.1532    32.0004    15.9004
