15.2204    13.0188    4.5004
15.205999    12.9564    4.5004
15.199599    12.9251995    4.5004
15.193199    12.884399    4.5004
15.188399    12.8428    4.5004
15.181999    12.797999    4.5004
15.1796    12.7764    4.5004
15.1796    12.766    4.5004
15.177199    12.7355995    4.5004
15.1779995    12.6956    4.5004
15.1779995    12.6876    4.5004
15.1779995    12.686    4.5004
15.177199    12.630799    4.5004
15.1779995    12.6164    4.5004
15.1804    12.5884    4.5004
15.1844    12.556399    4.5004
15.1852    12.544399    4.5004
15.1852    12.542    4.5004
15.187599    12.5244    4.5004
15.1924    12.487599    4.5004
15.1988    12.4492    4.5004
15.21    12.4036    4.5004
15.2132    12.394799    4.5004
15.214    12.389999    4.5004
15.226    12.3452    4.5004
15.229199    12.3348    4.5004
15.234799    12.318    4.5004
15.2444    12.2932    4.5004
15.2556    12.268399    4.5004
15.2732    12.229199    4.5004
15.279599    12.2156    4.5004
15.2884    12.1988    4.5004
15.302    12.174    4.5004
15.3076    12.1636    4.5004
15.3124    12.147599    4.5004
15.315599    12.1348    4.5004
15.309999    12.125999    4.5004
15.306    12.120399    4.5004
15.3043995    12.1004    4.5004
15.2956    12.0859995    4.5004
15.2844    12.073999    4.5004
15.2755995    12.0668    4.5004
15.2604    12.0532    4.5004
15.245999    12.038799    4.5004
15.2324    12.0244    4.5004
15.227599    12.0188    4.5004
15.2244    12.0132    4.5004
15.205999    11.986    4.5004
15.2012    11.9724    4.5004
15.1924    11.9452    4.5004
15.17    11.873199    4.5004
15.17    11.8716    4.5004
15.165199    11.8564    4.5004
15.1612    11.8404    4.5004
15.158    11.8244    4.5004
15.1564    11.803599    4.5004
15.154799    11.797199    4.5004
15.154799    11.7796    4.5004
15.153199    11.768399    4.5004
15.153999    11.7604    4.5004
15.1556    11.742    4.5004
15.1612    11.7252    4.5004
15.1692    11.7156    4.5004
15.1804    11.7044    4.5004
15.2076    11.6844    4.5004
15.246799    11.6564    4.5004
15.250799    11.653999    4.5004
15.252399    11.6532    4.5004
15.2604    11.6476    4.5004
15.3907995    11.5612    4.5004
15.418799    11.5412    4.5004
15.4307995    11.5324    4.5004
15.441999    11.5244    4.5004
15.4883995    11.4883995    4.5004
15.4956    11.481999    4.5004
15.533199    11.4508    4.5004
15.556399    11.429999    4.5004
15.578799    11.4092    4.5004
15.6172    11.373199    4.5004
15.6468    11.344399    4.5004
15.677199    11.314    4.5004
15.6956    11.297999    4.5004
15.727599    11.2716    4.5004
15.7308    11.269199    4.5004
15.7532    11.25    4.5004
15.757199    11.2476    4.5004
15.7844    11.2324    4.5004
15.786799    11.2308    4.5004
15.7876    11.2308    4.5004
15.8068    11.228399    4.5004
15.8076    11.228399    4.5004
15.8116    11.229199    4.5004
15.826799    11.2324    4.5004
15.8308    11.233999    4.5004
15.838799    11.2372    4.5004
15.8675995    11.2508    4.5004
15.889999    11.262    4.5004
15.9316    11.2844    4.5004
15.9668    11.3028    4.5004
16.001999    11.322    4.5004
16.018    11.33    4.5004
16.042    11.3428    4.5004
16.078    11.361199    4.5004
16.114    11.378799    4.5004
16.1612    11.401199    4.5004
16.241999    11.4372    4.5004
16.2588    11.4452    4.5004
16.3028    11.464399    4.5004
16.33    11.475599    4.5004
16.3732    11.4908    4.5004
16.3972    11.5036    4.5004
16.409199    11.5076    4.5004
16.4604    11.5292    4.5004
16.4788    11.5364    4.5004
16.4804    11.5372    4.5004
16.4932    11.5476    4.5004
16.4956    11.550799    4.5004
16.501999    11.567599    4.5004
16.5148    11.606    4.5004
16.518    11.620399    4.5004
16.5196    11.6244    4.5004
16.5292    11.6676    4.5004
16.531599    11.6788    4.5004
16.537199    11.717199    4.5004
16.5404    11.740399    4.5004
16.5404    11.746799    4.5004
16.5364    11.7716    4.5004
16.5364    11.774    4.5004
16.5324    11.7828    4.5004
16.5292    11.791599    4.5004
16.5236    11.8043995    4.5004
16.5204    11.8108    4.5004
16.513199    11.8236    4.5004
16.434    11.969999    4.5004
16.414799    12.004399    4.5004
16.403599    12.0236    4.5004
16.3996    12.038    4.5004
16.3932    12.050799    4.5004
16.3916    12.0596    4.5004
16.392399    12.0836    4.5004
16.409199    12.101999    4.5004
16.414799    12.113999    4.5004
16.420399    12.119599    4.5004
16.4364    12.1348    4.5004
16.4604    12.1612    4.5004
16.4692    12.171599    4.5004
16.472399    12.1748    4.5004
16.507599    12.2156    4.5004
16.513199    12.222799    4.5004
16.5196    12.229199    4.5004
16.546    12.262799    4.5004
16.5676    12.2908    4.5004
16.5716    12.2964    4.5004
16.5748    12.3004    4.5004
16.6028    12.3396    4.5004
16.628399    12.378799    4.5004
16.6348    12.3884    4.5004
16.645199    12.406    4.5004
16.673199    12.4508    4.5004
16.6812    12.4636    4.5004
16.7076    12.514    4.5004
16.708399    12.5148    4.5004
16.708399    12.515599    4.5004
16.732399    12.5596    4.5004
16.7388    12.5756    4.5004
16.7564    12.6147995    4.5004
16.762    12.6292    4.5004
16.7812    12.676399    4.5004
16.7948    12.7188    4.5004
16.7988    12.7308    4.5004
16.8036    12.7484    4.5004
16.814    12.781199    4.5004
16.8268    12.8452    4.5004
16.83    12.8588    4.5004
16.8324    12.8692    4.5004
16.8372    12.894799    4.5004
16.8444    12.9276    4.5004
16.845999    12.941999    4.5004
16.854    12.999599    4.5004
16.8556    13.0116    4.5004
16.8556    13.0148    4.5004
16.8596    13.0859995    4.5004
16.8596    13.089999    4.5004
16.8652    13.165199    4.5004
16.8652    13.1812    4.5004
16.868399    13.233999    4.5004
16.8668    13.2987995    4.5004
16.8668    13.309199    4.5004
16.8652    13.365999    4.5004
16.8652    13.3708    4.5004
16.862799    13.4116    4.5004
16.857199    13.4692    4.5004
16.853199    13.5028    4.5004
16.8492    13.533999    4.5004
16.840399    13.607599    4.5004
16.8308    13.670799    4.5004
16.8252    13.6932    4.5004
16.810799    13.7612    4.5004
16.8092    13.7668    4.5004
16.8076    13.7732    4.5004
16.793999    13.8116    4.5004
16.774    13.8596    4.5004
16.760399    13.889199    4.5004
16.749199    13.9084    4.5004
16.722    13.95    4.5004
16.7172    13.9564    4.5004
16.71    13.9668    4.5004
16.6948    13.986    4.5004
16.6764    14.0068    4.5004
16.6484    14.0372    4.5004
16.6428    14.042    4.5004
16.6364    14.0484    4.5004
16.6068    14.0748    4.5004
16.598799    14.082    4.5004
16.5908    14.0884    4.5004
16.559599    14.1108    4.5004
16.5388    14.125199    4.5004
16.4956    14.153199    4.5004
16.4732    14.1668    4.5004
16.4436    14.1804    4.5004
16.409199    14.1964    4.5004
16.378    14.21    4.5004
16.351599    14.217199    4.5004
16.3252    14.226    4.5004
16.31    14.2276    4.5004
16.262    14.2355995    4.5004
16.2596    14.2355995    4.5004
16.2124    14.2372    4.5004
16.2012    14.2372    4.5004
16.1556    14.233999    4.5004
16.1164    14.2268    4.5004
16.0772    14.2212    4.5004
16.0612    14.216399    4.5004
16.0252    14.205999    4.5004
15.9892    14.1924    4.5004
15.969199    14.1844    4.5004
15.9556    14.176399    4.5004
15.8812    14.1332    4.5004
15.8396    14.1052    4.5004
15.8043995    14.0812    4.5004
15.768399    14.0548    4.5004
15.738    14.0308    4.5004
15.710799    14.0092    4.5004
15.6684    13.969999    4.5004
15.660399    13.962    4.5004
15.658799    13.9604    4.5004
15.6491995    13.9508    4.5004
15.619599    13.9172    4.5004
15.590799    13.884399    4.5004
15.5828    13.873199    4.5004
15.5716    13.8588    4.5004
15.561199    13.8412    4.5004
15.555599    13.8331995    4.5004
15.542    13.809999    4.5004
15.5316    13.7908    4.5004
15.5292    13.7852    4.5004
15.5116    13.7476    4.5004
15.499599    13.722    4.5004
15.481199    13.6844    4.5004
15.464399    13.641999    4.5004
15.4572    13.625999    4.5004
15.4492    13.6092    4.5004
15.4332    13.5716    4.5004
15.422    13.5468    4.5004
15.41    13.5188    4.5004
15.401999    13.505199    4.5004
15.3804    13.4604    4.5004
15.372399    13.4452    4.5004
15.3524    13.400399    4.5004
15.338799    13.3708    4.5004
15.3284    13.342799    4.5004
15.319599    13.322    4.5004
15.3076    13.2932    4.5004
15.2932    13.2532    4.5004
15.286799    13.2316    4.5004
15.2676    13.176399    4.5004
15.2612    13.1564    4.5004
15.257199    13.1435995    4.5004
15.2436    13.101999    4.5004
15.229199    13.0515995    4.5004
15.2204    13.0188    4.5004
