23.886799    29.2172    15.0004
23.8716    29.221199    15.0004
23.8612    29.2244    15.0004
23.857199    29.226    15.0004
23.849998    29.2276    15.0004
23.8172    29.2228    15.0004
23.814    29.222    15.0004
23.8084    29.221199    15.0004
23.786    29.2164    15.0004
23.784399    29.2156    15.0004
23.7556    29.180399    15.0004
23.754799    29.1796    15.0004
23.7508    29.150799    15.0004
23.7516    29.1292    15.0004
23.7524    29.125198    15.0004
23.7596    29.094799    15.0004
23.769999    29.0724    15.0004
23.7732    29.0628    15.0004
23.777199    29.052399    15.0004
23.788399    29.033998    15.0004
23.8076    29.0036    15.0004
23.83    28.9748    15.0004
23.849998    28.946    15.0004
23.8788    28.914    15.0004
23.89    28.8988    15.0004
23.9364    28.8468    15.0004
23.9476    28.8324    15.0004
23.97    28.806799    15.0004
23.9932    28.7788    15.0004
23.9972    28.7748    15.0004
24.001999    28.769999    15.0004
24.022799    28.7508    15.0004
24.0508    28.7428    15.0004
24.0564    28.7412    15.0004
24.0756    28.758799    15.0004
24.0812    28.760399    15.0004
24.0852    28.7676    15.0004
24.0908    28.793999    15.0004
24.0924    28.814798    15.0004
24.093199    28.820398    15.0004
24.094799    28.840399    15.0004
24.0956    28.8436    15.0004
24.094799    28.886    15.0004
24.094799    28.8876    15.0004
24.094799    28.8884    15.0004
24.094799    28.8892    15.0004
24.0868    28.942799    15.0004
24.0852    28.9508    15.0004
24.074    28.998798    15.0004
24.062    29.035599    15.0004
24.0564    29.050798    15.0004
24.052399    29.057999    15.0004
24.035599    29.091599    15.0004
24.0204    29.1204    15.0004
24.0156    29.126799    15.0004
23.998    29.1476    15.0004
23.99    29.1556    15.0004
23.9844    29.1596    15.0004
23.965199    29.174799    15.0004
23.953999    29.1812    15.0004
23.9396    29.191599    15.0004
23.9236    29.1988    15.0004
23.913198    29.206    15.0004
23.897999    29.212399    15.0004
23.886799    29.2172    15.0004
