14.2196    35.3876    12.3004
14.2156    35.3868    12.3004
14.214    35.385998    12.3004
14.2028    35.3836    12.3004
14.17    35.3724    12.3004
14.1435995    35.363598    12.3004
14.130799    35.3588    12.3004
14.118    35.354    12.3004
14.1052    35.35    12.3004
14.0748    35.337997    12.3004
14.066    35.3332    12.3004
14.058    35.3292    12.3004
14.0204    35.3124    12.3004
14.006    35.3036    12.3004
13.9724    35.287598    12.3004
13.9452    35.274    12.3004
13.9324    35.266    12.3004
13.8972    35.246    12.3004
13.860399    35.222797    12.3004
13.842799    35.2108    12.3004
13.8012    35.1804    12.3004
13.7308    35.129997    12.3004
13.729199    35.1292    12.3004
13.693999    35.1036    12.3004
13.6676    35.0836    12.3004
13.665199    35.082    12.3004
13.662    35.079597    12.3004
13.6004    35.034798    12.3004
13.573999    35.0188    12.3004
13.57    35.0156    12.3004
13.544399    34.9996    12.3004
13.53    34.9908    12.3004
13.515599    34.9836    12.3004
13.5036    34.9836    12.3004
13.4836    34.9796    12.3004
13.4612    34.986797    12.3004
13.457999    34.9884    12.3004
13.438    35.002    12.3004
13.4276    35.0108    12.3004
13.4052    35.0252    12.3004
13.3812    35.0452    12.3004
13.3244    35.0932    12.3004
13.3116    35.1036    12.3004
13.306    35.107597    12.3004
13.2652    35.1324    12.3004
13.222    35.1596    12.3004
13.210799    35.166798    12.3004
13.1332    35.2084    12.3004
13.131599    35.209198    12.3004
13.130799    35.209198    12.3004
13.1147995    35.2164    12.3004
13.0772    35.2324    12.3004
13.073999    35.2332    12.3004
13.0708    35.233997    12.3004
13.044399    35.2404    12.3004
13.0412    35.242    12.3004
12.9892    35.25    12.3004
12.9844    35.250797    12.3004
12.9732    35.276398    12.3004
12.986    35.2916    12.3004
12.992399    35.294    12.3004
13.0132    35.2964    12.3004
13.014    35.3052    12.3004
13.021199    35.3172    12.3004
13.0372    35.329998    12.3004
13.0571995    35.3388    12.3004
13.084399    35.346798    12.3004
13.1124    35.354797    12.3004
13.1788    35.3812    12.3004
13.205199    35.391598    12.3004
13.2316    35.4004    12.3004
13.2699995    35.413998    12.3004
13.280399    35.4164    12.3004
13.3108    35.4156    12.3004
13.314799    35.4156    12.3004
13.318    35.413998    12.3004
13.349999    35.394    12.3004
13.3524    35.3924    12.3004
13.3532    35.3924    12.3004
13.383599    35.346    12.3004
13.394    35.334    12.3004
13.41    35.315598    12.3004
13.4172    35.3092    12.3004
13.4324    35.2956    12.3004
13.4452    35.286    12.3004
13.4508    35.2812    12.3004
13.462    35.274    12.3004
13.504399    35.2548    12.3004
13.5116    35.2524    12.3004
13.5227995    35.248398    12.3004
13.549999    35.242798    12.3004
13.5604    35.2412    12.3004
13.573999    35.239597    12.3004
13.6036    35.2388    12.3004
13.6156    35.239597    12.3004
13.6564    35.242    12.3004
13.7123995    35.253998    12.3004
13.738    35.2604    12.3004
13.7828    35.2732    12.3004
13.808399    35.2812    12.3004
13.826799    35.2868    12.3004
13.846    35.3028    12.3004
13.8532    35.3068    12.3004
13.8748    35.3284    12.3004
13.8828    35.3364    12.3004
13.8852    35.3372    12.3004
13.9052    35.349197    12.3004
13.922    35.354    12.3004
13.9396    35.3596    12.3004
13.9892    35.377197    12.3004
14.005199    35.382797    12.3004
14.0148    35.3844    12.3004
14.027599    35.3892    12.3004
14.0644    35.406    12.3004
14.0756    35.4124    12.3004
14.0876    35.4156    12.3004
14.120399    35.430798    12.3004
14.13    35.438    12.3004
14.142799    35.4468    12.3004
14.1612    35.4572    12.3004
14.182799    35.469997    12.3004
14.229199    35.4972    12.3004
14.2444    35.5076    12.3004
14.2548    35.514    12.3004
14.2996    35.5428    12.3004
14.3244    35.5604    12.3004
14.3868    35.606    12.3004
14.401199    35.616398    12.3004
14.4796    35.6732    12.3004
14.503599    35.6916    12.3004
14.514    35.7012    12.3004
14.5476    35.7292    12.3004
14.567599    35.7468    12.3004
14.5924    35.7684    12.3004
14.625999    35.806    12.3004
14.629999    35.809998    12.3004
14.6412    35.824398    12.3004
14.65    35.8388    12.3004
14.665199    35.8652    12.3004
14.6684    35.8724    12.3004
14.6796    35.9004    12.3004
14.686    35.9148    12.3004
14.6964    35.945198    12.3004
14.6972    35.9468    12.3004
14.6972    35.9484    12.3004
14.698    35.9548    12.3004
14.699599    35.978    12.3004
14.6964    35.992397    12.3004
14.693199    36.002    12.3004
14.6756    36.05    12.3004
14.670799    36.062798    12.3004
14.6676    36.088398    12.3004
14.6668    36.1004    12.3004
14.67    36.118797    12.3004
14.6732    36.1348    12.3004
14.686    36.1684    12.3004
14.6868    36.17    12.3004
14.6868    36.1708    12.3004
14.69    36.1772    12.3004
14.699599    36.1964    12.3004
14.700399    36.200397    12.3004
14.7076    36.2252    12.3004
14.71    36.248398    12.3004
14.711599    36.2548    12.3004
14.7084    36.2716    12.3004
14.7028    36.2884    12.3004
14.699599    36.2956    12.3004
14.6972    36.2996    12.3004
14.6804    36.326797    12.3004
14.6788    36.3292    12.3004
14.6779995    36.329998    12.3004
14.676399    36.3316    12.3004
14.6628    36.3452    12.3004
14.658799    36.3484    12.3004
14.6508    36.354797    12.3004
14.631599    36.37    12.3004
14.6172    36.378    12.3004
14.61    36.382797    12.3004
14.5892    36.39    12.3004
14.584399    36.391598    12.3004
14.578    36.3924    12.3004
14.533999    36.4036    12.3004
14.521999    36.4068    12.3004
14.504399    36.4164    12.3004
14.4883995    36.4284    12.3004
14.470799    36.4468    12.3004
14.466    36.4572    12.3004
14.4612    36.4748    12.3004
14.463599    36.4948    12.3004
14.4612    36.509197    12.3004
14.4628    36.534798    12.3004
14.462    36.5444    12.3004
14.4548    36.5804    12.3004
14.4539995    36.582798    12.3004
14.4452    36.6004    12.3004
14.441999    36.6044    12.3004
14.438    36.61    12.3004
14.426    36.6268    12.3004
14.4044    36.646797    12.3004
14.3828    36.6636    12.3004
14.3412    36.689198    12.3004
14.313999    36.7052    12.3004
14.302799    36.7124    12.3004
14.263599    36.7332    12.3004
14.240399    36.7468    12.3004
14.221999    36.7556    12.3004
14.1908    36.7716    12.3004
14.171599    36.781998    12.3004
14.1644    36.786    12.3004
14.1268    36.8092    12.3004
14.125999    36.809998    12.3004
14.095599    36.8332    12.3004
14.090799    36.8364    12.3004
14.0708    36.8516    12.3004
14.061999    36.860397    12.3004
14.0524    36.8708    12.3004
14.021199    36.902798    12.3004
14.002    36.9244    12.3004
13.987599    36.938    12.3004
13.963599    36.9572    12.3004
13.9628    36.958    12.3004
13.9595995    36.9604    12.3004
13.9307995    36.975597    12.3004
13.923599    36.978798    12.3004
13.9036    36.9876    12.3004
13.877199    37.001198    12.3004
13.8564    37.014    12.3004
13.843599    37.0228    12.3004
13.832399    37.034    12.3004
13.820399    37.0452    12.3004
13.7908    37.079597    12.3004
13.7852    37.086    12.3004
13.7644    37.1036    12.3004
13.7612    37.1068    12.3004
13.757999    37.1084    12.3004
13.7355995    37.1268    12.3004
13.714    37.138798    12.3004
13.681999    37.1564    12.3004
13.660399    37.1676    12.3004
13.6268    37.183598    12.3004
13.6092    37.1916    12.3004
13.5892    37.200397    12.3004
13.568399    37.2084    12.3004
13.5428    37.214798    12.3004
13.516399    37.2212    12.3004
13.498799    37.2244    12.3004
13.492399    37.2244    12.3004
13.4724    37.2268    12.3004
13.4372    37.2292    12.3004
13.436399    37.2292    12.3004
13.435599    37.2292    12.3004
13.406799    37.23    12.3004
13.3748    37.228397    12.3004
13.3244    37.2212    12.3004
13.3228    37.2212    12.3004
13.2964    37.2188    12.3004
13.2948    37.2188    12.3004
13.262799    37.217197    12.3004
13.262    37.218    12.3004
13.2355995    37.2188    12.3004
13.229199    37.220398    12.3004
13.205199    37.2244    12.3004
13.1924    37.2268    12.3004
13.1572    37.233997    12.3004
13.113199    37.2436    12.3004
13.1052    37.245197    12.3004
13.0996    37.246    12.3004
13.0588    37.25    12.3004
13.0492    37.250797    12.3004
13.0124    37.2532    12.3004
12.986799    37.2524    12.3004
12.963599    37.2516    12.3004
12.936399    37.25    12.3004
12.913199    37.2468    12.3004
12.894    37.2444    12.3004
12.878799    37.242    12.3004
12.877999    37.242    12.3004
12.844399    37.2348    12.3004
12.8068    37.2252    12.3004
12.794    37.222    12.3004
12.7836    37.2188    12.3004
12.742    37.205997    12.3004
12.7196    37.1972    12.3004
12.6876    37.1828    12.3004
12.6732    37.1756    12.3004
12.6268    37.1564    12.3004
12.5932    37.141197    12.3004
12.578799    37.134    12.3004
12.5515995    37.1196    12.3004
12.5308    37.107597    12.3004
12.5252    37.1044    12.3004
12.4916    37.0812    12.3004
12.486    37.0764    12.3004
12.4772    37.0692    12.3004
12.4612    37.058    12.3004
12.4372    37.0332    12.3004
12.4348    37.0316    12.3004
12.4172    37.0108    12.3004
12.4052    36.9964    12.3004
12.4044    36.995598    12.3004
12.3988    36.9908    12.3004
12.373199    36.967598    12.3004
12.361199    36.9612    12.3004
12.343599    36.9524    12.3004
12.3276    36.954    12.3004
12.309999    36.958797    12.3004
12.2836    36.9724    12.3004
12.2796    36.974    12.3004
12.278    36.9748    12.3004
12.23    37.0028    12.3004
12.2268    37.0044    12.3004
12.2188    37.0084    12.3004
12.200399    37.0172    12.3004
12.19    37.0196    12.3004
12.1748    37.0244    12.3004
12.136399    37.034798    12.3004
12.0948    37.0436    12.3004
12.054    37.0524    12.3004
11.9883995    37.0644    12.3004
11.970799    37.0668    12.3004
11.9444    37.07    12.3004
11.9284    37.071598    12.3004
11.922    37.0724    12.3004
11.8748    37.0724    12.3004
11.8708    37.0724    12.3004
11.866    37.0724    12.3004
11.837999    37.0708    12.3004
11.8076    37.0676    12.3004
11.791599    37.0652    12.3004
11.766    37.058    12.3004
11.7644    37.058    12.3004
11.763599    37.057198    12.3004
11.7148    37.0412    12.3004
11.665999    37.020397    12.3004
11.6572    37.0172    12.3004
11.6508    37.0132    12.3004
11.6108    36.9948    12.3004
11.602799    36.989998    12.3004
11.5876    36.9804    12.3004
11.567599    36.9684    12.3004
11.544399    36.953197    12.3004
11.538    36.9492    12.3004
11.5292    36.9436    12.3004
11.5084    36.9292    12.3004
11.498    36.9204    12.3004
11.4828    36.9076    12.3004
11.4595995    36.8892    12.3004
11.452399    36.882    12.3004
11.4324    36.860397    12.3004
11.4276    36.854797    12.3004
11.4156    36.8404    12.3004
11.401199    36.826    12.3004
11.3876    36.806    12.3004
11.37    36.7836    12.3004
11.3404    36.737198    12.3004
11.338799    36.7348    12.3004
11.3372    36.7324    12.3004
11.314    36.6868    12.3004
11.297999    36.6524    12.3004
11.2876    36.627598    12.3004
11.282    36.6116    12.3004
11.2772    36.5948    12.3004
11.2732    36.5692    12.3004
11.2708    36.5476    12.3004
11.2699995    36.5332    12.3004
11.269199    36.526    12.3004
11.269199    36.512398    12.3004
11.269199    36.475597    12.3004
11.263599    36.458797    12.3004
11.262799    36.4436    12.3004
11.257199    36.4284    12.3004
11.2364    36.4012    12.3004
11.2324    36.3956    12.3004
11.2308    36.393997    12.3004
11.2123995    36.3764    12.3004
11.1788    36.3484    12.3004
11.1723995    36.3428    12.3004
11.1692    36.3396    12.3004
11.146    36.3148    12.3004
11.1444    36.3108    12.3004
11.130799    36.2916    12.3004
11.1236    36.2748    12.3004
11.119599    36.266    12.3004
11.1156    36.253998    12.3004
11.1116    36.2404    12.3004
11.1044    36.214798    12.3004
11.101999    36.200397    12.3004
11.096399    36.1652    12.3004
11.096399    36.161198    12.3004
11.0956    36.1596    12.3004
11.0892    36.107597    12.3004
11.085199    36.0612    12.3004
11.0844    36.0492    12.3004
11.0844    36.0444    12.3004
11.085199    35.9772    12.3004
11.085199    35.9556    12.3004
11.0844    35.913998    12.3004
11.085199    35.8844    12.3004
11.0876    35.8452    12.3004
11.0932    35.7948    12.3004
11.096399    35.7604    12.3004
11.1068    35.6908    12.3004
11.113999    35.6468    12.3004
11.1268    35.5876    12.3004
11.1268    35.5844    12.3004
11.1276    35.5812    12.3004
11.141999    35.534798    12.3004
11.1588    35.486797    12.3004
11.1668    35.466    12.3004
11.1796    35.4356    12.3004
11.1988    35.394    12.3004
11.2188    35.352398    12.3004
11.2372    35.315598    12.3004
11.2411995    35.3092    12.3004
11.2476    35.298798    12.3004
11.2652    35.2684    12.3004
11.268399    35.2636    12.3004
11.2708    35.25    12.3004
11.2699995    35.23    12.3004
11.262799    35.217197    12.3004
11.2548    35.1988    12.3004
11.2452    35.194    12.3004
11.2084    35.1708    12.3004
11.2036    35.1676    12.3004
11.1748    35.1484    12.3004
11.146    35.1252    12.3004
11.142799    35.121998    12.3004
11.118    35.0948    12.3004
11.1164    35.0924    12.3004
11.073999    35.0308    12.3004
11.050799    34.995598    12.3004
11.0308    34.9652    12.3004
10.9716    34.8708    12.3004
10.9204    34.7908    12.3004
10.8948    34.748398    12.3004
10.87    34.709198    12.3004
10.8564    34.69    12.3004
10.843599    34.6708    12.3004
10.8196    34.6452    12.3004
10.8068    34.6324    12.3004
10.797999    34.6292    12.3004
10.7764    34.6204    12.3004
10.7684    34.6236    12.3004
10.7508    34.6284    12.3004
10.7252    34.6428    12.3004
10.7196    34.646    12.3004
10.711599    34.6532    12.3004
10.7036    34.6636    12.3004
10.698    34.6748    12.3004
10.689199    34.6884    12.3004
10.670799    34.7332    12.3004
10.6676    34.742    12.3004
10.6644    34.748398    12.3004
10.6644    34.75    12.3004
10.6452    34.7892    12.3004
10.6268    34.821198    12.3004
10.620399    34.832397    12.3004
10.61    34.849197    12.3004
10.5892    34.8796    12.3004
10.5844    34.8852    12.3004
10.5788    34.89    12.3004
10.5571995    34.9068    12.3004
10.544399    34.918    12.3004
10.5412    34.9204    12.3004
10.538    34.9212    12.3004
10.504399    34.9324    12.3004
10.4796    34.9404    12.3004
10.45    34.947598    12.3004
10.434    34.95    12.3004
10.4196    34.953197    12.3004
10.4092    34.953197    12.3004
10.383599    34.9548    12.3004
10.37    34.9524    12.3004
10.344399    34.9524    12.3004
10.3412    34.9516    12.3004
10.3331995    34.9492    12.3004
10.2996    34.941998    12.3004
10.2788    34.9348    12.3004
10.2492    34.9244    12.3004
10.2204    34.9116    12.3004
10.198    34.9012    12.3004
10.1644    34.880398    12.3004
10.1452    34.863598    12.3004
10.1396    34.860397    12.3004
10.130799    34.852398    12.3004
10.11    34.8348    12.3004
10.082    34.8084    12.3004
10.079599    34.806    12.3004
10.0571995    34.7828    12.3004
10.039599    34.759598    12.3004
10.0324    34.750797    12.3004
10.0244    34.7388    12.3004
10.016399    34.7268    12.3004
10.005199    34.709198    12.3004
10.0012    34.7012    12.3004
9.993199    34.6852    12.3004
9.986    34.6676    12.3004
9.9748    34.6396    12.3004
9.9692    34.6212    12.3004
9.964399    34.610798    12.3004
9.953199    34.568398    12.3004
9.95    34.5548    12.3004
9.947599    34.5476    12.3004
9.9396    34.51    12.3004
9.934    34.4596    12.3004
9.9307995    34.4292    12.3004
9.929999    34.418    12.3004
9.9307995    34.41    12.3004
9.929999    34.377197    12.3004
9.9316    34.365997    12.3004
9.9332    34.3396    12.3004
9.9388    34.3116    12.3004
9.9444    34.3012    12.3004
9.9548    34.2828    12.3004
9.9628    34.2716    12.3004
9.9788    34.245197    12.3004
9.99    34.23    12.3004
9.998    34.217197    12.3004
10.0116    34.194    12.3004
10.0204    34.1644    12.3004
10.021999    34.1572    12.3004
10.0236    34.134    12.3004
10.0292    34.0356    12.3004
10.033199    34.0076    12.3004
10.0364    33.984398    12.3004
10.046    33.9516    12.3004
10.056399    33.9276    12.3004
10.0652    33.9116    12.3004
10.0772    33.894    12.3004
10.0876    33.878    12.3004
10.119599    33.8404    12.3004
10.1348    33.822    12.3004
10.1476    33.809998    12.3004
10.1636    33.7916    12.3004
10.1804    33.7684    12.3004
10.183599    33.7492    12.3004
10.1924    33.7308    12.3004
10.193999    33.725998    12.3004
10.1916    33.711597    12.3004
10.1916    33.697998    12.3004
10.1852    33.6852    12.3004
10.1804    33.67    12.3004
10.1796    33.6676    12.3004
10.177199    33.6588    12.3004
10.1723995    33.6492    12.3004
10.160399    33.624397    12.3004
10.13    33.562798    12.3004
10.1188    33.540398    12.3004
10.1068    33.512398    12.3004
10.0571995    33.3964    12.3004
10.0524    33.3844    12.3004
10.039599    33.3532    12.3004
10.0364    33.3404    12.3004
10.0244    33.2996    12.3004
10.0092    33.2444    12.3004
9.9972    33.1956    12.3004
9.9836    33.1364    12.3004
9.970799    33.077198    12.3004
9.966    33.0524    12.3004
9.953199    32.9892    12.3004
9.9524    32.9828    12.3004
9.9508    32.973198    12.3004
9.9492    32.9444    12.3004
9.947599    32.934    12.3004
9.947599    32.9092    12.3004
9.9484    32.9004    12.3004
9.9508    32.89    12.3004
9.9684    32.8444    12.3004
9.9748    32.832397    12.3004
9.981999    32.818798    12.3004
10.018    32.753998    12.3004
10.058    32.683598    12.3004
10.113999    32.5844    12.3004
10.1404    32.5452    12.3004
10.1676    32.5116    12.3004
10.1732    32.5044    12.3004
10.1932    32.4828    12.3004
10.217999    32.4612    12.3004
10.222799    32.4572    12.3004
10.2276    32.454    12.3004
10.25    32.4356    12.3004
10.2612    32.4284    12.3004
10.278    32.4148    12.3004
10.3236    32.3876    12.3004
10.326    32.385998    12.3004
10.3276    32.3852    12.3004
10.3284    32.3852    12.3004
10.3292    32.3844    12.3004
10.3572    32.374798    12.3004
10.3852    32.3772    12.3004
10.3884    32.378    12.3004
10.486    32.4012    12.3004
10.5308    32.4116    12.3004
10.5348    32.4108    12.3004
10.561999    32.402798    12.3004
10.5652    32.3996    12.3004
10.591599    32.374798    12.3004
10.596399    32.37    12.3004
10.61    32.354797    12.3004
10.6435995    32.3172    12.3004
10.6556    32.302    12.3004
10.6756    32.281998    12.3004
10.686    32.2724    12.3004
10.711599    32.2476    12.3004
10.722    32.239597    12.3004
10.7476    32.2244    12.3004
10.7508    32.222797    12.3004
10.7532    32.222    12.3004
10.7788    32.2132    12.3004
10.7892    32.2132    12.3004
10.814799    32.211597    12.3004
10.8236    32.211597    12.3004
10.8532    32.214    12.3004
10.8588    32.214798    12.3004
10.8675995    32.2156    12.3004
10.8884    32.220398    12.3004
10.894    32.222797    12.3004
10.9196    32.2332    12.3004
10.9404    32.2468    12.3004
10.9548    32.2556    12.3004
11.0004    32.2828    12.3004
11.0236    32.2956    12.3004
11.044399    32.306    12.3004
11.0556    32.3116    12.3004
11.0756    32.318798    12.3004
11.0844    32.322    12.3004
11.0996    32.326    12.3004
11.205999    32.35    12.3004
11.2212    32.3532    12.3004
11.234799    32.3572    12.3004
11.3116    32.3812    12.3004
11.3228    32.3852    12.3004
11.325999    32.3852    12.3004
11.3924    32.406    12.3004
11.406799    32.4092    12.3004
11.4404    32.4108    12.3004
11.4404    32.41    12.3004
11.4788    32.408398    12.3004
11.5036    32.4044    12.3004
11.5204    32.4004    12.3004
11.5356    32.3948    12.3004
11.5652    32.3844    12.3004
11.6164    32.365997    12.3004
11.6244    32.363598    12.3004
11.6852    32.3404    12.3004
11.7316    32.322    12.3004
11.7452    32.318    12.3004
11.7836    32.302    12.3004
11.831599    32.2868    12.3004
11.8331995    32.286    12.3004
11.8356    32.2852    12.3004
11.91    32.262    12.3004
11.9348    32.253998    12.3004
11.946799    32.25    12.3004
11.969999    32.2476    12.3004
11.9836    32.2436    12.3004
12.009999    32.2412    12.3004
12.0292    32.2404    12.3004
12.07    32.2436    12.3004
12.106    32.246    12.3004
12.1684    32.2532    12.3004
12.1684    32.2524    12.3004
12.2028    32.2492    12.3004
12.2084    32.2468    12.3004
12.234799    32.239597    12.3004
12.2596    32.228397    12.3004
12.266    32.2252    12.3004
12.2772    32.218    12.3004
12.3196    32.1916    12.3004
12.422    32.1284    12.3004
12.4276    32.1252    12.3004
12.441999    32.118    12.3004
12.4628    32.107597    12.3004
12.481999    32.0988    12.3004
12.5292    32.082798    12.3004
12.5836    32.0676    12.3004
12.6012    32.062    12.3004
12.6644    32.0428    12.3004
12.723599    32.0252    12.3004
12.728399    32.023598    12.3004
12.7532    32.0164    12.3004
12.814799    31.998798    12.3004
12.8412    31.9884    12.3004
12.8484    31.9868    12.3004
12.8628    31.9804    12.3004
12.883599    31.9732    12.3004
12.9108    31.961199    12.3004
12.9404    31.9492    12.3004
12.9676    31.938    12.3004
12.981199    31.9308    12.3004
13.0148    31.9124    12.3004
13.0204    31.909199    12.3004
13.0548    31.8884    12.3004
13.141999    31.8308    12.3004
13.1468    31.827599    12.3004
13.1788    31.809198    12.3004
13.202    31.7972    12.3004
13.2067995    31.7948    12.3004
13.2084    31.7948    12.3004
13.229199    31.7876    12.3004
13.2508    31.7796    12.3004
13.251599    31.7788    12.3004
13.252399    31.7788    12.3004
13.2588    31.777199    12.3004
13.3068    31.762798    12.3004
13.3284    31.757198    12.3004
13.3476    31.751598    12.3004
13.3652    31.7508    12.3004
13.3764    31.749199    12.3004
13.3932    31.7484    12.3004
13.4036    31.7484    12.3004
13.412399    31.7508    12.3004
13.423599    31.7524    12.3004
13.441199    31.7556    12.3004
13.4948    31.7748    12.3004
13.5092    31.7804    12.3004
13.53    31.786798    12.3004
13.544399    31.7908    12.3004
13.5571995    31.7908    12.3004
13.5724    31.7948    12.3004
13.5892    31.792398    12.3004
13.6044    31.792398    12.3004
13.6124    31.7908    12.3004
13.670799    31.773998    12.3004
13.6812    31.771599    12.3004
13.698    31.7668    12.3004
13.768399    31.7444    12.3004
13.7964    31.736399    12.3004
13.7996    31.7356    12.3004
13.8348    31.725199    12.3004
13.877199    31.722    12.3004
13.8796    31.721199    12.3004
13.8804    31.721199    12.3004
13.9396    31.7188    12.3004
13.9604    31.7188    12.3004
14.009999    31.7204    12.3004
14.0436    31.7228    12.3004
14.062799    31.723598    12.3004
14.125199    31.726799    12.3004
14.136399    31.7276    12.3004
14.158    31.7316    12.3004
14.194799    31.736399    12.3004
14.205199    31.7396    12.3004
14.2268    31.7468    12.3004
14.2428    31.751598    12.3004
14.245999    31.753199    12.3004
14.263599    31.762798    12.3004
14.268399    31.7652    12.3004
14.33    31.8044    12.3004
14.3412    31.812399    12.3004
14.3468    31.8156    12.3004
14.3684    31.8284    12.3004
14.3924    31.8436    12.3004
14.400399    31.8468    12.3004
14.4307995    31.855598    12.3004
14.5004    31.868399    12.3004
14.550799    31.8772    12.3004
14.5636    31.8804    12.3004
14.5652    31.881199    12.3004
14.590799    31.89    12.3004
14.608399    31.9012    12.3004
14.6236    31.9124    12.3004
14.6396    31.9236    12.3004
14.6748    31.9508    12.3004
14.6956    31.97    12.3004
14.710799    31.985199    12.3004
14.721999    31.998    12.3004
14.728399    32.0084    12.3004
14.7372    32.026    12.3004
14.742    32.038    12.3004
14.745999    32.058    12.3004
14.745199    32.062798    12.3004
14.7476    32.0932    12.3004
14.7476    32.1412    12.3004
14.750799    32.1868    12.3004
14.752399    32.2012    12.3004
14.754    32.2156    12.3004
14.757999    32.231598    12.3004
14.7676    32.2516    12.3004
14.7764    32.262    12.3004
14.7987995    32.276398    12.3004
14.8132    32.2804    12.3004
14.8276    32.2868    12.3004
14.8331995    32.2884    12.3004
14.8796    32.298798    12.3004
14.9036    32.304398    12.3004
14.9332    32.3092    12.3004
14.975599    32.318798    12.3004
15.0004    32.3252    12.3004
15.005199    32.3276    12.3004
15.0068    32.3276    12.3004
15.039599    32.341198    12.3004
15.067599    32.357998    12.3004
15.0772    32.3628    12.3004
15.0924    32.371597    12.3004
15.108399    32.382    12.3004
15.124399    32.3956    12.3004
15.1508    32.4236    12.3004
15.1524    32.426    12.3004
15.1524    32.4268    12.3004
15.170799    32.456398    12.3004
15.1852    32.489998    12.3004
15.188399    32.4964    12.3004
15.188399    32.4972    12.3004
15.189199    32.4988    12.3004
15.199599    32.534    12.3004
15.202    32.5444    12.3004
15.2067995    32.57    12.3004
15.211599    32.6084    12.3004
15.2123995    32.614    12.3004
15.2132    32.6228    12.3004
15.2156    32.6548    12.3004
15.2148    32.6684    12.3004
15.2148    32.69    12.3004
15.211599    32.750797    12.3004
15.2092    32.7884    12.3004
15.2084    32.8036    12.3004
15.205999    32.8428    12.3004
15.205199    32.869198    12.3004
15.2067995    32.8788    12.3004
15.2084    32.8884    12.3004
15.210799    32.9044    12.3004
15.2148    32.9148    12.3004
15.222799    32.9268    12.3004
15.2324    32.938    12.3004
15.239599    32.9444    12.3004
15.2764    32.9708    12.3004
15.282    32.9748    12.3004
15.286799    32.978798    12.3004
15.29    32.9796    12.3004
15.321199    32.9948    12.3004
15.33    32.997997    12.3004
15.3996    33.017998    12.3004
15.4332    33.026    12.3004
15.4804    33.0428    12.3004
15.4828    33.0444    12.3004
15.504399    33.062    12.3004
15.505199    33.062798    12.3004
15.506    33.0636    12.3004
15.5068    33.0644    12.3004
15.545199    33.118797    12.3004
15.549999    33.1228    12.3004
15.5708    33.138    12.3004
15.5756    33.1412    12.3004
15.585199    33.144398    12.3004
15.6164    33.158    12.3004
15.634    33.1652    12.3004
15.6491995    33.1732    12.3004
15.6756    33.189198    12.3004
15.681999    33.1932    12.3004
15.6852    33.1964    12.3004
15.6972    33.21    12.3004
15.710799    33.2244    12.3004
15.7123995    33.225998    12.3004
15.7204    33.2364    12.3004
15.774799    33.2996    12.3004
15.779599    33.3036    12.3004
15.803599    33.321198    12.3004
15.8068    33.3236    12.3004
15.83    33.326797    12.3004
15.8348    33.3284    12.3004
15.838799    33.3284    12.3004
15.877199    33.3236    12.3004
15.941199    33.313198    12.3004
15.9428    33.313198    12.3004
15.9436    33.3124    12.3004
15.9484    33.3124    12.3004
15.980399    33.309998    12.3004
15.9956    33.3124    12.3004
16.0028    33.3124    12.3004
16.0148    33.318    12.3004
16.024399    33.321198    12.3004
16.042    33.332397    12.3004
16.0508    33.337997    12.3004
16.087599    33.363598    12.3004
16.100399    33.371597    12.3004
16.1052    33.3756    12.3004
16.1404    33.408398    12.3004
16.174    33.4412    12.3004
16.213999    33.4876    12.3004
16.222    33.4972    12.3004
16.2244    33.5004    12.3004
16.2396    33.5308    12.3004
16.2524    33.5644    12.3004
16.254    33.57    12.3004
16.254799    33.5724    12.3004
16.2564    33.579597    12.3004
16.2684    33.616398    12.3004
16.27    33.629997    12.3004
16.278    33.666798    12.3004
16.2804    33.6772    12.3004
16.2764    33.69    12.3004
16.2724    33.722797    12.3004
16.2684    33.739597    12.3004
16.260399    33.7644    12.3004
16.247599    33.8124    12.3004
16.230799    33.871597    12.3004
16.2244    33.894    12.3004
16.2188    33.9108    12.3004
16.1948    33.9948    12.3004
16.1772    34.05    12.3004
16.174    34.062    12.3004
16.1644    34.0924    12.3004
16.1436    34.155598    12.3004
16.1364    34.1788    12.3004
16.1244    34.200397    12.3004
16.1188    34.214    12.3004
16.1084    34.2308    12.3004
16.104399    34.239597    12.3004
16.09    34.2572    12.3004
16.0836    34.2668    12.3004
16.0724    34.281998    12.3004
16.042    34.3172    12.3004
16.0116    34.354    12.3004
15.997999    34.3708    12.3004
15.992399    34.377197    12.3004
15.957999    34.4156    12.3004
15.9484    34.4276    12.3004
15.9428    34.434    12.3004
15.9092    34.466    12.3004
15.884399    34.4908    12.3004
15.877199    34.497997    12.3004
15.860399    34.512398    12.3004
15.8364    34.534    12.3004
15.8068    34.5548    12.3004
15.7892    34.5676    12.3004
15.769199    34.5804    12.3004
15.7596    34.585197    12.3004
15.726    34.601997    12.3004
15.722799    34.6028    12.3004
15.700399    34.6092    12.3004
15.6868    34.613197    12.3004
15.682799    34.6148    12.3004
15.6812    34.6148    12.3004
15.6748    34.6156    12.3004
15.6388    34.6196    12.3004
15.596399    34.6196    12.3004
15.582    34.6196    12.3004
15.5652    34.618    12.3004
15.5227995    34.616398    12.3004
15.4883995    34.6116    12.3004
15.4684    34.607597    12.3004
15.426    34.5948    12.3004
15.413199    34.590797    12.3004
15.3692    34.5764    12.3004
15.3652    34.5748    12.3004
15.3644    34.573997    12.3004
15.337999    34.5556    12.3004
15.3331995    34.551598    12.3004
15.313999    34.529198    12.3004
15.280399    34.4852    12.3004
15.246799    34.4388    12.3004
15.2444    34.436398    12.3004
15.2044    34.3732    12.3004
15.2036    34.3724    12.3004
15.202    34.371597    12.3004
15.200399    34.3684    12.3004
15.1684    34.3292    12.3004
15.162    34.3284    12.3004
15.131599    34.3316    12.3004
15.1172    34.3508    12.3004
15.1156    34.354797    12.3004
15.106    34.374    12.3004
15.1004    34.377197    12.3004
15.0932    34.3868    12.3004
15.0828    34.402    12.3004
15.0748    34.418    12.3004
15.0652    34.434    12.3004
15.046    34.4692    12.3004
15.0292    34.4948    12.3004
15.0132    34.5188    12.3004
14.981199    34.5676    12.3004
14.969999    34.5836    12.3004
14.953199    34.606    12.3004
14.946    34.616398    12.3004
14.9372    34.6284    12.3004
14.911599    34.654    12.3004
14.906799    34.6588    12.3004
14.9044    34.6604    12.3004
14.882    34.6788    12.3004
14.8692    34.6868    12.3004
14.854    34.6956    12.3004
14.808399    34.7212    12.3004
14.79    34.7332    12.3004
14.7732    34.742    12.3004
14.763599    34.748398    12.3004
14.745199    34.7636    12.3004
14.739599    34.7684    12.3004
14.728399    34.7908    12.3004
14.723599    34.7972    12.3004
14.7244    34.818798    12.3004
14.721999    34.8284    12.3004
14.723599    34.842    12.3004
14.7252    34.852398    12.3004
14.7276    34.865997    12.3004
14.7332    34.8908    12.3004
14.734799    34.898    12.3004
14.740399    34.919598    12.3004
14.746799    34.9468    12.3004
14.7644    35.017998    12.3004
14.7644    35.0188    12.3004
14.7644    35.0196    12.3004
14.7708    35.0524    12.3004
14.7708    35.0612    12.3004
14.7716    35.0804    12.3004
14.7708    35.098    12.3004
14.7699995    35.101997    12.3004
14.7676    35.107597    12.3004
14.7604    35.1348    12.3004
14.739599    35.194    12.3004
14.7355995    35.205997    12.3004
14.7332    35.2132    12.3004
14.7148    35.2676    12.3004
14.7084    35.2812    12.3004
14.693999    35.3012    12.3004
14.6852    35.3084    12.3004
14.676399    35.3148    12.3004
14.654799    35.326797    12.3004
14.6435995    35.332397    12.3004
14.6164    35.346    12.3004
14.5828    35.360397    12.3004
14.5644    35.3684    12.3004
14.5515995    35.3732    12.3004
14.515599    35.385998    12.3004
14.493199    35.3932    12.3004
14.476399    35.3988    12.3004
14.469999    35.4004    12.3004
14.4204    35.4124    12.3004
14.384399    35.4156    12.3004
14.37    35.4156    12.3004
14.3564    35.4148    12.3004
14.3412    35.4132    12.3004
14.2956    35.4044    12.3004
14.2844    35.402    12.3004
14.274799    35.4004    12.3004
14.2196    35.3876    12.3004
