23.2276    28.6444    12.0004
23.221199    28.6668    12.0004
23.2172    28.6796    12.0004
23.2036    28.7148    12.0004
23.1908    28.7396    12.0004
23.185999    28.7508    12.0004
23.166    28.782799    12.0004
23.156399    28.799599    12.0004
23.132399    28.8284    12.0004
23.122    28.8412    12.0004
23.1076    28.8564    12.0004
23.100399    28.864399    12.0004
23.0924    28.872398    12.0004
23.0732    28.890799    12.0004
23.0628    28.8996    12.0004
23.0612    28.9012    12.0004
23.0572    28.903599    12.0004
23.0348    28.9196    12.0004
23.028399    28.924398    12.0004
22.998    28.944399    12.0004
22.9956    28.946    12.0004
22.9868    28.9516    12.0004
22.9436    28.976398    12.0004
22.862    29.022799    12.0004
22.845999    29.031599    12.0004
22.8172    29.048399    12.0004
22.8084    29.052399    12.0004
22.7908    29.0668    12.0004
22.778    29.074    12.0004
22.7612    29.0852    12.0004
22.732399    29.1068    12.0004
22.7108    29.126    12.0004
22.666    29.161999    12.0004
22.6364    29.1852    12.0004
22.6036    29.208399    12.0004
22.5828    29.2228    12.0004
22.557999    29.2372    12.0004
22.535599    29.249199    12.0004
22.5124    29.2612    12.0004
22.4692    29.2788    12.0004
22.4604    29.282    12.0004
22.4548    29.284399    12.0004
22.4284    29.2932    12.0004
22.401999    29.302    12.0004
22.392399    29.3044    12.0004
22.3188    29.3252    12.0004
22.2764    29.333199    12.0004
22.2108    29.3468    12.0004
22.150799    29.3564    12.0004
22.1244    29.3604    12.0004
22.111599    29.362    12.0004
22.059599    29.3676    12.0004
22.026    29.369999    12.0004
22.000399    29.369999    12.0004
21.990799    29.3692    12.0004
21.9756    29.3708    12.0004
21.9292    29.368399    12.0004
21.9244    29.368399    12.0004
21.9236    29.3676    12.0004
21.885199    29.362799    12.0004
21.854    29.349998    12.0004
21.838799    29.340399    12.0004
21.821999    29.33    12.0004
21.8132    29.321999    12.0004
21.7908    29.301199    12.0004
21.782799    29.2836    12.0004
21.778    29.2708    12.0004
21.777199    29.247599    12.0004
21.778    29.2388    12.0004
21.7796    29.2116    12.0004
21.7804    29.2036    12.0004
21.788399    29.1756    12.0004
21.8044    29.136398    12.0004
21.806    29.1332    12.0004
21.834    29.067598    12.0004
21.8612    28.998798    12.0004
21.8828    28.9404    12.0004
21.8892    28.9172    12.0004
21.8932    28.906    12.0004
21.892399    28.892399    12.0004
21.8972    28.8732    12.0004
21.8772    28.855598    12.0004
21.862    28.845999    12.0004
21.829199    28.8308    12.0004
21.8188    28.8252    12.0004
21.782    28.806799    12.0004
21.7612    28.7932    12.0004
21.7388    28.7764    12.0004
21.7228    28.760399    12.0004
21.7156    28.7508    12.0004
21.7036    28.732399    12.0004
21.694    28.7164    12.0004
21.6892    28.7044    12.0004
21.685999    28.685999    12.0004
21.6852    28.6796    12.0004
21.6908    28.665998    12.0004
21.706799    28.6316    12.0004
21.7108    28.6236    12.0004
21.7332    28.585999    12.0004
21.736399    28.5812    12.0004
21.7516    28.557999    12.0004
21.7676    28.5324    12.0004
21.7788    28.5164    12.0004
21.7908    28.5028    12.0004
21.802    28.4884    12.0004
21.814    28.476398    12.0004
21.823599    28.4636    12.0004
21.844398    28.4436    12.0004
21.853199    28.4348    12.0004
21.868399    28.4236    12.0004
21.886799    28.406    12.0004
21.914799    28.3844    12.0004
21.921999    28.379599    12.0004
21.9532    28.358799    12.0004
21.9564    28.3564    12.0004
21.9628    28.3524    12.0004
22.0164    28.3188    12.0004
22.0604    28.292398    12.0004
22.0964    28.269999    12.0004
22.117199    28.258    12.0004
22.1404    28.2428    12.0004
22.1476    28.237999    12.0004
22.154    28.232399    12.0004
22.1812    28.21    12.0004
22.1852    28.206    12.0004
22.21    28.178    12.0004
22.2148    28.1708    12.0004
22.25    28.126    12.0004
22.282    28.081999    12.0004
22.312399    28.046    12.0004
22.3244    28.031599    12.0004
22.358    27.9924    12.0004
22.362799    27.9868    12.0004
22.3828    27.966799    12.0004
22.3876    27.9628    12.0004
22.3892    27.961199    12.0004
22.39    27.959599    12.0004
22.4236    27.9292    12.0004
22.4476    27.909199    12.0004
22.4564    27.9028    12.0004
22.473999    27.894    12.0004
22.5044    27.8772    12.0004
22.529999    27.8676    12.0004
22.5436    27.862799    12.0004
22.546799    27.862    12.0004
22.5836    27.853199    12.0004
22.5964    27.8508    12.0004
22.622799    27.847599    12.0004
22.657999    27.845999    12.0004
22.6964    27.842    12.0004
22.7164    27.840399    12.0004
22.732399    27.8396    12.0004
22.7388    27.838799    12.0004
22.840399    27.83    12.0004
22.844398    27.829199    12.0004
22.851599    27.8284    12.0004
22.8668    27.8212    12.0004
22.885199    27.816399    12.0004
22.8876    27.814798    12.0004
22.913198    27.8044    12.0004
22.931599    27.793999    12.0004
22.944399    27.786    12.0004
22.9716    27.7668    12.0004
22.996399    27.747599    12.0004
23.005999    27.7412    12.0004
23.024399    27.7244    12.0004
23.041199    27.7092    12.0004
23.046799    27.7036    12.0004
23.053999    27.6964    12.0004
23.100399    27.6524    12.0004
23.1332    27.619598    12.0004
23.143599    27.609999    12.0004
23.1716    27.5796    12.0004
23.185999    27.565199    12.0004
23.1924    27.5588    12.0004
23.2148    27.5404    12.0004
23.2276    27.5308    12.0004
23.247599    27.514    12.0004
23.264399    27.5036    12.0004
23.275599    27.4956    12.0004
23.282799    27.4916    12.0004
23.301199    27.4844    12.0004
23.316399    27.479599    12.0004
23.3316    27.4756    12.0004
23.3484    27.4692    12.0004
23.379599    27.4644    12.0004
23.3996    27.4628    12.0004
23.409199    27.462    12.0004
23.418    27.4628    12.0004
23.4324    27.4628    12.0004
23.4364    27.4636    12.0004
23.4436    27.4644    12.0004
23.473999    27.470798    12.0004
23.479599    27.4732    12.0004
23.507599    27.486    12.0004
23.518799    27.49    12.0004
23.528399    27.496399    12.0004
23.533998    27.498798    12.0004
23.5788    27.5236    12.0004
23.587599    27.528399    12.0004
23.5964    27.535599    12.0004
23.6084    27.545198    12.0004
23.6148    27.55    12.0004
23.63    27.5612    12.0004
23.6444    27.574    12.0004
23.6516    27.5844    12.0004
23.660398    27.5996    12.0004
23.6668    27.6188    12.0004
23.6684    27.63    12.0004
23.6716    27.65    12.0004
23.673199    27.6764    12.0004
23.67    27.740398    12.0004
23.669199    27.75    12.0004
23.6644    27.786798    12.0004
23.6612    27.814    12.0004
23.657999    27.823599    12.0004
23.6444    27.866798    12.0004
23.6308    27.9004    12.0004
23.628399    27.9084    12.0004
23.6252    27.9156    12.0004
23.6204    27.924398    12.0004
23.602    27.958    12.0004
23.585999    27.986    12.0004
23.5676    28.014    12.0004
23.5564    28.0308    12.0004
23.5388    28.057999    12.0004
23.531599    28.07    12.0004
23.518799    28.09    12.0004
23.507599    28.1108    12.0004
23.494799    28.137999    12.0004
23.489199    28.1516    12.0004
23.4828    28.1684    12.0004
23.4772    28.182    12.0004
23.47    28.197199    12.0004
23.4492    28.2388    12.0004
23.446    28.245998    12.0004
23.4356    28.262    12.0004
23.418    28.288399    12.0004
23.414    28.2932    12.0004
23.3788    28.3372    12.0004
23.3492    28.3732    12.0004
23.3308    28.3948    12.0004
23.3156    28.4124    12.0004
23.306    28.424398    12.0004
23.289999    28.4476    12.0004
23.286798    28.4524    12.0004
23.282    28.4604    12.0004
23.271599    28.4828    12.0004
23.262    28.51    12.0004
23.2612    28.5124    12.0004
23.2508    28.55    12.0004
23.2332    28.622799    12.0004
23.2276    28.6444    12.0004
