6.1316    26.358    18.9004
6.1075997    26.382    18.9004
6.106    26.3844    18.9004
6.0996    26.3956    18.9004
6.0899997    26.4068    18.9004
6.086    26.414    18.9004
6.0916    26.4396    18.9004
6.0948    26.449999    18.9004
6.0972    26.4572    18.9004
6.1052    26.4828    18.9004
6.1099997    26.4972    18.9004
6.1116    26.5012    18.9004
6.1196    26.5276    18.9004
6.1204    26.528399    18.9004
6.1211996    26.5556    18.9004
6.1155996    26.565199    18.9004
6.1099997    26.578    18.9004
6.1043997    26.5852    18.9004
6.0948    26.598799    18.9004
6.0867996    26.6068    18.9004
6.0499997    26.6444    18.9004
6.0492    26.646    18.9004
6.034    26.6612    18.9004
6.0188    26.673199    18.9004
6.0011997    26.680399    18.9004
5.986    26.684399    18.9004
5.9732    26.6876    18.9004
5.9547997    26.691599    18.9004
5.9315996    26.6932    18.9004
5.9212    26.6932    18.9004
5.8732    26.695599    18.9004
5.8659997    26.695599    18.9004
5.838    26.6964    18.9004
5.8348    26.695599    18.9004
5.822    26.6884    18.9004
5.8171997    26.685999    18.9004
5.8059998    26.67    18.9004
5.7964    26.6596    18.9004
5.7883997    26.6532    18.9004
5.762    26.6372    18.9004
5.7468    26.6356    18.9004
5.7275996    26.6356    18.9004
5.7188    26.6388    18.9004
5.6844    26.654    18.9004
5.6763997    26.657999    18.9004
5.6587996    26.6644    18.9004
5.6331997    26.673199    18.9004
5.626    26.677198    18.9004
5.6011996    26.685999    18.9004
5.582    26.713999    18.9004
5.5811996    26.723598    18.9004
5.5796    26.753199    18.9004
5.5796    26.754799    18.9004
5.5748    26.7788    18.9004
5.5611997    26.792398    18.9004
5.5555997    26.801199    18.9004
5.5492    26.806    18.9004
5.5355997    26.8132    18.9004
5.4988    26.829199    18.9004
5.4788    26.838    18.9004
5.4564    26.845999    18.9004
5.4268    26.855598    18.9004
5.402    26.862799    18.9004
5.3684    26.8692    18.9004
5.3483996    26.872398    18.9004
5.3283997    26.8764    18.9004
5.31    26.8788    18.9004
5.3068    26.879599    18.9004
5.2995996    26.878    18.9004
5.2908    26.875599    18.9004
5.2668    26.8716    18.9004
5.2451997    26.866    18.9004
5.2316    26.8604    18.9004
5.2188    26.854    18.9004
5.2163997    26.8524    18.9004
5.2092    26.8492    18.9004
5.17    26.83    18.9004
5.158    26.8244    18.9004
5.1363997    26.809198    18.9004
5.1148    26.789999    18.9004
5.1124    26.7892    18.9004
5.1084    26.786    18.9004
5.1084    26.782799    18.9004
5.1052    26.753199    18.9004
5.1036    26.7452    18.9004
5.0955997    26.7188    18.9004
5.0796    26.7092    18.9004
5.0708    26.7044    18.9004
5.0516    26.6988    18.9004
5.0404    26.6932    18.9004
5.0076    26.6836    18.9004
4.99    26.677198    18.9004
4.9435997    26.6596    18.9004
4.9379997    26.6572    18.9004
4.9012    26.639599    18.9004
4.8859997    26.632399    18.9004
4.842    26.6052    18.9004
4.8244    26.593199    18.9004
4.8052    26.580399    18.9004
4.7892    26.5684    18.9004
4.7692    26.5516    18.9004
4.7507997    26.535599    18.9004
4.7356    26.5212    18.9004
4.7204    26.5044    18.9004
4.7028    26.483599    18.9004
4.6651998    26.434    18.9004
4.6619997    26.4308    18.9004
4.6612    26.4292    18.9004
4.6587996    26.425999    18.9004
4.638    26.3828    18.9004
4.6363997    26.3804    18.9004
4.634    26.3772    18.9004
4.6219997    26.357199    18.9004
4.6075997    26.342    18.9004
4.6012    26.327599    18.9004
4.586    26.3172    18.9004
4.5764    26.306    18.9004
4.5636    26.2964    18.9004
4.542    26.286    18.9004
4.5164    26.2724    18.9004
4.4996    26.2628    18.9004
4.47    26.247599    18.9004
4.4467998    26.234798    18.9004
4.414    26.2148    18.9004
4.4068    26.2108    18.9004
4.3947997    26.1988    18.9004
4.3844    26.191599    18.9004
4.3812    26.1764    18.9004
4.374    26.1652    18.9004
4.3724    26.1572    18.9004
4.3708    26.122799    18.9004
4.37    26.0964    18.9004
4.37    26.0724    18.9004
4.3724    26.052399    18.9004
4.3747997    26.041199    18.9004
4.3772    26.0276    18.9004
4.3828    26.018    18.9004
4.3908    26.001999    18.9004
4.4012    25.99    18.9004
4.4132    25.9756    18.9004
4.4364    25.9468    18.9004
4.4396    25.9436    18.9004
4.4444    25.938799    18.9004
4.4467998    25.9356    18.9004
4.4523997    25.9284    18.9004
4.4604    25.920399    18.9004
4.4667997    25.918    18.9004
4.4796    25.9156    18.9004
4.4932    25.9084    18.9004
4.5099998    25.910799    18.9004
4.5196    25.910799    18.9004
4.5428    25.914    18.9004
4.5508    25.9156    18.9004
4.5716    25.9172    18.9004
4.5916    25.9156    18.9004
4.6012    25.918    18.9004
4.6131997    25.9156    18.9004
4.6331997    25.9052    18.9004
4.6516    25.9004    18.9004
4.6628    25.892399    18.9004
4.6763997    25.886    18.9004
4.6819997    25.8788    18.9004
4.6972    25.862799    18.9004
4.7044    25.8524    18.9004
4.7195997    25.8356    18.9004
4.73    25.8244    18.9004
4.7436    25.8092    18.9004
4.7588    25.7948    18.9004
4.7739997    25.781199    18.9004
4.7948    25.7636    18.9004
4.8083997    25.7516    18.9004
4.8356    25.730799    18.9004
4.85    25.7188    18.9004
4.8644    25.7108    18.9004
4.8691998    25.706799    18.9004
4.8803997    25.6988    18.9004
4.8835998    25.695599    18.9004
4.8868    25.6932    18.9004
4.8947997    25.689999    18.9004
4.9252    25.6708    18.9004
4.93    25.6652    18.9004
4.9379997    25.6596    18.9004
4.9508    25.6484    18.9004
4.9588    25.642    18.9004
4.9756    25.611599    18.9004
4.9828    25.605999    18.9004
4.994    25.5852    18.9004
5.0076    25.5588    18.9004
5.0204    25.5324    18.9004
5.0316    25.513199    18.9004
5.042    25.496399    18.9004
5.0572    25.4804    18.9004
5.0643997    25.4692    18.9004
5.082    25.4548    18.9004
5.0924    25.446    18.9004
5.1131997    25.4356    18.9004
5.1228    25.43    18.9004
5.126    25.427599    18.9004
5.1587996    25.4116    18.9004
5.1668    25.407598    18.9004
5.17    25.406    18.9004
5.1707997    25.406    18.9004
5.1731997    25.4052    18.9004
5.2427998    25.3732    18.9004
5.2739997    25.3604    18.9004
5.2876    25.3548    18.9004
5.3068    25.345999    18.9004
5.3195996    25.340399    18.9004
5.3308    25.338    18.9004
5.3452    25.3356    18.9004
5.3571997    25.3324    18.9004
5.3715997    25.3316    18.9004
5.3835998    25.327599    18.9004
5.398    25.33    18.9004
5.4091997    25.3284    18.9004
5.4372    25.3316    18.9004
5.4444    25.3324    18.9004
5.45    25.3324    18.9004
5.4844    25.3412    18.9004
5.5067997    25.3452    18.9004
5.5235996    25.3492    18.9004
5.5452    25.354    18.9004
5.5516    25.355598    18.9004
5.6443996    25.3772    18.9004
5.7028    25.390799    18.9004
5.7188    25.3948    18.9004
5.7572    25.414799    18.9004
5.7595997    25.424398    18.9004
5.7595997    25.4364    18.9004
5.7764    25.4716    18.9004
5.778    25.473999    18.9004
5.7995996    25.481998    18.9004
5.818    25.486    18.9004
5.8315997    25.49    18.9004
5.8515997    25.4924    18.9004
5.858    25.4932    18.9004
5.8659997    25.4972    18.9004
5.8859997    25.4988    18.9004
5.9028    25.496399    18.9004
5.9164    25.498    18.9004
5.934    25.4916    18.9004
5.9444    25.489199    18.9004
5.9564    25.485199    18.9004
5.9764    25.481998    18.9004
5.9932    25.4804    18.9004
5.9988    25.479599    18.9004
6.0172    25.481998    18.9004
6.0204    25.4812    18.9004
6.0428    25.4884    18.9004
6.0492    25.489199    18.9004
6.0652    25.494799    18.9004
6.0755997    25.496399    18.9004
6.1172    25.5148    18.9004
6.1331997    25.5196    18.9004
6.1468    25.5252    18.9004
6.1612    25.531599    18.9004
6.2732    25.569199    18.9004
6.2844    25.5724    18.9004
6.3251996    25.585999    18.9004
6.3324    25.5892    18.9004
6.3556    25.6124    18.9004
6.3588    25.6204    18.9004
6.3627996    25.637999    18.9004
6.3636    25.6516    18.9004
6.362    25.6868    18.9004
6.3571997    25.7148    18.9004
6.342    25.737999    18.9004
6.3412    25.7388    18.9004
6.3164    25.7572    18.9004
6.3108    25.7636    18.9004
6.3083997    25.7652    18.9004
6.2948    25.778    18.9004
6.2827997    25.7948    18.9004
6.2716    25.83    18.9004
6.2707996    25.834799    18.9004
6.2724    25.849998    18.9004
6.2732    25.8524    18.9004
6.2748    25.855598    18.9004
6.2827997    25.8836    18.9004
6.2844    25.8876    18.9004
6.2892    25.9116    18.9004
6.2932    25.9308    18.9004
6.2932    25.933199    18.9004
6.2948    25.973999    18.9004
6.2939997    25.985199    18.9004
6.2939997    26.007599    18.9004
6.2932    26.028399    18.9004
6.2932    26.037199    18.9004
6.2915998    26.0444    18.9004
6.2812    26.09    18.9004
6.278    26.102798    18.9004
6.2724    26.1188    18.9004
6.2651997    26.142    18.9004
6.2572    26.163599    18.9004
6.2444    26.189999    18.9004
6.2356    26.208399    18.9004
6.23    26.2204    18.9004
6.2219996    26.2356    18.9004
6.2084    26.258    18.9004
6.186    26.292398    18.9004
6.1756    26.306799    18.9004
6.1604    26.326    18.9004
6.1348    26.354    18.9004
6.1348    26.3548    18.9004
6.1324    26.357199    18.9004
6.1316    26.358    18.9004
