5.4996    26.163599    18.0004
5.4988    26.122    18.0004
5.4996    26.1068    18.0004
5.502    26.076399    18.0004
5.5044    26.0588    18.0004
5.5092    26.037199    18.0004
5.5123997    26.0212    18.0004
5.5164    26.0036    18.0004
5.5172    26.000399    18.0004
5.5188    25.996399    18.0004
5.5284    25.966    18.0004
5.5316    25.958    18.0004
5.5396    25.942799    18.0004
5.5411997    25.934    18.0004
5.5436    25.9116    18.0004
5.526    25.8916    18.0004
5.5155997    25.8836    18.0004
5.4908    25.8788    18.0004
5.4844    25.8772    18.0004
5.482    25.8772    18.0004
5.4596    25.873999    18.0004
5.4547997    25.8724    18.0004
5.4388    25.868399    18.0004
5.4332    25.8652    18.0004
5.4212    25.854    18.0004
5.4179997    25.8428    18.0004
5.4132    25.8308    18.0004
5.4115996    25.8116    18.0004
5.41    25.795599    18.0004
5.4091997    25.7788    18.0004
5.4091997    25.753199    18.0004
5.41    25.7508    18.0004
5.4147997    25.7204    18.0004
5.4196    25.6964    18.0004
5.4203997    25.695599    18.0004
5.4308    25.6708    18.0004
5.4308    25.67    18.0004
5.4452    25.65    18.0004
5.4476    25.645199    18.0004
5.4691997    25.621199    18.0004
5.4723997    25.617199    18.0004
5.4747996    25.615599    18.0004
5.5172    25.576399    18.0004
5.5523996    25.546    18.0004
5.578    25.524399    18.0004
5.5964    25.5092    18.0004
5.6116    25.498    18.0004
5.6299996    25.486    18.0004
5.6507998    25.4716    18.0004
5.7172    25.4284    18.0004
5.7219996    25.4252    18.0004
5.7251997    25.4236    18.0004
5.7324    25.4196    18.0004
5.7556    25.4044    18.0004
5.8044    25.375599    18.0004
5.8164    25.3676    18.0004
5.8715997    25.334799    18.0004
5.8859997    25.326    18.0004
5.91    25.3132    18.0004
5.9579997    25.284399    18.0004
6.0252    25.246    18.0004
6.0572    25.2284    18.0004
6.0716    25.221199    18.0004
6.0996    25.206    18.0004
6.1084    25.201199    18.0004
6.1572    25.1796    18.0004
6.1836    25.1684    18.0004
6.194    25.1628    18.0004
6.206    25.1596    18.0004
6.2244    25.1532    18.0004
6.2388    25.1556    18.0004
6.2507997    25.154799    18.0004
6.2588    25.1612    18.0004
6.2707996    25.1668    18.0004
6.282    25.1764    18.0004
6.2956    25.1892    18.0004
6.3227997    25.2164    18.0004
6.3459997    25.2404    18.0004
6.3627996    25.2596    18.0004
6.3803997    25.2788    18.0004
6.398    25.2892    18.0004
6.4164    25.2972    18.0004
6.4396    25.2972    18.0004
6.4564    25.2972    18.0004
6.4628    25.297998    18.0004
6.4811997    25.2972    18.0004
6.5004    25.2964    18.0004
6.5123997    25.293999    18.0004
6.5228    25.292398    18.0004
6.5516    25.288399    18.0004
6.5643997    25.284399    18.0004
6.5908    25.282    18.0004
6.6028    25.281199    18.0004
6.6387997    25.2836    18.0004
6.6499996    25.282799    18.0004
6.6684    25.2836    18.0004
6.6819997    25.2804    18.0004
6.6963997    25.282799    18.0004
6.718    25.2708    18.0004
6.7283998    25.2612    18.0004
6.7363997    25.2396    18.0004
6.7348    25.226    18.0004
6.7363997    25.2148    18.0004
6.7356    25.2132    18.0004
6.7188    25.150799    18.0004
6.7163997    25.143599    18.0004
6.7156    25.1404    18.0004
6.706    25.094799    18.0004
6.7044    25.0868    18.0004
6.7019997    25.063599    18.0004
6.6995997    25.0444    18.0004
6.6987996    25.0308    18.0004
6.7019997    24.998    18.0004
6.7019997    24.9924    18.0004
6.7028    24.99    18.0004
6.7036    24.985199    18.0004
6.7131996    24.966799    18.0004
6.7195997    24.959599    18.0004
6.7419996    24.9588    18.0004
6.7524    24.9572    18.0004
6.7692    24.959599    18.0004
6.8452    24.972399    18.0004
6.8676    24.977999    18.0004
6.9035997    24.9868    18.0004
6.9308    24.994    18.0004
6.95    24.9988    18.0004
7.0196    25.022    18.0004
7.0235996    25.0236    18.0004
7.0692    25.041199    18.0004
7.0892    25.0492    18.0004
7.1236    25.065199    18.0004
7.1275997    25.0668    18.0004
7.1828    25.0964    18.0004
7.1899996    25.100399    18.0004
7.2028    25.1092    18.0004
7.2244    25.1244    18.0004
7.2451997    25.1412    18.0004
7.2492    25.1444    18.0004
7.2548    25.150799    18.0004
7.27    25.171598    18.0004
7.2795997    25.189999    18.0004
7.2876    25.2116    18.0004
7.2915998    25.217999    18.0004
7.298    25.2412    18.0004
7.302    25.254799    18.0004
7.3051996    25.2652    18.0004
7.3292    25.368399    18.0004
7.3307996    25.3764    18.0004
7.35    25.4884    18.0004
7.3524    25.501999    18.0004
7.3524    25.5036    18.0004
7.362    25.518    18.0004
7.3636    25.526    18.0004
7.3668    25.5388    18.0004
7.3764    25.5532    18.0004
7.3803997    25.5668    18.0004
7.39    25.581999    18.0004
7.4108    25.609999    18.0004
7.4235997    25.6332    18.0004
7.4523997    25.680399    18.0004
7.454    25.6828    18.0004
7.4556    25.684399    18.0004
7.4564    25.6868    18.0004
7.4779997    25.7412    18.0004
7.4867997    25.769999    18.0004
7.4923997    25.7932    18.0004
7.4932    25.8028    18.0004
7.4996    25.8468    18.0004
7.502    25.886799    18.0004
7.502    25.907598    18.0004
7.4979997    25.9436    18.0004
7.4923997    25.9812    18.0004
7.4844    26.0164    18.0004
7.4803996    26.039598    18.0004
7.4764    26.053999    18.0004
7.4715996    26.066    18.0004
7.4676    26.0788    18.0004
7.4667997    26.085999    18.0004
7.4588    26.1108    18.0004
7.4508    26.1244    18.0004
7.4484    26.1348    18.0004
7.4459996    26.154    18.0004
7.4467998    26.1708    18.0004
7.4467998    26.185999    18.0004
7.4435997    26.2044    18.0004
7.4435997    26.2332    18.0004
7.4435997    26.269999    18.0004
7.4435997    26.2804    18.0004
7.4428    26.3044    18.0004
7.4412    26.362    18.0004
7.4364    26.4356    18.0004
7.4364    26.442    18.0004
7.4364    26.442799    18.0004
7.4347997    26.4572    18.0004
7.4268    26.539598    18.0004
7.4259996    26.552399    18.0004
7.422    26.5796    18.0004
7.4083996    26.6644    18.0004
7.4035997    26.6996    18.0004
7.3891997    26.7596    18.0004
7.3883996    26.7636    18.0004
7.3876    26.7652    18.0004
7.3876    26.765999    18.0004
7.3764    26.7908    18.0004
7.3627996    26.814    18.0004
7.3603997    26.817999    18.0004
7.358    26.8212    18.0004
7.3339996    26.8492    18.0004
7.322    26.8596    18.0004
7.3059998    26.873999    18.0004
7.2819996    26.8892    18.0004
7.2771997    26.8916    18.0004
7.2307997    26.9116    18.0004
7.2148    26.918    18.0004
7.1651998    26.934    18.0004
7.1636    26.9348    18.0004
7.1628    26.9348    18.0004
7.1028    26.949999    18.0004
7.0723996    26.9572    18.0004
7.0076    26.9684    18.0004
7.006    26.9684    18.0004
7.0044    26.9684    18.0004
6.9459996    26.976398    18.0004
6.9235997    26.9788    18.0004
6.8691998    26.9812    18.0004
6.7939997    26.9844    18.0004
6.7868    26.985199    18.0004
6.7604    26.9748    18.0004
6.7572    26.972399    18.0004
6.7507997    26.9524    18.0004
6.746    26.918    18.0004
6.7451997    26.914799    18.0004
6.7444    26.9116    18.0004
6.7348    26.890799    18.0004
6.7244    26.881199    18.0004
6.7139997    26.882    18.0004
6.6995997    26.8764    18.0004
6.694    26.875599    18.0004
6.6675997    26.873999    18.0004
6.6396    26.8692    18.0004
6.6284    26.8692    18.0004
6.6108    26.869999    18.0004
6.594    26.873999    18.0004
6.5836    26.8764    18.0004
6.5699997    26.8804    18.0004
6.5443997    26.8884    18.0004
6.5228    26.8916    18.0004
6.5155997    26.8932    18.0004
6.5123997    26.894    18.0004
6.4908    26.8948    18.0004
6.4723997    26.8916    18.0004
6.47    26.890799    18.0004
6.4684    26.89    18.0004
6.4428    26.879599    18.0004
6.4091997    26.864399    18.0004
6.3915997    26.8548    18.0004
6.3788    26.847599    18.0004
6.3612    26.8396    18.0004
6.3508    26.8308    18.0004
6.3427997    26.8252    18.0004
6.3339996    26.8172    18.0004
6.3276    26.806799    18.0004
6.3259997    26.7988    18.0004
6.3227997    26.781199    18.0004
6.3227997    26.754    18.0004
6.3227997    26.7508    18.0004
6.3212    26.7428    18.0004
6.3092    26.722    18.0004
6.3076    26.7204    18.0004
6.2732    26.7044    18.0004
6.2604    26.702    18.0004
6.2395997    26.6964    18.0004
6.2275996    26.695599    18.0004
6.2051997    26.694    18.0004
6.1684    26.689999    18.0004
6.1492    26.6876    18.0004
6.1219997    26.684399    18.0004
6.0643997    26.6756    18.0004
6.0611997    26.674799    18.0004
6.0516    26.6724    18.0004
6.0132    26.6644    18.0004
6.0067997    26.6628    18.0004
6.0011997    26.6612    18.0004
5.9891996    26.6556    18.0004
5.9388    26.639599    18.0004
5.922    26.6364    18.0004
5.8996    26.6356    18.0004
5.8924    26.6372    18.0004
5.8691998    26.643599    18.0004
5.8332    26.6532    18.0004
5.8132    26.6556    18.0004
5.7051997    26.673199    18.0004
5.618    26.6868    18.0004
5.5916    26.6908    18.0004
5.5764    26.6924    18.0004
5.5684    26.6924    18.0004
5.5364    26.694    18.0004
5.5172    26.689999    18.0004
5.5148    26.689999    18.0004
5.5123997    26.6892    18.0004
5.5028    26.684399    18.0004
5.4964    26.6764    18.0004
5.4876    26.6644    18.0004
5.4756    26.645199    18.0004
5.4444    26.59    18.0004
5.41    26.5292    18.0004
5.4044    26.5196    18.0004
5.394    26.496399    18.0004
5.3964    26.4956    18.0004
5.41    26.4844    18.0004
5.4252    26.4788    18.0004
5.4667997    26.4628    18.0004
5.4796    26.458    18.0004
5.4891996    26.4564    18.0004
5.4996    26.4532    18.0004
5.5252    26.4436    18.0004
5.5532    26.4236    18.0004
5.5587997    26.4196    18.0004
5.5667996    26.385199    18.0004
5.5667996    26.3828    18.0004
5.5604    26.369999    18.0004
5.5516    26.357199    18.0004
5.5443997    26.340399    18.0004
5.5404    26.3316    18.0004
5.5364    26.321999    18.0004
5.5284    26.306    18.0004
5.5252    26.2972    18.0004
5.5172    26.2764    18.0004
5.5132    26.253199    18.0004
5.5116    26.2452    18.0004
5.5067997    26.2228    18.0004
5.5052    26.2172    18.0004
5.5044    26.212399    18.0004
5.5004    26.1756    18.0004
5.4996    26.163599    18.0004
