19.046    32.1972    12.3004
19.041199    32.1988    12.3004
19.0396    32.1988    12.3004
19.037199    32.1996    12.3004
19.0332    32.200397    12.3004
19.000399    32.2084    12.3004
18.989199    32.21    12.3004
18.9684    32.2156    12.3004
18.9236    32.218    12.3004
18.9212    32.218    12.3004
18.910799    32.2164    12.3004
18.8652    32.209198    12.3004
18.8612    32.209198    12.3004
18.8492    32.2068    12.3004
18.8044    32.1996    12.3004
18.784399    32.1956    12.3004
18.7788    32.1932    12.3004
18.754799    32.1796    12.3004
18.7428    32.1732    12.3004
18.7388    32.1708    12.3004
18.7292    32.1564    12.3004
18.7276    32.1492    12.3004
18.7236    32.114    12.3004
18.722    32.1036    12.3004
18.722    32.1012    12.3004
18.721199    32.0972    12.3004
18.7172    32.0356    12.3004
18.719599    32.0132    12.3004
18.719599    32.0108    12.3004
18.7204    32.01    12.3004
18.7228    32.0052    12.3004
18.7332    31.981998    12.3004
18.7356    31.9756    12.3004
18.7468    31.9532    12.3004
18.7524    31.9452    12.3004
18.7748    31.9116    12.3004
18.8044    31.8748    12.3004
18.8084    31.8692    12.3004
18.8132    31.864399    12.3004
18.834    31.8396    12.3004
18.8524    31.817999    12.3004
18.8636    31.8028    12.3004
18.8772    31.786    12.3004
18.9068    31.754    12.3004
18.9412    31.7156    12.3004
18.9468    31.71    12.3004
18.955599    31.702    12.3004
18.989199    31.6668    12.3004
19.0068    31.6524    12.3004
19.0324    31.63    12.3004
19.078    31.597198    12.3004
19.0892    31.5892    12.3004
19.142    31.5532    12.3004
19.1428    31.552399    12.3004
19.1444    31.552399    12.3004
19.1932    31.522    12.3004
19.221199    31.507599    12.3004
19.2524    31.4916    12.3004
19.2948    31.470798    12.3004
19.323599    31.457998    12.3004
19.347599    31.448399    12.3004
19.378    31.4364    12.3004
19.3916    31.431599    12.3004
19.403599    31.4292    12.3004
19.4212    31.4236    12.3004
19.425999    31.421999    12.3004
19.43    31.4212    12.3004
19.4684    31.413198    12.3004
19.5092    31.4084    12.3004
19.531599    31.4068    12.3004
19.546799    31.406    12.3004
19.5972    31.4124    12.3004
19.600399    31.413198    12.3004
19.602    31.413198    12.3004
19.6036    31.414    12.3004
19.633999    31.421999    12.3004
19.6468    31.4252    12.3004
19.67    31.4364    12.3004
19.6908    31.4476    12.3004
19.706    31.455599    12.3004
19.7188    31.4644    12.3004
19.7396    31.4828    12.3004
19.7516    31.494    12.3004
19.758    31.5012    12.3004
19.7788    31.5276    12.3004
19.7964    31.5556    12.3004
19.8044    31.57    12.3004
19.814    31.5892    12.3004
19.816399    31.6068    12.3004
19.8172    31.6164    12.3004
19.8156    31.619598    12.3004
19.8116    31.639599    12.3004
19.795599    31.682    12.3004
19.7948    31.682798    12.3004
19.765999    31.7388    12.3004
19.760399    31.747599    12.3004
19.749199    31.7676    12.3004
19.737999    31.7876    12.3004
19.726799    31.806    12.3004
19.7148    31.821999    12.3004
19.706799    31.834799    12.3004
19.698    31.845999    12.3004
19.6876    31.858799    12.3004
19.6604    31.8844    12.3004
19.6572    31.8876    12.3004
19.63    31.9068    12.3004
19.626    31.909199    12.3004
19.6076    31.9212    12.3004
19.546799    31.9588    12.3004
19.4844    31.996399    12.3004
19.4604    32.0108    12.3004
19.4132    32.0388    12.3004
19.386    32.0556    12.3004
19.353199    32.073997    12.3004
19.312399    32.0948    12.3004
19.305199    32.0988    12.3004
19.2924    32.1036    12.3004
19.2876    32.106    12.3004
19.2572    32.118797    12.3004
19.2412    32.1252    12.3004
19.2052    32.1396    12.3004
19.174799    32.1516    12.3004
19.1548    32.1588    12.3004
19.128399    32.1684    12.3004
19.046    32.1972    12.3004
