19.7892    30.2132    10.8004
19.667599    30.225199    10.8004
19.5868    30.2332    10.8004
19.4804    30.2444    10.8004
19.479599    30.2444    10.8004
19.477999    30.2444    10.8004
19.4356    30.25    10.8004
19.3036    30.268398    10.8004
19.299599    30.2692    10.8004
19.1612    30.2892    10.8004
19.1252    30.295599    10.8004
19.053999    30.306799    10.8004
19.01    30.312399    10.8004
18.9788    30.3156    10.8004
18.9652    30.3156    10.8004
18.9412    30.302    10.8004
18.9516    30.2836    10.8004
18.9532    30.275599    10.8004
18.97    30.254    10.8004
18.972399    30.247599    10.8004
18.979599    30.236399    10.8004
18.9876    30.2228    10.8004
19.001999    30.205198    10.8004
19.0236    30.178799    10.8004
19.0364    30.1644    10.8004
19.0604    30.1348    10.8004
19.0756    30.1164    10.8004
19.1068    30.0812    10.8004
19.163599    30.022    10.8004
19.1932    29.994    10.8004
19.2484    29.941198    10.8004
19.347599    29.8396    10.8004
19.385199    29.7988    10.8004
19.3932    29.789999    10.8004
19.4492    29.729198    10.8004
19.4956    29.674799    10.8004
19.517199    29.649199    10.8004
19.5212    29.6444    10.8004
19.529999    29.6316    10.8004
19.5492    29.604399    10.8004
19.5604    29.5828    10.8004
19.5684    29.567598    10.8004
19.593199    29.5052    10.8004
19.593199    29.504398    10.8004
19.6108    29.4692    10.8004
19.6148    29.4636    10.8004
19.637999    29.4364    10.8004
19.6548    29.4236    10.8004
19.6684    29.410799    10.8004
19.694    29.3892    10.8004
19.7156    29.372398    10.8004
19.7244    29.366798    10.8004
19.7836    29.317999    10.8004
19.8004    29.305199    10.8004
19.812399    29.2948    10.8004
19.840399    29.269999    10.8004
19.8636    29.25    10.8004
19.9068    29.206    10.8004
19.9588    29.1524    10.8004
19.962    29.149199    10.8004
19.9652    29.146    10.8004
20.007599    29.1036    10.8004
20.029999    29.085999    10.8004
20.0388    29.078    10.8004
20.0628    29.059599    10.8004
20.0772    29.0492    10.8004
20.0796    29.048399    10.8004
20.104399    29.033998    10.8004
20.1188    29.0268    10.8004
20.1484    29.011599    10.8004
20.178    28.9996    10.8004
20.1892    28.994799    10.8004
20.2156    28.9844    10.8004
20.234    28.9772    10.8004
20.25    28.972399    10.8004
20.3076    28.953999    10.8004
20.4412    28.9084    10.8004
20.4492    28.906    10.8004
20.453999    28.903599    10.8004
20.4572    28.901999    10.8004
20.4828    28.894    10.8004
20.5092    28.8788    10.8004
20.513199    28.875599    10.8004
20.534    28.8596    10.8004
20.5388    28.8564    10.8004
20.5604    28.8364    10.8004
20.5676    28.8308    10.8004
20.5732    28.8252    10.8004
20.6012    28.7972    10.8004
20.6348    28.7636    10.8004
20.6684    28.730799    10.8004
20.689999    28.7116    10.8004
20.7204    28.685999    10.8004
20.7428    28.6684    10.8004
20.7524    28.6596    10.8004
20.7676    28.649199    10.8004
20.7924    28.6348    10.8004
20.8076    28.626    10.8004
20.8228    28.6188    10.8004
20.858799    28.600399    10.8004
20.862    28.598799    10.8004
20.9268    28.570799    10.8004
20.948399    28.563599    10.8004
20.983599    28.550798    10.8004
21.0236    28.538    10.8004
21.074799    28.5236    10.8004
21.0956    28.518    10.8004
21.1052    28.5156    10.8004
21.156399    28.5052    10.8004
21.189999    28.498    10.8004
21.2132    28.493198    10.8004
21.2404    28.4884    10.8004
21.289999    28.4804    10.8004
21.3076    28.477999    10.8004
21.373999    28.4684    10.8004
21.3748    28.4684    10.8004
21.375599    28.4684    10.8004
21.420399    28.4644    10.8004
21.462    28.462    10.8004
21.4628    28.462    10.8004
21.489199    28.462    10.8004
21.5092    28.4628    10.8004
21.538    28.4644    10.8004
21.5788    28.4684    10.8004
21.5956    28.470798    10.8004
21.5964    28.470798    10.8004
21.615599    28.4732    10.8004
21.656399    28.4788    10.8004
21.7876    28.504398    10.8004
21.798    28.505999    10.8004
21.8028    28.505999    10.8004
21.8188    28.504398    10.8004
21.8324    28.498798    10.8004
21.851599    28.496399    10.8004
21.8676    28.493198    10.8004
21.8876    28.4828    10.8004
21.903599    28.4732    10.8004
21.9516    28.442    10.8004
22.017199    28.397999    10.8004
22.0388    28.3828    10.8004
22.066    28.3636    10.8004
22.0924    28.3452    10.8004
22.1236    28.326    10.8004
22.169199    28.297998    10.8004
22.174799    28.2948    10.8004
22.195599    28.2836    10.8004
22.2284    28.2668    10.8004
22.25    28.258    10.8004
22.2652    28.253199    10.8004
22.2972    28.2428    10.8004
22.3172    28.2388    10.8004
22.334799    28.236399    10.8004
22.351599    28.234798    10.8004
22.3692    28.2332    10.8004
22.3892    28.232399    10.8004
22.3956    28.232399    10.8004
22.4004    28.232399    10.8004
22.4196    28.2332    10.8004
22.4268    28.234    10.8004
22.459599    28.2372    10.8004
22.496399    28.2444    10.8004
22.5156    28.2484    10.8004
22.5348    28.251598    10.8004
22.5668    28.2612    10.8004
22.5908    28.2684    10.8004
22.6204    28.277199    10.8004
22.622799    28.278    10.8004
22.6236    28.278    10.8004
22.6244    28.2788    10.8004
22.633999    28.284399    10.8004
22.663599    28.301199    10.8004
22.6884    28.3204    10.8004
22.6988    28.3308    10.8004
22.7092    28.3452    10.8004
22.721199    28.362    10.8004
22.7316    28.3772    10.8004
22.7444    28.407598    10.8004
22.7452    28.4084    10.8004
22.75    28.4364    10.8004
22.75    28.437199    10.8004
22.749199    28.459599    10.8004
22.7484    28.462    10.8004
22.7444    28.481998    10.8004
22.7428    28.485199    10.8004
22.7332    28.505999    10.8004
22.730799    28.5092    10.8004
22.71    28.541199    10.8004
22.6828    28.5724    10.8004
22.6668    28.5908    10.8004
22.646    28.6132    10.8004
22.6292    28.6316    10.8004
22.617199    28.6428    10.8004
22.574    28.685999    10.8004
22.5204    28.737999    10.8004
22.494799    28.762    10.8004
22.485199    28.769999    10.8004
22.4604    28.7908    10.8004
22.4516    28.7972    10.8004
22.4476    28.8004    10.8004
22.4052    28.823599    10.8004
22.39    28.8308    10.8004
22.3716    28.838799    10.8004
22.329199    28.8564    10.8004
22.3028    28.866798    10.8004
22.2868    28.872398    10.8004
22.2372    28.8884    10.8004
22.236399    28.8884    10.8004
22.2356    28.8884    10.8004
22.169199    28.9028    10.8004
22.1076    28.914799    10.8004
22.098799    28.9172    10.8004
21.9732    28.938    10.8004
21.9412    28.944399    10.8004
21.921999    28.948399    10.8004
21.9116    28.9516    10.8004
21.9004    28.9524    10.8004
21.8772    28.9604    10.8004
21.8652    28.9628    10.8004
21.8524    28.966799    10.8004
21.827599    28.976398    10.8004
21.806    28.985199    10.8004
21.7964    28.9924    10.8004
21.7724    29.009998    10.8004
21.7636    29.0212    10.8004
21.746    29.039598    10.8004
21.725199    29.0716    10.8004
21.7228    29.0756    10.8004
21.6884    29.1596    10.8004
21.674    29.1908    10.8004
21.6468    29.25    10.8004
21.6364    29.2684    10.8004
21.6236    29.295599    10.8004
21.617199    29.3084    10.8004
21.6108    29.3172    10.8004
21.594    29.3412    10.8004
21.5716    29.3692    10.8004
21.5684    29.3748    10.8004
21.542    29.407598    10.8004
21.541199    29.4084    10.8004
21.537199    29.4124    10.8004
21.5212    29.427599    10.8004
21.5164    29.431599    10.8004
21.490799    29.4572    10.8004
21.4708    29.4756    10.8004
21.4588    29.485199    10.8004
21.427599    29.513199    10.8004
21.4172    29.522    10.8004
21.4132    29.5252    10.8004
21.397999    29.537199    10.8004
21.3636    29.561998    10.8004
21.3468    29.574    10.8004
21.3116    29.5996    10.8004
21.286    29.6164    10.8004
21.253199    29.6372    10.8004
21.2244    29.654799    10.8004
21.1716    29.685999    10.8004
21.1668    29.688398    10.8004
21.1556    29.6948    10.8004
21.118    29.7172    10.8004
21.0564    29.753199    10.8004
21.0348    29.7652    10.8004
21.026    29.769999    10.8004
21.0156    29.7764    10.8004
20.879599    29.858    10.8004
20.862    29.8692    10.8004
20.857199    29.8716    10.8004
20.801199    29.9052    10.8004
20.798    29.9068    10.8004
20.7188    29.949999    10.8004
20.694    29.962    10.8004
20.6556    29.9812    10.8004
20.617199    29.998798    10.8004
20.5612    30.0252    10.8004
20.524399    30.042    10.8004
20.4524    30.0724    10.8004
20.4364    30.078798    10.8004
20.4292    30.081999    10.8004
20.4172    30.085999    10.8004
20.3804    30.0996    10.8004
20.286    30.133999    10.8004
20.2652    30.1412    10.8004
20.202    30.1612    10.8004
20.1876    30.1652    10.8004
20.1764    30.1684    10.8004
20.1372    30.1764    10.8004
20.100399    30.182798    10.8004
20.069199    30.1868    10.8004
20.0164    30.1924    10.8004
19.927599    30.199598    10.8004
19.7892    30.2132    10.8004
