15.9539995    9.8988    1.2004
15.965199    9.8996    1.2004
16.0092    9.906    1.2004
16.0156    9.906799    1.2004
16.0612    9.9156    1.2004
16.070799    9.918    1.2004
16.1028    9.9228    1.2004
16.104399    9.9236    1.2004
16.1436    9.936399    1.2004
16.184399    9.95    1.2004
16.260399    9.976399    1.2004
16.2708    9.9796    1.2004
16.2892    9.987599    1.2004
16.3196    10.002    1.2004
16.342    10.0124    1.2004
16.394    10.039599    1.2004
16.442    10.0644    1.2004
16.4596    10.073999    1.2004
16.473999    10.082    1.2004
16.522    10.1116    1.2004
16.546    10.125999    1.2004
16.5756    10.1468    1.2004
16.586    10.153999    1.2004
16.626799    10.182799    1.2004
16.6372    10.19    1.2004
16.6812    10.2244    1.2004
16.6868    10.23    1.2004
16.7316    10.2676    1.2004
16.7684    10.3012    1.2004
16.7852    10.318    1.2004
16.8228    10.354799    1.2004
16.834799    10.3675995    1.2004
16.8564    10.3924    1.2004
16.8748    10.414    1.2004
16.9044    10.45    1.2004
16.9156    10.465199    1.2004
16.9212    10.4716    1.2004
16.9636    10.528399    1.2004
16.9676    10.533199    1.2004
16.9748    10.544399    1.2004
17.0028    10.59    1.2004
17.0148    10.6092    1.2004
17.031599    10.638    1.2004
17.046    10.6644    1.2004
17.07    10.71    1.2004
17.074    10.717199    1.2004
17.0756    10.7212    1.2004
17.078    10.7252    1.2004
17.1052    10.785999    1.2004
17.1196    10.8188    1.2004
17.1244    10.8308    1.2004
17.1388    10.8756    1.2004
17.1548    10.9228    1.2004
17.163599    10.947599    1.2004
17.17    10.976399    1.2004
17.1796    11.0171995    1.2004
17.1876    11.0596    1.2004
17.1884    11.061999    1.2004
17.197199    11.122    1.2004
17.1988    11.1356    1.2004
17.202799    11.1964    1.2004
17.202799    11.2123995    1.2004
17.2036    11.222799    1.2004
17.202799    11.2676    1.2004
17.2012    11.291599    1.2004
17.198    11.3284    1.2004
17.197199    11.3452    1.2004
17.1932    11.3716    1.2004
17.189999    11.3948    1.2004
17.1892    11.4036    1.2004
17.182    11.4508    1.2004
17.17    11.4939995    1.2004
17.169199    11.4972    1.2004
17.1684    11.499599    1.2004
17.1572    11.5404    1.2004
17.1436    11.582    1.2004
17.138    11.596399    1.2004
17.1196    11.642799    1.2004
17.1076    11.67    1.2004
17.094    11.7012    1.2004
17.0884    11.7132    1.2004
17.066    11.754    1.2004
17.0572    11.769199    1.2004
17.042    11.797199    1.2004
17.024399    11.8252    1.2004
17.0156    11.838799    1.2004
16.9916    11.8748    1.2004
16.982    11.8884    1.2004
16.9764    11.895599    1.2004
16.9588    11.9164    1.2004
16.9492    11.9307995    1.2004
16.934    11.947599    1.2004
16.9212    11.9628    1.2004
16.902    11.9836    1.2004
16.894    11.9924    1.2004
16.8764    12.010799    1.2004
16.862    12.0252    1.2004
16.8244    12.0556    1.2004
16.8092    12.067599    1.2004
16.7804    12.0892    1.2004
16.765999    12.0996    1.2004
16.718    12.130799    1.2004
16.702    12.1404    1.2004
16.646    12.1732    1.2004
16.6372    12.1779995    1.2004
16.5676    12.2164    1.2004
16.5668    12.217199    1.2004
16.5564    12.222    1.2004
16.4884    12.2556    1.2004
16.4828    12.257999    1.2004
16.4676    12.2644    1.2004
16.4124    12.286799    1.2004
16.3372    12.3164    1.2004
16.3172    12.3244    1.2004
16.2892    12.334    1.2004
16.226799    12.355599    1.2004
16.1852    12.3692    1.2004
16.1628    12.3764    1.2004
16.138    12.3828    1.2004
16.057999    12.4028    1.2004
16.0476    12.4052    1.2004
15.9939995    12.4156    1.2004
15.9916    12.4156    1.2004
15.9892    12.4164    1.2004
15.940399    12.422    1.2004
15.934799    12.4228    1.2004
15.884399    12.4251995    1.2004
15.849999    12.4251995    1.2004
15.8356    12.4251995    1.2004
15.8116    12.4251995    1.2004
15.7788    12.423599    1.2004
15.7268    12.4156    1.2004
15.7132    12.413199    1.2004
15.702    12.4108    1.2004
15.658    12.401199    1.2004
15.6236    12.389999    1.2004
15.598    12.3804    1.2004
15.57    12.3675995    1.2004
15.542    12.355599    1.2004
15.510799    12.337999    1.2004
15.486799    12.3244    1.2004
15.470799    12.314799    1.2004
15.441999    12.2964    1.2004
15.4044    12.2724    1.2004
15.3932    12.2644    1.2004
15.3596    12.238    1.2004
15.3308    12.2164    1.2004
15.3188    12.2067995    1.2004
15.3132    12.202    1.2004
15.2724    12.165999    1.2004
15.266    12.160399    1.2004
15.2492    12.1452    1.2004
15.226    12.1228    1.2004
15.188399    12.0836    1.2004
15.176399    12.0708    1.2004
15.1723995    12.0652    1.2004
15.131599    12.0148    1.2004
15.119599    11.999599    1.2004
15.0924    11.962    1.2004
15.0764    11.9388    1.2004
15.061199    11.9148    1.2004
15.0476    11.8916    1.2004
15.033999    11.8692    1.2004
15.021999    11.8452    1.2004
15.0068    11.815599    1.2004
14.9972    11.794    1.2004
14.9828    11.7612    1.2004
14.9772    11.7484    1.2004
14.9684    11.723599    1.2004
14.957999    11.693999    1.2004
14.9452    11.659599    1.2004
14.9324    11.6116    1.2004
14.9284    11.597199    1.2004
14.9268    11.590799    1.2004
14.9148    11.5356    1.2004
14.9148    11.533999    1.2004
14.914    11.527599    1.2004
14.905999    11.4836    1.2004
14.9052    11.4732    1.2004
14.8996    11.435599    1.2004
14.8963995    11.406    1.2004
14.894    11.373199    1.2004
14.8916    11.343599    1.2004
14.889199    11.3004    1.2004
14.889199    11.268399    1.2004
14.889199    11.242    1.2004
14.889999    11.214    1.2004
14.8924    11.1476    1.2004
14.8932    11.134    1.2004
14.8932    11.1292    1.2004
14.900399    11.0756    1.2004
14.901999    11.0652    1.2004
14.9028    11.058    1.2004
14.906799    11.0171995    1.2004
14.9108    10.987599    1.2004
14.9148    10.9595995    1.2004
14.918799    10.9396    1.2004
14.9268    10.8988    1.2004
14.941199    10.8364    1.2004
14.941999    10.832399    1.2004
14.9428    10.8292    1.2004
14.946799    10.8132    1.2004
14.9556    10.7788    1.2004
14.9612    10.7548    1.2004
14.9676    10.7355995    1.2004
14.9804    10.6876    1.2004
15.002    10.625999    1.2004
15.004399    10.618    1.2004
15.0076    10.61    1.2004
15.0316    10.5468    1.2004
15.037999    10.5324    1.2004
15.054    10.4972    1.2004
15.0636    10.475599    1.2004
15.066    10.470799    1.2004
15.0892    10.4284    1.2004
15.0948    10.418799    1.2004
15.095599    10.4172    1.2004
15.130799    10.354    1.2004
15.1636    10.306    1.2004
15.164399    10.3043995    1.2004
15.165199    10.3028    1.2004
15.1676    10.2996    1.2004
15.2012    10.254    1.2004
15.21    10.242    1.2004
15.227599    10.2204    1.2004
15.2476    10.1972    1.2004
15.280399    10.1636    1.2004
15.280399    10.1628    1.2004
15.3188    10.1228    1.2004
15.3228    10.119599    1.2004
15.3572    10.0892    1.2004
15.377999    10.073199    1.2004
15.3988    10.0571995    1.2004
15.4156    10.046    1.2004
15.4444    10.0268    1.2004
15.4628    10.0148    1.2004
15.4892    9.999599    1.2004
15.509199    9.987599    1.2004
15.5171995    9.9836    1.2004
15.526799    9.9788    1.2004
15.5716    9.958799    1.2004
15.5764    9.9564    1.2004
15.585199    9.953199    1.2004
15.601999    9.946    1.2004
15.613199    9.941999    1.2004
15.6228    9.9388    1.2004
15.6444    9.9307995    1.2004
15.660399    9.9268    1.2004
15.6732    9.9228    1.2004
15.6916    9.918799    1.2004
15.7092    9.9148    1.2004
15.7244    9.9108    1.2004
15.7668    9.9036    1.2004
15.7724    9.9028    1.2004
15.779599    9.901999    1.2004
15.834    9.8963995    1.2004
15.8508    9.895599    1.2004
15.877999    9.895599    1.2004
15.905999    9.895599    1.2004
15.940399    9.8972    1.2004
15.9539995    9.8988    1.2004
