16.7892    17.243599    11.7004
16.7812    17.2644    11.7004
16.777199    17.271599    11.7004
16.7652    17.2932    11.7004
16.7452    17.3252    11.7004
16.7292    17.342    11.7004
16.713999    17.358    11.7004
16.6812    17.381199    11.7004
16.6772    17.3836    11.7004
16.6708    17.3876    11.7004
16.622    17.4084    11.7004
16.6204    17.4084    11.7004
16.6124    17.410799    11.7004
16.5748    17.4212    11.7004
16.570799    17.421999    11.7004
16.4956    17.4364    11.7004
16.490799    17.438    11.7004
16.378    17.4468    11.7004
16.3676    17.4476    11.7004
16.2852    17.454    11.7004
16.2676    17.4548    11.7004
16.2636    17.4548    11.7004
16.1924    17.455599    11.7004
16.1716    17.4564    11.7004
16.0692    17.4564    11.7004
16.052399    17.4564    11.7004
16.042    17.455599    11.7004
15.974    17.4548    11.7004
15.966    17.454    11.7004
15.8932    17.4508    11.7004
15.888399    17.4508    11.7004
15.8876    17.4508    11.7004
15.8276    17.442799    11.7004
15.814799    17.4412    11.7004
15.794    17.438    11.7004
15.757199    17.427599    11.7004
15.7308    17.4196    11.7004
15.705199    17.4116    11.7004
15.69    17.402    11.7004
15.6612    17.386799    11.7004
15.634    17.364399    11.7004
15.6212    17.353199    11.7004
15.602799    17.340399    11.7004
15.5876    17.326    11.7004
15.5644    17.2908    11.7004
15.5532    17.277199    11.7004
15.5132    17.2076    11.7004
15.509999    17.1996    11.7004
15.5084    17.197199    11.7004
15.5028    17.1828    11.7004
15.4844    17.1292    11.7004
15.481999    17.117199    11.7004
15.469199    17.0812    11.7004
15.463599    17.038    11.7004
15.4595995    16.994799    11.7004
15.4612    16.97    11.7004
15.465199    16.9364    11.7004
15.469999    16.9084    11.7004
15.476399    16.8876    11.7004
15.4972    16.862    11.7004
15.5012    16.858    11.7004
15.502    16.8564    11.7004
15.5068    16.853199    11.7004
15.537999    16.8276    11.7004
15.568399    16.8196    11.7004
15.6068    16.8148    11.7004
15.629999    16.8092    11.7004
15.664399    16.8036    11.7004
15.7532    16.802    11.7004
15.762799    16.802    11.7004
15.768399    16.802    11.7004
15.8124    16.8036    11.7004
15.822    16.8036    11.7004
15.8636    16.8076    11.7004
15.8675995    16.8076    11.7004
15.8996    16.806799    11.7004
15.9251995    16.81    11.7004
16.0772    16.8148    11.7004
16.0868    16.8148    11.7004
16.1028    16.8148    11.7004
16.122799    16.8148    11.7004
16.2396    16.8148    11.7004
16.381199    16.8092    11.7004
16.402    16.8084    11.7004
16.454    16.805199    11.7004
16.4596    16.8044    11.7004
16.461199    16.8044    11.7004
16.5548    16.7988    11.7004
16.5604    16.7988    11.7004
16.6196    16.7964    11.7004
16.621199    16.7964    11.7004
16.626799    16.7964    11.7004
16.6572    16.795599    11.7004
16.6596    16.795599    11.7004
16.7244    16.795599    11.7004
16.7276    16.7964    11.7004
16.7508    16.802    11.7004
16.7644    16.8092    11.7004
16.7892    16.8156    11.7004
16.8036    16.8316    11.7004
16.8084    16.842    11.7004
16.8196    16.869999    11.7004
16.8252    16.9084    11.7004
16.83    16.9364    11.7004
16.834    17.001999    11.7004
16.834    17.0204    11.7004
16.8332    17.0292    11.7004
16.8316    17.1068    11.7004
16.8316    17.1076    11.7004
16.8308    17.1108    11.7004
16.8084    17.1884    11.7004
16.8028    17.206    11.7004
16.7892    17.243599    11.7004
