2.8595998    25.7972    20.1004
2.8676    25.7908    20.1004
2.8971999    25.765999    20.1004
2.9115999    25.7516    20.1004
2.9227998    25.7388    20.1004
2.9356    25.723598    20.1004
2.9508    25.6996    20.1004
2.9556    25.6924    20.1004
2.9668    25.674799    20.1004
2.9844    25.646    20.1004
2.9931998    25.63    20.1004
2.9972    25.6196    20.1004
3.006    25.6036    20.1004
3.0163999    25.5812    20.1004
3.0284    25.563599    20.1004
3.0491998    25.537199    20.1004
3.0716    25.5108    20.1004
3.0748    25.507599    20.1004
3.0763998    25.505999    20.1004
3.1164    25.4748    20.1004
3.1276    25.4684    20.1004
3.1652    25.4468    20.1004
3.1843998    25.438    20.1004
3.2187998    25.4196    20.1004
3.2484    25.407598    20.1004
3.2844    25.3956    20.1004
3.314    25.386799    20.1004
3.3276    25.3828    20.1004
3.3483999    25.3788    20.1004
3.3827999    25.369999    20.1004
3.4036    25.3676    20.1004
3.4355998    25.362    20.1004
3.4747999    25.357199    20.1004
3.4828    25.3564    20.1004
3.5404    25.3548    20.1004
3.5707998    25.355598    20.1004
3.5956    25.354    20.1004
3.6348    25.3564    20.1004
3.7012    25.3596    20.1004
3.75    25.362799    20.1004
3.8012    25.364399    20.1004
3.878    25.368399    20.1004
3.9972    25.3732    20.1004
4.0843997    25.3764    20.1004
4.1404    25.3788    20.1004
4.1948    25.382    20.1004
4.25    25.386    20.1004
4.298    25.390799    20.1004
4.3259997    25.394    20.1004
4.3756    25.4004    20.1004
4.394    25.4028    20.1004
4.466    25.4172    20.1004
4.4788    25.4196    20.1004
4.4828    25.420399    20.1004
4.5092    25.4284    20.1004
4.5396    25.438799    20.1004
4.582    25.4532    20.1004
4.618    25.4684    20.1004
4.6236    25.470798    20.1004
4.6404    25.477999    20.1004
4.6692    25.490799    20.1004
4.6788    25.496399    20.1004
4.694    25.5052    20.1004
4.7219996    25.5212    20.1004
4.7307997    25.5276    20.1004
4.7539997    25.545198    20.1004
4.7644    25.553999    20.1004
4.7964    25.5868    20.1004
4.8083997    25.598799    20.1004
4.8292    25.6252    20.1004
4.8388    25.6372    20.1004
4.8476    25.6516    20.1004
4.8588    25.6708    20.1004
4.8828    25.7204    20.1004
4.8835998    25.7228    20.1004
4.8956    25.7572    20.1004
4.9068    25.7916    20.1004
4.9076    25.7948    20.1004
4.9284    25.8724    20.1004
4.9284    25.8732    20.1004
4.9284    25.8748    20.1004
4.9356    25.925999    20.1004
4.9379997    25.9748    20.1004
4.9412    26.0204    20.1004
4.9467998    26.042799    20.1004
4.9516    26.063599    20.1004
4.9667997    26.1124    20.1004
4.9684    26.1188    20.1004
4.9964    26.191599    20.1004
5.0035996    26.2132    20.1004
5.0172    26.260399    20.1004
5.0284    26.2972    20.1004
5.0404    26.338    20.1004
5.0708    26.4324    20.1004
5.0852    26.4804    20.1004
5.0916    26.5036    20.1004
5.0931997    26.5148    20.1004
5.0948    26.5252    20.1004
5.098    26.5476    20.1004
5.1043997    26.598799    20.1004
5.1043997    26.626799    20.1004
5.1043997    26.6404    20.1004
5.1028    26.674799    20.1004
5.1012    26.6884    20.1004
5.098    26.7052    20.1004
5.0916    26.7508    20.1004
5.0852    26.7748    20.1004
5.0755997    26.810799    20.1004
5.0676    26.834    20.1004
5.0611997    26.8524    20.1004
5.0492    26.875599    20.1004
5.0396    26.897999    20.1004
5.0172    26.942    20.1004
5.0123997    26.9508    20.1004
5.0108    26.9524    20.1004
5.0084    26.9572    20.1004
4.986    26.9924    20.1004
4.9779997    27.0036    20.1004
4.9604    27.0324    20.1004
4.9532    27.041199    20.1004
4.9347997    27.0668    20.1004
4.9124    27.0924    20.1004
4.9044    27.104399    20.1004
4.882    27.13    20.1004
4.8515997    27.1652    20.1004
4.8164    27.206    20.1004
4.7924    27.2332    20.1004
4.7851996    27.2412    20.1004
4.778    27.247599    20.1004
4.766    27.2612    20.1004
4.7524    27.2764    20.1004
4.7412    27.293999    20.1004
4.7156    27.3308    20.1004
4.7092    27.3372    20.1004
4.6812    27.368399    20.1004
4.6356    27.4116    20.1004
4.6004    27.4412    20.1004
4.5924    27.4468    20.1004
4.5323997    27.486    20.1004
4.5292    27.4884    20.1004
4.5284    27.4884    20.1004
4.5276    27.489199    20.1004
4.4572    27.522799    20.1004
4.45    27.524399    20.1004
4.4179997    27.5332    20.1004
4.402    27.5364    20.1004
4.3924    27.537199    20.1004
4.3596    27.538    20.1004
4.318    27.5364    20.1004
4.2924    27.5324    20.1004
4.2683997    27.5324    20.1004
4.2572    27.529999    20.1004
4.2348    27.529999    20.1004
4.222    27.5292    20.1004
4.17    27.5268    20.1004
4.1692    27.5268    20.1004
4.1252    27.518799    20.1004
4.0884    27.5084    20.1004
4.0587997    27.498798    20.1004
3.9659998    27.4636    20.1004
3.9243999    27.4476    20.1004
3.922    27.4468    20.1004
3.8404    27.4196    20.1004
3.8307998    27.416399    20.1004
3.7508    27.394    20.1004
3.6868    27.3764    20.1004
3.5651999    27.345999    20.1004
3.5307999    27.3372    20.1004
3.5219998    27.3356    20.1004
3.4556    27.3204    20.1004
3.3636    27.2988    20.1004
3.3548    27.2964    20.1004
3.3492    27.2948    20.1004
3.2819998    27.274    20.1004
3.2292    27.253199    20.1004
3.2243998    27.2508    20.1004
3.2228    27.25    20.1004
3.1499999    27.2156    20.1004
3.1011999    27.1908    20.1004
3.0835998    27.182    20.1004
3.0788    27.178799    20.1004
3.0324    27.154    20.1004
3.006    27.1372    20.1004
2.9803998    27.122799    20.1004
2.954    27.105999    20.1004
2.9308    27.0924    20.1004
2.9043999    27.0716    20.1004
2.886    27.056398    20.1004
2.8667998    27.0404    20.1004
2.8516    27.0236    20.1004
2.8428    27.014    20.1004
2.8372    27.0068    20.1004
2.8251998    26.99    20.1004
2.8035998    26.9548    20.1004
2.7907999    26.927599    20.1004
2.786    26.9172    20.1004
2.7819998    26.9068    20.1004
2.77    26.872398    20.1004
2.7508    26.8116    20.1004
2.7452    26.795599    20.1004
2.7331998    26.758799    20.1004
2.7252    26.7444    20.1004
2.7164    26.7204    20.1004
2.698    26.6884    20.1004
2.6915998    26.6764    20.1004
2.6812    26.6596    20.1004
2.6299999    26.5772    20.1004
2.6204    26.5612    20.1004
2.6132    26.542    20.1004
2.6044    26.526    20.1004
2.5995998    26.5012    20.1004
2.598    26.496399    20.1004
2.5939999    26.472399    20.1004
2.5932    26.4684    20.1004
2.5948    26.448399    20.1004
2.5948    26.444399    20.1004
2.602    26.401999    20.1004
2.602    26.4012    20.1004
2.6028    26.3988    20.1004
2.6148    26.364399    20.1004
2.6499999    26.286    20.1004
2.6508    26.284399    20.1004
2.6508    26.2836    20.1004
2.662    26.2452    20.1004
2.6684    26.221199    20.1004
2.6724    26.202    20.1004
2.6748    26.1868    20.1004
2.678    26.1652    20.1004
2.6764    26.0884    20.1004
2.6771998    26.066    20.1004
2.6827998    26.0276    20.1004
2.6859999    26.0092    20.1004
2.6971998    25.9772    20.1004
2.7012    25.966799    20.1004
2.7172    25.9364    20.1004
2.7268    25.920399    20.1004
2.7475998    25.8876    20.1004
2.7484    25.886799    20.1004
2.7484    25.886    20.1004
2.7707999    25.8636    20.1004
2.79    25.8468    20.1004
2.8044    25.8356    20.1004
2.8595998    25.7972    20.1004
