16.2628    13.5828    0.9004
16.2172    13.578    0.9004
16.1716    13.573199    0.9004
16.1668    13.5724    0.9004
16.1644    13.5724    0.9004
16.1596    13.5716    0.9004
16.0756    13.558    0.9004
16.0348    13.550799    0.9004
15.9939995    13.5428    0.9004
15.9604    13.5348    0.9004
15.9268    13.526    0.9004
15.922    13.5252    0.9004
15.917999    13.5227995    0.9004
15.8963995    13.5132    0.9004
15.883599    13.502    0.9004
15.8756    13.4956    0.9004
15.87    13.4844    0.9004
15.8652    13.474    0.9004
15.8636    13.4668    0.9004
15.8588    13.447599    0.9004
15.854799    13.4196    0.9004
15.8524    13.401199    0.9004
15.846    13.3452    0.9004
15.842799    13.302    0.9004
15.842    13.2892    0.9004
15.8412    13.2556    0.9004
15.8404    13.226    0.9004
15.8404    13.2092    0.9004
15.842    13.1684    0.9004
15.842    13.15    0.9004
15.842799    13.1324    0.9004
15.8452    13.0836    0.9004
15.846    13.0652    0.9004
15.848399    13.0316    0.9004
15.8516    13.0036    0.9004
15.858    12.9604    0.9004
15.8596    12.9508    0.9004
15.861199    12.9452    0.9004
15.8708    12.8988    0.9004
15.8876    12.846    0.9004
15.889199    12.8412    0.9004
15.889199    12.8404    0.9004
15.8907995    12.837199    0.9004
15.901999    12.809199    0.9004
15.9108    12.791599    0.9004
15.917999    12.7788    0.9004
15.924399    12.769199    0.9004
15.936399    12.752399    0.9004
15.9539995    12.7324    0.9004
15.9595995    12.7244    0.9004
15.9772    12.705199    0.9004
15.986    12.6964    0.9004
16.0164    12.6692    0.9004
16.0212    12.665199    0.9004
16.038    12.6516    0.9004
16.0556    12.636399    0.9004
16.087599    12.6147995    0.9004
16.0916    12.6116    0.9004
16.1196    12.5932    0.9004
16.1348    12.585199    0.9004
16.150799    12.5748    0.9004
16.180399    12.561999    0.9004
16.202799    12.550799    0.9004
16.225199    12.5412    0.9004
16.236399    12.5372    0.9004
16.254799    12.5308    0.9004
16.2812    12.526    0.9004
16.282799    12.5252    0.9004
16.2852    12.5252    0.9004
16.3116    12.5204    0.9004
16.3172    12.5196    0.9004
16.3396    12.5196    0.9004
16.3484    12.5204    0.9004
16.368399    12.5244    0.9004
16.3852    12.5292    0.9004
16.3948    12.533199    0.9004
16.4212    12.545199    0.9004
16.425999    12.5468    0.9004
16.4404    12.556399    0.9004
16.4516    12.5644    0.9004
16.4788    12.584399    0.9004
16.5044    12.6068    0.9004
16.506    12.608399    0.9004
16.534    12.638    0.9004
16.5348    12.6388    0.9004
16.537199    12.641999    0.9004
16.5588    12.665199    0.9004
16.5644    12.671599    0.9004
16.5836    12.6956    0.9004
16.5908    12.7044    0.9004
16.604399    12.723599    0.9004
16.6164    12.7411995    0.9004
16.6252    12.7556    0.9004
16.6324    12.7708    0.9004
16.6372    12.7788    0.9004
16.6484    12.8012    0.9004
16.650799    12.8076    0.9004
16.663599    12.837199    0.9004
16.669199    12.8524    0.9004
16.6716    12.8588    0.9004
16.6724    12.8636    0.9004
16.6812    12.8907995    0.9004
16.684399    12.901999    0.9004
16.6948    12.935599    0.9004
16.6988    12.95    0.9004
16.7036    12.9692    0.9004
16.7156    13.009999    0.9004
16.7228    13.038799    0.9004
16.725199    13.0484    0.9004
16.7276    13.0636    0.9004
16.7372    13.101999    0.9004
16.749199    13.153999    0.9004
16.7508    13.165199    0.9004
16.754799    13.1876    0.9004
16.7564    13.211599    0.9004
16.7572    13.2204    0.9004
16.7596    13.239599    0.9004
16.760399    13.251599    0.9004
16.7596    13.2588    0.9004
16.7596    13.2788    0.9004
16.7564    13.2892    0.9004
16.7524    13.306    0.9004
16.747599    13.3172    0.9004
16.7388    13.332399    0.9004
16.726799    13.349999    0.9004
16.713999    13.365999    0.9004
16.7044    13.378799    0.9004
16.6964    13.3876    0.9004
16.678799    13.406799    0.9004
16.67    13.4156    0.9004
16.663599    13.422    0.9004
16.6548    13.429199    0.9004
16.645199    13.4388    0.9004
16.6356    13.446799    0.9004
16.6196    13.4612    0.9004
16.614    13.465199    0.9004
16.5924    13.478    0.9004
16.5868    13.481999    0.9004
16.5796    13.486799    0.9004
16.559599    13.498799    0.9004
16.5516    13.5028    0.9004
16.5228    13.5188    0.9004
16.513199    13.5244    0.9004
16.501999    13.53    0.9004
16.4628    13.5484    0.9004
16.454    13.5515995    0.9004
16.4228    13.5636    0.9004
16.403599    13.57    0.9004
16.3908    13.573199    0.9004
16.381199    13.5748    0.9004
16.364399    13.578799    0.9004
16.35    13.5803995    0.9004
16.3388    13.5828    0.9004
16.3204    13.5828    0.9004
16.317999    13.5828    0.9004
16.3148    13.5828    0.9004
16.302    13.5828    0.9004
16.2748    13.5836    0.9004
16.2628    13.5828    0.9004
