13.8348    15.3516    14.1004
13.8476    15.405999    14.1004
13.858    15.438    14.1004
13.8692    15.481999    14.1004
13.8764    15.510799    14.1004
13.8812    15.5124    14.1004
13.912399    15.521199    14.1004
13.9212    15.502    14.1004
13.929999    15.4892    14.1004
13.9444    15.475599    14.1004
13.9484    15.4668    14.1004
13.9556    15.447599    14.1004
13.9628    15.4316    14.1004
13.9724    15.412399    14.1004
13.981999    15.389999    14.1004
14.009999    15.326799    14.1004
14.042    15.245999    14.1004
14.045199    15.2372    14.1004
14.061999    15.186    14.1004
14.0636    15.181999    14.1004
14.082    15.1124    14.1004
14.084399    15.106    14.1004
14.0924    15.0644    14.1004
14.0948    15.0532    14.1004
14.095599    15.0492    14.1004
14.098    15.0364    14.1004
14.1044    15.005199    14.1004
14.106    14.9916    14.1004
14.11    14.9604    14.1004
14.1124    14.929199    14.1004
14.1116    14.9092    14.1004
14.1108    14.8812    14.1004
14.1108    14.8684    14.1004
14.108399    14.825999    14.1004
14.107599    14.821199    14.1004
14.1068    14.8172    14.1004
14.102799    14.7892    14.1004
14.097199    14.763599    14.1004
14.095599    14.756399    14.1004
14.0924    14.742    14.1004
14.0868    14.717999    14.1004
14.0724    14.6556    14.1004
14.07    14.642799    14.1004
14.061199    14.6044    14.1004
14.0412    14.521999    14.1004
14.027599    14.4612    14.1004
14.0171995    14.4172    14.1004
14.0076    14.373199    14.1004
13.9948    14.3236    14.1004
13.9916    14.308399    14.1004
13.9828    14.2764    14.1004
13.9595995    14.1852    14.1004
13.9251995    14.0604    14.1004
13.923599    14.056399    14.1004
13.922    14.0524    14.1004
13.8996    13.9684    14.1004
13.8764    13.8884    14.1004
13.8684    13.8596    14.1004
13.8476    13.7964    14.1004
13.8396    13.7708    14.1004
13.837999    13.7644    14.1004
13.8331995    13.751599    14.1004
13.8116    13.6779995    14.1004
13.7948    13.63    14.1004
13.781199    13.5859995    14.1004
13.7652    13.542    14.1004
13.750799    13.5028    14.1004
13.740399    13.4732    14.1004
13.711599    13.3963995    14.1004
13.710799    13.394    14.1004
13.6988    13.360399    14.1004
13.6812    13.3132    14.1004
13.665199    13.2764    14.1004
13.6508    13.2388    14.1004
13.6356    13.202    14.1004
13.602799    13.1276    14.1004
13.601999    13.125999    14.1004
13.5996    13.120399    14.1004
13.57    13.050799    14.1004
13.562799    13.033199    14.1004
13.510799    12.926    14.1004
13.504399    12.907599    14.1004
13.4804    12.855599    14.1004
13.4804    12.854799    14.1004
13.4788    12.8524    14.1004
13.4548    12.7996    14.1004
13.452399    12.7948    14.1004
13.4396    12.773999    14.1004
13.4316    12.7556    14.1004
13.423599    12.7372    14.1004
13.4092    12.7148    14.1004
13.401999    12.6916    14.1004
13.3963995    12.6804    14.1004
13.3828    12.654799    14.1004
13.373199    12.6348    14.1004
13.3675995    12.6228    14.1004
13.355599    12.6036    14.1004
13.3508    12.5812    14.1004
13.337999    12.550799    14.1004
13.3292    12.5364    14.1004
13.3188    12.5148    14.1004
13.2987995    12.469999    14.1004
13.2596    12.378799    14.1004
13.2532    12.3636    14.1004
13.2428    12.338799    14.1004
13.2156    12.278    14.1004
13.202    12.2492    14.1004
13.1972    12.2372    14.1004
13.186    12.21    14.1004
13.177199    12.189199    14.1004
13.1588    12.1628    14.1004
13.1564    12.1564    14.1004
13.15    12.15    14.1004
13.125199    12.137199    14.1004
13.113199    12.1356    14.1004
13.0924    12.146    14.1004
13.079599    12.1588    14.1004
13.0612    12.186    14.1004
13.0372    12.2132    14.1004
13.0324    12.2188    14.1004
13.0292    12.222799    14.1004
13.0196    12.233999    14.1004
13.004399    12.254    14.1004
13.0004    12.2588    14.1004
12.965199    12.2987995    14.1004
12.9628    12.303599    14.1004
12.947599    12.3244    14.1004
12.9436    12.337999    14.1004
12.938    12.3532    14.1004
12.9404    12.374    14.1004
12.9428    12.3884    14.1004
12.9556    12.406    14.1004
12.9668    12.418799    14.1004
13.009999    12.452399    14.1004
13.0132    12.4556    14.1004
13.1452    12.5428    14.1004
13.165199    12.5571995    14.1004
13.183599    12.5692    14.1004
13.223599    12.6004    14.1004
13.2332    12.608399    14.1004
13.2436    12.6164    14.1004
13.2708    12.6404    14.1004
13.279599    12.6532    14.1004
13.2884    12.6676    14.1004
13.3012    12.686    14.1004
13.3068    12.6956    14.1004
13.309999    12.705999    14.1004
13.3188    12.728399    14.1004
13.3228    12.739599    14.1004
13.3252    12.7588    14.1004
13.3284    12.785999    14.1004
13.3284    12.802    14.1004
13.326799    12.842    14.1004
13.320399    12.8716    14.1004
13.3076    12.917999    14.1004
13.3004    12.9404    14.1004
13.274799    13.021199    14.1004
13.269199    13.038799    14.1004
13.2668    13.044399    14.1004
13.262799    13.055599    14.1004
13.2484    13.096399    14.1004
13.2364    13.138    14.1004
13.2308    13.1508    14.1004
13.2212    13.1908    14.1004
13.217199    13.21    14.1004
13.216399    13.242    14.1004
13.2156    13.254    14.1004
13.217999    13.292399    14.1004
13.222    13.3276    14.1004
13.242    13.4452    14.1004
13.245199    13.4628    14.1004
13.246799    13.4724    14.1004
13.263599    13.545199    14.1004
13.274799    13.6108    14.1004
13.297999    13.7012    14.1004
13.302799    13.7212    14.1004
13.3052    13.729199    14.1004
13.3331995    13.838799    14.1004
13.3364    13.8508    14.1004
13.3364    13.8516    14.1004
13.337999    13.855599    14.1004
13.3652    13.963599    14.1004
13.384399    14.0404    14.1004
13.3963995    14.084399    14.1004
13.4148    14.160399    14.1004
13.4228    14.1932    14.1004
13.4564    14.326799    14.1004
13.465199    14.3644    14.1004
13.469999    14.386    14.1004
13.486799    14.4548    14.1004
13.5196    14.597199    14.1004
13.521999    14.6068    14.1004
13.5308    14.6444    14.1004
13.544399    14.7028    14.1004
13.5668    14.8052    14.1004
13.578799    14.860399    14.1004
13.5812    14.883599    14.1004
13.5836    14.905999    14.1004
13.5924    14.9251995    14.1004
13.6012    14.936399    14.1004
13.6116    14.9428    14.1004
13.65    14.9612    14.1004
13.658    14.965199    14.1004
13.659599    14.966    14.1004
13.660399    14.9668    14.1004
13.662    14.9684    14.1004
13.6932    14.993199    14.1004
13.7132    15.010799    14.1004
13.722799    15.0188    14.1004
13.7316    15.032399    14.1004
13.7411995    15.0468    14.1004
13.7484    15.0636    14.1004
13.7596    15.090799    14.1004
13.780399    15.15    14.1004
13.780399    15.1508    14.1004
13.781199    15.1516    14.1004
13.8116    15.2596    14.1004
13.8276    15.3252    14.1004
13.8348    15.3516    14.1004
