17.1908    24.3092    14.1004
17.1796    24.317999    14.1004
17.173199    24.3212    14.1004
17.1372    24.345999    14.1004
17.1076    24.366    14.1004
17.0716    24.3876    14.1004
17.0564    24.396399    14.1004
17.0508    24.3996    14.1004
16.998    24.4308    14.1004
16.9364    24.4636    14.1004
16.9284    24.4684    14.1004
16.9236    24.470798    14.1004
16.892399    24.486    14.1004
16.845999    24.5084    14.1004
16.8308    24.5156    14.1004
16.8076    24.5252    14.1004
16.7868    24.5348    14.1004
16.7724    24.541199    14.1004
16.7316    24.5588    14.1004
16.7012    24.57    14.1004
16.6516    24.585999    14.1004
16.609999    24.600399    14.1004
16.594    24.6052    14.1004
16.529999    24.626    14.1004
16.5036    24.6332    14.1004
16.4708    24.6412    14.1004
16.4436    24.6476    14.1004
16.4308    24.650799    14.1004
16.410799    24.654    14.1004
16.3964    24.654799    14.1004
16.3764    24.6532    14.1004
16.369999    24.650799    14.1004
16.35    24.6444    14.1004
16.312399    24.6244    14.1004
16.284399    24.6108    14.1004
16.27    24.6036    14.1004
16.262    24.600399    14.1004
16.2452    24.5908    14.1004
16.2228    24.580399    14.1004
16.2092    24.5716    14.1004
16.184399    24.559599    14.1004
16.1556    24.5564    14.1004
16.1524    24.5556    14.1004
16.15    24.5564    14.1004
16.13    24.557999    14.1004
16.078    24.5716    14.1004
16.046    24.5788    14.1004
15.9844    24.593199    14.1004
15.9484    24.600399    14.1004
15.9388    24.6036    14.1004
15.917999    24.6124    14.1004
15.906799    24.6204    14.1004
15.901999    24.645199    14.1004
15.900399    24.6612    14.1004
15.911599    24.669199    14.1004
15.9492    24.6988    14.1004
15.958799    24.7052    14.1004
15.969199    24.713999    14.1004
15.997999    24.736399    14.1004
16.018    24.7516    14.1004
16.038    24.7676    14.1004
16.0476    24.777199    14.1004
16.066    24.802    14.1004
16.0684    24.8044    14.1004
16.0692    24.806    14.1004
16.070799    24.8132    14.1004
16.0724    24.8252    14.1004
16.0532    24.8484    14.1004
16.0516    24.849998    14.1004
16.0508    24.8508    14.1004
16.0492    24.851599    14.1004
16.0236    24.864399    14.1004
15.999599    24.8732    14.1004
15.9939995    24.8748    14.1004
15.992399    24.875599    14.1004
15.8596    24.909199    14.1004
15.791599    24.9268    14.1004
15.7308    24.9412    14.1004
15.688399    24.9524    14.1004
15.6412    24.9628    14.1004
15.5836    24.9756    14.1004
15.526799    24.987598    14.1004
15.474    24.998    14.1004
15.4228    25.0084    14.1004
15.394    25.0148    14.1004
15.343599    25.024399    14.1004
15.309199    25.0308    14.1004
15.2588    25.039598    14.1004
15.256399    25.039598    14.1004
15.136399    25.0556    14.1004
15.0588    25.065199    14.1004
15.0227995    25.069199    14.1004
14.934    25.080399    14.1004
14.9251995    25.081999    14.1004
14.922    25.081999    14.1004
14.8116    25.093199    14.1004
14.7604    25.098    14.1004
14.6956    25.102798    14.1004
14.5932    25.1124    14.1004
14.538799    25.115599    14.1004
14.452399    25.1196    14.1004
14.4228    25.121199    14.1004
14.3292    25.1236    14.1004
14.263599    25.126    14.1004
14.2132    25.126799    14.1004
14.1236    25.128399    14.1004
14.0148    25.1292    14.1004
14.0084    25.1292    14.1004
13.981199    25.1292    14.1004
13.926    25.128399    14.1004
13.8468    25.1244    14.1004
13.8308    25.1244    14.1004
13.785999    25.126799    14.1004
13.7788    25.126799    14.1004
13.7156    25.1276    14.1004
13.7036    25.128399    14.1004
13.533199    25.1364    14.1004
13.3644    25.143599    14.1004
13.3172    25.145199    14.1004
13.154799    25.15    14.1004
13.1124    25.1516    14.1004
13.0348    25.154    14.1004
12.8988    25.1596    14.1004
12.7676    25.1644    14.1004
12.6723995    25.1684    14.1004
12.549999    25.174799    14.1004
12.515599    25.1764    14.1004
12.4804    25.178    14.1004
12.3684    25.1852    14.1004
12.325999    25.1852    14.1004
12.3124    25.1852    14.1004
12.3004    25.1852    14.1004
12.240399    25.182    14.1004
12.2212    25.180399    14.1004
12.1292    25.17    14.1004
12.101999    25.1668    14.1004
12.073999    25.1628    14.1004
11.9788    25.1468    14.1004
11.946799    25.1412    14.1004
11.855599    25.122799    14.1004
11.7948    25.1076    14.1004
11.7508    25.097198    14.1004
11.717999    25.0892    14.1004
11.6988    25.0828    14.1004
11.622    25.0588    14.1004
11.591599    25.0492    14.1004
11.5748    25.042799    14.1004
11.4828    25.007599    14.1004
11.4676    25.0012    14.1004
11.3619995    24.9516    14.1004
11.346    24.9436    14.1004
11.2852    24.9116    14.1004
11.2268    24.879599    14.1004
11.2012    24.8636    14.1004
11.1052    24.805199    14.1004
11.009999    24.7412    14.1004
10.9852    24.723598    14.1004
10.9212    24.6764    14.1004
10.8628    24.6332    14.1004
10.8244    24.6012    14.1004
10.7372    24.5308    14.1004
10.625199    24.434    14.1004
10.6172    24.427599    14.1004
10.608399    24.4212    14.1004
10.5932    24.4084    14.1004
10.538    24.362    14.1004
10.5316    24.355598    14.1004
10.5252    24.3468    14.1004
10.5084    24.3324    14.1004
10.49    24.312399    14.1004
10.49    24.3004    14.1004
10.49    24.2892    14.1004
10.506    24.2668    14.1004
10.516399    24.2556    14.1004
10.521999    24.2388    14.1004
10.521999    24.221199    14.1004
10.5156    24.2052    14.1004
10.505199    24.1964    14.1004
10.4828    24.1716    14.1004
10.4772    24.167599    14.1004
10.446    24.142    14.1004
10.418799    24.1236    14.1004
10.361199    24.0756    14.1004
10.3468    24.0628    14.1004
10.2996    24.018799    14.1004
10.2852    24.0052    14.1004
10.2556    23.9748    14.1004
10.2372    23.955599    14.1004
10.2108    23.9284    14.1004
10.19    23.9028    14.1004
10.119599    23.814    14.1004
10.118    23.8116    14.1004
10.0492    23.7228    14.1004
10.0348    23.702    14.1004
10.006    23.6556    14.1004
9.9812    23.6188    14.1004
9.9748    23.6084    14.1004
9.9636    23.59    14.1004
9.9595995    23.5788    14.1004
9.9548    23.5676    14.1004
9.95    23.546799    14.1004
9.947599    23.5364    14.1004
9.9484    23.5308    14.1004
9.95    23.5108    14.1004
9.9524    23.485199    14.1004
9.9548    23.459599    14.1004
9.9556    23.4508    14.1004
9.9604    23.425999    14.1004
9.9676    23.4068    14.1004
9.9716    23.3988    14.1004
9.974    23.394    14.1004
9.9868    23.3732    14.1004
10.0028    23.353199    14.1004
10.0036    23.3524    14.1004
10.005199    23.3508    14.1004
10.0348    23.3212    14.1004
10.0668    23.2948    14.1004
10.073999    23.2892    14.1004
10.106    23.2684    14.1004
10.1124    23.264399    14.1004
10.1532    23.237999    14.1004
10.159599    23.2348    14.1004
10.177199    23.225199    14.1004
10.2108    23.206    14.1004
10.226    23.198    14.1004
10.2428    23.1892    14.1004
10.2532    23.182    14.1004
10.2628    23.1684    14.1004
10.2788    23.1444    14.1004
10.2772    23.132399    14.1004
10.2716    23.1108    14.1004
10.2644    23.0964    14.1004
10.2532    23.069199    14.1004
10.2444    23.0508    14.1004
10.23    23.0108    14.1004
10.2164    22.9748    14.1004
10.2132    22.9676    14.1004
10.1723995    22.862799    14.1004
10.1588    22.8268    14.1004
10.154799    22.8172    14.1004
10.090799    22.654    14.1004
10.085199    22.639599    14.1004
10.0148    22.4508    14.1004
9.9539995    22.286    14.1004
9.9236    22.202    14.1004
9.906    22.1516    14.1004
9.872399    22.0572    14.1004
9.8628    22.026    14.1004
9.843599    21.966799    14.1004
9.809199    21.8556    14.1004
9.8076    21.8492    14.1004
9.8068    21.845999    14.1004
9.7892    21.7796    14.1004
9.7836    21.7572    14.1004
9.7716    21.706    14.1004
9.7596    21.6484    14.1004
9.752399    21.611599    14.1004
9.751599    21.6028    14.1004
9.7372    21.5084    14.1004
9.7364    21.5052    14.1004
9.726    21.4116    14.1004
9.7252    21.4052    14.1004
9.7156    21.317999    14.1004
9.7156    21.314    14.1004
9.7108    21.2372    14.1004
9.7108    21.2348    14.1004
9.7108    21.23    14.1004
9.7028    21.0732    14.1004
9.6964    20.864399    14.1004
9.6964    20.8612    14.1004
9.6964    20.8596    14.1004
9.6964    20.857199    14.1004
9.6916    20.6356    14.1004
9.6908    20.4996    14.1004
9.69    20.442799    14.1004
9.69    20.386799    14.1004
9.6924    20.2836    14.1004
9.6956    20.2004    14.1004
9.698    20.166    14.1004
9.700399    20.0884    14.1004
9.7012    20.080399    14.1004
9.7028    20.062    14.1004
9.7132    19.955599    14.1004
9.717999    19.906    14.1004
9.7268    19.8308    14.1004
9.734799    19.7764    14.1004
9.7452    19.708399    14.1004
9.7508    19.674    14.1004
9.7708    19.5668    14.1004
9.774799    19.546799    14.1004
9.7972    19.438    14.1004
9.8052    19.4052    14.1004
9.821199    19.342    14.1004
9.8412    19.2628    14.1004
9.8484    19.234    14.1004
9.8644    19.180399    14.1004
9.8772    19.1356    14.1004
9.8876    19.1036    14.1004
9.91    19.034    14.1004
9.9444    18.9292    14.1004
9.9492    18.914    14.1004
9.9508    18.909199    14.1004
9.998799    18.7764    14.1004
10.0084    18.7516    14.1004
10.058    18.6196    14.1004
10.0756    18.574    14.1004
10.1444    18.4004    14.1004
10.1924    18.2748    14.1004
10.2196    18.206    14.1004
10.263599    18.0892    14.1004
10.3604    17.8372    14.1004
10.37    17.814    14.1004
10.374    17.801199    14.1004
10.3876    17.7684    14.1004
10.4564    17.5972    14.1004
10.5348    17.4028    14.1004
10.544399    17.3804    14.1004
10.558    17.3468    14.1004
10.6476    17.1292    14.1004
10.728399    16.9324    14.1004
10.7396    16.9044    14.1004
10.7972    16.7708    14.1004
10.8164    16.721199    14.1004
10.866    16.594    14.1004
10.8796    16.5588    14.1004
10.9116    16.4764    14.1004
10.9268    16.4356    14.1004
10.953199    16.364399    14.1004
10.9692    16.317999    14.1004
10.9892    16.2628    14.1004
10.998799    16.234    14.1004
11.045199    16.0924    14.1004
11.0492    16.0804    14.1004
11.05    16.076399    14.1004
11.066    16.0204    14.1004
11.0716    16.0044    14.1004
11.0748    15.9956    14.1004
11.0772    15.966    14.1004
11.078    15.9564    14.1004
11.07    15.9508    14.1004
11.0604    15.947599    14.1004
11.0492    15.9276    14.1004
11.0308    15.917999    14.1004
11.0036    15.9251995    14.1004
10.9892    15.9284    14.1004
10.9604    15.936399    14.1004
10.9516    15.9396    14.1004
10.9028    15.9484    14.1004
10.901999    15.9484    14.1004
10.849999    15.9556    14.1004
10.837999    15.9564    14.1004
10.809199    15.9572    14.1004
10.792399    15.958799    14.1004
10.7556    15.9572    14.1004
10.752399    15.9564    14.1004
10.7196    15.951599    14.1004
10.717199    15.9508    14.1004
10.7132    15.95    14.1004
10.682    15.936399    14.1004
10.6732    15.9307995    14.1004
10.665199    15.9251995    14.1004
10.6516    15.914    14.1004
10.6388    15.901999    14.1004
10.634    15.8972    14.1004
10.618    15.8748    14.1004
10.6116    15.87    14.1004
10.5956    15.843599    14.1004
10.59    15.837999    14.1004
10.5876    15.8364    14.1004
10.5764    15.8188    14.1004
10.566    15.803599    14.1004
10.5588    15.7964    14.1004
10.5588    15.7948    14.1004
10.558    15.7932    14.1004
10.5292    15.7668    14.1004
10.5292    15.7652    14.1004
10.5292    15.7588    14.1004
10.4948    15.7388    14.1004
10.4924    15.738    14.1004
10.4916    15.738    14.1004
10.4796    15.738    14.1004
10.4788    15.7372    14.1004
10.4684    15.7388    14.1004
10.447599    15.734799    14.1004
10.4444    15.7332    14.1004
10.441999    15.7308    14.1004
10.4276    15.716399    14.1004
10.4196    15.7084    14.1004
10.4116    15.682799    14.1004
10.4084    15.6756    14.1004
10.4004    15.6556    14.1004
10.3916    15.6292    14.1004
10.378799    15.5876    14.1004
10.3588    15.5196    14.1004
10.349999    15.4892    14.1004
10.3396    15.4556    14.1004
10.318    15.3756    14.1004
10.3043995    15.322    14.1004
10.2932    15.278    14.1004
10.2908    15.268399    14.1004
10.2668    15.176399    14.1004
10.2652    15.1684    14.1004
10.2436    15.0803995    14.1004
10.23    15.027599    14.1004
10.2212    14.9939995    14.1004
10.2156    14.9676    14.1004
10.2067995    14.923599    14.1004
10.1956    14.871599    14.1004
10.1924    14.8564    14.1004
10.19    14.8412    14.1004
10.183599    14.7964    14.1004
10.182799    14.7876    14.1004
10.1756    14.7276    14.1004
10.1748    14.723599    14.1004
10.1748    14.7196    14.1004
10.1692    14.6628    14.1004
10.1692    14.647599    14.1004
10.1676    14.590799    14.1004
10.1676    14.5756    14.1004
10.1676    14.53    14.1004
10.1676    14.5004    14.1004
10.1684    14.4908    14.1004
10.1684    14.4852    14.1004
10.1692    14.4628    14.1004
10.1732    14.4284    14.1004
10.1748    14.418799    14.1004
10.1812    14.3812    14.1004
10.182    14.3636    14.1004
10.194799    14.302799    14.1004
10.2044    14.263599    14.1004
10.2092    14.2436    14.1004
10.226    14.176399    14.1004
10.2396    14.125999    14.1004
10.278    13.997999    14.1004
10.3028    13.9212    14.1004
10.3108    13.894799    14.1004
10.3348    13.8308    14.1004
10.3619995    13.752399    14.1004
10.389999    13.67    14.1004
10.4164    13.594    14.1004
10.4524    13.492399    14.1004
10.469999    13.4484    14.1004
10.4939995    13.3907995    14.1004
10.502    13.3708    14.1004
10.5308    13.3076    14.1004
10.5716    13.2188    14.1004
10.5772    13.205999    14.1004
10.5812    13.1972    14.1004
10.6276    13.0828    14.1004
10.6508    13.026799    14.1004
10.6644    12.9916    14.1004
10.6756    12.9595995    14.1004
10.6932    12.9044    14.1004
10.7076    12.8572    14.1004
10.717999    12.8132    14.1004
10.7268    12.781199    14.1004
10.7332    12.757999    14.1004
10.7372    12.742    14.1004
10.7492    12.683599    14.1004
10.7548    12.65    14.1004
10.762799    12.597199    14.1004
10.7764    12.509999    14.1004
10.7788    12.49    14.1004
10.780399    12.4668    14.1004
10.7836    12.3963995    14.1004
10.785999    12.3468    14.1004
10.785999    12.3244    14.1004
10.7876    12.2428    14.1004
10.7884    12.2036    14.1004
10.7844    12.1164    14.1004
10.782    12.085199    14.1004
10.7732    11.9772    14.1004
10.769199    11.9444    14.1004
10.7604    11.8772    14.1004
10.7532    11.8236    14.1004
10.745999    11.7836    14.1004
10.7244    11.6668    14.1004
10.711599    11.61    14.1004
10.6988    11.5588    14.1004
10.6748    11.466    14.1004
10.6644    11.4268    14.1004
10.6556    11.3972    14.1004
10.634    11.3244    14.1004
10.5956    11.2092    14.1004
10.585199    11.1788    14.1004
10.5548    11.0956    14.1004
10.554    11.0948    14.1004
10.554    11.094    14.1004
10.5412    11.066    14.1004
10.4772    10.926    14.1004
10.4748    10.9196    14.1004
10.413199    10.7987995    14.1004
10.406    10.7852    14.1004
10.3692    10.726    14.1004
10.3604    10.71    14.1004
10.3412    10.6804    14.1004
10.3188    10.6444    14.1004
10.2972    10.6132    14.1004
10.2732    10.5756    14.1004
10.2364    10.5244    14.1004
10.228399    10.5132    14.1004
10.2132    10.493199    14.1004
10.1764    10.4436    14.1004
10.106    10.3452    14.1004
10.0924    10.3252    14.1004
10.0012    10.2012    14.1004
9.998    10.1964    14.1004
9.9956    10.1924    14.1004
9.9892    10.1796    14.1004
9.975599    10.1524    14.1004
9.965199    10.1292    14.1004
9.962    10.1108    14.1004
9.9572    10.0932    14.1004
9.962    10.054    14.1004
9.9628    10.0532    14.1004
9.9628    10.0515995    14.1004
9.9636    10.05    14.1004
9.9852    9.970799    14.1004
10.0012    9.9204    14.1004
10.009999    9.8963995    14.1004
10.026    9.855599    14.1004
10.038    9.8244    14.1004
10.0668    9.757199    14.1004
10.0788    9.7308    14.1004
10.1188    9.65    14.1004
10.1332    9.6212    14.1004
10.1404    9.6052    14.1004
10.153999    9.585199    14.1004
10.1612    9.5732    14.1004
10.1692    9.562799    14.1004
10.1916    9.538799    14.1004
10.1932    9.538    14.1004
10.2212    9.5188    14.1004
10.2476    9.5068    14.1004
10.2484    9.5068    14.1004
10.280399    9.4924    14.1004
10.2844    9.4916    14.1004
10.3028    9.486    14.1004
10.3252    9.481999    14.1004
10.3276    9.4812    14.1004
10.33    9.4812    14.1004
10.3628    9.4812    14.1004
10.373199    9.4828    14.1004
10.3884    9.4852    14.1004
10.412399    9.4924    14.1004
10.4508    9.504399    14.1004
10.4836    9.5156    14.1004
10.505199    9.5227995    14.1004
10.57    9.550799    14.1004
10.608399    9.566    14.1004
10.6172    9.57    14.1004
10.6435995    9.5828    14.1004
10.662    9.591599    14.1004
10.6692    9.5948    14.1004
10.6908    9.6076    14.1004
10.7012    9.6147995    14.1004
10.738    9.6412    14.1004
10.7396    9.642    14.1004
10.7411995    9.6435995    14.1004
10.7428    9.6452    14.1004
10.7476    9.6491995    14.1004
10.7732    9.6708    14.1004
10.7996    9.6748    14.1004
10.8076    9.677199    14.1004
10.832399    9.6676    14.1004
10.8348    9.6676    14.1004
10.8412    9.6516    14.1004
10.849999    9.6468    14.1004
10.8516    9.6452    14.1004
10.8628    9.6188    14.1004
10.8644    9.6147995    14.1004
10.8748    9.558    14.1004
10.8756    9.5548    14.1004
10.8764    9.5532    14.1004
10.8772    9.5484    14.1004
10.9044    9.4444    14.1004
10.9084    9.4307995    14.1004
10.9204    9.389999    14.1004
10.9444    9.3132    14.1004
10.9612    9.2652    14.1004
10.986    9.1972    14.1004
11.0084    9.1332    14.1004
11.0268    9.0844    14.1004
11.085199    8.9452    14.1004
11.108399    8.889999    14.1004
11.1636    8.766    14.1004
11.1964    8.6964    14.1004
11.2588    8.562799    14.1004
11.318    8.4348    14.1004
11.3852    8.2892    14.1004
11.406799    8.2452    14.1004
11.417999    8.2188    14.1004
11.4844    8.07    14.1004
11.4883995    8.0612    14.1004
11.506    8.018    14.1004
11.533199    7.9508    14.1004
11.5644    7.8732    14.1004
11.5748    7.8451996    14.1004
11.5859995    7.8148    14.1004
11.6108    7.746    14.1004
11.6468    7.6419997    14.1004
11.654799    7.6196    14.1004
11.6612    7.6004    14.1004
11.6684    7.5772    14.1004
11.7044    7.4628    14.1004
11.7411995    7.3339996    14.1004
11.7508    7.3004    14.1004
11.7699995    7.2316    14.1004
11.8348    6.9955997    14.1004
11.883599    6.8227997    14.1004
11.8932    6.79    14.1004
11.898    6.7739997    14.1004
11.952399    6.5884    14.1004
11.9836    6.4884    14.1004
12.054    6.2636    14.1004
12.0948    6.1396    14.1004
12.113999    6.0804    14.1004
12.1556    5.9547997    14.1004
12.211599    5.7836    14.1004
12.233999    5.7124    14.1004
12.2411995    5.6892    14.1004
12.2484    5.6604    14.1004
12.2548    5.6372    14.1004
12.2564    5.6228    14.1004
12.2604    5.5972    14.1004
12.262799    5.5596    14.1004
12.262799    5.5587997    14.1004
12.269199    5.4676    14.1004
12.2724    5.4491997    14.1004
12.2788    5.4108    14.1004
12.2796    5.4059997    14.1004
12.2948    5.3547997    14.1004
12.2956    5.3515997    14.1004
12.2964    5.35    14.1004
12.3124    5.3164    14.1004
12.3196    5.3012    14.1004
12.321199    5.2995996    14.1004
12.3619995    5.2292    14.1004
12.3692    5.218    14.1004
12.3756    5.2068    14.1004
12.3907995    5.1788    14.1004
12.401999    5.1516    14.1004
12.4044    5.1468    14.1004
12.4052    5.1436    14.1004
12.4156    5.1212    14.1004
12.418799    5.1075997    14.1004
12.426    5.0796    14.1004
12.429199    5.058    14.1004
12.4348    5.0276    14.1004
12.4388    4.9867997    14.1004
12.4388    4.986    14.1004
12.4444    4.9291997    14.1004
12.4452    4.9132    14.1004
12.447599    4.8644    14.1004
12.447599    4.8371997    14.1004
12.4492    4.8188    14.1004
12.4492    4.798    14.1004
12.4492    4.79    14.1004
12.446799    4.7556    14.1004
12.446799    4.7516    14.1004
12.4428    4.7188    14.1004
12.441199    4.6972    14.1004
12.4388    4.686    14.1004
12.435599    4.6563997    14.1004
12.435599    4.654    14.1004
12.434    4.6475997    14.1004
12.4284    4.6204    14.1004
12.4268    4.6108    14.1004
12.4212    4.5908    14.1004
12.4196    4.5796    14.1004
12.4084    4.5404    14.1004
12.394799    4.4844    14.1004
12.3924    4.474    14.1004
12.386    4.434    14.1004
12.384399    4.414    14.1004
12.3804    4.3803997    14.1004
12.3804    4.3796    14.1004
12.3804    4.378    14.1004
12.3852    4.3508    14.1004
12.3884    4.3268    14.1004
12.395599    4.2915998    14.1004
12.4028    4.2627997    14.1004
12.4156    4.2244    14.1004
12.4324    4.1724    14.1004
12.4484    4.126    14.1004
12.453199    4.1092    14.1004
12.4604    4.0836    14.1004
12.4612    4.0764    14.1004
12.465199    4.0572    14.1004
12.4668    4.0348    14.1004
12.4668    4.0324    14.1004
12.4668    4.0267997    14.1004
12.4692    3.9956    14.1004
12.4692    3.9724    14.1004
12.4684    3.9548    14.1004
12.4684    3.9492    14.1004
12.465199    3.9052    14.1004
12.4636    3.8811998    14.1004
12.4612    3.8339999    14.1004
12.458799    3.7972    14.1004
12.4556    3.7452    14.1004
12.4548    3.7428    14.1004
12.4492    3.6427999    14.1004
12.4452    3.5644    14.1004
12.4444    3.5491998    14.1004
12.4428    3.5275998    14.1004
12.441199    3.4715998    14.1004
12.4388    3.4252    14.1004
12.438    3.3988    14.1004
12.4372    3.3019998    14.1004
12.436399    3.2531998    14.1004
12.436399    3.2092    14.1004
12.4388    3.1643999    14.1004
12.4396    3.1467998    14.1004
12.441199    3.0907998    14.1004
12.441999    3.0804    14.1004
12.4452    3.0356    14.1004
12.446    3.0244    14.1004
12.447599    3.0131998    14.1004
12.4516    2.9796    14.1004
12.4564    2.9427998    14.1004
12.4564    2.9387999    14.1004
12.4628    2.9036    14.1004
12.4676    2.8772    14.1004
12.4724    2.8555999    14.1004
12.4748    2.8467999    14.1004
12.4828    2.8132    14.1004
12.4836    2.8107998    14.1004
12.4852    2.8068    14.1004
12.4939995    2.7675998    14.1004
12.5028    2.7388    14.1004
12.504399    2.7347999    14.1004
12.5068    2.7268    14.1004
12.5196    2.6836    14.1004
12.5244    2.6668    14.1004
12.5308    2.6499999    14.1004
12.5372    2.6364    14.1004
12.5548    2.586    14.1004
12.5612    2.5723999    14.1004
12.57    2.5516    14.1004
12.578    2.5324    14.1004
12.585199    2.5147998    14.1004
12.5924    2.4956    14.1004
12.6012    2.4796    14.1004
12.613999    2.454    14.1004
12.625199    2.4332    14.1004
12.638    2.4052    14.1004
12.6508    2.386    14.1004
12.6628    2.3667998    14.1004
12.6692    2.358    14.1004
12.6812    2.3404    14.1004
12.682799    2.338    14.1004
12.682799    2.3372    14.1004
12.6988    2.3132    14.1004
12.710799    2.2948    14.1004
12.7308    2.27    14.1004
12.7364    2.2635999    14.1004
12.745199    2.254    14.1004
12.7676    2.2259998    14.1004
12.7948    2.202    14.1004
12.8132    2.1836    14.1004
12.822    2.1748    14.1004
12.8292    2.1676    14.1004
12.8764    2.1292    14.1004
12.8852    2.1211998    14.1004
12.9172    2.0964    14.1004
12.9388    2.0804    14.1004
12.9668    2.0595999    14.1004
12.998    2.0412    14.1004
13.026    2.026    14.1004
13.0515995    2.0132    14.1004
13.073199    2.0019999    14.1004
13.096399    1.994    14.1004
13.0988    1.9932    14.1004
13.142799    1.9715999    14.1004
13.1516    1.9676    14.1004
13.1628    1.9643999    14.1004
13.2156    1.946    14.1004
13.2252    1.9435999    14.1004
13.266    1.9324    14.1004
13.268399    1.9316    14.1004
13.2716    1.9308    14.1004
13.3308    1.9164    14.1004
13.3396    1.9156    14.1004
13.354799    1.9116    14.1004
13.3748    1.9075999    14.1004
13.4332    1.898    14.1004
13.4595995    1.8948    14.1004
13.4612    1.8948    14.1004
13.554    1.8915999    14.1004
13.5652    1.8915999    14.1004
13.5996    1.9003999    14.1004
13.6644    1.9116    14.1004
13.6723995    1.9131999    14.1004
13.674    1.9139999    14.1004
13.681999    1.9164    14.1004
13.723599    1.9291999    14.1004
13.7532    1.9476    14.1004
13.7764    1.9635999    14.1004
13.782    1.9684    14.1004
13.8164    1.9971999    14.1004
13.8396    2.0163999    14.1004
13.8619995    2.0379999    14.1004
13.8963995    2.0764    14.1004
13.906799    2.0884    14.1004
13.9212    2.106    14.1004
13.946799    2.1364    14.1004
13.970799    2.1676    14.1004
13.9948    2.2003999    14.1004
14.014    2.2252    14.1004
14.0412    2.27    14.1004
14.049999    2.2851999    14.1004
14.0748    2.3308    14.1004
14.078    2.3356    14.1004
14.0812    2.3411999    14.1004
14.1036    2.3844    14.1004
14.1268    2.4356    14.1004
14.1284    2.4387999    14.1004
14.130799    2.4436    14.1004
14.15    2.4875998    14.1004
14.160399    2.5116    14.1004
14.1628    2.518    14.1004
14.188399    2.5788    14.1004
14.2036    2.6164    14.1004
14.217999    2.6588    14.1004
14.2204    2.6643999    14.1004
14.2484    2.7356    14.1004
14.2604    2.7691998    14.1004
14.2764    2.8179998    14.1004
14.291599    2.8611999    14.1004
14.3004    2.8852    14.1004
14.3124    2.9252    14.1004
14.321199    2.9564    14.1004
14.3284    2.9812    14.1004
14.334    3.0003998    14.1004
14.337199    3.0163999    14.1004
14.3508    3.0716    14.1004
14.3516    3.0772    14.1004
14.360399    3.1283998    14.1004
14.3684    3.1827998    14.1004
14.372399    3.2052    14.1004
14.3748    3.2331998    14.1004
14.3812    3.2884    14.1004
14.384399    3.3251998    14.1004
14.3876    3.3748    14.1004
14.389199    3.4308    14.1004
14.389999    3.4636    14.1004
14.389999    3.4692    14.1004
14.389999    3.49    14.1004
14.3884    3.5772    14.1004
14.3852    3.6395998    14.1004
14.383599    3.682    14.1004
14.3804    3.7203999    14.1004
14.377199    3.7587998    14.1004
14.3748    3.7932    14.1004
14.3692    3.8451998    14.1004
14.3644    3.8899999    14.1004
14.3588    3.9468    14.1004
14.3476    4.0299997    14.1004
14.346    4.0492    14.1004
14.344399    4.0787997    14.1004
14.342799    4.0892    14.1004
14.342799    4.0931997    14.1004
14.3396    4.154    14.1004
14.3364    4.2124    14.1004
14.332399    4.2595997    14.1004
14.33    4.282    14.1004
14.3252    4.3083997    14.1004
14.321199    4.3332    14.1004
14.3164    4.354    14.1004
14.3068    4.3876    14.1004
14.3004    4.4076    14.1004
14.294    4.4235997    14.1004
14.2764    4.4628    14.1004
14.2668    4.4852    14.1004
14.2612    4.4964    14.1004
14.2436    4.5284    14.1004
14.2372    4.5388    14.1004
14.199599    4.5987997    14.1004
14.1676    4.6516    14.1004
14.154799    4.6731997    14.1004
14.1524    4.678    14.1004
14.1324    4.7148    14.1004
14.1228    4.7339997    14.1004
14.1052    4.7732    14.1004
14.096399    4.7956    14.1004
14.0803995    4.8308    14.1004
14.0532    4.9068    14.1004
14.0428    4.9347997    14.1004
14.010799    5.0155997    14.1004
14.0036    5.0332    14.1004
13.9883995    5.078    14.1004
13.9796    5.1099997    14.1004
13.978    5.1156    14.1004
13.978    5.1172    14.1004
13.970799    5.1436    14.1004
13.969999    5.1468    14.1004
13.966    5.1756    14.1004
13.966    5.1956    14.1004
13.965199    5.2051997    14.1004
13.9676    5.2283998    14.1004
13.9676    5.2307997    14.1004
13.9684    5.2324    14.1004
13.974    5.2604    14.1004
13.9748    5.262    14.1004
13.978    5.2716    14.1004
13.987599    5.302    14.1004
13.993199    5.3156    14.1004
14.0171995    5.3708    14.1004
14.0252    5.3924    14.1004
14.03    5.4052    14.1004
14.038    5.4372    14.1004
14.0404    5.4435997    14.1004
14.0436    5.4732    14.1004
14.0436    5.4756    14.1004
14.0428    5.5044    14.1004
14.0364    5.5316    14.1004
14.0356    5.5348    14.1004
14.0316    5.546    14.1004
14.021199    5.5755997    14.1004
14.0188    5.5828    14.1004
14.004399    5.614    14.1004
14.0012    5.6204    14.1004
13.998799    5.6243997    14.1004
13.962    5.6756    14.1004
13.9052    5.7476    14.1004
13.9044    5.7483997    14.1004
13.878799    5.7851996    14.1004
13.8756    5.7892    14.1004
13.8619995    5.8132    14.1004
13.860399    5.8164    14.1004
13.8596    5.818    14.1004
13.842    5.8508    14.1004
13.834    5.87    14.1004
13.8252    5.8956    14.1004
13.818    5.9235997    14.1004
13.8132    5.9388    14.1004
13.809199    5.9556    14.1004
13.7987995    6.002    14.1004
13.792399    6.0332    14.1004
13.7836    6.0899997    14.1004
13.774799    6.1387997    14.1004
13.763599    6.23    14.1004
13.7588    6.2619996    14.1004
13.7388    6.4228    14.1004
13.7364    6.4396    14.1004
13.7355995    6.4556    14.1004
13.7244    6.574    14.1004
13.717999    6.646    14.1004
13.710799    6.7348    14.1004
13.7076    6.7668    14.1004
13.705199    6.8076    14.1004
13.699599    6.9027996    14.1004
13.6964    6.9788    14.1004
13.693999    7.0291996    14.1004
13.6908    7.1275997    14.1004
13.6908    7.1419997    14.1004
13.6908    7.1572    14.1004
13.69    7.2668    14.1004
13.6916    7.3412    14.1004
13.6924    7.3844    14.1004
13.694799    7.4444    14.1004
13.6964    7.494    14.1004
13.698    7.5308    14.1004
13.702    7.5972    14.1004
13.7067995    7.6643996    14.1004
13.7156    7.7604    14.1004
13.7188    7.7963996    14.1004
13.729199    7.89    14.1004
13.7324    7.922    14.1004
13.740399    7.9915996    14.1004
13.7484    8.061999    14.1004
13.7588    8.1308    14.1004
13.7716    8.2188    14.1004
13.7772    8.2508    14.1004
13.8052    8.4332    14.1004
13.8188    8.5132    14.1004
13.834    8.6156    14.1004
13.844399    8.6804    14.1004
13.8588    8.7732    14.1004
13.866799    8.8276    14.1004
13.8756    8.9004    14.1004
13.8812    8.9604    14.1004
13.8876    9.0212    14.1004
13.894    9.108399    14.1004
13.8963995    9.1396    14.1004
13.900399    9.2332    14.1004
13.901199    9.2484    14.1004
13.901199    9.251599    14.1004
13.901999    9.3468    14.1004
13.9028    9.3619995    14.1004
13.9028    9.4236    14.1004
13.900399    9.5012    14.1004
13.898    9.5492    14.1004
13.8916    9.6268    14.1004
13.889199    9.658    14.1004
13.878799    9.762    14.1004
13.877199    9.7772    14.1004
13.8756    9.7908    14.1004
13.8692    9.8404    14.1004
13.8596    9.91    14.1004
13.8564    9.9284    14.1004
13.8532    9.9484    14.1004
13.8364    10.033999    14.1004
13.8188    10.1244    14.1004
13.806    10.1844    14.1004
13.7948    10.228399    14.1004
13.779599    10.2932    14.1004
13.7668    10.342    14.1004
13.7484    10.4084    14.1004
13.7148    10.5212    14.1004
13.710799    10.5348    14.1004
13.6723995    10.653999    14.1004
13.6723995    10.6556    14.1004
13.6723995    10.6564    14.1004
13.624399    10.7828    14.1004
13.6124    10.814799    14.1004
13.567599    10.9316    14.1004
13.5596    10.952399    14.1004
13.5436    10.9908    14.1004
13.5116    11.066    14.1004
13.452399    11.202    14.1004
13.447599    11.211599    14.1004
13.4444    11.2196    14.1004
13.436399    11.2364    14.1004
13.3932    11.337999    14.1004
13.373199    11.382    14.1004
13.342    11.4492    14.1004
13.3276    11.4772    14.1004
13.321199    11.4883995    14.1004
13.306    11.509999    14.1004
13.302    11.5196    14.1004
13.294    11.5404    14.1004
13.294    11.5476    14.1004
13.3004    11.554    14.1004
13.3052    11.5828    14.1004
13.3236    11.6068    14.1004
13.3396    11.6228    14.1004
13.354    11.637199    14.1004
13.41    11.7012    14.1004
13.414    11.705999    14.1004
13.4604    11.762    14.1004
13.4668    11.7699995    14.1004
13.4796    11.786799    14.1004
13.5092    11.826799    14.1004
13.514    11.8348    14.1004
13.5708    11.9116    14.1004
13.6012    11.957999    14.1004
13.634    12.006    14.1004
13.6676    12.058    14.1004
13.7084    12.1236    14.1004
13.7268    12.1516    14.1004
13.773999    12.233999    14.1004
13.781199    12.245999    14.1004
13.8244    12.3164    14.1004
13.832399    12.33    14.1004
13.846    12.354    14.1004
13.8804    12.4172    14.1004
13.8884    12.4324    14.1004
13.9204    12.493199    14.1004
13.9316    12.515599    14.1004
13.9484    12.5492    14.1004
13.969199    12.594    14.1004
13.9916    12.642799    14.1004
14.038799    12.75    14.1004
14.0468    12.7699995    14.1004
14.0812    12.854799    14.1004
14.101999    12.9044    14.1004
14.1276    12.964399    14.1004
14.1356    12.9844    14.1004
14.1388    12.9908    14.1004
14.1612    13.039599    14.1004
14.1924    13.098    14.1004
14.194799    13.101999    14.1004
14.1964    13.1052    14.1004
14.199599    13.1116    14.1004
14.262799    13.2156    14.1004
14.2788    13.240399    14.1004
14.292399    13.2644    14.1004
14.3188    13.308399    14.1004
14.342    13.342799    14.1004
14.3644    13.377999    14.1004
14.3963995    13.424399    14.1004
14.4452    13.5004    14.1004
14.4572    13.521199    14.1004
14.4788    13.556399    14.1004
14.4956    13.584399    14.1004
14.509999    13.6108    14.1004
14.542    13.67    14.1004
14.5468    13.6796    14.1004
14.558    13.7028    14.1004
14.589999    13.7716    14.1004
14.607599    13.8116    14.1004
14.6348    13.8748    14.1004
14.636399    13.8796    14.1004
14.6412    13.8907995    14.1004
14.676399    13.9828    14.1004
14.687599    14.014    14.1004
14.71    14.0756    14.1004
14.722799    14.1156    14.1004
14.734799    14.1524    14.1004
14.757999    14.222799    14.1004
14.762799    14.239599    14.1004
14.7652    14.2492    14.1004
14.781199    14.3132    14.1004
14.7932    14.3636    14.1004
14.7964    14.377999    14.1004
14.8004    14.401999    14.1004
14.8076    14.446    14.1004
14.809199    14.457999    14.1004
14.820399    14.5171995    14.1004
14.820399    14.5227995    14.1004
14.822    14.5348    14.1004
14.8284    14.589999    14.1004
14.837199    14.677199    14.1004
14.8396    14.694799    14.1004
14.8396    14.7132    14.1004
14.8404    14.7308    14.1004
14.8404    14.733999    14.1004
14.8412    14.739599    14.1004
14.846    14.7644    14.1004
14.849999    14.7732    14.1004
14.8756    14.781199    14.1004
14.8916    14.7772    14.1004
14.8996    14.769199    14.1004
14.9108    14.75    14.1004
14.922    14.7252    14.1004
14.9332    14.702    14.1004
14.9444    14.6796    14.1004
14.974799    14.6284    14.1004
14.9804    14.618799    14.1004
14.993199    14.6044    14.1004
15.005199    14.5859995    14.1004
15.0196    14.5692    14.1004
15.0316    14.554    14.1004
15.0644    14.5188    14.1004
15.066    14.5171995    14.1004
15.066799    14.516399    14.1004
15.0692    14.514    14.1004
15.0876    14.4908    14.1004
15.096399    14.481999    14.1004
15.113199    14.463599    14.1004
15.122    14.4564    14.1004
15.141999    14.4388    14.1004
15.160399    14.4316    14.1004
15.1692    14.4276    14.1004
15.1868    14.4284    14.1004
15.193999    14.429999    14.1004
15.2028    14.4396    14.1004
15.211599    14.4492    14.1004
15.216399    14.453199    14.1004
15.2316    14.4788    14.1004
15.245199    14.5092    14.1004
15.2548    14.533199    14.1004
15.2604    14.554    14.1004
15.274799    14.601999    14.1004
15.2788    14.618    14.1004
15.280399    14.620399    14.1004
15.292399    14.665999    14.1004
15.2956    14.6723995    14.1004
15.297999    14.6796    14.1004
15.3043995    14.6924    14.1004
15.322    14.6972    14.1004
15.332399    14.700399    14.1004
15.349199    14.694799    14.1004
15.366799    14.6804    14.1004
15.377199    14.6676    14.1004
15.389199    14.653199    14.1004
15.4228    14.6172    14.1004
15.4332    14.606    14.1004
15.469999    14.573199    14.1004
15.492399    14.550799    14.1004
15.5308    14.518    14.1004
15.5468    14.504399    14.1004
15.607599    14.457999    14.1004
15.608399    14.4572    14.1004
15.6108    14.4556    14.1004
15.6444    14.4324    14.1004
15.6788    14.412399    14.1004
15.6852    14.4084    14.1004
15.6916    14.4052    14.1004
15.7252    14.384399    14.1004
15.7604    14.365999    14.1004
15.774799    14.3588    14.1004
15.790799    14.3532    14.1004
15.8228    14.342    14.1004
15.83    14.3396    14.1004
15.8636    14.3284    14.1004
15.900399    14.320399    14.1004
15.91    14.318    14.1004
15.9388    14.3108    14.1004
15.963599    14.3068    14.1004
16.0012    14.303599    14.1004
16.0164    14.302    14.1004
16.0548    14.3052    14.1004
16.0588    14.3052    14.1004
16.0612    14.303599    14.1004
16.093199    14.2892    14.1004
16.104399    14.2716    14.1004
16.1164    14.2556    14.1004
16.126    14.229199    14.1004
16.128399    14.2252    14.1004
16.126    14.2123995    14.1004
16.128399    14.1844    14.1004
16.1316    14.176399    14.1004
16.1428    14.1636    14.1004
16.157999    14.165999    14.1004
16.1652    14.165199    14.1004
16.1796    14.1796    14.1004
16.194    14.200399    14.1004
16.2012    14.2092    14.1004
16.2132    14.2308    14.1004
16.2236    14.250799    14.1004
16.2292    14.2596    14.1004
16.2372    14.2668    14.1004
16.2516    14.2884    14.1004
16.2708    14.3116    14.1004
16.278    14.315599    14.1004
16.305199    14.3364    14.1004
16.3364    14.3516    14.1004
16.357199    14.3572    14.1004
16.3652    14.360399    14.1004
16.3724    14.3628    14.1004
16.410799    14.378799    14.1004
16.43    14.3884    14.1004
16.4524    14.3972    14.1004
16.4924    14.417999    14.1004
16.498    14.4204    14.1004
16.537199    14.440399    14.1004
16.5396    14.441999    14.1004
16.5548    14.4508    14.1004
16.5924    14.475599    14.1004
16.6076    14.4852    14.1004
16.6332    14.503599    14.1004
16.657999    14.5204    14.1004
16.6716    14.5316    14.1004
16.694    14.5484    14.1004
16.7124    14.5636    14.1004
16.73    14.578    14.1004
16.7708    14.6092    14.1004
16.7916    14.6268    14.1004
16.8364    14.665199    14.1004
16.8556    14.6812    14.1004
16.8788    14.7028    14.1004
16.9348    14.751599    14.1004
16.966    14.781199    14.1004
17.007599    14.819599    14.1004
17.0396    14.849199    14.1004
17.0604    14.8692    14.1004
17.078    14.886    14.1004
17.1276    14.936399    14.1004
17.1332    14.941999    14.1004
17.1524    14.962    14.1004
17.1924    15.0028    14.1004
17.1996    15.010799    14.1004
17.243599    15.0604    14.1004
17.2676    15.0884    14.1004
17.2964    15.122    14.1004
17.3196    15.1516    14.1004
17.358    15.2012    14.1004
17.3708    15.217199    14.1004
17.4308    15.2948    14.1004
17.4324    15.2964    14.1004
17.4348    15.3004    14.1004
17.486    15.3708    14.1004
17.5196    15.4164    14.1004
17.541199    15.4452    14.1004
17.594    15.521999    14.1004
17.604399    15.537999    14.1004
17.6092    15.544399    14.1004
17.638    15.5876    14.1004
17.6428    15.595599    14.1004
17.65    15.6044    14.1004
17.674799    15.6284    14.1004
17.702    15.6388    14.1004
17.7116    15.6468    14.1004
17.7292    15.646    14.1004
17.7404    15.65    14.1004
17.7444    15.65    14.1004
17.7628    15.648399    14.1004
17.777199    15.647599    14.1004
17.8036    15.646    14.1004
17.8156    15.6468    14.1004
17.8364    15.646    14.1004
17.85    15.6468    14.1004
17.8692    15.65    14.1004
17.8748    15.6508    14.1004
17.8932    15.6628    14.1004
17.8972    15.664399    14.1004
17.8996    15.665999    14.1004
17.9084    15.6779995    14.1004
17.920399    15.694799    14.1004
17.937199    15.7196    14.1004
17.954    15.7428    14.1004
17.9636    15.757199    14.1004
17.9868    15.797199    14.1004
18.0116    15.8404    14.1004
18.0324    15.878799    14.1004
18.0444    15.8996    14.1004
18.0964    15.998799    14.1004
18.104399    16.0164    14.1004
18.1292    16.0628    14.1004
18.1308    16.0644    14.1004
18.1364    16.0772    14.1004
18.1548    16.122    14.1004
18.1612    16.1372    14.1004
18.174    16.174799    14.1004
18.1764    16.1868    14.1004
18.178    16.191599    14.1004
18.1772    16.2092    14.1004
18.174    16.2132    14.1004
18.1684    16.2148    14.1004
18.1572    16.2172    14.1004
18.154    16.2172    14.1004
18.1188    16.2244    14.1004
18.1012    16.2284    14.1004
18.0964    16.2292    14.1004
18.0684    16.2348    14.1004
18.05    16.2412    14.1004
18.0404    16.2468    14.1004
18.0364    16.25    14.1004
18.0164    16.2668    14.1004
18.0052    16.295599    14.1004
18.001999    16.3004    14.1004
18.0068    16.3228    14.1004
18.0052    16.33    14.1004
18.0116    16.353199    14.1004
18.0164    16.3668    14.1004
18.0252    16.4068    14.1004
18.031599    16.434    14.1004
18.042    16.482    14.1004
18.0476    16.518799    14.1004
18.0492    16.535599    14.1004
18.053999    16.5724    14.1004
18.0564    16.602    14.1004
18.0572    16.628399    14.1004
18.053999    16.657999    14.1004
18.052399    16.663599    14.1004
18.0444    16.6828    14.1004
18.0404    16.6932    14.1004
18.038    16.698    14.1004
18.0364    16.7004    14.1004
18.007599    16.7332    14.1004
18.0028    16.737999    14.1004
17.97    16.7668    14.1004
17.9596    16.7748    14.1004
17.9348    16.793999    14.1004
17.9236    16.802    14.1004
17.8956    16.8188    14.1004
17.8916    16.8204    14.1004
17.8892    16.822    14.1004
17.8652    16.8332    14.1004
17.8636    16.8332    14.1004
17.8156    16.845999    14.1004
17.8076    16.8468    14.1004
17.747599    16.8556    14.1004
17.732399    16.858799    14.1004
17.7284    16.858799    14.1004
17.718    16.857199    14.1004
17.694    16.8548    14.1004
17.682    16.8524    14.1004
17.6796    16.851599    14.1004
17.6556    16.8444    14.1004
17.642    16.838    14.1004
17.628399    16.8324    14.1004
17.6244    16.8308    14.1004
17.6076    16.83    14.1004
17.593199    16.8284    14.1004
17.587599    16.8324    14.1004
17.565199    16.858799    14.1004
17.5644    16.8604    14.1004
17.562    16.886799    14.1004
17.5628    16.8908    14.1004
17.5724    16.927599    14.1004
17.5804    16.9756    14.1004
17.6012    17.0852    14.1004
17.622799    17.2036    14.1004
17.6292    17.2356    14.1004
17.63    17.243599    14.1004
17.6316    17.2508    14.1004
17.6348    17.2692    14.1004
17.6684    17.438    14.1004
17.6876    17.526    14.1004
17.6948    17.562    14.1004
17.708399    17.6196    14.1004
17.7276    17.7068    14.1004
17.754799    17.8172    14.1004
17.7748    17.903599    14.1004
17.798    17.9996    14.1004
17.8188    18.0884    14.1004
17.8444    18.1932    14.1004
17.879599    18.334799    14.1004
17.8948    18.3988    14.1004
17.906    18.444399    14.1004
17.9452    18.6068    14.1004
17.9684    18.706    14.1004
17.9876    18.786    14.1004
17.9972    18.829199    14.1004
18.0324    18.9876    14.1004
18.0788    19.2068    14.1004
18.0828    19.2284    14.1004
18.0908    19.265999    14.1004
18.1308    19.4764    14.1004
18.1684    19.685999    14.1004
18.1684    19.6868    14.1004
18.1684    19.6876    14.1004
18.169199    19.6884    14.1004
18.1924    19.8412    14.1004
18.2068    19.938799    14.1004
18.2116    19.9772    14.1004
18.2172    20.024399    14.1004
18.2244    20.094799    14.1004
18.232399    20.1892    14.1004
18.2332    20.2044    14.1004
18.234    20.218    14.1004
18.2396    20.293999    14.1004
18.2412    20.3676    14.1004
18.2412    20.379599    14.1004
18.2412    20.3972    14.1004
18.241999    20.446    14.1004
18.241999    20.4708    14.1004
18.2404    20.5516    14.1004
18.2404    20.576399    14.1004
18.237999    20.6148    14.1004
18.236399    20.6548    14.1004
18.2356    20.6596    14.1004
18.2348    20.674    14.1004
18.230799    20.7468    14.1004
18.2204    20.842    14.1004
18.219599    20.853199    14.1004
18.2188    20.858799    14.1004
18.2052    20.9436    14.1004
18.198    20.983599    14.1004
18.1868    21.042799    14.1004
18.1796    21.0788    14.1004
18.1532    21.197199    14.1004
18.1524    21.1988    14.1004
18.1524    21.2004    14.1004
18.094799    21.4252    14.1004
18.0924    21.4356    14.1004
18.09    21.442799    14.1004
18.0836    21.47    14.1004
18.076399    21.498    14.1004
18.0716    21.5204    14.1004
18.0684    21.541199    14.1004
18.066    21.5516    14.1004
18.0676    21.581999    14.1004
18.0676    21.585999    14.1004
18.070799    21.5908    14.1004
18.086    21.5956    14.1004
18.0972    21.5956    14.1004
18.1076    21.5924    14.1004
18.122799    21.5892    14.1004
18.1428    21.5868    14.1004
18.194    21.5852    14.1004
18.2012    21.5844    14.1004
18.208399    21.5844    14.1004
18.277199    21.5812    14.1004
18.3036    21.5812    14.1004
18.358799    21.5788    14.1004
18.386799    21.5796    14.1004
18.418    21.5796    14.1004
18.437199    21.581999    14.1004
18.4564    21.5884    14.1004
18.472399    21.5924    14.1004
18.4876    21.598799    14.1004
18.494799    21.602    14.1004
18.5124    21.614    14.1004
18.5156    21.6164    14.1004
18.5212    21.622799    14.1004
18.5284    21.6316    14.1004
18.5364    21.6516    14.1004
18.546    21.667599    14.1004
18.5508    21.684399    14.1004
18.5668    21.7428    14.1004
18.576399    21.7708    14.1004
18.578    21.7796    14.1004
18.5844    21.8132    14.1004
18.5892    21.8556    14.1004
18.59    21.8596    14.1004
18.586    21.8748    14.1004
18.586    21.882    14.1004
18.581999    21.907598    14.1004
18.5812    21.910799    14.1004
18.5812    21.9132    14.1004
18.5804    21.914799    14.1004
18.5324    22.1428    14.1004
18.5268    22.1668    14.1004
18.505999    22.2572    14.1004
18.4916    22.3196    14.1004
18.472399    22.4012    14.1004
18.4524    22.4756    14.1004
18.4452    22.501999    14.1004
18.4156    22.618    14.1004
18.3988    22.6836    14.1004
18.39    22.7188    14.1004
18.3596    22.826    14.1004
18.3428    22.8844    14.1004
18.334799    22.9124    14.1004
18.3284    22.933199    14.1004
18.312399    22.9868    14.1004
18.2908    23.0604    14.1004
18.2708    23.104399    14.1004
18.2676    23.109999    14.1004
18.2396    23.1532    14.1004
18.2244    23.1716    14.1004
18.2132    23.1876    14.1004
18.202799    23.2004    14.1004
18.1572    23.254    14.1004
18.150799    23.2596    14.1004
18.0916    23.3308    14.1004
18.0836    23.3396    14.1004
18.078    23.3468    14.1004
18.018799    23.4188    14.1004
17.9916    23.453999    14.1004
17.97    23.4804    14.1004
17.9532    23.5028    14.1004
17.920399    23.546799    14.1004
17.9044    23.57    14.1004
17.882    23.602    14.1004
17.858799    23.633999    14.1004
17.8252    23.6796    14.1004
17.8228    23.6828    14.1004
17.8212    23.6852    14.1004
17.777199    23.7372    14.1004
17.774    23.7412    14.1004
17.7684    23.7468    14.1004
17.7244    23.7964    14.1004
17.698    23.826    14.1004
17.602    23.93    14.1004
17.553999    23.986    14.1004
17.542799    23.9988    14.1004
17.4996    24.048399    14.1004
17.4812    24.066    14.1004
17.4452    24.105999    14.1004
17.427599    24.1244    14.1004
17.3988    24.1524    14.1004
17.394    24.157999    14.1004
17.3388    24.202799    14.1004
17.338    24.2036    14.1004
17.254799    24.2652    14.1004
17.2468    24.2708    14.1004
17.1908    24.3092    14.1004
