13.4044    29.277199    21.6004
13.3596    29.2108    21.6004
13.3356    29.174799    21.6004
13.3331995    29.17    21.6004
13.326799    29.156399    21.6004
13.302799    29.1076    21.6004
13.291599    29.0836    21.6004
13.2884    29.0772    21.6004
13.2844    29.0476    21.6004
13.274799    28.9868    21.6004
13.2716    28.979599    21.6004
13.269199    28.9436    21.6004
13.268399    28.931599    21.6004
13.266    28.8764    21.6004
13.266    28.8596    21.6004
13.262    28.7412    21.6004
13.2612    28.7316    21.6004
13.262    28.7108    21.6004
13.263599    28.6108    21.6004
13.2668    28.591599    21.6004
13.2716    28.5796    21.6004
13.281199    28.546799    21.6004
13.2852    28.528399    21.6004
13.2876    28.522    21.6004
13.3068    28.4788    21.6004
13.3108    28.472399    21.6004
13.3652    28.3996    21.6004
13.4108    28.347599    21.6004
13.435599    28.3228    21.6004
13.481999    28.281199    21.6004
13.4972    28.269999    21.6004
13.5188    28.258799    21.6004
13.5404    28.251598    21.6004
13.554    28.249199    21.6004
13.594    28.245998    21.6004
13.61    28.245998    21.6004
13.6508    28.249199    21.6004
13.6556    28.249199    21.6004
13.6692    28.2508    21.6004
13.7268    28.258799    21.6004
13.7428    28.2628    21.6004
13.794    28.2804    21.6004
13.8308    28.2972    21.6004
13.8619995    28.3116    21.6004
13.8868    28.326    21.6004
13.9228    28.347599    21.6004
13.938    28.3596    21.6004
13.976399    28.3932    21.6004
14.0196    28.429998    21.6004
14.033999    28.444399    21.6004
14.0604    28.477999    21.6004
14.082    28.51    21.6004
14.0868    28.517199    21.6004
14.1268    28.5836    21.6004
14.134    28.598799    21.6004
14.141999    28.619598    21.6004
14.158    28.6684    21.6004
14.165199    28.689999    21.6004
14.1796    28.751598    21.6004
14.1812    28.758    21.6004
14.189199    28.814    21.6004
14.1908    28.823599    21.6004
14.1908    28.845999    21.6004
14.19    28.8788    21.6004
14.187599    28.9636    21.6004
14.187599    28.966799    21.6004
14.1868    28.97    21.6004
14.1684    29.037199    21.6004
14.162    29.0572    21.6004
14.147599    29.0964    21.6004
14.1324    29.1356    21.6004
14.131599    29.136398    21.6004
14.13    29.1388    21.6004
14.106    29.1812    21.6004
14.1012    29.189999    21.6004
14.0859995    29.21    21.6004
14.0668    29.236399    21.6004
14.0548    29.251598    21.6004
14.009999    29.297998    21.6004
13.9883995    29.3172    21.6004
13.9612    29.3412    21.6004
13.946    29.351599    21.6004
13.8963995    29.386799    21.6004
13.8932    29.3884    21.6004
13.843599    29.410799    21.6004
13.838799    29.4124    21.6004
13.7764    29.4324    21.6004
13.766    29.434    21.6004
13.739599    29.4404    21.6004
13.728399    29.442    21.6004
13.7252    29.442    21.6004
13.677199    29.4436    21.6004
13.665999    29.442799    21.6004
13.642799    29.438    21.6004
13.6284    29.433199    21.6004
13.5764    29.418    21.6004
13.568399    29.414799    21.6004
13.5316    29.394    21.6004
13.5124    29.382    21.6004
13.4804    29.358799    21.6004
13.464399    29.344398    21.6004
13.4444    29.3212    21.6004
13.414    29.288399    21.6004
13.4044    29.277199    21.6004
