13.5204    3.0476    15.9004
13.5236    3.0484    15.9004
13.5436    3.0532    15.9004
13.5484    3.054    15.9004
13.5548    3.0563998    15.9004
13.573999    3.0612    15.9004
13.6036    3.0788    15.9004
13.6044    3.0788    15.9004
13.6044    3.0795999    15.9004
13.6212    3.1076    15.9004
13.6292    3.1292    15.9004
13.630799    3.1348    15.9004
13.631599    3.1371999    15.9004
13.6332    3.142    15.9004
13.642799    3.1868    15.9004
13.647599    3.2075999    15.9004
13.648399    3.2148    15.9004
13.6491995    3.2252    15.9004
13.6516    3.2387998    15.9004
13.65    3.2508    15.9004
13.638    3.2835999    15.9004
13.6324    3.3012    15.9004
13.6236    3.3212    15.9004
13.607599    3.3523998    15.9004
13.5948    3.382    15.9004
13.578    3.4115999    15.9004
13.5668    3.4315999    15.9004
13.5404    3.4796    15.9004
13.539599    3.4812    15.9004
13.5324    3.4924    15.9004
13.5132    3.5212    15.9004
13.5092    3.5275998    15.9004
13.493199    3.5268    15.9004
13.4908    3.5284    15.9004
13.486799    3.5212    15.9004
13.4724    3.4891999    15.9004
13.4692    3.4843998    15.9004
13.464399    3.474    15.9004
13.4428    3.4292    15.9004
13.4307995    3.4052    15.9004
13.4172    3.3764    15.9004
13.400399    3.3307998    15.9004
13.3852    3.294    15.9004
13.3764    3.274    15.9004
13.374    3.2675998    15.9004
13.3748    3.2628    15.9004
13.371599    3.23    15.9004
13.378799    3.2043998    15.9004
13.3796    3.194    15.9004
13.382    3.1876    15.9004
13.3907995    3.1636    15.9004
13.394    3.1571999    15.9004
13.4028    3.1332    15.9004
13.4108    3.1172    15.9004
13.4172    3.1044    15.9004
13.4404    3.062    15.9004
13.441999    3.0595999    15.9004
13.4444    3.0556    15.9004
13.446    3.0532    15.9004
13.4539995    3.0491998    15.9004
13.4572    3.046    15.9004
13.4595995    3.046    15.9004
13.4892    3.0444    15.9004
13.5028    3.046    15.9004
13.5171995    3.0468    15.9004
13.5204    3.0476    15.9004
