18.0844    30.316399    20.7004
18.059599    30.3156    20.7004
18.057999    30.3156    20.7004
18.053999    30.3156    20.7004
18.0068    30.3132    20.7004
17.9772    30.310799    20.7004
17.921999    30.306    20.7004
17.914    30.305199    20.7004
17.9044    30.303598    20.7004
17.868399    30.297998    20.7004
17.838    30.289999    20.7004
17.8324    30.2892    20.7004
17.821999    30.284399    20.7004
17.7964    30.278    20.7004
17.7564    30.258    20.7004
17.7516    30.2556    20.7004
17.718    30.2332    20.7004
17.7148    30.230799    20.7004
17.71    30.225199    20.7004
17.6876    30.205198    20.7004
17.6836    30.199598    20.7004
17.6596    30.1708    20.7004
17.65    30.157999    20.7004
17.6364    30.136398    20.7004
17.6276    30.122799    20.7004
17.6108    30.0908    20.7004
17.5828    30.0332    20.7004
17.576399    30.018799    20.7004
17.5684    30.0012    20.7004
17.541199    29.9364    20.7004
17.526    29.8972    20.7004
17.5124    29.858799    20.7004
17.498    29.817999    20.7004
17.490799    29.795599    20.7004
17.486    29.7684    20.7004
17.485199    29.764399    20.7004
17.4932    29.7564    20.7004
17.4996    29.753199    20.7004
17.513199    29.75    20.7004
17.518799    29.75    20.7004
17.5404    29.745998    20.7004
17.548399    29.747599    20.7004
17.5724    29.749199    20.7004
17.5844    29.7508    20.7004
17.5956    29.751598    20.7004
17.6132    29.7556    20.7004
17.6204    29.757198    20.7004
17.6556    29.75    20.7004
17.6596    29.7508    20.7004
17.6644    29.7484    20.7004
17.6836    29.7172    20.7004
17.6852    29.708399    20.7004
17.682    29.7036    20.7004
17.661999    29.682798    20.7004
17.657999    29.678    20.7004
17.642    29.6596    20.7004
17.6356    29.6532    20.7004
17.6084    29.605999    20.7004
17.6036    29.598    20.7004
17.5748    29.5516    20.7004
17.5476    29.517199    20.7004
17.546    29.5164    20.7004
17.513199    29.494799    20.7004
17.5028    29.486    20.7004
17.4828    29.4732    20.7004
17.4524    29.442799    20.7004
17.449999    29.4404    20.7004
17.4492    29.4396    20.7004
17.4492    29.438799    20.7004
17.4484    29.438    20.7004
17.4196    29.3996    20.7004
17.4084    29.386799    20.7004
17.386    29.3548    20.7004
17.357199    29.3084    20.7004
17.3564    29.3076    20.7004
17.3564    29.306799    20.7004
17.3548    29.3028    20.7004
17.340399    29.2708    20.7004
17.338    29.265999    20.7004
17.3324    29.249199    20.7004
17.329199    29.240398    20.7004
17.3284    29.2372    20.7004
17.31    29.171598    20.7004
17.3084    29.1644    20.7004
17.306799    29.1532    20.7004
17.2964    29.0964    20.7004
17.2908    29.0588    20.7004
17.2868    29.035599    20.7004
17.2852    29.0124    20.7004
17.2836    29.0012    20.7004
17.282    28.9756    20.7004
17.282799    28.9604    20.7004
17.286    28.944399    20.7004
17.288399    28.9236    20.7004
17.2892    28.907598    20.7004
17.2948    28.8772    20.7004
17.2948    28.8764    20.7004
17.2948    28.875599    20.7004
17.2908    28.844398    20.7004
17.2876    28.8396    20.7004
17.274    28.8172    20.7004
17.2732    28.814798    20.7004
17.2732    28.8132    20.7004
17.265999    28.8028    20.7004
17.2588    28.7892    20.7004
17.2484    28.771599    20.7004
17.234    28.7468    20.7004
17.2284    28.7356    20.7004
17.202799    28.6836    20.7004
17.202799    28.682798    20.7004
17.1932    28.661999    20.7004
17.1516    28.570799    20.7004
17.1492    28.565199    20.7004
17.146    28.557999    20.7004
17.1436    28.539598    20.7004
17.1468    28.535599    20.7004
17.1548    28.5292    20.7004
17.1684    28.5156    20.7004
17.202    28.4828    20.7004
17.2156    28.473999    20.7004
17.219599    28.4692    20.7004
17.226    28.461199    20.7004
17.2348    28.434    20.7004
17.2348    28.4324    20.7004
17.2348    28.429998    20.7004
17.234    28.4028    20.7004
17.2356    28.3972    20.7004
17.2348    28.3876    20.7004
17.234    28.3676    20.7004
17.2356    28.33    20.7004
17.236399    28.3188    20.7004
17.237999    28.292398    20.7004
17.237999    28.2852    20.7004
17.2404    28.2708    20.7004
17.2468    28.202    20.7004
17.254799    28.1868    20.7004
17.2588    28.1756    20.7004
17.2652    28.156399    20.7004
17.265999    28.1468    20.7004
17.2676    28.1356    20.7004
17.274    28.0908    20.7004
17.2852    28.0684    20.7004
17.2868    28.061998    20.7004
17.2916    28.035599    20.7004
17.2948    28.011599    20.7004
17.2948    28.0084    20.7004
17.3028    27.9844    20.7004
17.3036    27.9812    20.7004
17.310799    27.9564    20.7004
17.3116    27.946    20.7004
17.3156    27.918798    20.7004
17.316399    27.914799    20.7004
17.316399    27.913198    20.7004
17.317999    27.907598    20.7004
17.3244    27.8708    20.7004
17.3252    27.8692    20.7004
17.334799    27.827599    20.7004
17.338    27.806799    20.7004
17.3444    27.781199    20.7004
17.3556    27.7388    20.7004
17.3724    27.680399    20.7004
17.386799    27.633999    20.7004
17.3884    27.6308    20.7004
17.3892    27.6292    20.7004
17.39    27.6276    20.7004
17.3916    27.622799    20.7004
17.4132    27.574    20.7004
17.4268    27.557999    20.7004
17.434    27.5404    20.7004
17.4412    27.5348    20.7004
17.4588    27.518    20.7004
17.4804    27.505999    20.7004
17.49    27.5028    20.7004
17.5268    27.489199    20.7004
17.546799    27.4828    20.7004
17.5668    27.476398    20.7004
17.6092    27.458    20.7004
17.622    27.4524    20.7004
17.642    27.4452    20.7004
17.6828    27.431599    20.7004
17.730799    27.418    20.7004
17.7356    27.4172    20.7004
17.737999    27.4172    20.7004
17.760399    27.4236    20.7004
17.7724    27.4508    20.7004
17.7732    27.4532    20.7004
17.7732    27.4548    20.7004
17.7836    27.498798    20.7004
17.801199    27.5676    20.7004
17.8036    27.578    20.7004
17.8076    27.594    20.7004
17.8084    27.602    20.7004
17.8044    27.6388    20.7004
17.8044    27.639599    20.7004
17.8036    27.6428    20.7004
17.799599    27.6644    20.7004
17.7988    27.6684    20.7004
17.798    27.674    20.7004
17.788399    27.723598    20.7004
17.7876    27.726799    20.7004
17.7876    27.73    20.7004
17.7836    27.753199    20.7004
17.782799    27.7564    20.7004
17.782    27.762    20.7004
17.7756    27.806    20.7004
17.7764    27.809198    20.7004
17.7748    27.8396    20.7004
17.7748    27.8428    20.7004
17.7748    27.8436    20.7004
17.7748    27.844398    20.7004
17.789999    27.873999    20.7004
17.8172    27.8892    20.7004
17.8204    27.8916    20.7004
17.821999    27.8916    20.7004
17.842    27.8948    20.7004
17.8612    27.9004    20.7004
17.8988    27.914799    20.7004
17.9124    27.9196    20.7004
17.938799    27.933199    20.7004
17.9708    27.9492    20.7004
17.9804    27.9548    20.7004
17.9844    27.9572    20.7004
18.013199    27.9748    20.7004
18.031599    27.989199    20.7004
18.0548    27.9996    20.7004
18.07    28.013199    20.7004
18.0716    28.014    20.7004
18.0724    28.0148    20.7004
18.087599    28.0156    20.7004
18.1036    28.0124    20.7004
18.1124    27.986    20.7004
18.114    27.9788    20.7004
18.115599    27.958    20.7004
18.1244    27.9268    20.7004
18.1252    27.921999    20.7004
18.1292    27.8988    20.7004
18.13    27.896399    20.7004
18.1308    27.892399    20.7004
18.133999    27.8636    20.7004
18.1364    27.854    20.7004
18.139599    27.8452    20.7004
18.1484    27.8396    20.7004
18.1556    27.8316    20.7004
18.1628    27.829199    20.7004
18.1828    27.8268    20.7004
18.189999    27.8244    20.7004
18.2076    27.823599    20.7004
18.225199    27.8268    20.7004
18.2412    27.827599    20.7004
18.2564    27.827599    20.7004
18.2596    27.8284    20.7004
18.260399    27.8308    20.7004
18.2612    27.834799    20.7004
18.2652    27.8636    20.7004
18.271599    27.953999    20.7004
18.271599    27.9564    20.7004
18.271599    27.958    20.7004
18.271599    27.959599    20.7004
18.2708    27.9628    20.7004
18.2708    27.9828    20.7004
18.27    27.9844    20.7004
18.2644    28.0084    20.7004
18.2628    28.01    20.7004
18.247599    28.042    20.7004
18.246    28.045198    20.7004
18.221199    28.0892    20.7004
18.2204    28.0924    20.7004
18.2164    28.121199    20.7004
18.2172    28.122799    20.7004
18.2244    28.139599    20.7004
18.230799    28.156399    20.7004
18.232399    28.157999    20.7004
18.2508    28.1796    20.7004
18.282799    28.2172    20.7004
18.2892    28.226    20.7004
18.3116    28.257198    20.7004
18.3188    28.2676    20.7004
18.3484    28.3156    20.7004
18.357199    28.33    20.7004
18.3604    28.334799    20.7004
18.3612    28.338    20.7004
18.3724    28.362    20.7004
18.381199    28.3788    20.7004
18.3964    28.4028    20.7004
18.4068    28.4292    20.7004
18.410799    28.438799    20.7004
18.4244    28.4548    20.7004
18.4292    28.4604    20.7004
18.4572    28.4508    20.7004
18.4684    28.433199    20.7004
18.4684    28.4324    20.7004
18.4692    28.4324    20.7004
18.4692    28.4308    20.7004
18.472399    28.3972    20.7004
18.4748    28.386    20.7004
18.4748    28.368399    20.7004
18.477999    28.344398    20.7004
18.494799    28.303598    20.7004
18.5092    28.278    20.7004
18.5204    28.258799    20.7004
18.524399    28.257198    20.7004
18.5276    28.2628    20.7004
18.5404    28.2788    20.7004
18.5508    28.3132    20.7004
18.5604    28.3452    20.7004
18.57    28.375599    20.7004
18.5828    28.4156    20.7004
18.5908    28.437199    20.7004
18.5956    28.4508    20.7004
18.6132    28.4916    20.7004
18.6244    28.518    20.7004
18.6388    28.55    20.7004
18.6604    28.597198    20.7004
18.6612    28.598799    20.7004
18.661999    28.600399    20.7004
18.669199    28.6132    20.7004
18.678799    28.63    20.7004
18.682    28.6404    20.7004
18.6836    28.6524    20.7004
18.6828    28.654799    20.7004
18.682    28.677198    20.7004
18.678    28.6988    20.7004
18.673199    28.7108    20.7004
18.6516    28.75    20.7004
18.6236    28.806    20.7004
18.617199    28.8188    20.7004
18.611599    28.8284    20.7004
18.5796    28.885199    20.7004
18.548399    28.938    20.7004
18.542    28.9508    20.7004
18.538    28.9604    20.7004
18.5364    28.9716    20.7004
18.5324    28.9884    20.7004
18.534    29.014    20.7004
18.534    29.0164    20.7004
18.537199    29.045198    20.7004
18.538    29.05    20.7004
18.5388    29.056398    20.7004
18.5388    29.069199    20.7004
18.541199    29.117199    20.7004
18.5396    29.1316    20.7004
18.541199    29.145199    20.7004
18.542799    29.1572    20.7004
18.5476    29.212399    20.7004
18.548399    29.2148    20.7004
18.5492    29.2164    20.7004
18.5548    29.232399    20.7004
18.562    29.2484    20.7004
18.562    29.2508    20.7004
18.5628    29.2524    20.7004
18.586    29.2788    20.7004
18.5916    29.286798    20.7004
18.6068    29.295599    20.7004
18.63    29.31    20.7004
18.6412    29.317999    20.7004
18.656399    29.3284    20.7004
18.6596    29.33    20.7004
18.6724    29.347599    20.7004
18.678799    29.3524    20.7004
18.689999    29.3748    20.7004
18.6924    29.3804    20.7004
18.7052    29.416399    20.7004
18.7076    29.424398    20.7004
18.7092    29.431599    20.7004
18.7108    29.438799    20.7004
18.7188    29.4628    20.7004
18.7188    29.4644    20.7004
18.7188    29.4692    20.7004
18.7188    29.490799    20.7004
18.7124    29.5084    20.7004
18.6996    29.5324    20.7004
18.698    29.533998    20.7004
18.6964    29.5388    20.7004
18.6604    29.5892    20.7004
18.6604    29.59    20.7004
18.6596    29.5908    20.7004
18.6588    29.591599    20.7004
18.6572    29.593199    20.7004
18.6308    29.619598    20.7004
18.6052    29.630798    20.7004
18.600399    29.632399    20.7004
18.574799    29.6524    20.7004
18.574799    29.6532    20.7004
18.574799    29.654    20.7004
18.5668    29.680399    20.7004
18.565199    29.6908    20.7004
18.562    29.729198    20.7004
18.5604    29.7396    20.7004
18.5564    29.760399    20.7004
18.553999    29.769999    20.7004
18.559599    29.7932    20.7004
18.557999    29.8028    20.7004
18.569199    29.810799    20.7004
18.5924    29.825998    20.7004
18.615599    29.8316    20.7004
18.6292    29.8364    20.7004
18.6364    29.838    20.7004
18.6516    29.8396    20.7004
18.6724    29.847599    20.7004
18.678799    29.8492    20.7004
18.685999    29.851599    20.7004
18.7036    29.858    20.7004
18.706    29.8604    20.7004
18.7076    29.8636    20.7004
18.7172    29.881199    20.7004
18.7204    29.897999    20.7004
18.7332    29.9644    20.7004
18.7356    29.976398    20.7004
18.7412    30.0148    20.7004
18.7468    30.05    20.7004
18.747599    30.0588    20.7004
18.753199    30.132399    20.7004
18.754    30.1516    20.7004
18.754    30.1532    20.7004
18.75    30.221199    20.7004
18.75    30.2228    20.7004
18.749199    30.226    20.7004
18.7404    30.247599    20.7004
18.7348    30.253199    20.7004
18.7244    30.2652    20.7004
18.7164    30.269999    20.7004
18.701199    30.277199    20.7004
18.684399    30.2852    20.7004
18.6604    30.2932    20.7004
18.6308    30.299599    20.7004
18.628399    30.3004    20.7004
18.6244    30.301199    20.7004
18.5956    30.3044    20.7004
18.5628    30.305199    20.7004
18.5436    30.306799    20.7004
18.449999    30.31    20.7004
18.3948    30.312399    20.7004
18.3692    30.314    20.7004
18.3284    30.314798    20.7004
18.321999    30.314798    20.7004
18.2452    30.3156    20.7004
18.2156    30.316399    20.7004
18.1572    30.3172    20.7004
18.0844    30.316399    20.7004
