19.9284    37.6268    22.2004
19.9196    37.621998    22.2004
19.9044    37.613197    22.2004
19.896399    37.6084    22.2004
19.847599    37.5748    22.2004
19.8436    37.571598    22.2004
19.8428    37.5708    22.2004
19.840399    37.5692    22.2004
19.7868    37.5244    22.2004
19.7684    37.509197    22.2004
19.747599    37.4892    22.2004
19.721199    37.4636    22.2004
19.7172    37.4596    22.2004
19.6964    37.436398    22.2004
19.6948    37.4332    22.2004
19.6932    37.4316    22.2004
19.689999    37.426    22.2004
19.67    37.3964    22.2004
19.663599    37.382797    22.2004
19.656399    37.3708    22.2004
19.65    37.3532    22.2004
19.645199    37.3452    22.2004
19.642    37.3236    22.2004
19.6404    37.3172    22.2004
19.637999    37.298    22.2004
19.6364    37.2916    22.2004
19.639599    37.267597    22.2004
19.639599    37.2604    22.2004
19.6476    37.239597    22.2004
19.650799    37.2324    22.2004
19.663599    37.214    22.2004
19.6708    37.2052    22.2004
19.684399    37.1932    22.2004
19.695599    37.1868    22.2004
19.7076    37.1804    22.2004
19.7164    37.1748    22.2004
19.7276    37.17    22.2004
19.741999    37.1652    22.2004
19.760399    37.1572    22.2004
19.7804    37.154    22.2004
19.784399    37.152397    22.2004
19.7876    37.152397    22.2004
19.81    37.1508    22.2004
19.8316    37.1492    22.2004
19.8612    37.1492    22.2004
19.882    37.149998    22.2004
19.9156    37.155598    22.2004
19.931599    37.158    22.2004
19.942799    37.1604    22.2004
19.9692    37.1636    22.2004
20.0124    37.174    22.2004
20.0164    37.1748    22.2004
20.0252    37.1788    22.2004
20.046799    37.1876    22.2004
20.053999    37.19    22.2004
20.063599    37.194    22.2004
20.0868    37.2028    22.2004
20.1132    37.2196    22.2004
20.1244    37.2252    22.2004
20.142    37.237198    22.2004
20.163599    37.2556    22.2004
20.174799    37.2636    22.2004
20.1908    37.2804    22.2004
20.206    37.2972    22.2004
20.2204    37.314    22.2004
20.243599    37.349197    22.2004
20.2444    37.3508    22.2004
20.262    37.3812    22.2004
20.2652    37.385998    22.2004
20.2668    37.39    22.2004
20.2796    37.4172    22.2004
20.293999    37.4604    22.2004
20.3004    37.4772    22.2004
20.310799    37.5084    22.2004
20.3156    37.523598    22.2004
20.3172    37.5316    22.2004
20.3228    37.5676    22.2004
20.3228    37.568398    22.2004
20.321999    37.5932    22.2004
20.316399    37.6116    22.2004
20.3116    37.6204    22.2004
20.305199    37.634    22.2004
20.2948    37.6452    22.2004
20.278    37.661198    22.2004
20.2708    37.666    22.2004
20.2516    37.6756    22.2004
20.2332    37.6804    22.2004
20.2244    37.6844    22.2004
20.21    37.6876    22.2004
20.1964    37.692398    22.2004
20.180399    37.692398    22.2004
20.167599    37.694798    22.2004
20.1444    37.694    22.2004
20.1412    37.694    22.2004
20.1332    37.6932    22.2004
20.114    37.692398    22.2004
20.102    37.689198    22.2004
20.080399    37.6868    22.2004
20.07    37.6828    22.2004
20.038    37.6772    22.2004
20.026    37.6716    22.2004
19.994    37.6604    22.2004
19.972399    37.6508    22.2004
19.9708    37.649998    22.2004
19.9348    37.6308    22.2004
19.9284    37.6268    22.2004
