13.809999    1.6195999    13.2004
13.809199    1.714    13.2004
13.8124    1.8532    13.2004
13.8124    1.862    13.2004
13.8132    1.874    13.2004
13.813999    1.8892    13.2004
13.8164    1.9548    13.2004
13.821199    2.0451999    13.2004
13.83    2.1627998    13.2004
13.834    2.2364    13.2004
13.838799    2.2996    13.2004
13.8452    2.3716    13.2004
13.8476    2.394    13.2004
13.8524    2.4348    13.2004
13.8564    2.47    13.2004
13.8708    2.5419998    13.2004
13.872399    2.5507998    13.2004
13.874    2.5556    13.2004
13.8748    2.5604    13.2004
13.900399    2.6612    13.2004
13.901199    2.662    13.2004
13.901999    2.6636    13.2004
13.901999    2.6652    13.2004
13.9212    2.7187998    13.2004
13.9316    2.7444    13.2004
13.936399    2.7588    13.2004
13.941999    2.774    13.2004
13.9748    2.8492    13.2004
13.998799    2.902    13.2004
14.0068    2.9204    13.2004
14.0132    2.934    13.2004
14.0412    2.9996    13.2004
14.066    3.0612    13.2004
14.1004    3.1555998    13.2004
14.1004    3.1564    13.2004
14.1012    3.1588    13.2004
14.122    3.2315998    13.2004
14.1332    3.2763999    13.2004
14.1396    3.3019998    13.2004
14.1412    3.3123999    13.2004
14.153199    3.3811998    13.2004
14.154799    3.3908    13.2004
14.1556    3.3964    13.2004
14.1644    3.4796    13.2004
14.165999    3.4963999    13.2004
14.1668    3.5644    13.2004
14.1684    3.6044    13.2004
14.1676    3.6323998    13.2004
14.1628    3.6964    13.2004
14.159599    3.7372    13.2004
14.1556    3.7707999    13.2004
14.1468    3.8244    13.2004
14.1444    3.8356    13.2004
14.130799    3.9052    13.2004
14.118    3.9571998    13.2004
14.0892    4.0676    13.2004
14.082    4.0924    13.2004
14.0764    4.1124    13.2004
14.0532    4.1788    13.2004
14.038    4.218    13.2004
14.015599    4.2739997    13.2004
13.993199    4.33    13.2004
13.9796    4.3636    13.2004
13.9612    4.4124    13.2004
13.9436    4.4596    13.2004
13.9396    4.4716    13.2004
13.9164    4.5355997    13.2004
13.9108    4.5532    13.2004
13.9092    4.5555997    13.2004
13.9084    4.558    13.2004
13.889199    4.614    13.2004
13.8748    4.6596    13.2004
13.872399    4.6668    13.2004
13.8675995    4.6892    13.2004
13.8628    4.7084    13.2004
13.8619995    4.7124    13.2004
13.8524    4.7644    13.2004
13.849999    4.7764    13.2004
13.8412    4.8276    13.2004
13.8292    4.8771996    13.2004
13.8284    4.882    13.2004
13.8252    4.8884    13.2004
13.803599    4.9259996    13.2004
13.7987995    4.9323997    13.2004
13.7956    4.9372    13.2004
13.79    4.9444    13.2004
13.766    4.974    13.2004
13.750799    4.9891996    13.2004
13.734799    5.006    13.2004
13.6964    5.0372    13.2004
13.6924    5.0404    13.2004
13.6916    5.0411997    13.2004
13.620399    5.0875998    13.2004
13.6116    5.0931997    13.2004
13.602799    5.098    13.2004
13.5708    5.1148    13.2004
13.539599    5.1316    13.2004
13.533199    5.1348    13.2004
13.4956    5.1516    13.2004
13.436399    5.1756    13.2004
13.4276    5.1796    13.2004
13.4116    5.1836    13.2004
13.3907995    5.1907997    13.2004
13.3596    5.2036    13.2004
13.3364    5.21    13.2004
13.326799    5.2148    13.2004
13.2987995    5.2244    13.2004
13.29    5.2268    13.2004
13.2844    5.2283998    13.2004
13.262799    5.2468    13.2004
13.2436    5.2532    13.2004
13.2436    5.2651997    13.2004
13.245199    5.2876    13.2004
13.2548    5.3012    13.2004
13.2755995    5.3195996    13.2004
13.294    5.3339996    13.2004
13.309199    5.35    13.2004
13.342    5.382    13.2004
13.3516    5.3996    13.2004
13.3636    5.4188    13.2004
13.3675995    5.454    13.2004
13.3675995    5.4547997    13.2004
13.3675995    5.4556    13.2004
13.3572    5.486    13.2004
13.325999    5.5076    13.2004
13.3012    5.5155997    13.2004
13.2908    5.5188    13.2004
13.2852    5.5196    13.2004
13.2556    5.5243998    13.2004
13.1988    5.534    13.2004
13.153199    5.5323997    13.2004
13.1491995    5.5316    13.2004
13.1412    5.5308    13.2004
13.0932    5.5228    13.2004
13.0868    5.5204    13.2004
13.044399    5.5099998    13.2004
13.0236    5.5028    13.2004
13.010799    5.4988    13.2004
12.986    5.4884    13.2004
12.9548    5.4772    13.2004
12.9492    5.4756    13.2004
12.941999    5.4716    13.2004
12.917999    5.4564    13.2004
12.9052    5.4484    13.2004
12.898    5.4388    13.2004
12.8852    5.4244    13.2004
12.874    5.4091997    13.2004
12.8692    5.4012    13.2004
12.874    5.3715997    13.2004
12.874    5.3708    13.2004
12.874    5.3691998    13.2004
12.8828    5.3508    13.2004
12.8996    5.3332    13.2004
12.9196    5.3164    13.2004
12.9372    5.3052    13.2004
12.958799    5.2948    13.2004
12.981999    5.2851996    13.2004
13.004399    5.2804    13.2004
13.0252    5.2739997    13.2004
13.038799    5.258    13.2004
13.0412    5.2524    13.2004
13.038    5.2307997    13.2004
13.028399    5.2172    13.2004
13.015599    5.206    13.2004
13.0084    5.2019997    13.2004
12.9828    5.19    13.2004
12.9548    5.178    13.2004
12.9388    5.1668    13.2004
12.9276    5.1596    13.2004
12.9116    5.1475997    13.2004
12.8884    5.1363997    13.2004
12.8596    5.1196    13.2004
12.8428    5.1108    13.2004
12.822    5.0955997    13.2004
12.8164    5.0908    13.2004
12.7844    5.0699997    13.2004
12.733999    5.0348    13.2004
12.7268    5.0292    13.2004
12.717199    5.0204    13.2004
12.689199    4.9955997    13.2004
12.67    4.9748    13.2004
12.659599    4.9628    13.2004
12.6452    4.942    13.2004
12.634    4.9284    13.2004
12.6284    4.9196    13.2004
12.6068    4.8756    13.2004
12.6068    4.8747997    13.2004
12.6068    4.874    13.2004
12.598    4.834    13.2004
12.596399    4.8227997    13.2004
12.596399    4.7939997    13.2004
12.596399    4.7851996    13.2004
12.597199    4.7764    13.2004
12.601999    4.7516    13.2004
12.613199    4.7148    13.2004
12.6228    4.6851997    13.2004
12.6524    4.5996    13.2004
12.653999    4.5931997    13.2004
12.6556    4.582    13.2004
12.659599    4.5652    13.2004
12.6612    4.5587997    13.2004
12.662    4.5428    13.2004
12.6628    4.5204    13.2004
12.662    4.5028    13.2004
12.659599    4.4772    13.2004
12.659599    4.4723997    13.2004
12.659599    4.4691997    13.2004
12.658    4.4628    13.2004
12.6516    4.4332    13.2004
12.6404    4.3812    13.2004
12.6324    4.3468    13.2004
12.6156    4.2812    13.2004
12.6044    4.2388    13.2004
12.573999    4.1212    13.2004
12.5484    4.0196    13.2004
12.5428    3.9972    13.2004
12.538799    3.9787998    13.2004
12.521999    3.8939998    13.2004
12.5204    3.886    13.2004
12.5068    3.8035998    13.2004
12.5028    3.7803998    13.2004
12.4972    3.7372    13.2004
12.49    3.6708    13.2004
12.4883995    3.6532    13.2004
12.4852    3.5716    13.2004
12.4852    3.5595999    13.2004
12.486799    3.4843998    13.2004
12.487599    3.4764    13.2004
12.4908    3.418    13.2004
12.4908    3.4115999    13.2004
12.4964    3.3683999    13.2004
12.5036    3.3204    13.2004
12.5084    3.2947998    13.2004
12.5171995    3.2484    13.2004
12.518    3.2452    13.2004
12.528399    3.1996    13.2004
12.538    3.1627998    13.2004
12.5412    3.1508    13.2004
12.573199    3.0435998    13.2004
12.6556    2.7812    13.2004
12.662    2.7612    13.2004
12.665199    2.7524    13.2004
12.694799    2.6468    13.2004
12.7132    2.5707998    13.2004
12.7196    2.546    13.2004
12.73    2.4947999    13.2004
12.738    2.4596    13.2004
12.740399    2.4492    13.2004
12.745999    2.4196    13.2004
12.7588    2.3436    13.2004
12.7755995    2.238    13.2004
12.7932    2.1227999    13.2004
12.809199    2.0084    13.2004
12.818    1.9347999    13.2004
12.8244    1.8987999    13.2004
12.83    1.846    13.2004
12.8396    1.7492    13.2004
12.8468    1.678    13.2004
12.8524    1.5948    13.2004
12.858    1.5116    13.2004
12.861199    1.4588    13.2004
12.8652    1.4219999    13.2004
12.8708    1.3731999    13.2004
12.8772    1.2964    13.2004
12.8804    1.2548    13.2004
12.8884    1.2044    13.2004
12.8988    1.1284    13.2004
12.9036    1.0892    13.2004
12.907599    1.0339999    13.2004
12.9092    0.98999995    13.2004
12.9116    0.96999997    13.2004
12.9172    0.92039996    13.2004
12.9204    0.87799996    13.2004
12.9268    0.834    13.2004
12.938    0.7276    13.2004
12.9404    0.7084    13.2004
12.9492    0.6676    13.2004
12.953199    0.64919996    13.2004
12.957999    0.61399996    13.2004
12.9604    0.5988    13.2004
12.9676    0.578    13.2004
12.981199    0.53319997    13.2004
12.987599    0.522    13.2004
12.992399    0.51    13.2004
13.004399    0.506    13.2004
13.0132    0.502    13.2004
13.0348    0.5036    13.2004
13.046    0.5028    13.2004
13.0571995    0.5028    13.2004
13.061999    0.5028    13.2004
13.07    0.5036    13.2004
13.280399    0.5076    13.2004
13.5372    0.514    13.2004
13.567599    0.5148    13.2004
13.670799    0.5172    13.2004
13.71    0.518    13.2004
13.740399    0.51879996    13.2004
13.7564    0.5204    13.2004
13.7612    0.5204    13.2004
13.7652    0.5268    13.2004
13.774799    0.54039997    13.2004
13.780399    0.55799997    13.2004
13.785999    0.574    13.2004
13.79    0.6004    13.2004
13.7956    0.6436    13.2004
13.802    0.6908    13.2004
13.803599    0.7012    13.2004
13.8052    0.7204    13.2004
13.809999    0.79639995    13.2004
13.8124    0.8244    13.2004
13.813999    0.86359996    13.2004
13.8164    0.9084    13.2004
13.8172    0.92999995    13.2004
13.8172    1.0108    13.2004
13.8172    1.0347999    13.2004
13.8188    1.1204    13.2004
13.8188    1.1364    13.2004
13.815599    1.306    13.2004
13.814799    1.3571999    13.2004
13.8108    1.5924    13.2004
13.809999    1.6195999    13.2004
