6.2388    12.946    13.8004
6.2268    12.858    13.8004
6.2228    12.831599    13.8004
6.2107997    12.7532    13.8004
6.2075996    12.7268    13.8004
6.1956    12.6468    13.8004
6.1851997    12.5652    13.8004
6.1804    12.527599    13.8004
6.1756    12.49    13.8004
6.1731997    12.4684    13.8004
6.166    12.395599    13.8004
6.158    12.3012    13.8004
6.1572    12.2987995    13.8004
6.1572    12.297199    13.8004
6.1499996    12.2076    13.8004
6.1484    12.182    13.8004
6.1428    12.1092    13.8004
6.1419997    12.0812    13.8004
6.138    12.0171995    13.8004
6.1363997    11.9732    13.8004
6.1348    11.9204    13.8004
6.1348    11.901999    13.8004
6.1331997    11.8876    13.8004
6.134    11.8675995    13.8004
6.134    11.8524    13.8004
6.1363997    11.8508    13.8004
6.1355996    11.8468    13.8004
6.1331997    11.8244    13.8004
6.1164    11.8043995    13.8004
6.1148    11.8028    13.8004
6.0731997    11.7764    13.8004
6.0716    11.7755995    13.8004
6.0308    11.7484    13.8004
6.0243998    11.7444    13.8004
6.0035996    11.729199    13.8004
5.9979997    11.722799    13.8004
5.9756    11.7044    13.8004
5.962    11.6916    13.8004
5.9467998    11.6804    13.8004
5.9284    11.659599    13.8004
5.9172    11.6491995    13.8004
5.8956    11.625199    13.8004
5.8932    11.6228    13.8004
5.8852    11.613999    13.8004
5.8627996    11.5892    13.8004
5.8508    11.5708    13.8004
5.8476    11.5652    13.8004
5.842    11.5484    13.8004
5.8412    11.539599    13.8004
5.8371997    11.5236    13.8004
5.8371997    11.493199    13.8004
5.8388    11.4883995    13.8004
5.8403997    11.4732    13.8004
5.8436    11.458    13.8004
5.8483996    11.441199    13.8004
5.8588    11.4084    13.8004
5.8691998    11.373199    13.8004
5.8771996    11.3476    13.8004
5.8859997    11.3172    13.8004
5.9035997    11.2716    13.8004
5.9035997    11.2708    13.8004
5.9044    11.2699995    13.8004
5.9203997    11.2332    13.8004
5.9259996    11.2212    13.8004
5.9452    11.1788    13.8004
5.9611998    11.146    13.8004
5.9756    11.1172    13.8004
5.9916    11.0868    13.8004
6.0044    11.0644    13.8004
6.0235996    11.0324    13.8004
6.034    11.0148    13.8004
6.046    10.9972    13.8004
6.0748    10.953199    13.8004
6.0755997    10.952399    13.8004
6.0764    10.9508    13.8004
6.1092    10.9052    13.8004
6.1331997    10.8708    13.8004
6.1419997    10.8596    13.8004
6.1572    10.8452    13.8004
6.1651998    10.8372    13.8004
6.1724    10.832399    13.8004
6.1804    10.8284    13.8004
6.2124    10.8124    13.8004
6.2268    10.803599    13.8004
6.2316    10.7996    13.8004
6.2483997    10.774799    13.8004
6.2507997    10.7699995    13.8004
6.2588    10.7436    13.8004
6.2588    10.7428    13.8004
6.2595997    10.740399    13.8004
6.2627997    10.726    13.8004
6.2651997    10.717999    13.8004
6.2732    10.689199    13.8004
6.2748    10.682799    13.8004
6.2748    10.682    13.8004
6.2763996    10.6524    13.8004
6.266    10.618    13.8004
6.2619996    10.608399    13.8004
6.2556    10.5948    13.8004
6.2444    10.5692    13.8004
6.2363997    10.545199    13.8004
6.2195997    10.4788    13.8004
6.21    10.4444    13.8004
6.1987996    10.3948    13.8004
6.1851997    10.3276    13.8004
6.1844    10.3236    13.8004
6.1836    10.322    13.8004
6.166    10.2355995    13.8004
6.166    10.229199    13.8004
6.1604    10.199599    13.8004
6.1596    10.1852    13.8004
6.158    10.1684    13.8004
6.1531997    10.1324    13.8004
6.1531997    10.118    13.8004
6.1556    10.0892    13.8004
6.1587996    10.07    13.8004
6.1619997    10.054    13.8004
6.1756    10.002    13.8004
6.1851997    9.9684    13.8004
6.1948    9.935599    13.8004
6.2084    9.889999    13.8004
6.2124    9.877999    13.8004
6.226    9.8428    13.8004
6.2404    9.8084    13.8004
6.2427998    9.8028    13.8004
6.2612    9.7588    13.8004
6.2804    9.7212    13.8004
6.2812    9.7188    13.8004
6.2844    9.714    13.8004
6.31    9.6796    13.8004
6.3203998    9.665999    13.8004
6.3315997    9.6532    13.8004
6.3524    9.6332    13.8004
6.378    9.61    13.8004
6.3947997    9.596399    13.8004
6.4068    9.5876    13.8004
6.4435997    9.5612    13.8004
6.4716    9.5436    13.8004
6.506    9.521999    13.8004
6.5284    9.51    13.8004
6.5772    9.4804    13.8004
6.5964    9.4692    13.8004
6.638    9.446    13.8004
6.6387997    9.446    13.8004
6.6404    9.4452    13.8004
6.6684    9.435599    13.8004
6.6843996    9.4324    13.8004
6.7004    9.429999    13.8004
6.7348    9.4316    13.8004
6.7468    9.4324    13.8004
6.7707996    9.436399    13.8004
6.79    9.4396    13.8004
6.8315997    9.4468    13.8004
6.8539996    9.4516    13.8004
6.9252    9.4668    13.8004
6.934    9.4692    13.8004
6.982    9.4812    13.8004
6.9955997    9.4844    13.8004
6.9988    9.486    13.8004
7.062    9.5076    13.8004
7.086    9.516399    13.8004
7.1084    9.5268    13.8004
7.1348    9.538799    13.8004
7.1516    9.5484    13.8004
7.1651998    9.5596    13.8004
7.174    9.57    13.8004
7.1916    9.5924    13.8004
7.1963997    9.6012    13.8004
7.2019997    9.6108    13.8004
7.2124    9.6324    13.8004
7.2172    9.6452    13.8004
7.2204    9.654799    13.8004
7.2331996    9.717199    13.8004
7.2348    9.723599    13.8004
7.2356    9.73    13.8004
7.2427998    9.7852    13.8004
7.2436    9.792399    13.8004
7.246    9.83    13.8004
7.2468    9.8396    13.8004
7.246    9.843599    13.8004
7.246    9.8516    13.8004
7.2451997    9.8932    13.8004
7.2436    9.9108    13.8004
7.2412    9.9228    13.8004
7.2283998    9.9604    13.8004
7.226    9.9668    13.8004
7.2251997    9.969999    13.8004
7.2131996    9.998799    13.8004
7.1931996    10.0308    13.8004
7.1916    10.033199    13.8004
7.1724    10.0644    13.8004
7.1651998    10.0876    13.8004
7.1619997    10.091599    13.8004
7.1596    10.0996    13.8004
7.1612    10.1228    13.8004
7.1628    10.1292    13.8004
7.1636    10.1324    13.8004
7.1699996    10.15    13.8004
7.1772    10.1708    13.8004
7.1868    10.2036    13.8004
7.1948    10.240399    13.8004
7.2084    10.309999    13.8004
7.21    10.321199    13.8004
7.2187996    10.3644    13.8004
7.226    10.4052    13.8004
7.2388    10.4924    13.8004
7.2419996    10.516399    13.8004
7.2427998    10.521999    13.8004
7.2427998    10.526    13.8004
7.2563996    10.620399    13.8004
7.2563996    10.6228    13.8004
7.2604    10.6692    13.8004
7.2651997    10.7276    13.8004
7.2668    10.733999    13.8004
7.2675996    10.7428    13.8004
7.2771997    10.842    13.8004
7.286    10.9492    13.8004
7.2892    10.9796    13.8004
7.2932    11.026    13.8004
7.2995996    11.1116    13.8004
7.3044    11.1636    13.8004
7.3107996    11.2428    13.8004
7.3124    11.268399    13.8004
7.3164    11.297999    13.8004
7.3212    11.354    13.8004
7.3268    11.406799    13.8004
7.3356    11.499599    13.8004
7.338    11.526    13.8004
7.342    11.5556    13.8004
7.3547997    11.6588    13.8004
7.3668    11.754    13.8004
7.3732    11.806    13.8004
7.3852    11.8868    13.8004
7.3964    11.9636    13.8004
7.4076    12.0324    13.8004
7.4171996    12.094    13.8004
7.4259996    12.141999    13.8004
7.4332    12.1876    13.8004
7.4428    12.233999    13.8004
7.4508    12.273999    13.8004
7.4684    12.3628    13.8004
7.4691997    12.3684    13.8004
7.4691997    12.3708    13.8004
7.4756    12.3963995    13.8004
7.4891996    12.453199    13.8004
7.49    12.4604    13.8004
7.4932    12.4716    13.8004
7.5091996    12.545199    13.8004
7.526    12.618799    13.8004
7.5404    12.676399    13.8004
7.5532    12.7276    13.8004
7.5708    12.7964    13.8004
7.5828    12.837199    13.8004
7.594    12.8804    13.8004
7.6148    12.9492    13.8004
7.6236    12.9772    13.8004
7.6308    13.002    13.8004
7.6563997    13.0836    13.8004
7.6611996    13.0996    13.8004
7.6755996    13.1435995    13.8004
7.7084    13.2476    13.8004
7.7107997    13.2556    13.8004
7.7195997    13.282    13.8004
7.7651997    13.4251995    13.8004
7.7812    13.4724    13.8004
7.8044    13.538    13.8004
7.8195996    13.5859995    13.8004
7.8324    13.6236    13.8004
7.8532    13.6868    13.8004
7.8644    13.7212    13.8004
7.8756    13.757199    13.8004
7.8988    13.826799    13.8004
7.914    13.8796    13.8004
7.9283996    13.9284    13.8004
7.9484    14.002    13.8004
7.9564    14.027599    13.8004
7.9788    14.1108    13.8004
7.9844    14.1284    13.8004
7.994    14.1692    13.8004
8.0004    14.1924    13.8004
8.0076    14.221999    13.8004
8.0236    14.29    13.8004
8.0308    14.322    13.8004
8.0412    14.3708    13.8004
8.0492    14.41    13.8004
8.0588    14.4628    13.8004
8.061999    14.4852    13.8004
8.0644    14.4964    13.8004
8.078    14.5876    13.8004
8.0788    14.590799    13.8004
8.0788    14.595599    13.8004
8.0924    14.693999    13.8004
8.0956    14.734799    13.8004
8.097199    14.7484    13.8004
8.097199    14.751599    13.8004
8.102    14.8532    13.8004
8.102    14.8636    13.8004
8.1036    14.9196    13.8004
8.1036    14.941999    13.8004
8.1036    15.0084    13.8004
8.1004    15.098    13.8004
8.0996    15.1116    13.8004
8.0948    15.176399    13.8004
8.09    15.210799    13.8004
8.0844    15.2476    13.8004
8.0812    15.280399    13.8004
8.0716    15.3364    13.8004
8.0668    15.3684    13.8004
8.0571995    15.4196    13.8004
8.0515995    15.452399    13.8004
8.0444    15.4844    13.8004
8.03    15.554    13.8004
8.0252    15.5748    13.8004
8.0028    15.6676    13.8004
7.9955997    15.694799    13.8004
7.9828    15.7428    13.8004
7.9556    15.8412    13.8004
7.9427996    15.8916    13.8004
7.9403996    15.901999    13.8004
7.9252    15.9788    13.8004
7.922    16.007599    13.8004
7.91    16.0796    13.8004
7.9083996    16.0964    13.8004
7.9027996    16.1668    13.8004
7.8988    16.2356    13.8004
7.8996    16.3172    13.8004
7.8996    16.322    13.8004
7.8996    16.3308    13.8004
7.9044    16.39    13.8004
7.9083996    16.4356    13.8004
7.9132    16.4756    13.8004
7.9188    16.5156    13.8004
7.9227996    16.562    13.8004
7.9315996    16.6292    13.8004
7.9371996    16.669199    13.8004
7.9388    16.6836    13.8004
7.9571996    16.8084    13.8004
7.9644    16.8468    13.8004
7.974    16.9156    13.8004
7.9779997    16.9428    13.8004
7.9908    17.022    13.8004
7.9988    17.0772    13.8004
8.005199    17.1276    13.8004
8.0116    17.1724    13.8004
8.0171995    17.222    13.8004
8.0227995    17.265999    13.8004
8.0268    17.312399    13.8004
8.0316    17.3452    13.8004
8.0348    17.4012    13.8004
8.0372    17.434    13.8004
8.0404    17.5012    13.8004
8.0428    17.5324    13.8004
8.0428    17.594    13.8004
8.0444    17.622    13.8004
8.045199    17.689999    13.8004
8.045199    17.7148    13.8004
8.0444    17.725199    13.8004
8.0412    17.7724    13.8004
8.039599    17.81    13.8004
8.0364    17.866    13.8004
8.03    17.914799    13.8004
8.0236    17.961199    13.8004
8.0196    17.989199    13.8004
8.018    18.0084    13.8004
8.010799    18.0436    13.8004
7.9932    18.1196    13.8004
7.99    18.1364    13.8004
7.9891996    18.139599    13.8004
7.9644    18.2228    13.8004
7.9515996    18.260399    13.8004
7.9323997    18.3076    13.8004
7.9244    18.329199    13.8004
7.9227996    18.3324    13.8004
7.9196    18.338    13.8004
7.8739996    18.4124    13.8004
7.85    18.4508    13.8004
7.8476    18.454    13.8004
7.8444    18.4572    13.8004
7.838    18.4676    13.8004
7.8156    18.5036    13.8004
7.8148    18.5124    13.8004
7.8124    18.531599    13.8004
7.8139997    18.538    13.8004
7.818    18.5452    13.8004
7.8307996    18.5668    13.8004
7.8388    18.5892    13.8004
7.8451996    18.6028    13.8004
7.8539996    18.626    13.8004
7.8739996    18.673199    13.8004
7.8971996    18.7292    13.8004
7.9115996    18.765999    13.8004
7.942    18.838    13.8004
7.9579997    18.882    13.8004
7.9611998    18.8892    13.8004
7.97    18.9212    13.8004
7.9732    18.933199    13.8004
7.974    18.9356    13.8004
7.974    18.9396    13.8004
7.9828    18.9844    13.8004
7.9844    19.0092    13.8004
7.9844    19.035599    13.8004
7.9835997    19.0364    13.8004
7.9788    19.0972    13.8004
7.9715996    19.15    13.8004
7.9691997    19.17    13.8004
7.9628    19.202799    13.8004
7.954    19.246    13.8004
7.9452    19.2748    13.8004
7.93    19.33    13.8004
7.9203997    19.3564    13.8004
7.9068    19.3932    13.8004
7.8988    19.41    13.8004
7.8908    19.4292    13.8004
7.8844    19.438799    13.8004
7.8651996    19.455599    13.8004
7.858    19.4604    13.8004
7.8459997    19.4684    13.8004
7.8324    19.472399    13.8004
7.798    19.4828    13.8004
7.7427998    19.501999    13.8004
7.706    19.5124    13.8004
7.6804    19.5196    13.8004
7.5996    19.5404    13.8004
7.5611997    19.55    13.8004
7.5172    19.5588    13.8004
7.4315996    19.5756    13.8004
7.4259996    19.5772    13.8004
7.41    19.5812    13.8004
7.398    19.5812    13.8004
7.39    19.580399    13.8004
7.3691998    19.578    13.8004
7.3515997    19.5756    13.8004
7.3436    19.576399    13.8004
7.3164    19.566    13.8004
7.31    19.562    13.8004
7.2804    19.5452    13.8004
7.2516    19.5284    13.8004
7.2468    19.526    13.8004
7.2219996    19.5028    13.8004
7.2124    19.4972    13.8004
7.1987996    19.485199    13.8004
7.146    19.4404    13.8004
7.1131997    19.4116    13.8004
7.0996    19.3996    13.8004
7.0643997    19.364399    13.8004
7.0435996    19.3444    13.8004
7.0147996    19.314    13.8004
6.9788    19.2764    13.8004
6.9747996    19.2724    13.8004
6.9676    19.2652    13.8004
6.922    19.2148    13.8004
6.8956    19.184399    13.8004
6.8708    19.1484    13.8004
6.8483996    19.1124    13.8004
6.8468    19.1108    13.8004
6.8171997    19.063599    13.8004
6.8164    19.0628    13.8004
6.8148    19.0588    13.8004
6.8027997    19.0308    13.8004
6.7956    19.011599    13.8004
6.7851996    18.982    13.8004
6.7795997    18.9708    13.8004
6.7683997    18.934    13.8004
6.7644    18.9252    13.8004
6.7516    18.8828    13.8004
6.7244    18.7924    13.8004
6.7188    18.771599    13.8004
6.7068    18.7244    13.8004
6.7044    18.7132    13.8004
6.6948    18.67    13.8004
6.6884    18.6356    13.8004
6.6748    18.5556    13.8004
6.6636    18.479599    13.8004
6.6604    18.458    13.8004
6.6572    18.4308    13.8004
6.6548    18.406    13.8004
6.654    18.3828    13.8004
6.6563997    18.35    13.8004
6.6563997    18.3492    13.8004
6.6572    18.347599    13.8004
6.658    18.3436    13.8004
6.6796    18.2332    13.8004
6.6907997    18.1764    13.8004
6.698    18.1436    13.8004
6.71    18.09    13.8004
6.726    18.0156    13.8004
6.7388    17.9572    13.8004
6.7532    17.8916    13.8004
6.7619996    17.858    13.8004
6.7844    17.7836    13.8004
6.7932    17.7524    13.8004
6.8092    17.697199    13.8004
6.8115997    17.6908    13.8004
6.8251996    17.6572    13.8004
6.8315997    17.645199    13.8004
6.8332    17.6404    13.8004
6.842    17.6316    13.8004
6.8636    17.6132    13.8004
6.8764    17.6076    13.8004
6.8908    17.6028    13.8004
6.8956    17.6012    13.8004
6.9171996    17.594799    13.8004
6.9459996    17.5804    13.8004
6.9515996    17.566    13.8004
6.9523997    17.5604    13.8004
6.9515996    17.5564    13.8004
6.9484    17.5236    13.8004
6.9444    17.501999    13.8004
6.9379997    17.4732    13.8004
6.9284    17.4404    13.8004
6.9244    17.4268    13.8004
6.9212    17.414    13.8004
6.9188    17.4012    13.8004
6.9044    17.33    13.8004
6.8996    17.301199    13.8004
6.878    17.2044    13.8004
6.8627996    17.1252    13.8004
6.8371997    16.994    13.8004
6.8059998    16.8372    13.8004
6.7756    16.678799    13.8004
6.7283998    16.431599    13.8004
6.7204    16.3884    13.8004
6.694    16.2508    13.8004
6.6819997    16.1876    13.8004
6.6716    16.1316    13.8004
6.6572    16.059599    13.8004
6.6468    16.0044    13.8004
6.638    15.9628    13.8004
6.6324    15.9332    13.8004
6.6116    15.837999    13.8004
6.6108    15.8331995    13.8004
6.594    15.7364    13.8004
6.5875998    15.699599    13.8004
6.586    15.693199    13.8004
6.582    15.67    13.8004
6.5708    15.613199    13.8004
6.5699997    15.606    13.8004
6.5667996    15.589999    13.8004
6.5499997    15.4916    13.8004
6.542    15.435599    13.8004
6.5348    15.394    13.8004
6.5308    15.3708    13.8004
6.5252    15.3236    13.8004
6.5099998    15.217199    13.8004
6.5076    15.2036    13.8004
6.5044    15.1788    13.8004
6.4932    15.095599    13.8004
6.4884    15.0532    13.8004
6.4811997    14.9964    13.8004
6.4708    14.886    13.8004
6.4667997    14.8628    13.8004
6.4644    14.831599    13.8004
6.4572    14.757199    13.8004
6.4508    14.693199    13.8004
6.4435997    14.625999    13.8004
6.4259996    14.435599    13.8004
6.4156    14.3196    13.8004
6.4027996    14.1556    13.8004
6.402    14.1412    13.8004
6.3932    14.0515995    13.8004
6.39    14.0204    13.8004
6.39    14.016399    13.8004
6.3796    13.895599    13.8004
6.378    13.8868    13.8004
6.3771996    13.877999    13.8004
6.37    13.8052    13.8004
6.3612    13.7324    13.8004
6.3603997    13.7276    13.8004
6.3596    13.7212    13.8004
6.3524    13.6468    13.8004
6.3364    13.544399    13.8004
6.3308    13.5084    13.8004
6.3283997    13.492399    13.8004
6.318    13.418799    13.8004
6.3092    13.373199    13.8004
6.2915998    13.266    13.8004
6.286    13.233999    13.8004
6.2668    13.118    13.8004
6.2476    13.0004    13.8004
6.2388    12.946    13.8004
