46.031597    3.0028    2.4004
46.1572    3.0124    2.4004
46.1876    3.0196    2.4004
46.3092    3.0491998    2.4004
46.337997    3.0612    2.4004
46.454    3.1092    2.4004
46.481197    3.126    2.4004
46.588398    3.1915998    2.4004
46.6124    3.2115998    2.4004
46.7076    3.2932    2.4004
46.7276    3.3172    2.4004
46.8092    3.4124    2.4004
46.826    3.4396    2.4004
46.891598    3.5468    2.4004
46.9036    3.5756    2.4004
46.9516    3.6915998    2.4004
46.958797    3.722    2.4004
46.9884    3.8435998    2.4004
46.9908    3.8748    2.4004
47.0004    4.0004    2.4004
47.0004    4.9996    2.4004
47.0004    9.0004    2.4004
47.0004    12.398    2.4004
47.0004    26.000399    2.4004
46.997997    26.031599    2.4004
46.9884    26.1572    2.4004
46.981197    26.1876    2.4004
46.9516    26.3092    2.4004
46.939598    26.338    2.4004
46.891598    26.453999    2.4004
46.874798    26.4812    2.4004
46.8092    26.5884    2.4004
46.7892    26.6124    2.4004
46.7076    26.7076    2.4004
46.683598    26.7276    2.4004
46.588398    26.809198    2.4004
46.5612    26.826    2.4004
46.454    26.8916    2.4004
46.425198    26.903599    2.4004
46.3092    26.9516    2.4004
46.278797    26.9588    2.4004
46.1572    26.9884    2.4004
46.126    26.990799    2.4004
46.0004    27.000399    2.4004
45.078    27.000399    2.4004
44.8476    27.000399    2.4004
44.8164    26.998    2.4004
44.691597    26.9884    2.4004
44.661198    26.9812    2.4004
44.540398    26.9524    2.4004
44.5116    26.9404    2.4004
44.3956    26.892399    2.4004
44.369198    26.8764    2.4004
44.2628    26.8116    2.4004
44.2388    26.7916    2.4004
44.1436    26.7108    2.4004
44.1236    26.6868    2.4004
44.042    26.5924    2.4004
44.0252    26.566    2.4004
43.9596    26.459599    2.4004
43.947598    26.4308    2.4004
43.8988    26.316399    2.4004
43.891598    26.286    2.4004
43.8612    26.1644    2.4004
40.9276    8.5612    2.4004
40.194798    4.1644    2.4004
40.192398    4.13    2.4004
40.1812    3.9915998    2.4004
40.1844    3.9571998    2.4004
40.1972    3.8195999    2.4004
40.2068    3.786    2.4004
40.2436    3.6524    2.4004
40.2588    3.6211998    2.4004
40.318    3.4956    2.4004
40.337997    3.4675999    2.4004
40.418    3.3539999    2.4004
40.4428    3.3292    2.4004
40.5412    3.2315998    2.4004
40.57    3.2115998    2.4004
40.683598    3.1332    2.4004
40.714798    3.1188    2.4004
40.8404    3.0604    2.4004
40.874    3.0516    2.4004
41.0084    3.0156    2.4004
41.042797    3.0124    2.4004
41.1812    3.0003998    2.4004
45.037197    3.0003998    2.4004
46.0004    3.0003998    2.4004
46.031597    3.0028    2.4004
