5.278    26.990799    2.4004
5.3092    26.9884    2.4004
5.43    26.959599    2.4004
5.4603996    26.9524    2.4004
5.5764    26.9044    2.4004
5.6052    26.892399    2.4004
5.7116    26.827599    2.4004
5.738    26.8116    2.4004
5.8332    26.730799    2.4004
5.8571997    26.7108    2.4004
5.9388    26.6164    2.4004
5.9588    26.5924    2.4004
6.0243998    26.486    2.4004
6.0411997    26.459599    2.4004
6.0899997    26.3452    2.4004
6.1019998    26.316399    2.4004
6.1324    26.1948    2.4004
6.1396    26.1644    2.4004
6.8724    21.7676    2.4004
9.806    4.1644    2.4004
9.8172    4.026    2.4004
9.8196    3.9915998    2.4004
9.8068    3.8539999    2.4004
9.803599    3.8195999    2.4004
9.7668    3.6859999    2.4004
9.757199    3.6524    2.4004
9.698    3.5268    2.4004
9.682799    3.4956    2.4004
9.602799    3.382    2.4004
9.5828    3.3539999    2.4004
9.4844    3.2563999    2.4004
9.4595995    3.2315998    2.4004
9.346    3.1532    2.4004
9.3172    3.1332    2.4004
9.1916    3.0748    2.4004
9.160399    3.0604    2.4004
9.026    3.0244    2.4004
8.9924    3.0156    2.4004
8.854    3.0036    2.4004
8.8196    3.0003998    2.4004
7.8564    3.0003998    2.4004
4.0004    3.0003998    2.4004
3.8748    3.01    2.4004
3.8435998    3.0124    2.4004
3.722    3.0419998    2.4004
3.6915998    3.0491998    2.4004
3.5756    3.0972    2.4004
3.5468    3.1092    2.4004
3.4396    3.1748    2.4004
3.4124    3.1915998    2.4004
3.3172    3.2732    2.4004
3.2932    3.2932    2.4004
3.2115998    3.3883998    2.4004
3.1915998    3.4124    2.4004
3.126    3.5196    2.4004
3.1092    3.5468    2.4004
3.0612    3.6627998    2.4004
3.0491998    3.6915998    2.4004
3.0196    3.8132    2.4004
3.0124    3.8435998    2.4004
3.0028    3.9692    2.4004
3.0003998    4.0004    2.4004
3.0003998    8.0012    2.4004
3.0003998    9.0004    2.4004
3.0003998    22.6028    2.4004
3.0003998    26.000399    2.4004
3.01    26.126    2.4004
3.0124    26.1572    2.4004
3.0419998    26.2788    2.4004
3.0491998    26.3092    2.4004
3.0972    26.4252    2.4004
3.1092    26.453999    2.4004
3.1748    26.5612    2.4004
3.1915998    26.5884    2.4004
3.2732    26.6836    2.4004
3.2932    26.7076    2.4004
3.3883998    26.7892    2.4004
3.4124    26.809198    2.4004
3.5196    26.8748    2.4004
3.5468    26.8916    2.4004
3.6627998    26.9396    2.4004
3.6915998    26.9516    2.4004
3.8132    26.9812    2.4004
3.8435998    26.9884    2.4004
3.9692    26.998    2.4004
4.0004    27.000399    2.4004
4.2307997    27.000399    2.4004
5.1531997    27.000399    2.4004
5.278    26.990799    2.4004
