20.2428    19.000399    14.1004
20.2804    19.018    14.1004
20.3092    19.034    14.1004
20.323599    19.0436    14.1004
20.3412    19.0556    14.1004
20.3804    19.0844    14.1004
20.4044    19.1036    14.1004
20.4268    19.1252    14.1004
20.4524    19.150799    14.1004
20.4652    19.1628    14.1004
20.4756    19.174799    14.1004
20.5028    19.208399    14.1004
20.522    19.2332    14.1004
20.5556    19.282    14.1004
20.5628    19.289999    14.1004
20.587599    19.3316    14.1004
20.598799    19.3508    14.1004
20.604399    19.3612    14.1004
20.6308    19.4068    14.1004
20.6556    19.455599    14.1004
20.673199    19.4924    14.1004
20.678799    19.505999    14.1004
20.708399    19.5724    14.1004
20.7092    19.5732    14.1004
20.7108    19.5788    14.1004
20.743599    19.6628    14.1004
20.7484    19.674799    14.1004
20.7684    19.7316    14.1004
20.7852    19.7764    14.1004
20.789999    19.7916    14.1004
20.8116    19.8708    14.1004
20.8148    19.881199    14.1004
20.834799    19.962    14.1004
20.8428    19.9988    14.1004
20.8508    20.038    14.1004
20.8692    20.1372    14.1004
20.8708    20.15    14.1004
20.8724    20.1596    14.1004
20.8732    20.1708    14.1004
20.885199    20.282    14.1004
20.8876    20.3044    14.1004
20.894    20.3748    14.1004
20.8932    20.3892    14.1004
20.890799    20.403599    14.1004
20.8828    20.425999    14.1004
20.879599    20.4324    14.1004
20.8764    20.437199    14.1004
20.8556    20.461199    14.1004
20.85    20.4652    14.1004
20.8148    20.49    14.1004
20.812399    20.4916    14.1004
20.795599    20.501999    14.1004
20.7676    20.518    14.1004
20.760399    20.5212    14.1004
20.691599    20.5516    14.1004
20.617199    20.5844    14.1004
20.6092    20.587599    14.1004
20.598799    20.5924    14.1004
20.5084    20.63    14.1004
20.5012    20.6332    14.1004
20.4868    20.639599    14.1004
20.4252    20.6668    14.1004
20.3788    20.6836    14.1004
20.340399    20.6988    14.1004
20.3132    20.71    14.1004
20.2836    20.721199    14.1004
20.2612    20.7284    14.1004
20.2516    20.7316    14.1004
20.1828    20.758    14.1004
20.180399    20.758799    14.1004
20.1796    20.7596    14.1004
20.1108    20.7796    14.1004
20.0772    20.789999    14.1004
20.042    20.7988    14.1004
20.01    20.806    14.1004
19.973999    20.8156    14.1004
19.9404    20.8212    14.1004
19.897999    20.827599    14.1004
19.85    20.8316    14.1004
19.834799    20.8316    14.1004
19.7868    20.8316    14.1004
19.786    20.8316    14.1004
19.778    20.8308    14.1004
19.737999    20.8284    14.1004
19.7372    20.8284    14.1004
19.7332    20.827599    14.1004
19.6988    20.8228    14.1004
19.680399    20.8196    14.1004
19.6476    20.8132    14.1004
19.598799    20.793999    14.1004
19.5964    20.7932    14.1004
19.594799    20.7932    14.1004
19.538    20.771599    14.1004
19.5196    20.7636    14.1004
19.4932    20.749199    14.1004
19.477999    20.7404    14.1004
19.4604    20.7284    14.1004
19.431599    20.708399    14.1004
19.4028    20.685999    14.1004
19.386799    20.673199    14.1004
19.3732    20.6596    14.1004
19.3612    20.65    14.1004
19.317999    20.6068    14.1004
19.314    20.6028    14.1004
19.3084    20.5964    14.1004
19.2788    20.566    14.1004
19.2612    20.546799    14.1004
19.230799    20.507599    14.1004
19.21    20.4812    14.1004
19.185999    20.446    14.1004
19.1532    20.3996    14.1004
19.1468    20.3892    14.1004
19.142    20.382    14.1004
19.1084    20.3316    14.1004
19.0972    20.3132    14.1004
19.070799    20.274    14.1004
19.053999    20.2444    14.1004
19.035599    20.213999    14.1004
19.0212    20.194    14.1004
19.0028    20.1628    14.1004
18.990799    20.1428    14.1004
18.9676    20.1036    14.1004
18.962    20.094799    14.1004
18.961199    20.0924    14.1004
18.9588    20.0868    14.1004
18.916399    20.017199    14.1004
18.8668    19.93    14.1004
18.862799    19.9228    14.1004
18.8596    19.9172    14.1004
18.858    19.9132    14.1004
18.834    19.857199    14.1004
18.83    19.8468    14.1004
18.8268    19.8388    14.1004
18.826    19.8308    14.1004
18.8204    19.814    14.1004
18.8228    19.8004    14.1004
18.823599    19.789999    14.1004
18.826    19.7804    14.1004
18.8332    19.7652    14.1004
18.8396    19.753199    14.1004
18.854    19.7348    14.1004
18.9396    19.6364    14.1004
18.9412    19.6348    14.1004
18.9436    19.632399    14.1004
18.9492    19.626    14.1004
19.018799    19.5556    14.1004
19.0676    19.507599    14.1004
19.0844    19.4916    14.1004
19.1028    19.4756    14.1004
19.1468    19.4356    14.1004
19.191599    19.3964    14.1004
19.2276    19.366    14.1004
19.2708    19.3316    14.1004
19.3708    19.254    14.1004
19.3788    19.2484    14.1004
19.3828    19.2452    14.1004
19.3916    19.2396    14.1004
19.4804    19.1828    14.1004
19.5452    19.1436    14.1004
19.569199    19.13    14.1004
19.594799    19.115599    14.1004
19.6492    19.0868    14.1004
19.726    19.048399    14.1004
19.7292    19.046799    14.1004
19.7316    19.046    14.1004
19.7612    19.0348    14.1004
19.8268    19.011599    14.1004
19.8356    19.0092    14.1004
19.9028    18.989199    14.1004
19.9268    18.983599    14.1004
19.9788    18.973999    14.1004
19.9876    18.972399    14.1004
19.9972    18.9716    14.1004
20.0436    18.9684    14.1004
20.070799    18.9684    14.1004
20.0964    18.9692    14.1004
20.1252    18.9716    14.1004
20.1764    18.9804    14.1004
20.184399    18.9812    14.1004
20.198    18.985199    14.1004
20.2292    18.994799    14.1004
20.2428    19.000399    14.1004
