16.7356    13.6068    1.8004
16.7228    13.620399    1.8004
16.7076    13.6356    1.8004
16.6964    13.6452    1.8004
16.6764    13.6628    1.8004
16.666    13.671599    1.8004
16.6428    13.687599    1.8004
16.633999    13.6932    1.8004
16.6132    13.7084    1.8004
16.598799    13.716399    1.8004
16.581999    13.726    1.8004
16.570799    13.7324    1.8004
16.5604    13.7372    1.8004
16.5444    13.745199    1.8004
16.5324    13.750799    1.8004
16.5116    13.7588    1.8004
16.5036    13.7612    1.8004
16.500399    13.762    1.8004
16.4788    13.7676    1.8004
16.472399    13.768399    1.8004
16.4508    13.7716    1.8004
16.4348    13.7732    1.8004
16.4196    13.774799    1.8004
16.3916    13.773999    1.8004
16.3828    13.7732    1.8004
16.375599    13.7732    1.8004
16.3308    13.7699995    1.8004
16.306    13.7676    1.8004
16.271599    13.7652    1.8004
16.2468    13.7612    1.8004
16.2116    13.757199    1.8004
16.1764    13.751599    1.8004
16.1548    13.7484    1.8004
16.100399    13.7372    1.8004
16.0884    13.734799    1.8004
16.0836    13.733999    1.8004
16.0148    13.7188    1.8004
16.0108    13.717199    1.8004
16.0028    13.7148    1.8004
15.974799    13.705999    1.8004
15.957999    13.6988    1.8004
15.9444    13.6916    1.8004
15.9251995    13.681999    1.8004
15.907599    13.6692    1.8004
15.8924    13.6572    1.8004
15.882    13.646    1.8004
15.873199    13.636399    1.8004
15.865999    13.625999    1.8004
15.855599    13.6124    1.8004
15.8468    13.598    1.8004
15.8412    13.5876    1.8004
15.831599    13.5668    1.8004
15.825199    13.549999    1.8004
15.821199    13.538    1.8004
15.8124    13.5012    1.8004
15.8116    13.498799    1.8004
15.8116    13.4964    1.8004
15.8076    13.481999    1.8004
15.802    13.4628    1.8004
15.7996    13.4508    1.8004
15.791599    13.41    1.8004
15.7836    13.3628    1.8004
15.782    13.3516    1.8004
15.781199    13.3396    1.8004
15.7755995    13.2828    1.8004
15.7716    13.242    1.8004
15.769199    13.2084    1.8004
15.768399    13.1756    1.8004
15.7676    13.1524    1.8004
15.7676    13.130799    1.8004
15.768399    13.0956    1.8004
15.7716    13.0571995    1.8004
15.7716    13.0348    1.8004
15.7732    13.0227995    1.8004
15.7788    12.9612    1.8004
15.7788    12.9556    1.8004
15.7844    12.9196    1.8004
15.7876    12.8932    1.8004
15.792399    12.872399    1.8004
15.797199    12.8484    1.8004
15.8012    12.821199    1.8004
15.8068    12.8004    1.8004
15.815599    12.7564    1.8004
15.8172    12.7508    1.8004
15.8188    12.7276    1.8004
15.819599    12.722799    1.8004
15.818    12.7036    1.8004
15.8188    12.694799    1.8004
15.814799    12.677199    1.8004
15.8076    12.6588    1.8004
15.8004    12.6444    1.8004
15.7956    12.636399    1.8004
15.7764    12.613199    1.8004
15.769199    12.6068    1.8004
15.746799    12.5868    1.8004
15.728399    12.5748    1.8004
15.7196    12.567599    1.8004
15.698799    12.554    1.8004
15.6812    12.539599    1.8004
15.636399    12.5068    1.8004
15.6164    12.4892    1.8004
15.5996    12.4748    1.8004
15.5756    12.4556    1.8004
15.5652    12.446    1.8004
15.546    12.429199    1.8004
15.5227995    12.4092    1.8004
15.5028    12.3884    1.8004
15.4724    12.3572    1.8004
15.470799    12.355599    1.8004
15.438    12.320399    1.8004
15.4156    12.297999    1.8004
15.406799    12.2884    1.8004
15.378799    12.2588    1.8004
15.366799    12.2452    1.8004
15.3396    12.214    1.8004
15.322    12.193999    1.8004
15.2932    12.160399    1.8004
15.280399    12.1444    1.8004
15.2548    12.1092    1.8004
15.2484    12.101999    1.8004
15.2132    12.054    1.8004
15.2123995    12.0532    1.8004
15.210799    12.050799    1.8004
15.2012    12.038    1.8004
15.165199    11.9916    1.8004
15.1508    11.9724    1.8004
15.1116    11.9164    1.8004
15.101199    11.9028    1.8004
15.0996    11.8996    1.8004
15.098    11.8972    1.8004
15.0708    11.8524    1.8004
15.056399    11.8244    1.8004
15.0492    11.8124    1.8004
15.045199    11.802    1.8004
15.03    11.7676    1.8004
15.0148    11.7252    1.8004
15.014    11.723599    1.8004
15.014    11.722    1.8004
15.009999    11.7108    1.8004
14.997999    11.6756    1.8004
14.9948    11.6612    1.8004
14.9836    11.6188    1.8004
14.974799    11.5692    1.8004
14.9732    11.5636    1.8004
14.9732    11.5604    1.8004
14.9716    11.550799    1.8004
14.965199    11.5092    1.8004
14.964399    11.502    1.8004
14.9604    11.446799    1.8004
14.9604    11.4372    1.8004
14.9595995    11.3963995    1.8004
14.9595995    11.3924    1.8004
14.9595995    11.3852    1.8004
14.9612    11.342    1.8004
14.962    11.3364    1.8004
14.9668    11.274    1.8004
14.9684    11.262799    1.8004
14.9788    11.200399    1.8004
14.9828    11.1796    1.8004
14.986799    11.1636    1.8004
14.997999    11.119599    1.8004
15.0068    11.0868    1.8004
15.016399    11.0556    1.8004
15.0252    11.0324    1.8004
15.0412    10.9916    1.8004
15.050799    10.9684    1.8004
15.0604    10.9428    1.8004
15.0764    10.9092    1.8004
15.089999    10.8812    1.8004
15.1044    10.854    1.8004
15.118799    10.826799    1.8004
15.1236    10.818    1.8004
15.1444    10.7828    1.8004
15.17    10.740399    1.8004
15.1756    10.7324    1.8004
15.1852    10.7188    1.8004
15.2044    10.6924    1.8004
15.2308    10.6556    1.8004
15.2332    10.6524    1.8004
15.2372    10.6476    1.8004
15.257999    10.6228    1.8004
15.280399    10.596399    1.8004
15.2844    10.591599    1.8004
15.3068    10.57    1.8004
15.3108    10.566    1.8004
15.3172    10.5596    1.8004
15.3396    10.538    1.8004
15.3412    10.5364    1.8004
15.3764    10.506    1.8004
15.414    10.4748    1.8004
15.4148    10.474    1.8004
15.4164    10.4724    1.8004
15.4428    10.453199    1.8004
15.4716    10.434    1.8004
15.493199    10.4196    1.8004
15.5084    10.4116    1.8004
15.5372    10.3963995    1.8004
15.5604    10.384399    1.8004
15.589999    10.3716    1.8004
15.6147995    10.3619995    1.8004
15.629999    10.3564    1.8004
15.6572    10.346    1.8004
15.698799    10.3348    1.8004
15.7123995    10.3308    1.8004
15.722799    10.3284    1.8004
15.7652    10.320399    1.8004
15.792399    10.3172    1.8004
15.8236    10.3132    1.8004
15.858    10.3116    1.8004
15.872399    10.3108    1.8004
15.9204    10.3116    1.8004
15.934799    10.3116    1.8004
15.9892    10.3164    1.8004
15.9956    10.318    1.8004
16.0036    10.3188    1.8004
16.041199    10.3236    1.8004
16.094    10.3364    1.8004
16.1012    10.337999    1.8004
16.154    10.3516    1.8004
16.161999    10.354    1.8004
16.2092    10.3692    1.8004
16.2156    10.3716    1.8004
16.2644    10.3924    1.8004
16.2668    10.3932    1.8004
16.271599    10.395599    1.8004
16.3244    10.4172    1.8004
16.3484    10.4292    1.8004
16.378    10.4436    1.8004
16.4116    10.462    1.8004
16.4436    10.4804    1.8004
16.4876    10.509999    1.8004
16.5028    10.5196    1.8004
16.5156    10.5292    1.8004
16.55    10.5515995    1.8004
16.557999    10.5588    1.8004
16.59    10.5828    1.8004
16.6148    10.6044    1.8004
16.6252    10.6132    1.8004
16.6412    10.6276    1.8004
16.684399    10.665199    1.8004
16.7108    10.6916    1.8004
16.734    10.7156    1.8004
16.760399    10.742    1.8004
16.801199    10.7908    1.8004
16.814    10.806    1.8004
16.8492    10.8532    1.8004
16.858    10.8652    1.8004
16.8876    10.9052    1.8004
16.8948    10.9148    1.8004
16.8948    10.9156    1.8004
16.8964    10.917999    1.8004
16.9252    10.9612    1.8004
16.934    10.976399    1.8004
16.9508    11.0068    1.8004
16.961199    11.026    1.8004
16.983599    11.067599    1.8004
16.9868    11.0748    1.8004
16.998    11.097199    1.8004
17.006    11.1156    1.8004
17.0156    11.138    1.8004
17.029999    11.1796    1.8004
17.031599    11.1844    1.8004
17.0404    11.21    1.8004
17.048399    11.2324    1.8004
17.05    11.2372    1.8004
17.0604    11.274799    1.8004
17.07    11.314799    1.8004
17.07    11.315599    1.8004
17.07    11.3172    1.8004
17.070799    11.3196    1.8004
17.0772    11.3532    1.8004
17.078    11.3652    1.8004
17.0812    11.3868    1.8004
17.0836    11.401999    1.8004
17.0844    11.4212    1.8004
17.0852    11.4372    1.8004
17.086    11.4492    1.8004
17.0868    11.4636    1.8004
17.086    11.4916    1.8004
17.086    11.4948    1.8004
17.086    11.4964    1.8004
17.0852    11.505199    1.8004
17.0852    11.5227995    1.8004
17.0844    11.5348    1.8004
17.0828    11.5596    1.8004
17.0788    11.582    1.8004
17.076399    11.6004    1.8004
17.0724    11.6212    1.8004
17.070799    11.6324    1.8004
17.065199    11.6572    1.8004
17.063599    11.6668    1.8004
17.0588    11.682799    1.8004
17.0532    11.7044    1.8004
17.0492    11.7148    1.8004
17.0404    11.7476    1.8004
17.034    11.7644    1.8004
17.024399    11.7884    1.8004
17.0068    11.8252    1.8004
17.0012    11.837999    1.8004
16.986    11.866799    1.8004
16.9692    11.894799    1.8004
16.958    11.9116    1.8004
16.9428    11.9348    1.8004
16.921999    11.9612    1.8004
16.920399    11.9636    1.8004
16.8948    11.9948    1.8004
16.894    11.9956    1.8004
16.8932    11.9964    1.8004
16.8716    12.0252    1.8004
16.8604    12.0428    1.8004
16.853199    12.050799    1.8004
16.8452    12.0692    1.8004
16.8388    12.078    1.8004
16.8332    12.0956    1.8004
16.8276    12.1052    1.8004
16.8212    12.125999    1.8004
16.8172    12.136399    1.8004
16.8148    12.148399    1.8004
16.801199    12.1796    1.8004
16.7972    12.19    1.8004
16.793999    12.1964    1.8004
16.7596    12.2492    1.8004
16.758    12.2508    1.8004
16.754799    12.2556    1.8004
16.719599    12.2987995    1.8004
16.706    12.314    1.8004
16.6828    12.338799    1.8004
16.6796    12.3412    1.8004
16.6324    12.3852    1.8004
16.6012    12.412399    1.8004
16.576399    12.434    1.8004
16.562    12.447599    1.8004
16.542    12.464399    1.8004
16.522    12.486799    1.8004
16.518    12.493199    1.8004
16.5084    12.514    1.8004
16.5084    12.5204    1.8004
16.506    12.5484    1.8004
16.506    12.550799    1.8004
16.5108    12.5756    1.8004
16.5124    12.584399    1.8004
16.529999    12.618    1.8004
16.5388    12.6324    1.8004
16.5588    12.658    1.8004
16.5788    12.686    1.8004
16.594    12.7044    1.8004
16.6332    12.7604    1.8004
16.6356    12.7644    1.8004
16.663599    12.806    1.8004
16.6796    12.834    1.8004
16.6892    12.8524    1.8004
16.6996    12.874    1.8004
16.7156    12.9052    1.8004
16.732399    12.9452    1.8004
16.749199    12.987599    1.8004
16.7668    13.0356    1.8004
16.7812    13.078    1.8004
16.7932    13.1124    1.8004
16.798    13.13    1.8004
16.8116    13.1804    1.8004
16.8148    13.1964    1.8004
16.8252    13.2411995    1.8004
16.8308    13.2708    1.8004
16.8356    13.292399    1.8004
16.838    13.3228    1.8004
16.8388    13.3364    1.8004
16.838    13.3564    1.8004
16.838    13.3644    1.8004
16.838    13.3692    1.8004
16.8356    13.3924    1.8004
16.8332    13.4116    1.8004
16.8332    13.4156    1.8004
16.829199    13.4284    1.8004
16.8228    13.4484    1.8004
16.8148    13.470799    1.8004
16.8044    13.4939995    1.8004
16.7988    13.5076    1.8004
16.784399    13.5348    1.8004
16.7796    13.542    1.8004
16.7748    13.550799    1.8004
16.7628    13.566    1.8004
16.753199    13.5812    1.8004
16.7468    13.589999    1.8004
16.7356    13.6068    1.8004
