16.6932    26.5908    19.8004
16.7404    26.537199    19.8004
16.7412    26.5364    19.8004
16.788399    26.4788    19.8004
16.8156    26.449999    19.8004
16.829199    26.4356    19.8004
16.840399    26.425999    19.8004
16.851599    26.4156    19.8004
16.875599    26.3972    19.8004
16.8956    26.386    19.8004
16.9052    26.379599    19.8004
16.918    26.3732    19.8004
16.9604    26.357199    19.8004
16.9676    26.3548    19.8004
16.9732    26.353199    19.8004
17.001999    26.3484    19.8004
17.0268    26.3428    19.8004
17.0404    26.3412    19.8004
17.0716    26.3372    19.8004
17.1292    26.342    19.8004
17.1436    26.3428    19.8004
17.1828    26.3468    19.8004
17.1852    26.3468    19.8004
17.2228    26.357199    19.8004
17.2428    26.362799    19.8004
17.2852    26.3764    19.8004
17.3004    26.385199    19.8004
17.317999    26.3916    19.8004
17.3492    26.4068    19.8004
17.358    26.4116    19.8004
17.3652    26.4156    19.8004
17.3692    26.418    19.8004
17.3892    26.431599    19.8004
17.4028    26.4404    19.8004
17.4236    26.453999    19.8004
17.454    26.4772    19.8004
17.4548    26.477999    19.8004
17.479599    26.485199    19.8004
17.486    26.490799    19.8004
17.4932    26.4956    19.8004
17.513199    26.4988    19.8004
17.524399    26.5028    19.8004
17.5404    26.493198    19.8004
17.563599    26.4996    19.8004
17.5644    26.4988    19.8004
17.576399    26.487598    19.8004
17.5844    26.473999    19.8004
17.5868    26.4492    19.8004
17.5892    26.4292    19.8004
17.5972    26.3652    19.8004
17.6036    26.310799    19.8004
17.6084    26.292398    19.8004
17.6148    26.282799    19.8004
17.6316    26.265999    19.8004
17.6404    26.2684    19.8004
17.6516    26.260399    19.8004
17.6716    26.271599    19.8004
17.678799    26.2684    19.8004
17.6884    26.2748    19.8004
17.698    26.282799    19.8004
17.7124    26.2892    19.8004
17.7388    26.3076    19.8004
17.7692    26.33    19.8004
17.810799    26.362799    19.8004
17.842    26.386799    19.8004
17.8836    26.4228    19.8004
17.9076    26.442799    19.8004
17.9596    26.49    19.8004
17.9708    26.5012    19.8004
18.0404    26.5716    19.8004
18.0492    26.5812    19.8004
18.0508    26.5828    19.8004
18.0516    26.5836    19.8004
18.057999    26.591599    19.8004
18.094799    26.633999    19.8004
18.1276    26.673199    19.8004
18.1348    26.682    19.8004
18.1796    26.7412    19.8004
18.1828    26.7452    19.8004
18.1876    26.7508    19.8004
18.237999    26.826    19.8004
18.2644    26.8692    19.8004
18.2852    26.9012    19.8004
18.3076    26.937199    19.8004
18.3332    26.981998    19.8004
18.358799    27.028399    19.8004
18.3772    27.066    19.8004
18.3972    27.1052    19.8004
18.4172    27.149199    19.8004
18.4396    27.197199    19.8004
18.4644    27.25    19.8004
18.466    27.254799    19.8004
18.4708    27.2676    19.8004
18.490799    27.3148    19.8004
18.498    27.3364    19.8004
18.5028    27.355598    19.8004
18.5084    27.3708    19.8004
18.51    27.3916    19.8004
18.5124    27.4004    19.8004
18.513199    27.420399    19.8004
18.513199    27.4228    19.8004
18.5124    27.429998    19.8004
18.505999    27.4564    19.8004
18.49    27.4812    19.8004
18.4652    27.514    19.8004
18.4644    27.5148    19.8004
18.4628    27.5156    19.8004
18.4244    27.561998    19.8004
18.394    27.6012    19.8004
18.386    27.613998    19.8004
18.382    27.6292    19.8004
18.3772    27.646    19.8004
18.3732    27.6556    19.8004
18.369999    27.674799    19.8004
18.364399    27.6836    19.8004
18.358799    27.701199    19.8004
18.357199    27.7316    19.8004
18.3564    27.7412    19.8004
18.3524    27.7972    19.8004
18.351599    27.801199    19.8004
18.3556    27.8356    19.8004
18.354    27.840399    19.8004
18.3508    27.845999    19.8004
18.3468    27.8676    19.8004
18.3452    27.8764    19.8004
18.3436    27.910799    19.8004
18.3428    27.9172    19.8004
18.3396    27.9492    19.8004
18.338    27.9524    19.8004
18.3372    27.958    19.8004
18.3308    28.0332    19.8004
18.3308    28.0476    19.8004
18.329199    28.0644    19.8004
18.3284    28.074    19.8004
18.3228    28.1364    19.8004
18.3188    28.154799    19.8004
18.316399    28.171598    19.8004
18.310799    28.23    19.8004
18.3076    28.25    19.8004
18.3004    28.2948    19.8004
18.293999    28.334    19.8004
18.2924    28.3508    19.8004
18.289999    28.3732    19.8004
18.288399    28.3828    19.8004
18.286    28.3988    19.8004
18.2812    28.416399    19.8004
18.2788    28.438    19.8004
18.278    28.4524    19.8004
18.2804    28.461199    19.8004
18.2932    28.483599    19.8004
18.298    28.489199    19.8004
18.3188    28.5124    19.8004
18.3244    28.518799    19.8004
18.3444    28.539598    19.8004
18.345999    28.542    19.8004
18.35    28.550798    19.8004
18.3596    28.5684    19.8004
18.3652    28.5892    19.8004
18.3716    28.6052    19.8004
18.3724    28.6124    19.8004
18.3748    28.6204    19.8004
18.3828    28.6524    19.8004
18.3876    28.674    19.8004
18.3892    28.6852    19.8004
18.386799    28.693998    19.8004
18.3892    28.7092    19.8004
18.386    28.7188    19.8004
18.3564    28.7508    19.8004
18.3492    28.758799    19.8004
18.3436    28.7652    19.8004
18.3412    28.7676    19.8004
18.3156    28.806    19.8004
18.306    28.8316    19.8004
18.301199    28.840399    19.8004
18.2948    28.858799    19.8004
18.289999    28.872398    19.8004
18.271599    28.914    19.8004
18.2684    28.9212    19.8004
18.2652    28.9292    19.8004
18.258799    28.941198    19.8004
18.2564    28.944399    19.8004
18.254    28.946    19.8004
18.243599    28.949999    19.8004
18.2316    28.9524    19.8004
18.2164    28.9548    19.8004
18.180399    28.958    19.8004
18.1652    28.9572    19.8004
18.154    28.9548    19.8004
18.1412    28.9508    19.8004
18.1292    28.942    19.8004
18.1204    28.9268    19.8004
18.105999    28.896399    19.8004
18.0996    28.8804    19.8004
18.0956    28.875599    19.8004
18.076399    28.8492    19.8004
18.069199    28.8452    19.8004
18.0396    28.8436    19.8004
18.0348    28.845999    19.8004
18.0028    28.8636    19.8004
17.983599    28.8732    19.8004
17.9732    28.877998    19.8004
17.9564    28.8828    19.8004
17.9468    28.883598    19.8004
17.9292    28.886799    19.8004
17.91    28.8916    19.8004
17.894    28.8972    19.8004
17.881199    28.9012    19.8004
17.8676    28.903599    19.8004
17.8492    28.909199    19.8004
17.8356    28.907598    19.8004
17.8204    28.909199    19.8004
17.8076    28.9084    19.8004
17.793999    28.910799    19.8004
17.7836    28.921999    19.8004
17.7684    28.925999    19.8004
17.749199    28.927599    19.8004
17.7388    28.935598    19.8004
17.7132    28.935598    19.8004
17.706    28.938    19.8004
17.6924    28.9436    19.8004
17.6852    28.948399    19.8004
17.6812    28.948399    19.8004
17.6756    28.9524    19.8004
17.663599    28.970798    19.8004
17.6484    28.9916    19.8004
17.645199    29.000399    19.8004
17.638    29.018    19.8004
17.628399    29.0276    19.8004
17.6236    29.037199    19.8004
17.6068    29.050798    19.8004
17.5956    29.0644    19.8004
17.5884    29.066    19.8004
17.576399    29.070799    19.8004
17.5684    29.070799    19.8004
17.5516    29.0716    19.8004
17.5284    29.067598    19.8004
17.522    29.066    19.8004
17.5196    29.0644    19.8004
17.4988    29.052399    19.8004
17.490799    29.048399    19.8004
17.4876    29.046799    19.8004
17.4828    29.0436    19.8004
17.425999    29.009998    19.8004
17.410799    29.001999    19.8004
17.373999    28.977999    19.8004
17.358    28.966799    19.8004
17.3452    28.9564    19.8004
17.305199    28.925999    19.8004
17.2788    28.9044    19.8004
17.249199    28.879599    19.8004
17.2276    28.862    19.8004
17.1892    28.826    19.8004
17.1588    28.7972    19.8004
17.1532    28.7916    19.8004
17.1108    28.749199    19.8004
17.0916    28.73    19.8004
17.0444    28.6796    19.8004
17.0268    28.6612    19.8004
16.998    28.628399    19.8004
16.9652    28.5908    19.8004
16.9348    28.5548    19.8004
16.9012    28.514    19.8004
16.886799    28.4956    19.8004
16.862799    28.466    19.8004
16.8548    28.455599    19.8004
16.8492    28.4452    19.8004
16.834799    28.421999    19.8004
16.8244    28.403599    19.8004
16.8228    28.3988    19.8004
16.8228    28.396399    19.8004
16.8204    28.369999    19.8004
16.8172    28.3364    19.8004
16.8172    28.3308    19.8004
16.8188    28.2876    19.8004
16.8196    28.25    19.8004
16.823599    28.2052    19.8004
16.8252    28.195599    19.8004
16.83    28.1596    19.8004
16.8284    28.149199    19.8004
16.8244    28.137999    19.8004
16.8244    28.117199    19.8004
16.8188    28.108398    19.8004
16.8132    28.0892    19.8004
16.806799    28.0812    19.8004
16.7924    28.0588    19.8004
16.7748    28.0324    19.8004
16.762    28.014    19.8004
16.758    28.0084    19.8004
16.7516    27.996399    19.8004
16.7092    27.925999    19.8004
16.7004    27.91    19.8004
16.6604    27.8356    19.8004
16.6596    27.833199    19.8004
16.6548    27.8244    19.8004
16.6204    27.7508    19.8004
16.5852    27.669199    19.8004
16.5788    27.6532    19.8004
16.576399    27.6468    19.8004
16.5436    27.5556    19.8004
16.5388    27.5404    19.8004
16.518    27.4756    19.8004
16.5116    27.453999    19.8004
16.4956    27.396399    19.8004
16.483599    27.3492    19.8004
16.477999    27.3196    19.8004
16.4708    27.281199    19.8004
16.4628    27.2356    19.8004
16.4596    27.2116    19.8004
16.4564    27.1812    19.8004
16.454    27.145199    19.8004
16.4508    27.1108    19.8004
16.449999    27.09    19.8004
16.449999    27.0844    19.8004
16.449999    27.0644    19.8004
16.4516    27.026    19.8004
16.454    26.9868    19.8004
16.455599    26.9732    19.8004
16.4572    26.9636    19.8004
16.4628    26.9268    19.8004
16.4788    26.8692    19.8004
16.4788    26.868399    19.8004
16.4876    26.849998    19.8004
16.5116    26.7932    19.8004
16.5124    26.792398    19.8004
16.513199    26.7908    19.8004
16.5404    26.747599    19.8004
16.565199    26.7172    19.8004
16.5716    26.71    19.8004
16.5916    26.685999    19.8004
16.6092    26.6684    19.8004
16.6484    26.6316    19.8004
16.6492    26.6308    19.8004
16.6932    26.5908    19.8004
