23.913198    26.5124    13.2004
23.949999    26.5012    13.2004
23.9828    26.493198    13.2004
23.989199    26.4924    13.2004
23.9924    26.4924    13.2004
24.0196    26.496399    13.2004
24.0204    26.496399    13.2004
24.0508    26.5084    13.2004
24.0604    26.514    13.2004
24.0676    26.518    13.2004
24.0884    26.5324    13.2004
24.093199    26.5348    13.2004
24.1052    26.5476    13.2004
24.122    26.562    13.2004
24.1276    26.574    13.2004
24.1404    26.5892    13.2004
24.143599    26.602    13.2004
24.149199    26.6132    13.2004
24.150799    26.621199    13.2004
24.1524    26.628399    13.2004
24.1556    26.667599    13.2004
24.156399    26.682798    13.2004
24.156399    26.6868    13.2004
24.1556    26.7284    13.2004
24.1556    26.736399    13.2004
24.15    26.7836    13.2004
24.1468    26.806    13.2004
24.1388    26.8484    13.2004
24.126    26.913198    13.2004
24.1148    26.9572    13.2004
24.1036    27.0052    13.2004
24.102798    27.013199    13.2004
24.102    27.022799    13.2004
24.1012    27.050798    13.2004
24.0996    27.0572    13.2004
24.1012    27.078    13.2004
24.1012    27.093199    13.2004
24.1036    27.108398    13.2004
24.111599    27.165998    13.2004
24.115599    27.2116    13.2004
24.117199    27.2276    13.2004
24.1164    27.2412    13.2004
24.115599    27.264399    13.2004
24.114    27.2892    13.2004
24.109999    27.317999    13.2004
24.1092    27.3268    13.2004
24.108398    27.3308    13.2004
24.1076    27.3364    13.2004
24.094799    27.390799    13.2004
24.085999    27.4252    13.2004
24.074    27.4684    13.2004
24.0668    27.498    13.2004
24.063599    27.518    13.2004
24.0628    27.55    13.2004
24.0628    27.5516    13.2004
24.062    27.643599    13.2004
24.0604    27.698    13.2004
24.0604    27.6988    13.2004
24.053999    27.7396    13.2004
24.0492    27.7564    13.2004
24.042    27.782799    13.2004
24.038    27.7908    13.2004
24.0308    27.814    13.2004
24.0252    27.8268    13.2004
24.01    27.855598    13.2004
24.0092    27.857199    13.2004
24.0084    27.858799    13.2004
23.9732    27.909199    13.2004
23.961199    27.925999    13.2004
23.918    27.986    13.2004
23.9116    27.9956    13.2004
23.897999    28.0164    13.2004
23.8892    28.0324    13.2004
23.8804    28.05    13.2004
23.854    28.108398    13.2004
23.8436    28.13    13.2004
23.834799    28.1484    13.2004
23.826    28.165998    13.2004
23.817999    28.180399    13.2004
23.802    28.206799    13.2004
23.775599    28.2484    13.2004
23.774    28.25    13.2004
23.771599    28.253199    13.2004
23.7628    28.264399    13.2004
23.7412    28.2908    13.2004
23.7348    28.297998    13.2004
23.712399    28.3196    13.2004
23.6924    28.3372    13.2004
23.6572    28.366    13.2004
23.6412    28.3788    13.2004
23.637999    28.381199    13.2004
23.6092    28.397999    13.2004
23.562    28.4228    13.2004
23.5508    28.4284    13.2004
23.5436    28.431599    13.2004
23.51    28.446    13.2004
23.4972    28.4516    13.2004
23.466    28.4636    13.2004
23.4244    28.476398    13.2004
23.4212    28.4772    13.2004
23.4196    28.4772    13.2004
23.418    28.4772    13.2004
23.41    28.4788    13.2004
23.382    28.485199    13.2004
23.379599    28.485199    13.2004
23.358799    28.4844    13.2004
23.353199    28.485199    13.2004
23.3324    28.4788    13.2004
23.33    28.477999    13.2004
23.312399    28.4644    13.2004
23.3036    28.4572    13.2004
23.2836    28.4364    13.2004
23.277199    28.429998    13.2004
23.275599    28.4268    13.2004
23.2684    28.410799    13.2004
23.2676    28.406    13.2004
23.2652    28.385199    13.2004
23.265999    28.3452    13.2004
23.265999    28.3364    13.2004
23.2676    28.3228    13.2004
23.269999    28.284399    13.2004
23.2788    28.219599    13.2004
23.282    28.1988    13.2004
23.282    28.1852    13.2004
23.2804    28.17    13.2004
23.2796    28.1644    13.2004
23.275599    28.15    13.2004
23.2668    28.1388    13.2004
23.258    28.13    13.2004
23.2132    28.085999    13.2004
23.195599    28.065199    13.2004
23.1796    28.046    13.2004
23.1652    28.0252    13.2004
23.1356    27.979599    13.2004
23.126799    27.9644    13.2004
23.122799    27.959599    13.2004
23.0956    27.9124    13.2004
23.09    27.8996    13.2004
23.085999    27.8892    13.2004
23.078    27.861198    13.2004
23.074799    27.853199    13.2004
23.0732    27.826    13.2004
23.0724    27.8228    13.2004
23.0716    27.799599    13.2004
23.074    27.7876    13.2004
23.078    27.7668    13.2004
23.0892    27.7164    13.2004
23.0908    27.7052    13.2004
23.1036    27.6516    13.2004
23.1124    27.6164    13.2004
23.1148    27.6108    13.2004
23.117199    27.602798    13.2004
23.118    27.597198    13.2004
23.1236    27.5868    13.2004
23.1348    27.5644    13.2004
23.146    27.552399    13.2004
23.1556    27.538    13.2004
23.163599    27.528399    13.2004
23.1716    27.5204    13.2004
23.1852    27.5052    13.2004
23.2572    27.4404    13.2004
23.271599    27.4284    13.2004
23.2796    27.420399    13.2004
23.284399    27.416399    13.2004
23.3028    27.3996    13.2004
23.334799    27.369999    13.2004
23.342    27.3636    13.2004
23.3604    27.3428    13.2004
23.3612    27.3412    13.2004
23.381199    27.3156    13.2004
23.3892    27.297998    13.2004
23.394    27.286    13.2004
23.4292    27.206799    13.2004
23.43    27.2044    13.2004
23.4308    27.202799    13.2004
23.4572    27.1484    13.2004
23.4628    27.1388    13.2004
23.486    27.098    13.2004
23.4876    27.0956    13.2004
23.49    27.0924    13.2004
23.5212    27.052399    13.2004
23.600399    26.959599    13.2004
23.6084    26.9508    13.2004
23.609999    26.9492    13.2004
23.611599    26.9468    13.2004
23.628399    26.9268    13.2004
23.637999    26.914799    13.2004
23.6516    26.892399    13.2004
23.6556    26.886799    13.2004
23.674    26.849998    13.2004
23.6756    26.8452    13.2004
23.6884    26.805199    13.2004
23.712399    26.7356    13.2004
23.730799    26.691599    13.2004
23.736399    26.677198    13.2004
23.7428    26.6652    13.2004
23.753199    26.6404    13.2004
23.7652    26.618    13.2004
23.769999    26.6092    13.2004
23.782799    26.591599    13.2004
23.786    26.587599    13.2004
23.7892    26.5852    13.2004
23.806    26.5668    13.2004
23.8148    26.5612    13.2004
23.83    26.55    13.2004
23.8508    26.5388    13.2004
23.858    26.5348    13.2004
23.866    26.5332    13.2004
23.886    26.522799    13.2004
23.9124    26.5124    13.2004
23.913198    26.5124    13.2004
