24.114    27.9116    0.3004
24.1356    28.1652    0.3004
24.1852    28.7564    0.3004
24.25    29.0028    0.3004
24.3996    29.5772    0.3004
24.5044    29.809198    0.3004
24.7484    30.349998    0.3004
24.890799    30.5612    0.3004
25.223598    31.052399    0.3004
25.3996    31.236399    0.3004
25.81    31.6652    0.3004
26.0148    31.816399    0.3004
26.4924    32.1692    0.3004
26.719599    32.2836    0.3004
27.249199    32.5508    0.3004
27.493198    32.6252    0.3004
28.0604    32.7996    0.3004
28.3132    32.8316    0.3004
28.9012    32.9068    0.3004
29.1556    32.8956    0.3004
29.7484    32.8708    0.3004
29.998    32.8172    0.3004
30.578    32.692398    0.3004
30.814    32.5972    0.3004
31.364399    32.3764    0.3004
31.5812    32.242798    0.3004
32.0868    31.931599    0.3004
32.278    31.7636    0.3004
32.7236    31.3716    0.3004
32.8836    31.173199    0.3004
33.2564    30.7116    0.3004
33.380398    30.489199    0.3004
33.67    29.970798    0.3004
33.7548    29.730799    0.3004
33.9524    29.171598    0.3004
33.995598    28.920399    0.3004
34.0956    28.3356    0.3004
34.1012    28.208399    0.3004
34.114    27.9116    0.3004
34.1084    27.784399    0.3004
34.0956    27.487598    0.3004
34.0524    27.236399    0.3004
33.9524    26.6516    0.3004
33.8676    26.4116    0.3004
33.67    25.8524    0.3004
33.545998    25.63    0.3004
33.2564    25.111599    0.3004
33.096397    24.913198    0.3004
32.7236    24.4516    0.3004
32.5324    24.2836    0.3004
32.0868    23.8916    0.3004
31.869999    23.758    0.3004
31.364399    23.4468    0.3004
31.128399    23.351599    0.3004
30.578    23.1308    0.3004
30.3284    23.0772    0.3004
29.7484    22.9524    0.3004
29.494    22.9412    0.3004
28.9012    22.916399    0.3004
28.6484    22.948399    0.3004
28.0604    23.0236    0.3004
27.816399    23.098    0.3004
27.249199    23.2724    0.3004
27.022    23.386799    0.3004
26.4924    23.654    0.3004
26.2876    23.805199    0.3004
25.81    24.157999    0.3004
25.633999    24.342    0.3004
25.223598    24.7708    0.3004
25.0812    24.981998    0.3004
24.7484    25.4732    0.3004
24.643599    25.7052    0.3004
24.3996    26.246    0.3004
24.334799    26.4924    0.3004
24.1852    27.0668    0.3004
24.163599    27.3204    0.3004
24.114    27.9116    0.3004
