25.1036    35.1004    0.3004
24.881199    34.585197    0.3004
24.786    34.363598    0.3004
24.598799    34.0708    0.3004
24.518    33.945198    0.3004
24.3324    33.7356    0.3004
24.2524    33.646    0.3004
24.066    33.492397    0.3004
23.986    33.426    0.3004
23.7804    33.306    0.3004
23.691599    33.2548    0.3004
23.4692    33.1708    0.3004
23.373999    33.1348    0.3004
23.133999    33.0868    0.3004
23.0308    33.065998    0.3004
22.758    33.054    0.3004
22.6404    33.0492    0.3004
22.3156    33.082    0.3004
22.1756    33.096397    0.3004
21.8172    33.182    0.3004
21.6628    33.2188    0.3004
20.7636    33.9204    0.3004
20.378    34.2212    0.3004
19.6412    34.8028    0.3004
19.3244    35.0524    0.3004
18.6364    35.5604    0.3004
18.3412    35.7788    0.3004
16.1012    37.161198    0.3004
15.1388    37.7548    0.3004
13.426    38.9156    0.3004
12.69    39.413998    0.3004
11.5412    40.2404    0.3004
11.0476    40.5956    0.3004
10.2156    41.116398    0.3004
9.858    41.3404    0.3004
9.4804    41.529198    0.3004
9.3188    41.610798    0.3004
8.658    41.846    0.3004
8.374    41.9468    0.3004
7.6828    42.068398    0.3004
7.3859997    42.1204    0.3004
6.6843996    42.1252    0.3004
6.3835998    42.1268    0.3004
5.6916    42.014    0.3004
5.394    41.966    0.3004
4.73    41.739597    0.3004
4.4444    41.6428    0.3004
3.8267999    41.309998    0.3004
3.5619998    41.166798    0.3004
3.0091999    40.7348    0.3004
2.7716    40.5492    0.3004
2.2979999    40.031597    0.3004
2.0948    39.8092    0.3004
1.714    39.220398    0.3004
1.5508    38.967598    0.3004
1.2739999    38.3228    0.3004
1.1547999    38.045998    0.3004
0.9892    37.3644    0.3004
0.918    37.071598    0.3004
0.86759996    36.371597    0.3004
0.84599996    36.071598    0.3004
0.91319996    35.374    0.3004
0.942    35.073997    0.3004
1.1244    34.3964    0.3004
1.2027999    34.105198    0.3004
1.4956    33.467598    0.3004
1.6212    33.194    0.3004
2.0156    32.614    0.3004
2.1852    32.3652    0.3004
2.6708    31.8596    0.3004
2.8795998    31.641998    0.3004
3.1804    31.3412    0.3004
3.3091998    31.2116    0.3004
3.5507998    30.9588    0.3004
3.6548    30.849998    0.3004
3.7148    30.7652    0.3004
3.7403998    30.7284    0.3004
3.7844    30.645199    0.3004
3.8028    30.6092    0.3004
3.8276    30.538    0.3004
3.8379998    30.507599    0.3004
3.85    30.438    0.3004
3.8548    30.4084    0.3004
3.8555999    30.3452    0.3004
3.8555999    30.317999    0.3004
3.8451998    30.249199    0.3004
3.8404    30.219599    0.3004
3.8172    30.1476    0.3004
3.8068    30.117199    0.3004
3.7668    30.038    0.3004
3.75    30.004398    0.3004
3.6787999    29.9044    0.3004
3.6483998    29.861198    0.3004
3.4987998    29.7076    0.3004
3.4348    29.6412    0.3004
3.0972    29.390799    0.3004
2.9524    29.282799    0.3004
2.758    29.1644    0.3004
2.6748    29.113998    0.3004
2.0291998    28.4676    0.3004
1.7523999    28.189999    0.3004
1.2292    27.442    0.3004
1.0044    27.1204    0.3004
0.618    26.292398    0.3004
0.4524    25.937199    0.3004
0.2164    25.0548    0.3004
0.1148    24.6764    0.3004
0.0348    23.765999    0.3004
0.0004    23.375599    0.3004
0.0796    22.465199    0.3004
0.113199994    22.074799    0.3004
0.34919998    21.1924    0.3004
0.45    20.814    0.3004
0.8348    19.986    0.3004
1.0004    19.63    0.3004
1.5228    18.881199    0.3004
1.7476    18.559599    0.3004
2.3924    17.9132    0.3004
2.6692    17.6356    0.3004
3.4164    17.109999    0.3004
3.7372    16.8844    0.3004
4.5643997    16.496399    0.3004
4.9196    16.33    0.3004
5.8012    16.0916    0.3004
6.1796    15.9892    0.3004
7.0892    15.907599    0.3004
7.4796    15.872399    0.3004
8.389999    15.9492    0.3004
8.780399    15.981999    0.3004
9.6636    16.2156    0.3004
10.0428    16.3164    0.3004
10.8716    16.6996    0.3004
11.2276    16.8636    0.3004
12.970799    17.8876    0.3004
13.7196    18.3276    0.3004
14.974    19.145199    0.3004
15.5124    19.496399    0.3004
16.5388    20.282    0.3004
16.979599    20.6196    0.3004
17.9028    21.498    0.3004
18.299599    21.875599    0.3004
19.2676    23.0012    0.3004
19.6828    23.4844    0.3004
20.4492    24.466    0.3004
20.778    24.8876    0.3004
21.278    24.706799    0.3004
21.4924    24.6292    0.3004
21.7724    24.472399    0.3004
21.8932    24.4052    0.3004
22.093199    24.247599    0.3004
22.1796    24.180399    0.3004
22.327599    24.022    0.3004
22.390799    23.953999    0.3004
22.500399    23.7908    0.3004
22.5476    23.721199    0.3004
22.6348    23.5308    0.3004
22.6724    23.4492    0.3004
22.7284    23.2452    0.3004
22.7524    23.1572    0.3004
22.778    22.9268    0.3004
22.7892    22.8284    0.3004
22.7788    22.5564    0.3004
22.7748    22.4396    0.3004
22.6948    22.0276    0.3004
22.660398    21.8508    0.3004
22.621199    21.719599    0.3004
22.604399    21.6628    0.3004
21.9028    20.7636    0.3004
21.602    20.378    0.3004
21.0204    19.6412    0.3004
20.7708    19.3244    0.3004
20.2628    18.6364    0.3004
20.0452    18.3412    0.3004
18.661999    16.1012    0.3004
18.0684    15.1388    0.3004
16.9084    13.426    0.3004
16.41    12.69    0.3004
15.5828    11.5412    0.3004
15.227599    11.0476    0.3004
14.7067995    10.2156    0.3004
14.4836    9.858    0.3004
14.294    9.4804    0.3004
14.2123995    9.3188    0.3004
13.9772    8.658    0.3004
13.8764    8.374    0.3004
13.7556    7.6828    0.3004
13.7036    7.3859997    0.3004
13.6988    6.6843996    0.3004
13.6964    6.3835998    0.3004
13.809199    5.6916    0.3004
13.8572    5.394    0.3004
14.0836    4.73    0.3004
14.1804    4.4444    0.3004
14.514    3.8267999    0.3004
14.6572    3.5619998    0.3004
15.0884    3.0091999    0.3004
15.273999    2.7716    0.3004
15.791599    2.2979999    0.3004
16.014    2.0948    0.3004
16.6028    1.714    0.3004
16.8556    1.5508    0.3004
17.500399    1.2739999    0.3004
17.777199    1.1547999    0.3004
18.4588    0.9892    0.3004
18.7516    0.918    0.3004
19.4516    0.86759996    0.3004
19.7516    0.84599996    0.3004
20.4492    0.91319996    0.3004
20.749199    0.942    0.3004
21.4268    1.1244    0.3004
21.717999    1.2027999    0.3004
22.3556    1.4956    0.3004
22.6292    1.6212    0.3004
23.2092    2.0156    0.3004
23.458    2.1852    0.3004
23.9636    2.6708    0.3004
24.1812    2.8795998    0.3004
24.481998    3.1804    0.3004
24.611599    3.3091998    0.3004
24.864399    3.5507998    0.3004
24.9732    3.6548    0.3004
25.057999    3.7148    0.3004
25.094799    3.7403998    0.3004
25.178    3.7844    0.3004
25.213999    3.8028    0.3004
25.2852    3.8276    0.3004
25.3156    3.8379998    0.3004
25.385199    3.85    0.3004
25.414799    3.8548    0.3004
25.477999    3.8555999    0.3004
25.5052    3.8555999    0.3004
25.574    3.8451998    0.3004
25.6036    3.8404    0.3004
25.6756    3.8172    0.3004
25.706    3.8068    0.3004
25.7852    3.7668    0.3004
25.8188    3.75    0.3004
25.918798    3.6787999    0.3004
25.962    3.6483998    0.3004
26.115599    3.4987998    0.3004
26.182    3.4348    0.3004
26.4324    3.0972    0.3004
26.5404    2.9524    0.3004
26.6588    2.758    0.3004
26.71    2.6748    0.3004
27.355598    2.0291998    0.3004
27.6332    1.7523999    0.3004
28.381199    1.2292    0.3004
28.702799    1.0044    0.3004
29.5308    0.618    0.3004
29.886    0.4524    0.3004
30.768398    0.2164    0.3004
31.147598    0.1148    0.3004
32.057198    0.0348    0.3004
32.447598    0.0004    0.3004
33.357998    0.0796    0.3004
33.748398    0.113199994    0.3004
34.6308    0.34919998    0.3004
35.009197    0.45    0.3004
35.8372    0.8348    0.3004
36.1932    1.0004    0.3004
36.941998    1.5228    0.3004
37.2636    1.7476    0.3004
37.9108    2.3924    0.3004
38.1884    2.6692    0.3004
38.7132    3.4164    0.3004
38.9388    3.7372    0.3004
39.326797    4.5643997    0.3004
39.4932    4.9196    0.3004
39.731598    5.8012    0.3004
39.834    6.1796    0.3004
39.9156    7.0892    0.3004
39.950798    7.4796    0.3004
39.874    8.389999    0.3004
39.841198    8.780399    0.3004
39.607597    9.6636    0.3004
39.506798    10.0428    0.3004
39.1236    10.8716    0.3004
38.9596    11.2276    0.3004
37.9356    12.970799    0.3004
37.495598    13.7196    0.3004
36.677998    14.974    0.3004
36.326797    15.5124    0.3004
35.5412    16.5388    0.3004
35.203598    16.979599    0.3004
34.3252    17.9028    0.3004
33.947598    18.299599    0.3004
32.822    19.2676    0.3004
32.3388    19.6828    0.3004
32.25    19.753199    0.3004
32.211597    19.7836    0.3004
32.313198    20.368399    0.3004
32.3572    20.6196    0.3004
32.4652    20.942    0.3004
32.5116    21.080399    0.3004
32.6228    21.2988    0.3004
32.6708    21.392399    0.3004
32.781998    21.546    0.3004
32.8292    21.6124    0.3004
32.941998    21.725199    0.3004
32.989998    21.7732    0.3004
33.11    21.8612    0.3004
33.162    21.8988    0.3004
33.2956    21.965199    0.3004
33.3532    21.994    0.3004
33.4964    22.038    0.3004
33.558    22.0564    0.3004
33.717197    22.0788    0.3004
33.786    22.0884    0.3004
33.974    22.0868    0.3004
34.0548    22.085999    0.3004
34.334    22.0388    0.3004
34.454    22.018799    0.3004
34.8612    21.879599    0.3004
35.0364    21.8196    0.3004
35.2444    21.7236    0.3004
35.3332    21.6828    0.3004
36.09    21.094799    0.3004
36.4148    20.8428    0.3004
37.0588    20.354    0.3004
37.3348    20.1444    0.3004
38.9884    19.1188    0.3004
39.6988    18.678799    0.3004
41.289997    17.6612    0.3004
41.973198    17.2244    0.3004
44.0444    15.751599    0.3004
44.934    15.119599    0.3004
45.7532    14.622    0.3004
46.105198    14.4084    0.3004
46.3844    14.2716    0.3004
46.5044    14.2123995    0.3004
47.166    13.9772    0.3004
47.449997    13.8764    0.3004
48.1404    13.7556    0.3004
48.4372    13.7036    0.3004
49.138798    13.6988    0.3004
49.439598    13.6964    0.3004
50.1324    13.809199    0.3004
50.43    13.8572    0.3004
51.093998    14.0836    0.3004
51.3788    14.1804    0.3004
51.9964    14.514    0.3004
52.2612    14.6572    0.3004
52.814    15.0884    0.3004
53.051598    15.273999    0.3004
53.5252    15.791599    0.3004
53.728397    16.014    0.3004
54.1092    16.6028    0.3004
54.2724    16.8556    0.3004
54.5492    17.500399    0.3004
54.6684    17.777199    0.3004
54.834    18.4588    0.3004
54.905197    18.7516    0.3004
54.955597    19.4516    0.3004
54.9772    19.7516    0.3004
54.91    20.4492    0.3004
54.8812    20.749199    0.3004
54.6988    21.4268    0.3004
54.6204    21.717999    0.3004
54.3276    22.3556    0.3004
54.202    22.6292    0.3004
53.8076    23.2092    0.3004
53.638    23.458    0.3004
53.152397    23.9636    0.3004
52.9436    24.1812    0.3004
52.6428    24.481998    0.3004
52.514    24.611599    0.3004
52.2724    24.864399    0.3004
52.1684    24.9732    0.3004
52.1084    25.057999    0.3004
52.082798    25.094799    0.3004
52.0388    25.178    0.3004
52.020397    25.213999    0.3004
51.995598    25.2852    0.3004
51.9852    25.3156    0.3004
51.973198    25.385199    0.3004
51.9684    25.414799    0.3004
51.967598    25.477999    0.3004
51.967598    25.5052    0.3004
51.977997    25.574    0.3004
51.9828    25.6036    0.3004
52.006    25.6756    0.3004
52.0164    25.706    0.3004
52.0564    25.7852    0.3004
52.0732    25.8188    0.3004
52.144398    25.918798    0.3004
52.174797    25.962    0.3004
52.324398    26.115599    0.3004
52.3892    26.182    0.3004
52.7268    26.4324    0.3004
52.871597    26.5404    0.3004
53.065197    26.6588    0.3004
53.1484    26.71    0.3004
53.794    27.355598    0.3004
54.070797    27.6332    0.3004
54.5948    28.381199    0.3004
54.8196    28.702799    0.3004
55.2052    29.5308    0.3004
55.3708    29.886    0.3004
55.6068    30.768398    0.3004
55.708397    31.147598    0.3004
55.7884    32.057198    0.3004
55.8228    32.447598    0.3004
55.7436    33.357998    0.3004
55.71    33.748398    0.3004
55.474    34.6308    0.3004
55.3732    35.009197    0.3004
54.9884    35.8372    0.3004
54.8228    36.1932    0.3004
54.3004    36.941998    0.3004
54.0756    37.2636    0.3004
53.430798    37.9108    0.3004
53.154    38.1884    0.3004
52.4068    38.7132    0.3004
52.086    38.9388    0.3004
51.2588    39.326797    0.3004
50.9036    39.4932    0.3004
50.022    39.731598    0.3004
49.6436    39.834    0.3004
48.733997    39.9156    0.3004
48.343597    39.950798    0.3004
47.433197    39.874    0.3004
47.042797    39.841198    0.3004
46.1596    39.607597    0.3004
45.7804    39.506798    0.3004
44.9516    39.1236    0.3004
44.5956    38.9596    0.3004
42.852398    37.9356    0.3004
42.1036    37.495598    0.3004
40.85    36.677998    0.3004
40.3116    36.326797    0.3004
39.284397    35.5412    0.3004
38.843597    35.203598    0.3004
37.9204    34.3252    0.3004
37.523598    33.947598    0.3004
36.6476    32.936398    0.3004
36.2716    32.502    0.3004
35.8196    32.7868    0.3004
35.626    32.9092    0.3004
35.3564    33.1484    0.3004
35.2412    33.250797    0.3004
35.0484    33.484398    0.3004
34.966    33.585197    0.3004
34.8276    33.8204    0.3004
34.7684    33.9212    0.3004
34.6964    34.0924    0.3004
34.666    34.166    0.3004
34.593998    34.4372    0.3004
34.562798    34.554    0.3004
34.534    34.8476    0.3004
34.5212    34.974    0.3004
34.5388    35.3084    0.3004
34.545998    35.4516    0.3004
34.6308    35.8708    0.3004
34.6676    36.0508    0.3004
35.106    36.573997    0.3004
35.294    36.798798    0.3004
35.9884    37.835598    0.3004
36.2868    38.2804    0.3004
37.5484    40.3276    0.3004
38.09    41.2068    0.3004
39.3836    43.058    0.3004
39.9388    43.852398    0.3004
40.5732    44.759598    0.3004
40.846    45.1492    0.3004
41.3116    45.950798    0.3004
41.5116    46.2948    0.3004
41.5812    46.4412    0.3004
41.610798    46.5044    0.3004
41.846    47.166    0.3004
41.9468    47.449997    0.3004
42.068398    48.1404    0.3004
42.1204    48.4372    0.3004
42.1252    49.138798    0.3004
42.1268    49.439598    0.3004
42.014    50.1324    0.3004
41.966    50.43    0.3004
41.739597    51.093998    0.3004
41.6428    51.3788    0.3004
41.309998    51.9964    0.3004
41.166798    52.2612    0.3004
40.7348    52.814    0.3004
40.5492    53.051598    0.3004
40.031597    53.5252    0.3004
39.8092    53.728397    0.3004
39.220398    54.1092    0.3004
38.967598    54.2724    0.3004
38.3228    54.5492    0.3004
38.045998    54.6684    0.3004
37.3644    54.834    0.3004
37.071598    54.905197    0.3004
36.371597    54.955597    0.3004
36.071598    54.9772    0.3004
35.374    54.91    0.3004
35.073997    54.8812    0.3004
34.3964    54.6988    0.3004
34.105198    54.6204    0.3004
33.467598    54.3276    0.3004
33.194    54.202    0.3004
32.614    53.8076    0.3004
32.3652    53.638    0.3004
31.8596    53.152397    0.3004
31.641998    52.9436    0.3004
31.3412    52.6428    0.3004
31.2116    52.514    0.3004
30.9588    52.2724    0.3004
30.849998    52.1684    0.3004
30.7652    52.1084    0.3004
30.7284    52.082798    0.3004
30.645199    52.0388    0.3004
30.6092    52.020397    0.3004
30.538    51.995598    0.3004
30.507599    51.9852    0.3004
30.438    51.973198    0.3004
30.4084    51.9684    0.3004
30.3452    51.967598    0.3004
30.317999    51.967598    0.3004
30.249199    51.977997    0.3004
30.219599    51.9828    0.3004
30.1476    52.006    0.3004
30.117199    52.0164    0.3004
30.038    52.0564    0.3004
30.004398    52.0732    0.3004
29.9044    52.144398    0.3004
29.861198    52.174797    0.3004
29.7076    52.324398    0.3004
29.6412    52.3892    0.3004
29.390799    52.7268    0.3004
29.282799    52.871597    0.3004
29.1644    53.065197    0.3004
29.113998    53.1484    0.3004
28.4676    53.794    0.3004
28.189999    54.070797    0.3004
27.442    54.5948    0.3004
27.1204    54.8196    0.3004
26.292398    55.2052    0.3004
25.937199    55.3708    0.3004
25.0548    55.6068    0.3004
24.6764    55.708397    0.3004
23.765999    55.7884    0.3004
23.375599    55.8228    0.3004
22.465199    55.7436    0.3004
22.074799    55.71    0.3004
21.1924    55.474    0.3004
20.814    55.3732    0.3004
19.986    54.9884    0.3004
19.63    54.8228    0.3004
18.881199    54.3004    0.3004
18.559599    54.0756    0.3004
17.9132    53.430798    0.3004
17.6356    53.154    0.3004
17.109999    52.4068    0.3004
16.8844    52.086    0.3004
16.496399    51.2588    0.3004
16.33    50.9036    0.3004
16.0916    50.022    0.3004
15.9892    49.6436    0.3004
15.907599    48.733997    0.3004
15.872399    48.343597    0.3004
15.9492    47.433197    0.3004
15.981999    47.042797    0.3004
16.2156    46.1596    0.3004
16.3164    45.7804    0.3004
16.6996    44.9516    0.3004
16.8636    44.5956    0.3004
18.0212    42.610798    0.3004
18.518    41.758    0.3004
19.234    40.674    0.3004
19.542    40.2084    0.3004
20.260399    39.298    0.3004
20.569199    38.9076    0.3004
21.392399    38.085197    0.3004
21.746    37.731598    0.3004
22.8636    36.822    0.3004
23.3436    36.4316    0.3004
24.574799    35.5004    0.3004
25.1036    35.1004    0.3004
