11.3228    14.9828    17.1004
11.3124    14.987599    17.1004
11.306    14.9948    17.1004
11.2932    14.998799    17.1004
11.2852    15.0116    17.1004
11.280399    15.0148    17.1004
11.2588    15.0196    17.1004
11.254    15.0252    17.1004
11.2308    15.016399    17.1004
11.2476    15.0076    17.1004
11.2492    14.986    17.1004
11.274799    14.952399    17.1004
11.2876    14.9332    17.1004
11.3228    14.889999    17.1004
11.344399    14.8652    17.1004
11.3932    14.8132    17.1004
11.418799    14.7884    17.1004
11.4595995    14.7548    17.1004
11.4772    14.742    17.1004
11.526    14.7067995    17.1004
11.5308    14.7028    17.1004
11.5492    14.693999    17.1004
11.5604    14.683599    17.1004
11.57    14.6868    17.1004
11.5868    14.6796    17.1004
11.6156    14.7044    17.1004
11.594    14.7123995    17.1004
11.590799    14.7364    17.1004
11.5868    14.740399    17.1004
11.566    14.7596    17.1004
11.558    14.763599    17.1004
11.554    14.773999    17.1004
11.546    14.7836    17.1004
11.5268    14.803599    17.1004
11.5171995    14.815599    17.1004
11.5076    14.821199    17.1004
11.5004    14.8308    17.1004
11.487599    14.843599    17.1004
11.478    14.849999    17.1004
11.4724    14.8588    17.1004
11.4604    14.8708    17.1004
11.452399    14.8764    17.1004
11.4444    14.8868    17.1004
11.4332    14.8963995    17.1004
11.422    14.901999    17.1004
11.4164    14.9108    17.1004
11.4036    14.9228    17.1004
11.394    14.9284    17.1004
11.3876    14.934799    17.1004
11.3692    14.95    17.1004
11.360399    14.9556    17.1004
11.358    14.958799    17.1004
11.343599    14.964399    17.1004
11.332399    14.975599    17.1004
11.3228    14.9828    17.1004
