3.8836    29.792398    21.0004
3.8483999    29.9508    21.0004
3.83    30.0364    21.0004
3.7996    30.163599    21.0004
3.7884    30.2172    21.0004
3.7684    30.305199    21.0004
3.7484    30.3884    21.0004
3.73    30.4636    21.0004
3.694    30.602    21.0004
3.6715999    30.682798    21.0004
3.6604    30.722    21.0004
3.6267998    30.840399    21.0004
3.6044    30.9116    21.0004
3.5892    30.966    21.0004
3.5588    31.065199    21.0004
3.5475998    31.1036    21.0004
3.5252    31.1724    21.0004
3.5052    31.234798    21.0004
3.4996    31.247599    21.0004
3.4803998    31.299599    21.0004
3.4684    31.3308    21.0004
3.4436    31.4012    21.0004
3.4332    31.4292    21.0004
3.4043999    31.501999    21.0004
3.3804    31.5548    21.0004
3.3708    31.5812    21.0004
3.3564    31.608398    21.0004
3.342    31.641998    21.0004
3.3107998    31.7004    21.0004
3.3107998    31.701199    21.0004
3.3107998    31.702    21.0004
3.2732    31.764399    21.0004
3.2707999    31.768398    21.0004
3.2668    31.775599    21.0004
3.2315998    31.833199    21.0004
3.2115998    31.854    21.0004
3.1827998    31.8748    21.0004
3.1764    31.8804    21.0004
3.1411998    31.9052    21.0004
3.1404    31.906    21.0004
3.1396    31.906    21.0004
3.1011999    31.91    21.0004
3.0939999    31.9084    21.0004
3.0828    31.901999    21.0004
3.0684    31.8996    21.0004
3.0451999    31.8764    21.0004
3.0356    31.8604    21.0004
3.0108    31.814798    21.0004
3.0044    31.797998    21.0004
2.9812    31.7388    21.0004
2.962    31.685999    21.0004
2.9571998    31.67    21.0004
2.942    31.59    21.0004
2.9308    31.535599    21.0004
2.9284    31.521198    21.0004
2.9259999    31.5068    21.0004
2.9068    31.368399    21.0004
2.902    31.3004    21.0004
2.8964    31.25    21.0004
2.8932    31.1964    21.0004
2.8852    31.063599    21.0004
2.8811998    30.955599    21.0004
2.8795998    30.918    21.0004
2.8755999    30.786798    21.0004
2.8748    30.765999    21.0004
2.8739998    30.7428    21.0004
2.8732    30.5492    21.0004
2.8739998    30.473999    21.0004
2.8755999    30.386    21.0004
2.878    30.2676    21.0004
2.878    30.2316    21.0004
2.8836    30.1148    21.0004
2.8852    30.035599    21.0004
2.8899999    29.9044    21.0004
2.8924    29.8228    21.0004
2.8988    29.7132    21.0004
2.902    29.6132    21.0004
2.9083998    29.504398    21.0004
2.9148    29.407598    21.0004
2.9236    29.265999    21.0004
2.9299998    29.154    21.0004
2.942    28.996399    21.0004
2.9515998    28.8692    21.0004
2.9612    28.745998    21.0004
2.9731998    28.617199    21.0004
2.9803998    28.524399    21.0004
2.9884    28.441198    21.0004
3.0028    28.2788    21.0004
3.014    28.1572    21.0004
3.0235999    28.0668    21.0004
3.0363998    27.942799    21.0004
3.0572    27.753199    21.0004
3.0644    27.6836    21.0004
3.082    27.531599    21.0004
3.0964    27.3932    21.0004
3.1172    27.212399    21.0004
3.118    27.208399    21.0004
3.1252    27.1708    21.0004
3.1236    27.160398    21.0004
3.1188    27.1388    21.0004
3.1076    27.132399    21.0004
3.0884    27.1204    21.0004
3.0867999    27.122    21.0004
3.0716    27.1388    21.0004
3.0684    27.145199    21.0004
3.0372    27.189999    21.0004
3.0324    27.1964    21.0004
3.0268    27.202799    21.0004
3.0036    27.23    21.0004
2.9868    27.241999    21.0004
2.9756    27.2508    21.0004
2.9564    27.264399    21.0004
2.9459999    27.269999    21.0004
2.9259999    27.2788    21.0004
2.9227998    27.2796    21.0004
2.9196    27.2804    21.0004
2.9083998    27.282    21.0004
2.8948    27.2836    21.0004
2.8739998    27.284399    21.0004
2.8683999    27.284399    21.0004
2.8628    27.284399    21.0004
2.8395998    27.2852    21.0004
2.8323998    27.284399    21.0004
2.8051999    27.281199    21.0004
2.7804    27.275599    21.0004
2.7684    27.2732    21.0004
2.7412    27.264399    21.0004
2.7347999    27.262    21.0004
2.7324    27.2612    21.0004
2.73    27.260399    21.0004
2.7012    27.25    21.0004
2.6908    27.243599    21.0004
2.6732    27.2356    21.0004
2.6643999    27.229198    21.0004
2.6492    27.217999    21.0004
2.6404    27.2108    21.0004
2.6244    27.1964    21.0004
2.5988    27.165998    21.0004
2.5956    27.1628    21.0004
2.5948    27.160398    21.0004
2.582    27.137999    21.0004
2.5748    27.1244    21.0004
2.57    27.115599    21.0004
2.5684    27.1132    21.0004
2.5595999    27.087599    21.0004
2.5484    27.0556    21.0004
2.5468    27.046799    21.0004
2.5428    27.031599    21.0004
2.5356    27.0012    21.0004
2.534    26.9844    21.0004
2.5324    26.973999    21.0004
2.53    26.953999    21.0004
2.5291998    26.9452    21.0004
2.5284    26.927599    21.0004
2.5284    26.9228    21.0004
2.5291998    26.896399    21.0004
2.5291998    26.8916    21.0004
2.5324    26.878    21.0004
2.534    26.866798    21.0004
2.5379999    26.858    21.0004
2.5435998    26.8412    21.0004
2.554    26.8284    21.0004
2.5644    26.8132    21.0004
2.5723999    26.8076    21.0004
2.5892    26.7908    21.0004
2.6004    26.784399    21.0004
2.6195998    26.7764    21.0004
2.6332    26.7676    21.0004
2.6444    26.760399    21.0004
2.6444    26.7572    21.0004
2.6499999    26.7204    21.0004
2.646    26.7156    21.0004
2.626    26.6884    21.0004
2.6076    26.6668    21.0004
2.6044    26.6628    21.0004
2.59    26.6404    21.0004
2.5876    26.6364    21.0004
2.57    26.6052    21.0004
2.5692    26.602798    21.0004
2.5579998    26.581999    21.0004
2.5572    26.5796    21.0004
2.5476    26.5548    21.0004
2.546    26.5492    21.0004
2.5444    26.5436    21.0004
2.5396    26.5276    21.0004
2.5332    26.4996    21.0004
2.5332    26.4988    21.0004
2.53    26.4788    21.0004
2.53    26.472399    21.0004
2.5291998    26.4524    21.0004
2.5284    26.4436    21.0004
2.53    26.4212    21.0004
2.53    26.418798    21.0004
2.53    26.416399    21.0004
2.5316    26.409199    21.0004
2.5348    26.396399    21.0004
2.5372    26.390799    21.0004
2.5476    26.364399    21.0004
2.554    26.353199    21.0004
2.5628    26.3356    21.0004
2.5723999    26.323599    21.0004
2.5836    26.3116    21.0004
2.5939999    26.301199    21.0004
2.61    26.2892    21.0004
2.6172    26.282799    21.0004
2.6348    26.271599    21.0004
2.6492    26.2636    21.0004
2.6708    26.2524    21.0004
2.6771998    26.249199    21.0004
2.698    26.2444    21.0004
2.7003999    26.243599    21.0004
2.7036    26.241999    21.0004
2.734    26.23    21.0004
2.7331998    26.226799    21.0004
2.7331998    26.221199    21.0004
2.7324    26.1884    21.0004
2.7268    26.182    21.0004
2.71    26.1612    21.0004
2.7059999    26.1572    21.0004
2.6859999    26.132399    21.0004
2.674    26.115599    21.0004
2.6676    26.1068    21.0004
2.6571999    26.0852    21.0004
2.654    26.0788    21.0004
2.6524    26.074    21.0004
2.6444    26.052399    21.0004
2.642    26.0292    21.0004
2.6411998    26.0268    21.0004
2.6411998    26.022799    21.0004
2.6371999    25.9804    21.0004
2.6371999    25.979599    21.0004
2.638    25.977999    21.0004
2.6436    25.9404    21.0004
2.6468    25.929998    21.0004
2.6524    25.909199    21.0004
2.658    25.890799    21.0004
2.6612    25.8828    21.0004
2.6715999    25.862799    21.0004
2.6764    25.8548    21.0004
2.6876    25.8356    21.0004
2.6964    25.8252    21.0004
2.7043998    25.817999    21.0004
2.714    25.8084    21.0004
2.7316    25.793999    21.0004
2.7347999    25.792398    21.0004
2.7547998    25.7804    21.0004
2.7588    25.7788    21.0004
2.7796    25.771599    21.0004
2.7868    25.7692    21.0004
2.8156    25.7636    21.0004
2.8195999    25.7628    21.0004
2.842    25.7556    21.0004
2.846    25.753199    21.0004
2.8492    25.7484    21.0004
2.8708    25.719599    21.0004
2.866    25.6948    21.0004
2.8636    25.6868    21.0004
2.8611999    25.682    21.0004
2.8483999    25.663599    21.0004
2.8356    25.6388    21.0004
2.8316    25.6316    21.0004
2.8284    25.6236    21.0004
2.822    25.6068    21.0004
2.8172    25.5836    21.0004
2.8163998    25.5772    21.0004
2.8148    25.569199    21.0004
2.8132    25.5516    21.0004
2.8132    25.533998    21.0004
2.8132    25.5156    21.0004
2.8148    25.498    21.0004
2.8163998    25.4868    21.0004
2.8235998    25.4564    21.0004
2.8251998    25.4508    21.0004
2.8267999    25.4468    21.0004
2.8411999    25.410799    21.0004
2.8548    25.385199    21.0004
2.8548    25.3844    21.0004
2.8555999    25.3836    21.0004
2.8748    25.355598    21.0004
2.8844    25.344398    21.0004
2.8971999    25.327599    21.0004
2.9187999    25.3084    21.0004
2.9268    25.3004    21.0004
2.9468    25.2892    21.0004
2.958    25.282799    21.0004
2.978    25.2732    21.0004
2.9828    25.2708    21.0004
2.9859998    25.269999    21.0004
2.99    25.2692    21.0004
3.0091999    25.2628    21.0004
3.0172    25.2628    21.0004
3.0379999    25.2612    21.0004
3.0532    25.2612    21.0004
3.0851998    25.262    21.0004
3.0892    25.2628    21.0004
3.0979998    25.264399    21.0004
3.1172    25.2684    21.0004
3.1571999    25.2788    21.0004
3.162    25.2804    21.0004
3.1708    25.284399    21.0004
3.1987998    25.2964    21.0004
3.2187998    25.3084    21.0004
3.2252    25.312399    21.0004
3.2284    25.3156    21.0004
3.2324    25.3188    21.0004
3.258    25.3372    21.0004
3.2668    25.3468    21.0004
3.2868    25.3652    21.0004
3.3076    25.39    21.0004
3.3084    25.3916    21.0004
3.3116    25.3932    21.0004
3.3395998    25.413198    21.0004
3.3507998    25.403599    21.0004
3.3755999    25.3884    21.0004
3.3772    25.381199    21.0004
3.3811998    25.3676    21.0004
3.3852    25.357199    21.0004
3.3892    25.3268    21.0004
3.3892    25.3212    21.0004
3.4204    25.145199    21.0004
3.4315999    25.0852    21.0004
3.4508    24.9772    21.0004
3.4643998    24.897999    21.0004
3.5036    24.6836    21.0004
3.5091999    24.6532    21.0004
3.5163999    24.6164    21.0004
3.5707998    24.3428    21.0004
3.5956    24.217999    21.0004
3.6444    23.9868    21.0004
3.678    23.8396    21.0004
3.6883998    23.7908    21.0004
3.7068    23.708399    21.0004
3.7148    23.6716    21.0004
3.73    23.605999    21.0004
3.7452    23.5364    21.0004
3.7659998    23.4564    21.0004
3.7835999    23.3884    21.0004
3.7963998    23.3364    21.0004
3.83    23.198    21.0004
3.8483999    23.1244    21.0004
3.8579998    23.091599    21.0004
3.8836    23.0028    21.0004
3.8988    22.9492    21.0004
3.942    22.7988    21.0004
3.9931998    22.6316    21.0004
3.9956    22.6236    21.0004
3.9963999    22.6204    21.0004
3.9987998    22.6148    21.0004
4.066    22.4244    21.0004
4.0843997    22.3716    21.0004
4.1308    22.2564    21.0004
4.1507998    22.208399    21.0004
4.1628    22.185999    21.0004
4.1732    22.1652    21.0004
4.1924    22.1308    21.0004
4.2036    22.109999    21.0004
4.238    22.0364    21.0004
4.2404    22.031599    21.0004
4.2604    22.0108    21.0004
4.2708    21.9916    21.0004
4.3052    21.9476    21.0004
4.31    21.942    21.0004
4.3115997    21.9412    21.0004
4.3148    21.9404    21.0004
4.35    21.918    21.0004
4.3691998    21.9044    21.0004
4.3884    21.9028    21.0004
4.4203997    21.897999    21.0004
4.4556    21.914799    21.0004
4.466    21.918    21.0004
4.474    21.9292    21.0004
4.5076    21.994    21.0004
4.5099998    21.9988    21.0004
4.5476    22.0908    21.0004
4.5484    22.093199    21.0004
4.5748    22.2188    21.0004
4.5787997    22.2428    21.0004
4.5948    22.35    21.0004
4.6092    22.453999    21.0004
4.6131997    22.4868    21.0004
4.618    22.5564    21.0004
4.6243997    22.6292    21.0004
4.6268    22.6796    21.0004
4.6308    22.764399    21.0004
4.6372    22.910799    21.0004
4.6372    22.921999    21.0004
4.6372    22.942    21.0004
4.6428    23.143599    21.0004
4.6419997    23.3092    21.0004
4.6419997    23.3436    21.0004
4.6412    23.458    21.0004
4.6404    23.517199    21.0004
4.6356    23.65    21.0004
4.6268    23.879599    21.0004
4.626    23.8988    21.0004
4.6212    24.01    21.0004
4.6148    24.143599    21.0004
4.6124    24.189999    21.0004
4.6092    24.2244    21.0004
4.5987997    24.4012    21.0004
4.594    24.4772    21.0004
4.5828    24.63    21.0004
4.5787997    24.684399    21.0004
4.5716    24.8036    21.0004
4.5684    24.8436    21.0004
4.5532    25.0388    21.0004
4.5524    25.052399    21.0004
4.5524    25.0548    21.0004
4.5524    25.0572    21.0004
4.5516    25.0604    21.0004
4.5243998    25.366    21.0004
4.5011997    25.617199    21.0004
4.4979997    25.6468    21.0004
4.4955997    25.674    21.0004
4.4684    25.953999    21.0004
4.4476    26.1532    21.0004
4.442    26.2052    21.0004
4.4364    26.253199    21.0004
4.4124    26.470798    21.0004
4.4044    26.5268    21.0004
4.3715997    26.8084    21.0004
4.3564    26.935598    21.0004
4.3444    27.0308    21.0004
4.3412    27.048399    21.0004
4.3396    27.0612    21.0004
4.3371997    27.080399    21.0004
4.3332    27.1068    21.0004
4.3348    27.1164    21.0004
4.3348    27.137999    21.0004
4.3371997    27.145199    21.0004
4.3459997    27.1588    21.0004
4.3556    27.1588    21.0004
4.3732    27.161999    21.0004
4.3876    27.1612    21.0004
4.4052    27.160398    21.0004
4.4084    27.160398    21.0004
4.4284    27.160398    21.0004
4.4396    27.161999    21.0004
4.4588    27.1644    21.0004
4.4811997    27.167599    21.0004
4.4884    27.169199    21.0004
4.5172    27.177198    21.0004
4.5188    27.177198    21.0004
4.5196    27.177198    21.0004
4.5204    27.177198    21.0004
4.5508    27.1924    21.0004
4.5652    27.2004    21.0004
4.5836    27.2156    21.0004
4.5948    27.223598    21.0004
4.6116    27.2428    21.0004
4.6131997    27.2444    21.0004
4.6275997    27.264399    21.0004
4.638    27.284399    21.0004
4.6387997    27.286798    21.0004
4.6419997    27.2948    21.0004
4.6484    27.3116    21.0004
4.6563997    27.3436    21.0004
4.6587996    27.3708    21.0004
4.6596    27.382    21.0004
4.6587996    27.394    21.0004
4.6604    27.4308    21.0004
4.6587996    27.4572    21.0004
4.6587996    27.4644    21.0004
4.6563997    27.477999    21.0004
4.6524    27.5044    21.0004
4.6444    27.5436    21.0004
4.6419997    27.5532    21.0004
4.6412    27.5572    21.0004
4.6316    27.585999    21.0004
4.6236    27.6052    21.0004
4.6187997    27.6164    21.0004
4.6172    27.6188    21.0004
4.6156    27.621199    21.0004
4.5948    27.654    21.0004
4.5892    27.660398    21.0004
4.5555997    27.6964    21.0004
4.5196    27.73    21.0004
4.514    27.736399    21.0004
4.4964    27.75    21.0004
4.486    27.758799    21.0004
4.4732    27.7668    21.0004
4.4476    27.786    21.0004
4.4428    27.788399    21.0004
4.4388    27.7908    21.0004
4.4188    27.8004    21.0004
4.394    27.814    21.0004
4.3691998    27.8252    21.0004
4.3371997    27.834799    21.0004
4.3356    27.8356    21.0004
4.3324    27.8364    21.0004
4.3083997    27.8412    21.0004
4.2924    27.8428    21.0004
4.2708    27.8484    21.0004
4.2636    27.8492    21.0004
4.25    27.8548    21.0004
4.23    27.866798    21.0004
4.2268    27.8764    21.0004
4.222    27.8972    21.0004
4.2195997    27.916399    21.0004
4.218    27.927599    21.0004
4.1924    28.0924    21.0004
4.166    28.262    21.0004
4.1572    28.3156    21.0004
4.118    28.5492    21.0004
4.1131997    28.578    21.0004
4.11    28.5924    21.0004
4.1043997    28.6276    21.0004
4.0548    28.91    21.0004
4.0044    29.1852    21.0004
4.0044    29.1876    21.0004
4.0044    29.1892    21.0004
4.0036    29.1908    21.0004
3.9412    29.504398    21.0004
3.9139998    29.6388    21.0004
3.8836    29.792398    21.0004
