0.506    46.09    23.1004
0.486    46.003597    23.1004
0.4644    45.9116    23.1004
0.4396    45.804398    23.1004
0.4324    45.7756    23.1004
0.426    45.745197    23.1004
0.39319998    45.59    23.1004
0.3924    45.588398    23.1004
0.3924    45.586    23.1004
0.3588    45.4324    23.1004
0.3372    45.3252    23.1004
0.326    45.2668    23.1004
0.31239998    45.202    23.1004
0.28919998    45.082    23.1004
0.2884    45.0748    23.1004
0.2676    44.9612    23.1004
0.2564    44.8988    23.1004
0.2548    44.8908    23.1004
0.2332    44.776398    23.1004
0.2164    44.6844    23.1004
0.20359999    44.607597    23.1004
0.1964    44.57    23.1004
0.1804    44.4692    23.1004
0.17719999    44.45    23.1004
0.17559999    44.4204    23.1004
0.174    44.4068    23.1004
0.174    44.3964    23.1004
0.17559999    44.363598    23.1004
0.1924    44.315598    23.1004
0.19319999    44.3148    23.1004
0.2412    44.194    23.1004
0.25079998    44.172398    23.1004
0.3308    43.9828    23.1004
0.33319998    43.9772    23.1004
0.3692    43.893997    23.1004
0.4324    43.7468    23.1004
0.4396    43.73    23.1004
0.44439998    43.718    23.1004
0.48119998    43.634    23.1004
0.51159996    43.5636    23.1004
0.55    43.4804    23.1004
0.57559997    43.4228    23.1004
0.6268    43.3108    23.1004
0.63    43.3036    23.1004
0.63159996    43.2996    23.1004
0.68119997    43.192398    23.1004
0.7132    43.1252    23.1004
0.7364    43.078    23.1004
0.7524    43.045998    23.1004
0.81079996    42.927597    23.1004
0.8236    42.9012    23.1004
0.84919995    42.8564    23.1004
0.84999996    42.854797    23.1004
0.8588    42.8284    23.1004
0.8596    42.824398    23.1004
0.8612    42.804398    23.1004
0.8628    42.801197    23.1004
0.8596    42.77    23.1004
0.8628    42.761997    23.1004
0.8612    42.738    23.1004
0.86039996    42.714798    23.1004
0.8628    42.709198    23.1004
0.8596    42.692398    23.1004
0.8404    42.6684    23.1004
0.834    42.6628    23.1004
0.8308    42.6588    23.1004
0.81799996    42.6436    23.1004
0.80359995    42.6284    23.1004
0.8028    42.6268    23.1004
0.802    42.626    23.1004
0.8012    42.624397    23.1004
0.75879997    42.568398    23.1004
0.7148    42.5084    23.1004
0.6956    42.4828    23.1004
0.666    42.4444    23.1004
0.6428    42.4076    23.1004
0.60359997    42.3452    23.1004
0.5372    42.2388    23.1004
0.534    42.2324    23.1004
0.53    42.225998    23.1004
0.48839998    42.154    23.1004
0.46519998    42.1092    23.1004
0.4396    42.057198    23.1004
0.43559998    42.05    23.1004
0.4292    42.037197    23.1004
0.3972    41.9652    23.1004
0.3892    41.9484    23.1004
0.3836    41.9324    23.1004
0.3644    41.8908    23.1004
0.35079998    41.8532    23.1004
0.334    41.7908    23.1004
0.3252    41.7588    23.1004
0.32279998    41.748398    23.1004
0.3148    41.7156    23.1004
0.2916    41.618797    23.1004
0.28919998    41.6044    23.1004
0.28759998    41.5972    23.1004
0.2828    41.57    23.1004
0.274    41.512398    23.1004
0.2708    41.4932    23.1004
0.2636    41.441998    23.1004
0.25959998    41.378    23.1004
0.258    41.374    23.1004
0.2588    41.3516    23.1004
0.2588    41.326797    23.1004
0.258    41.3108    23.1004
0.262    41.2868    23.1004
0.262    41.281998    23.1004
0.2828    41.2364    23.1004
0.2852    41.2292    23.1004
0.2884    41.220398    23.1004
0.30359998    41.1916    23.1004
0.3164    41.1684    23.1004
0.33319998    41.1396    23.1004
0.3516    41.1092    23.1004
0.3812    41.0596    23.1004
0.4172    41.002    23.1004
0.4428    40.9612    23.1004
0.4508    40.9492    23.1004
0.49879998    40.8812    23.1004
0.51    40.8644    23.1004
0.5108    40.863598    23.1004
0.5124    40.862    23.1004
0.59639996    40.746    23.1004
0.626    40.7068    23.1004
0.6556    40.666798    23.1004
0.66279995    40.657997    23.1004
0.6836    40.6324    23.1004
0.694    40.618    23.1004
0.69879997    40.610798    23.1004
0.71559995    40.590797    23.1004
0.71959996    40.578    23.1004
0.722    40.565998    23.1004
0.7244    40.562    23.1004
0.72679996    40.5356    23.1004
0.72999996    40.5172    23.1004
0.72999996    40.5164    23.1004
0.73399997    40.4964    23.1004
0.74039996    40.4668    23.1004
0.746    40.450798    23.1004
0.75879997    40.425198    23.1004
0.7596    40.4228    23.1004
0.7636    40.416397    23.1004
0.7676    40.41    23.1004
0.84679997    40.2812    23.1004
0.89959997    40.194798    23.1004
0.9116    40.1756    23.1004
0.92679995    40.152397    23.1004
0.92759997    40.152397    23.1004
0.9428    40.138    23.1004
0.9572    40.127598    23.1004
0.9684    40.121998    23.1004
0.99799997    40.110798    23.1004
1.0012    40.11    23.1004
1.0236    40.090797    23.1004
1.0252    40.086    23.1004
1.0347999    40.0596    23.1004
1.0372    40.042    23.1004
1.0388    40.025997    23.1004
1.0572    39.9316    23.1004
1.1195999    39.624397    23.1004
1.122    39.6172    23.1004
1.1348    39.5804    23.1004
1.1395999    39.5724    23.1004
1.1524    39.5484    23.1004
1.1716    39.522    23.1004
1.2836    39.37    23.1004
1.2852    39.3676    23.1004
1.3004    39.3572    23.1004
1.3083999    39.3532    23.1004
1.3212    39.349197    23.1004
1.326    39.3484    23.1004
1.3291999    39.3484    23.1004
1.354    39.3484    23.1004
1.4188    39.357998    23.1004
1.4612    39.363598    23.1004
1.4715999    39.3652    23.1004
1.482    39.3676    23.1004
1.4892    39.3684    23.1004
1.4956    39.369198    23.1004
1.5172    39.3708    23.1004
1.5331999    39.3652    23.1004
1.5532    39.3588    23.1004
1.5564    39.3572    23.1004
1.582    39.3364    23.1004
1.5971999    39.3084    23.1004
1.5988    39.304398    23.1004
1.602    39.2916    23.1004
1.6051999    39.2796    23.1004
1.6076    39.2724    23.1004
1.6179999    39.2468    23.1004
1.6156    39.2324    23.1004
1.614    39.2132    23.1004
1.5835999    39.1932    23.1004
1.582    39.192398    23.1004
1.5547999    39.182    23.1004
1.5324    39.1804    23.1004
1.5284    39.1788    23.1004
1.5252    39.1788    23.1004
1.5036    39.1756    23.1004
1.4771999    39.1708    23.1004
1.4748    39.17    23.1004
1.4732    39.1692    23.1004
1.4435999    39.1596    23.1004
1.4427999    39.1588    23.1004
1.4275999    39.1372    23.1004
1.43    39.124397    23.1004
1.4324    39.1084    23.1004
1.4435999    39.05    23.1004
1.458    38.9772    23.1004
1.4923999    38.8236    23.1004
1.5139999    38.728397    23.1004
1.538    38.6212    23.1004
1.5452    38.59    23.1004
1.5691999    38.482    23.1004
1.5827999    38.4212    23.1004
1.5852    38.4092    23.1004
1.5956    38.363598    23.1004
1.6035999    38.357998    23.1004
1.6068    38.3564    23.1004
1.614    38.354797    23.1004
1.6292    38.352398    23.1004
1.6524    38.352398    23.1004
1.6556    38.352398    23.1004
1.678    38.354    23.1004
1.6804    38.354    23.1004
1.6811999    38.354    23.1004
1.6827999    38.354    23.1004
1.742    38.362    23.1004
1.7892    38.3668    23.1004
1.81    38.3684    23.1004
1.8252    38.369198    23.1004
1.8635999    38.3708    23.1004
1.882    38.3676    23.1004
1.8923999    38.3652    23.1004
1.9092    38.3572    23.1004
1.9196    38.3516    23.1004
1.9228    38.3484    23.1004
1.9548    38.318798    23.1004
2.0748    38.200397    23.1004
2.1796    38.0972    23.1004
2.2284    38.0492    23.1004
2.2436    38.0332    23.1004
2.2691998    38.0076    23.1004
2.2732    38.0044    23.1004
2.2884    37.9908    23.1004
2.2972    37.9908    23.1004
2.3068    37.9892    23.1004
2.3179998    38.002    23.1004
2.3292    38.0172    23.1004
2.3316    38.022    23.1004
2.4004    38.1372    23.1004
2.4315999    38.189198    23.1004
2.4332    38.192398    23.1004
2.4459999    38.214798    23.1004
2.4556    38.2276    23.1004
2.4668    38.242798    23.1004
2.4963999    38.2492    23.1004
2.5044    38.2492    23.1004
2.534    38.2412    23.1004
2.5363998    38.2404    23.1004
2.5595999    38.217197    23.1004
2.5732    38.200397    23.1004
2.586    38.183598    23.1004
2.5867999    38.1828    23.1004
2.6211998    38.1428    23.1004
2.6548    38.1036    23.1004
2.6555998    38.1028    23.1004
2.6564    38.101997    23.1004
2.6596    38.098    23.1004
2.7108    38.0484    23.1004
2.7428    38.0164    23.1004
2.7716    37.9892    23.1004
2.7876    37.9748    23.1004
2.8051999    37.958797    23.1004
2.8244    37.9428    23.1004
2.8372    37.9292    23.1004
2.8476    37.9188    23.1004
2.8564    37.9116    23.1004
2.8604    37.8948    23.1004
2.8683999    37.8708    23.1004
2.8428    37.8588    23.1004
2.8395998    37.8564    23.1004
2.7756    37.849197    23.1004
2.77    37.8484    23.1004
2.7675998    37.8484    23.1004
2.7268    37.837997    23.1004
2.7164    37.8348    23.1004
2.7012    37.8292    23.1004
2.6843998    37.818    23.1004
2.6748    37.8124    23.1004
2.6676    37.804398    23.1004
2.6508    37.7892    23.1004
2.6444    37.7804    23.1004
2.6339998    37.7628    23.1004
2.618    37.7364    23.1004
2.5932    37.694798    23.1004
2.4708    37.4876    23.1004
2.4531999    37.4572    23.1004
2.4443998    37.4428    23.1004
2.4196    37.4012    23.1004
2.4115999    37.3908    23.1004
2.3955998    37.374    23.1004
2.3916    37.3732    23.1004
2.3652    37.374    23.1004
2.3548    37.3796    23.1004
2.3339999    37.3948    23.1004
2.3267999    37.4012    23.1004
2.1299999    37.593998    23.1004
2.0523999    37.6708    23.1004
2.046    37.6764    23.1004
2.0252    37.694    23.1004
2.006    37.709198    23.1004
1.9987999    37.7132    23.1004
1.9868    37.7188    23.1004
1.9724    37.7236    23.1004
1.9524    37.7268    23.1004
1.9435999    37.728397    23.1004
1.9172    37.7308    23.1004
1.9147999    37.731598    23.1004
1.9124    37.7308    23.1004
1.8915999    37.7308    23.1004
1.8723999    37.728397    23.1004
1.8468    37.7252    23.1004
1.8371999    37.722797    23.1004
1.8116    37.7196    23.1004
1.7892    37.7124    23.1004
1.7579999    37.702    23.1004
1.7556    37.7012    23.1004
1.7548    37.700397    23.1004
1.7556    37.6964    23.1004
1.7595999    37.6828    23.1004
1.7628    37.6676    23.1004
1.7684    37.6476    23.1004
1.7916    37.5564    23.1004
1.8684    37.273197    23.1004
1.8707999    37.265198    23.1004
1.8707999    37.2644    23.1004
1.8707999    37.2628    23.1004
1.8715999    37.2628    23.1004
1.8715999    37.261997    23.1004
1.8812    37.2292    23.1004
1.8867999    37.2276    23.1004
1.8939999    37.228397    23.1004
1.918    37.220398    23.1004
1.9324    37.220398    23.1004
1.9627999    37.218    23.1004
1.9868    37.2164    23.1004
1.9964    37.214798    23.1004
2.0276    37.21    23.1004
2.0316    37.2084    23.1004
2.0363998    37.2068    23.1004
2.0588    37.1988    23.1004
2.0612    37.1972    23.1004
2.0779998    37.1852    23.1004
2.082    37.1828    23.1004
2.118    37.152397    23.1004
2.1188    37.1516    23.1004
2.122    37.1484    23.1004
2.3644    36.9092    23.1004
2.3739998    36.8988    23.1004
2.3772    36.8956    23.1004
2.4004    36.874    23.1004
2.4076    36.869198    23.1004
2.4276    36.8532    23.1004
2.442    36.849197    23.1004
2.4484    36.846798    23.1004
2.462    36.8516    23.1004
2.4652    36.8532    23.1004
2.4692    36.8572    23.1004
2.4819999    36.8732    23.1004
2.4875998    36.882    23.1004
2.6732    37.194798    23.1004
2.6964    37.2332    23.1004
2.7003999    37.239597    23.1004
2.7196    37.2684    23.1004
2.7228    37.2724    23.1004
2.7484    37.298    23.1004
2.7491999    37.298798    23.1004
2.7524    37.2996    23.1004
2.7772    37.314    23.1004
2.7835999    37.3172    23.1004
2.7876    37.318798    23.1004
2.8188    37.329998    23.1004
2.8292    37.3332    23.1004
2.8404    37.3372    23.1004
2.8555999    37.342    23.1004
2.9108    37.3564    23.1004
2.922    37.3724    23.1004
2.922    37.4044    23.1004
2.9227998    37.5548    23.1004
2.922    37.5708    23.1004
2.9204    37.73    23.1004
2.9196    37.737198    23.1004
2.9204    37.7892    23.1004
2.9204    37.7908    23.1004
2.9212    37.7924    23.1004
2.9364    37.8092    23.1004
2.9412    37.8252    23.1004
2.9499998    37.8308    23.1004
2.9548    37.8284    23.1004
2.958    37.826797    23.1004
2.9844    37.818798    23.1004
2.9852    37.818798    23.1004
3.0108    37.804398    23.1004
3.0124    37.806    23.1004
3.0316    37.8116    23.1004
3.0363998    37.8204    23.1004
3.046    37.8484    23.1004
3.0876    37.9612    23.1004
3.0923998    37.975597    23.1004
3.1123998    38.0396    23.1004
3.1155999    38.05    23.1004
3.1267998    38.093998    23.1004
3.1316    38.1148    23.1004
3.1404    38.1676    23.1004
3.1436    38.1964    23.1004
3.1476    38.2308    23.1004
3.1483998    38.2412    23.1004
3.1483998    38.246    23.1004
3.1427999    38.2716    23.1004
3.126    38.293198    23.1004
3.126    38.2948    23.1004
3.122    38.298    23.1004
3.102    38.3196    23.1004
3.0907998    38.3252    23.1004
3.0788    38.3364    23.1004
3.05    38.3652    23.1004
3.026    38.3932    23.1004
3.018    38.4068    23.1004
3.0019999    38.434    23.1004
2.9996    38.4412    23.1004
2.9852    38.4804    23.1004
2.9844    38.486797    23.1004
2.9772    38.509197    23.1004
2.9764    38.514    23.1004
2.9708    38.545998    23.1004
2.9708    38.5484    23.1004
2.9675999    38.582798    23.1004
2.9675999    38.5844    23.1004
2.9715998    38.621998    23.1004
2.9708    38.624397    23.1004
2.9724    38.725998    23.1004
2.9724    38.7268    23.1004
2.9731998    38.738    23.1004
2.9812    38.79    23.1004
2.9836    38.7996    23.1004
2.9947999    38.829998    23.1004
3.0028    38.8628    23.1004
3.0052    38.8676    23.1004
3.006    38.8724    23.1004
3.0068    38.8764    23.1004
3.018    38.919598    23.1004
3.0252    38.9556    23.1004
3.0268    38.975597    23.1004
3.0396    39.0196    23.1004
3.046    39.0476    23.1004
3.0572    39.0748    23.1004
3.0579998    39.0764    23.1004
3.0595999    39.0788    23.1004
3.0644    39.082798    23.1004
3.0795999    39.0956    23.1004
3.0948    39.1084    23.1004
3.0964    39.1092    23.1004
3.1283998    39.1196    23.1004
3.1324    39.1212    23.1004
3.1683998    39.1252    23.1004
3.1787999    39.127598    23.1004
3.1892    39.1292    23.1004
3.2252    39.133198    23.1004
3.2347999    39.133198    23.1004
3.2772    39.1348    23.1004
3.33    39.138798    23.1004
3.3476    39.1396    23.1004
3.3932    39.141197    23.1004
3.4036    39.142    23.1004
3.4115999    39.1436    23.1004
3.4268    39.1452    23.1004
3.4571998    39.1572    23.1004
3.4587998    39.1572    23.1004
3.462    39.1596    23.1004
3.478    39.1772    23.1004
3.4843998    39.186    23.1004
3.4956    39.2084    23.1004
3.5235999    39.2588    23.1004
3.5291998    39.270798    23.1004
3.5428    39.3052    23.1004
3.5716    39.3724    23.1004
3.5732    39.3764    23.1004
3.5748    39.3788    23.1004
3.6067998    39.4708    23.1004
3.6067998    39.4716    23.1004
3.6132    39.497997    23.1004
3.6132    39.5076    23.1004
3.6108    39.517998    23.1004
3.6092    39.520397    23.1004
3.5939999    39.5436    23.1004
3.5795999    39.565998    23.1004
3.5579998    39.5948    23.1004
3.458    39.725998    23.1004
3.4364    39.753998    23.1004
3.406    39.7916    23.1004
3.37    39.8364    23.1004
3.2972    39.9268    23.1004
3.2844    39.941998    23.1004
3.2819998    39.945198    23.1004
3.2756    39.9524    23.1004
3.25    39.981197    23.1004
3.1859999    40.0548    23.1004
3.1388    40.1044    23.1004
3.138    40.106    23.1004
3.1155999    40.1372    23.1004
3.1132    40.1492    23.1004
3.1092    40.166    23.1004
3.1108    40.1804    23.1004
3.1244    40.2612    23.1004
3.1267998    40.273197    23.1004
3.1388    40.3428    23.1004
3.1427999    40.362    23.1004
3.1444    40.37    23.1004
3.1611998    40.4468    23.1004
3.1643999    40.461998    23.1004
3.1643999    40.464397    23.1004
3.1652    40.4668    23.1004
3.1876    40.5532    23.1004
3.198    40.5892    23.1004
3.2108    40.6316    23.1004
3.234    40.7196    23.1004
3.2444    40.759598    23.1004
3.2459998    40.767597    23.1004
3.2484    40.7756    23.1004
3.2508    40.7836    23.1004
3.2556    40.802    23.1004
3.2868    40.913998    23.1004
3.3179998    41.0172    23.1004
3.3204    41.0244    23.1004
3.3212    41.0252    23.1004
3.3667998    41.1716    23.1004
3.3739998    41.194    23.1004
3.4036    41.284397    23.1004
3.4124    41.3092    23.1004
3.4499998    41.4292    23.1004
3.4587998    41.456398    23.1004
3.4708    41.495598    23.1004
3.5036    41.5988    23.1004
3.518    41.6452    23.1004
3.5332    41.694    23.1004
3.5532    41.753998    23.1004
3.5707998    41.8036    23.1004
3.6083999    41.9156    23.1004
3.6139998    41.9324    23.1004
3.6444    42.0276    23.1004
3.6467998    42.0356    23.1004
3.6732    42.1364    23.1004
3.6748    42.142    23.1004
3.6796    42.166798    23.1004
3.7171998    42.3396    23.1004
3.7556    42.4964    23.1004
3.7603998    42.514797    23.1004
3.7628    42.5244    23.1004
3.7972    42.6404    23.1004
3.8051999    42.669197    23.1004
3.8395998    42.778797    23.1004
3.8467999    42.801197    23.1004
3.8539999    42.8292    23.1004
3.8851998    42.9388    23.1004
3.898    42.981197    23.1004
3.9027998    43.001198    23.1004
3.9148    43.0524    23.1004
3.9204    43.0708    23.1004
3.922    43.0812    23.1004
3.9252    43.0916    23.1004
3.9332    43.1284    23.1004
3.9404    43.163597    23.1004
3.942    43.1844    23.1004
3.9459999    43.1996    23.1004
3.9468    43.214    23.1004
3.9499998    43.2188    23.1004
3.9555998    43.245197    23.1004
3.9699998    43.3028    23.1004
3.9731998    43.329998    23.1004
3.9836    43.39    23.1004
3.9836    43.3964    23.1004
3.9843998    43.397198    23.1004
3.99    43.4428    23.1004
3.99    43.445198    23.1004
3.9956    43.4836    23.1004
3.9956    43.489998    23.1004
4.0011997    43.5644    23.1004
4.0004    43.5732    23.1004
3.9996    43.582798    23.1004
3.9963999    43.6044    23.1004
3.998    43.633198    23.1004
3.998    43.6588    23.1004
3.9972    43.6708    23.1004
3.9908    43.731598    23.1004
3.9852    43.793198    23.1004
3.9836    43.824398    23.1004
3.9803998    43.852398    23.1004
3.9756    43.8876    23.1004
3.9668    43.9172    23.1004
3.9571998    43.9484    23.1004
3.9443998    43.9772    23.1004
3.9308    44.0044    23.1004
3.9164    44.0412    23.1004
3.8908    44.0868    23.1004
3.8716    44.118797    23.1004
3.8172    44.194798    23.1004
3.8091998    44.205997    23.1004
3.7907999    44.2308    23.1004
3.7572    44.276398    23.1004
3.718    44.3204    23.1004
3.6899998    44.349197    23.1004
3.6452    44.3956    23.1004
3.6276    44.4132    23.1004
3.6188    44.4212    23.1004
3.5419998    44.492397    23.1004
3.4884    44.5364    23.1004
3.4443998    44.5708    23.1004
3.4148    44.5932    23.1004
3.3964    44.6068    23.1004
3.3883998    44.613197    23.1004
3.3307998    44.6572    23.1004
3.2644    44.7052    23.1004
3.1652    44.774    23.1004
3.1483998    44.786    23.1004
3.1339998    44.7908    23.1004
3.1172    44.804398    23.1004
3.0995998    44.789997    23.1004
3.0923998    44.787598    23.1004
3.0892    44.776398    23.1004
3.0844    44.7684    23.1004
3.0844    44.7668    23.1004
3.0804    44.753998    23.1004
3.0332    44.61    23.1004
2.998    44.506    23.1004
2.9956    44.4996    23.1004
2.9828    44.456398    23.1004
2.9675999    44.402798    23.1004
2.9324    44.278797    23.1004
2.9292    44.2644    23.1004
2.8948    44.1268    23.1004
2.842    43.91    23.1004
2.8388    43.897198    23.1004
2.8051999    43.7556    23.1004
2.8051999    43.753998    23.1004
2.8044    43.7532    23.1004
2.7876    43.680397    23.1004
2.774    43.627598    23.1004
2.7684    43.6044    23.1004
2.7428    43.5196    23.1004
2.7331998    43.4836    23.1004
2.7092    43.405197    23.1004
2.7084    43.4004    23.1004
2.6876    43.326797    23.1004
2.6684    43.261997    23.1004
2.6548    43.2108    23.1004
2.6388    43.149998    23.1004
2.6348    43.1364    23.1004
2.6139998    43.0492    23.1004
2.5916    42.958797    23.1004
2.5851998    42.927597    23.1004
2.5628    42.826797    23.1004
2.5516    42.7796    23.1004
2.5388    42.7188    23.1004
2.5235999    42.6492    23.1004
2.5163999    42.6196    23.1004
2.4963999    42.538    23.1004
2.4875998    42.503597    23.1004
2.4812    42.4836    23.1004
2.3948    42.174797    23.1004
2.3764    42.1084    23.1004
2.3716    42.0892    23.1004
2.3692    42.068398    23.1004
2.3683999    42.0676    23.1004
2.3683999    42.0668    23.1004
2.346    42.0356    23.1004
2.3404    42.0324    23.1004
2.3251998    42.0244    23.1004
2.31    42.0156    23.1004
2.3084    42.014797    23.1004
2.2812    42.0052    23.1004
2.2588    42.002    23.1004
2.2547998    42.0004    23.1004
2.2203999    41.9972    23.1004
2.2172    41.9964    23.1004
2.2164    41.9964    23.1004
2.2156    41.9964    23.1004
1.4724    41.8988    23.1004
1.4563999    41.8956    23.1004
1.4372    41.8948    23.1004
1.418    41.891598    23.1004
1.4147999    41.891598    23.1004
1.3867999    41.8988    23.1004
1.382    41.9012    23.1004
1.3692    41.926    23.1004
1.3636    41.9524    23.1004
1.3636    41.9548    23.1004
1.3636    41.9556    23.1004
1.362    41.9628    23.1004
1.3604    41.9828    23.1004
1.3515999    42.058    23.1004
1.35    42.071598    23.1004
1.3492    42.085197    23.1004
1.3484    42.09    23.1004
1.3484    42.0972    23.1004
1.3435999    42.1476    23.1004
1.3435999    42.1548    23.1004
1.3428    42.1812    23.1004
1.3428    42.1828    23.1004
1.3548    42.2068    23.1004
1.3548    42.2084    23.1004
1.3564    42.211597    23.1004
1.3692    42.2164    23.1004
1.3876    42.2276    23.1004
1.3916    42.2292    23.1004
1.3964    42.23    23.1004
1.4108    42.231598    23.1004
1.4435999    42.2412    23.1004
1.4868    42.253998    23.1004
1.5372    42.273197    23.1004
1.5444    42.2756    23.1004
1.55    42.278    23.1004
1.5547999    42.2796    23.1004
1.7659999    42.3612    23.1004
1.8731999    42.4036    23.1004
1.9835999    42.4484    23.1004
2.1108    42.497997    23.1004
2.1532    42.5156    23.1004
2.1627998    42.523598    23.1004
2.1756    42.537197    23.1004
2.1859999    42.568398    23.1004
2.1931999    42.5836    23.1004
2.1987998    42.599598    23.1004
2.2044    42.618    23.1004
2.2036    42.6172    23.1004
2.2396    42.781998    23.1004
2.2475998    42.814    23.1004
2.2556    42.8508    23.1004
2.2963998    43.0276    23.1004
2.3028    43.0548    23.1004
2.3284    43.1652    23.1004
2.3411999    43.2292    23.1004
2.3644    43.332397    23.1004
2.4052    43.53    23.1004
2.4315999    43.646797    23.1004
2.4564    43.759598    23.1004
2.494    43.9404    23.1004
2.5012    43.978    23.1004
2.518    44.0612    23.1004
2.5284    44.1172    23.1004
2.5548    44.242    23.1004
2.566    44.2948    23.1004
2.5723999    44.332397    23.1004
2.5795999    44.369198    23.1004
2.5836    44.388397    23.1004
2.5851998    44.3956    23.1004
2.5948    44.4492    23.1004
2.5964    44.458    23.1004
2.6011999    44.4796    23.1004
2.6036    44.4892    23.1004
2.6067998    44.5548    23.1004
2.6052    44.5844    23.1004
2.606    44.586    23.1004
2.6036    44.6044    23.1004
2.598    44.646    23.1004
2.5939999    44.6684    23.1004
2.5892    44.7052    23.1004
2.5844    44.7268    23.1004
2.5572    44.8764    23.1004
2.5363998    44.982    23.1004
2.534    44.995598    23.1004
2.5235999    45.051598    23.1004
2.5075998    45.138    23.1004
2.5003998    45.174797    23.1004
2.47    45.326    23.1004
2.4556    45.3956    23.1004
2.4428    45.461998    23.1004
2.434    45.5084    23.1004
2.4204    45.586    23.1004
2.4148    45.6212    23.1004
2.4043999    45.6852    23.1004
2.4027998    45.6932    23.1004
2.402    45.6956    23.1004
2.3868    45.742    23.1004
2.3868    45.7436    23.1004
2.3852    45.7476    23.1004
2.3724    45.773197    23.1004
2.3676    45.784397    23.1004
2.3667998    45.787598    23.1004
2.3572    45.8036    23.1004
2.3476    45.818798    23.1004
2.3436    45.826797    23.1004
2.3404    45.832397    23.1004
2.1588    46.155598    23.1004
2.154    46.163597    23.1004
2.1468    46.1764    23.1004
2.066    46.3196    23.1004
1.9987999    46.439598    23.1004
1.9948    46.446    23.1004
1.9339999    46.5532    23.1004
1.8684    46.666    23.1004
1.7772    46.8252    23.1004
1.7612    46.8532    23.1004
1.7523999    46.8676    23.1004
1.6212    47.0956    23.1004
1.6035999    47.126    23.1004
1.5868    47.1548    23.1004
1.4932    47.312397    23.1004
1.4804    47.335598    23.1004
1.4244    47.430798    23.1004
1.3939999    47.482    23.1004
1.382    47.5052    23.1004
1.3804    47.506798    23.1004
1.3787999    47.509197    23.1004
1.3764    47.5108    23.1004
1.3579999    47.5332    23.1004
1.3404    47.542    23.1004
1.3363999    47.5444    23.1004
1.3356    47.5444    23.1004
1.3044    47.5548    23.1004
1.2964    47.5564    23.1004
1.2556    47.5644    23.1004
1.2523999    47.5644    23.1004
1.2132    47.565197    23.1004
1.2052    47.5644    23.1004
1.1836    47.559597    23.1004
1.1588    47.5532    23.1004
1.1524    47.551598    23.1004
1.1132    47.537197    23.1004
1.1068    47.534798    23.1004
1.0996    47.5308    23.1004
1.0804    47.523598    23.1004
1.0588    47.5132    23.1004
1.054    47.5108    23.1004
1.038    47.4988    23.1004
1.022    47.486    23.1004
1.0092    47.474    23.1004
0.99399996    47.461197    23.1004
0.9916    47.4572    23.1004
0.9748    47.4348    23.1004
0.94119996    47.377197    23.1004
0.93479997    47.3668    23.1004
0.9284    47.3564    23.1004
0.92679995    47.3532    23.1004
0.8788    47.258    23.1004
0.86679995    47.233997    23.1004
0.8628    47.2268    23.1004
0.838    47.1756    23.1004
0.8348    47.1676    23.1004
0.8236    47.1452    23.1004
0.81079996    47.1148    23.1004
0.7852    47.0364    23.1004
0.7748    47.0044    23.1004
0.75879997    46.9548    23.1004
0.6692    46.6676    23.1004
0.62839997    46.538    23.1004
0.5924    46.4268    23.1004
0.57159996    46.362    23.1004
0.5636    46.3364    23.1004
0.55399996    46.298798    23.1004
0.5484    46.273197    23.1004
0.5388    46.233997    23.1004
0.506    46.09    23.1004
