11.0308    30.0772    18.6004
11.0252    30.0772    18.6004
11.0004    30.0852    18.6004
10.998    30.0852    18.6004
10.986    30.098    18.6004
10.9732    30.1092    18.6004
10.9748    30.1124    18.6004
10.9828    30.143599    18.6004
11.0084    30.1756    18.6004
11.0124    30.182    18.6004
11.0171995    30.188398    18.6004
11.0227995    30.198    18.6004
11.0412    30.226    18.6004
11.045199    30.236399    18.6004
11.0556    30.253199    18.6004
11.0532    30.2636    18.6004
11.054    30.2748    18.6004
11.0524    30.2804    18.6004
11.038799    30.2964    18.6004
11.033999    30.299599    18.6004
11.0292    30.302    18.6004
11.0116    30.312399    18.6004
10.998799    30.317999    18.6004
10.9724    30.325998    18.6004
10.958799    30.329199    18.6004
10.952399    30.33    18.6004
10.946    30.3308    18.6004
10.9092    30.3356    18.6004
10.8924    30.3356    18.6004
10.8524    30.3364    18.6004
10.838799    30.3356    18.6004
10.7668    30.33    18.6004
10.763599    30.33    18.6004
10.757199    30.3284    18.6004
10.6844    30.3172    18.6004
10.6804    30.316399    18.6004
10.6396    30.309198    18.6004
10.6164    30.305199    18.6004
10.562799    30.292398    18.6004
10.5356    30.286    18.6004
10.5036    30.2764    18.6004
10.470799    30.2668    18.6004
10.4452    30.258799    18.6004
10.3988    30.2444    18.6004
10.3924    30.2428    18.6004
10.3892    30.2412    18.6004
10.3244    30.217999    18.6004
10.282    30.202799    18.6004
10.2484    30.189999    18.6004
10.2156    30.1764    18.6004
10.171599    30.157999    18.6004
10.138    30.143599    18.6004
10.120399    30.1356    18.6004
10.0308    30.0964    18.6004
10.0244    30.094    18.6004
9.958799    30.061998    18.6004
9.946799    30.0556    18.6004
9.936399    30.05    18.6004
9.886    30.026    18.6004
9.8812    30.022799    18.6004
9.809199    29.9828    18.6004
9.794    29.973999    18.6004
9.7564    29.9508    18.6004
9.6908    29.909199    18.6004
9.6756    29.8996    18.6004
9.6612    29.890799    18.6004
9.637199    29.8748    18.6004
9.6004    29.851599    18.6004
9.590799    29.8452    18.6004
9.554    29.8172    18.6004
9.538    29.806    18.6004
9.5356    29.803598    18.6004
9.5324    29.801199    18.6004
9.493199    29.7708    18.6004
9.441999    29.73    18.6004
9.4388    29.726799    18.6004
9.436399    29.725199    18.6004
9.401999    29.693998    18.6004
9.366    29.6588    18.6004
9.355599    29.6476    18.6004
9.337999    29.6292    18.6004
9.3276    29.618    18.6004
9.2972    29.5852    18.6004
9.2699995    29.5548    18.6004
9.2588    29.542    18.6004
9.222799    29.4972    18.6004
9.1852    29.446798    18.6004
9.1676    29.4236    18.6004
9.1612    29.413198    18.6004
9.1412    29.382    18.6004
9.113999    29.338799    18.6004
9.096399    29.3084    18.6004
9.0604    29.2428    18.6004
9.0492    29.222    18.6004
9.0412    29.2044    18.6004
9.0092    29.133999    18.6004
8.99    29.0868    18.6004
8.9772    29.053999    18.6004
8.9595995    28.998798    18.6004
8.9452    28.9548    18.6004
8.9251995    28.882    18.6004
8.918    28.8524    18.6004
8.9044    28.788399    18.6004
8.9004    28.764399    18.6004
8.889999    28.693998    18.6004
8.8876    28.6724    18.6004
8.884399    28.626    18.6004
8.8812    28.5724    18.6004
8.8804    28.5388    18.6004
8.882    28.470798    18.6004
8.8828    28.4468    18.6004
8.8852    28.4156    18.6004
8.8868    28.3876    18.6004
8.8892    28.3604    18.6004
8.8924    28.3228    18.6004
8.895599    28.299599    18.6004
8.901199    28.269999    18.6004
8.913199    28.2116    18.6004
8.9172    28.1932    18.6004
8.9212    28.1764    18.6004
8.936399    28.1188    18.6004
8.9548    28.0612    18.6004
8.9548    28.0604    18.6004
8.9732    28.0124    18.6004
8.9836    27.986    18.6004
9.0132    27.918798    18.6004
9.0148    27.916399    18.6004
9.0148    27.914799    18.6004
9.0156    27.914    18.6004
9.058    27.833199    18.6004
9.0812    27.792398    18.6004
9.098    27.765999    18.6004
9.1124    27.7444    18.6004
9.122    27.73    18.6004
9.1508    27.689999    18.6004
9.1748    27.6556    18.6004
9.1972    27.6244    18.6004
9.2364    27.576399    18.6004
9.245999    27.5668    18.6004
9.2532    27.557999    18.6004
9.2668    27.5436    18.6004
9.29    27.5204    18.6004
9.309199    27.5028    18.6004
9.3236    27.49    18.6004
9.349999    27.465199    18.6004
9.3644    27.4532    18.6004
9.3772    27.444399    18.6004
9.406799    27.4228    18.6004
9.4164    27.4156    18.6004
9.4276    27.409199    18.6004
9.441999    27.401999    18.6004
9.462    27.394    18.6004
9.474    27.39    18.6004
9.4948    27.381199    18.6004
9.514    27.3732    18.6004
9.5268    27.368399    18.6004
9.554    27.3548    18.6004
9.5756    27.338    18.6004
9.579599    27.3364    18.6004
9.5844    27.333199    18.6004
9.5868    27.3316    18.6004
9.59    27.329199    18.6004
9.6172    27.3028    18.6004
9.6404    27.281199    18.6004
9.6556    27.2684    18.6004
9.6804    27.2484    18.6004
9.71    27.230799    18.6004
9.7252    27.221199    18.6004
9.7355995    27.2156    18.6004
9.7444    27.2116    18.6004
9.7796    27.194    18.6004
9.8564    27.1588    18.6004
9.866    27.154799    18.6004
9.9268    27.132399    18.6004
9.9307995    27.1308    18.6004
10.0116    27.104399    18.6004
10.0148    27.1036    18.6004
10.078    27.0852    18.6004
10.1188    27.0732    18.6004
10.138    27.0676    18.6004
10.153999    27.061998    18.6004
10.193999    27.05    18.6004
10.2076    27.046    18.6004
10.2212    27.042799    18.6004
10.2484    27.0388    18.6004
10.274799    27.0364    18.6004
10.2764    27.0364    18.6004
10.2772    27.0364    18.6004
10.278    27.0364    18.6004
10.3043995    27.0388    18.6004
10.3124    27.039598    18.6004
10.326    27.042    18.6004
10.4028    27.0644    18.6004
10.4044    27.0644    18.6004
10.4052    27.0644    18.6004
10.406    27.0644    18.6004
10.4556    27.076399    18.6004
10.4692    27.0788    18.6004
10.5004    27.076399    18.6004
10.5028    27.074799    18.6004
10.5212    27.061998    18.6004
10.5244    27.0556    18.6004
10.5308    27.033998    18.6004
10.533199    27.017199    18.6004
10.533999    27.005999    18.6004
10.5412    26.981998    18.6004
10.5428    26.977999    18.6004
10.544399    26.973999    18.6004
10.57    26.921999    18.6004
10.5988    26.866    18.6004
10.6092    26.845999    18.6004
10.6188    26.83    18.6004
10.6332    26.809198    18.6004
10.6572    26.7788    18.6004
10.662    26.7732    18.6004
10.6748    26.758    18.6004
10.7028    26.7284    18.6004
10.7044    26.7276    18.6004
10.7308    26.706799    18.6004
10.7388    26.706    18.6004
10.7755995    26.697199    18.6004
10.780399    26.695599    18.6004
10.7828    26.6924    18.6004
10.809199    26.67    18.6004
10.8116    26.6644    18.6004
10.822    26.6364    18.6004
10.8236    26.622799    18.6004
10.825999    26.6068    18.6004
10.8292    26.593199    18.6004
10.838799    26.557999    18.6004
10.8652    26.4588    18.6004
10.866799    26.449999    18.6004
10.8708    26.433199    18.6004
10.8796    26.4044    18.6004
10.8852    26.386    18.6004
10.8868    26.379599    18.6004
10.906799    26.3484    18.6004
10.9228    26.329199    18.6004
10.9939995    26.2564    18.6004
11.0004    26.25    18.6004
11.0028    26.25    18.6004
11.028399    26.2412    18.6004
11.0372    26.2444    18.6004
11.056399    26.249199    18.6004
11.0636    26.254    18.6004
11.0756    26.262    18.6004
11.0828    26.2676    18.6004
11.0932    26.2692    18.6004
11.1012    26.2684    18.6004
11.1116    26.2708    18.6004
11.1348    26.2468    18.6004
11.1491995    26.2372    18.6004
11.1524    26.229198    18.6004
11.160399    26.2076    18.6004
11.1628    26.1988    18.6004
11.1644    26.1964    18.6004
11.165199    26.1924    18.6004
11.1788    26.1332    18.6004
11.1908    26.0964    18.6004
11.1956    26.0836    18.6004
11.2028    26.063599    18.6004
11.2204    26.014    18.6004
11.2308    25.9868    18.6004
11.2652    25.9116    18.6004
11.2755995    25.8876    18.6004
11.2788    25.881199    18.6004
11.285999    25.866798    18.6004
11.33    25.7836    18.6004
11.366    25.7228    18.6004
11.3884    25.684399    18.6004
11.4228    25.6244    18.6004
11.4539995    25.5732    18.6004
11.4852    25.524399    18.6004
11.5204    25.458    18.6004
11.528399    25.4452    18.6004
11.5492    25.4084    18.6004
11.5571995    25.396399    18.6004
11.562799    25.385199    18.6004
11.602799    25.312399    18.6004
11.613999    25.289999    18.6004
11.6236    25.2684    18.6004
11.65    25.2116    18.6004
11.670799    25.171598    18.6004
11.676399    25.157999    18.6004
11.700399    25.1076    18.6004
11.7067995    25.09    18.6004
11.717999    25.063599    18.6004
11.7364    25.022799    18.6004
11.7436    25.005999    18.6004
11.7644    24.959599    18.6004
11.766    24.9572    18.6004
11.7668    24.9548    18.6004
11.778    24.9356    18.6004
11.7964    24.8988    18.6004
11.8068    24.879599    18.6004
11.8348    24.8308    18.6004
11.873199    24.7676    18.6004
11.8764    24.7636    18.6004
11.884399    24.7508    18.6004
11.9292    24.6892    18.6004
11.9452    24.669199    18.6004
12.006    24.5996    18.6004
12.0084    24.597198    18.6004
12.0227995    24.5812    18.6004
12.0372    24.5668    18.6004
12.038799    24.565199    18.6004
12.0492    24.557999    18.6004
12.078799    24.538    18.6004
12.084399    24.5348    18.6004
12.0956    24.5268    18.6004
12.1324    24.5036    18.6004
12.1748    24.4828    18.6004
12.183599    24.4788    18.6004
12.228399    24.461199    18.6004
12.2372    24.4572    18.6004
12.280399    24.442    18.6004
12.3236    24.4284    18.6004
12.3331995    24.4244    18.6004
12.354799    24.414799    18.6004
12.386    24.403599    18.6004
12.3907995    24.4012    18.6004
12.4276    24.385199    18.6004
12.436399    24.3804    18.6004
12.4692    24.362    18.6004
12.4956    24.3436    18.6004
12.515599    24.33    18.6004
12.5188    24.3268    18.6004
12.521999    24.3244    18.6004
12.5708    24.2876    18.6004
12.597199    24.2676    18.6004
12.6508    24.226799    18.6004
12.665199    24.2164    18.6004
12.7204    24.1812    18.6004
12.7212    24.180399    18.6004
12.797199    24.139599    18.6004
12.818    24.13    18.6004
12.846    24.1164    18.6004
12.8692    24.1076    18.6004
12.901999    24.0956    18.6004
12.9595995    24.0772    18.6004
12.9939995    24.0676    18.6004
13.0356    24.057999    18.6004
13.0716    24.0516    18.6004
13.0876    24.048399    18.6004
13.162    24.041199    18.6004
13.1628    24.041199    18.6004
13.1636    24.041199    18.6004
13.2212    24.0436    18.6004
13.2508    24.045198    18.6004
13.2755995    24.05    18.6004
13.3276    24.0572    18.6004
13.3284    24.0572    18.6004
13.3572    24.0684    18.6004
13.4108    24.0868    18.6004
13.4156    24.0884    18.6004
13.422    24.091599    18.6004
13.4516    24.1068    18.6004
13.4676    24.115599    18.6004
13.5004    24.1364    18.6004
13.5227995    24.1524    18.6004
13.5436    24.169199    18.6004
13.57    24.191599    18.6004
13.582    24.201199    18.6004
13.594    24.213999    18.6004
13.620399    24.2396    18.6004
13.654799    24.281199    18.6004
13.67    24.2988    18.6004
13.676399    24.306799    18.6004
13.7196    24.355598    18.6004
13.7548    24.4044    18.6004
13.7588    24.4116    18.6004
13.7596    24.414799    18.6004
13.7668    24.425999    18.6004
13.7884    24.438799    18.6004
13.8004    24.442    18.6004
13.802    24.4404    18.6004
13.814799    24.434    18.6004
13.8252    24.4252    18.6004
13.8284    24.4252    18.6004
13.8396    24.406    18.6004
13.844399    24.401999    18.6004
13.8628    24.3748    18.6004
13.8644    24.3732    18.6004
13.8972    24.3172    18.6004
13.9036    24.306799    18.6004
13.922    24.275599    18.6004
13.929999    24.262    18.6004
13.9444    24.2428    18.6004
13.9572    24.226    18.6004
13.9676    24.2132    18.6004
14.0468    24.1076    18.6004
14.0588    24.093199    18.6004
14.085199    24.059599    18.6004
14.0924    24.052399    18.6004
14.125199    24.017199    18.6004
14.1491995    23.9916    18.6004
14.182799    23.9532    18.6004
14.186    23.9492    18.6004
14.1932    23.942    18.6004
14.1956    23.942799    18.6004
14.211599    23.942    18.6004
14.2268    23.9476    18.6004
14.2724    23.970798    18.6004
14.3292    23.9988    18.6004
14.346    24.011599    18.6004
14.3564    24.0212    18.6004
14.3963995    24.053999    18.6004
14.4307995    24.0892    18.6004
14.4508    24.1076    18.6004
14.510799    24.1628    18.6004
14.5148    24.1668    18.6004
14.5196    24.173199    18.6004
14.598    24.2724    18.6004
14.6068    24.2876    18.6004
14.6156    24.3028    18.6004
14.6172    24.3076    18.6004
14.6236    24.3708    18.6004
14.6236    24.4028    18.6004
14.622    24.4252    18.6004
14.6228    24.4324    18.6004
14.619599    24.4516    18.6004
14.6164    24.4644    18.6004
14.6156    24.466    18.6004
14.6147995    24.4692    18.6004
14.606    24.507599    18.6004
14.5996    24.522799    18.6004
14.585199    24.5628    18.6004
14.5812    24.5684    18.6004
14.561199    24.617199    18.6004
14.5484    24.6388    18.6004
14.5244    24.6772    18.6004
14.4972    24.721199    18.6004
14.4892    24.734798    18.6004
14.4716    24.764399    18.6004
14.429999    24.834    18.6004
14.3907995    24.906    18.6004
14.378799    24.93    18.6004
14.3652    24.9548    18.6004
14.3468    24.989199    18.6004
14.3412    25.001999    18.6004
14.331599    25.018799    18.6004
14.3292    25.026    18.6004
14.318    25.045198    18.6004
14.3068    25.0716    18.6004
14.3068    25.074799    18.6004
14.302799    25.1012    18.6004
14.3052    25.109999    18.6004
14.3108    25.1276    18.6004
14.3108    25.137999    18.6004
14.3188    25.1628    18.6004
14.320399    25.167599    18.6004
14.325999    25.1812    18.6004
14.337199    25.202    18.6004
14.342    25.213999    18.6004
14.344399    25.221199    18.6004
14.3508    25.2412    18.6004
14.3628    25.271599    18.6004
14.3675995    25.286798    18.6004
14.3764    25.3212    18.6004
14.3852    25.351599    18.6004
14.3876    25.362    18.6004
14.401199    25.4172    18.6004
14.4028    25.425999    18.6004
14.414    25.4772    18.6004
14.422    25.5332    18.6004
14.424399    25.5436    18.6004
14.4316    25.5908    18.6004
14.4332    25.6068    18.6004
14.4436    25.6684    18.6004
14.4444    25.6756    18.6004
14.4452    25.6836    18.6004
14.452399    25.729198    18.6004
14.452399    25.737999    18.6004
14.4612    25.792398    18.6004
14.4628    25.7988    18.6004
14.466    25.817999    18.6004
14.4772    25.8652    18.6004
14.4804    25.8884    18.6004
14.487599    25.9196    18.6004
14.49    25.9292    18.6004
14.506    25.9804    18.6004
14.5092    25.99    18.6004
14.509999    25.993198    18.6004
14.5132    26.001999    18.6004
14.532399    26.0556    18.6004
14.5348    26.0612    18.6004
14.5468    26.0868    18.6004
14.562799    26.122    18.6004
14.5692    26.1356    18.6004
14.6068    26.201199    18.6004
14.6164    26.2164    18.6004
14.634    26.246    18.6004
14.682799    26.314    18.6004
14.7028    26.3428    18.6004
14.745199    26.4068    18.6004
14.751599    26.416399    18.6004
14.7652    26.442    18.6004
14.782    26.473999    18.6004
14.7964    26.5044    18.6004
14.802    26.517199    18.6004
14.808399    26.533998    18.6004
14.8228    26.569199    18.6004
14.8396    26.6164    18.6004
14.8588    26.6756    18.6004
14.872399    26.7204    18.6004
14.906799    26.8396    18.6004
14.924399    26.901999    18.6004
14.940399    26.966    18.6004
14.966    27.0676    18.6004
14.9724    27.094799    18.6004
14.9892    27.1764    18.6004
14.992399    27.1932    18.6004
14.997999    27.222    18.6004
15.0068    27.269999    18.6004
15.0084    27.2836    18.6004
15.0124    27.297998    18.6004
15.0188    27.3188    18.6004
15.0196    27.3212    18.6004
15.021199    27.3244    18.6004
15.0492    27.347599    18.6004
15.073999    27.351599    18.6004
15.0868    27.357199    18.6004
15.107599    27.3524    18.6004
15.1236    27.351599    18.6004
15.1268    27.3508    18.6004
15.1356    27.3492    18.6004
15.17    27.3428    18.6004
15.1723995    27.342    18.6004
15.1732    27.3428    18.6004
15.193999    27.342    18.6004
15.202    27.345999    18.6004
15.211599    27.3492    18.6004
15.217199    27.3524    18.6004
15.2332    27.368399    18.6004
15.2604    27.3972    18.6004
15.2699995    27.407598    18.6004
15.2755995    27.414799    18.6004
15.3124    27.459599    18.6004
15.334    27.489199    18.6004
15.3412    27.498798    18.6004
15.360399    27.528399    18.6004
15.366799    27.538    18.6004
15.377199    27.5556    18.6004
15.3972    27.593199    18.6004
15.429199    27.6532    18.6004
15.440399    27.673199    18.6004
15.441999    27.6796    18.6004
15.4436    27.6868    18.6004
15.4452    27.695599    18.6004
15.4428    27.702799    18.6004
15.424399    27.751598    18.6004
15.422    27.758799    18.6004
15.4164    27.771599    18.6004
15.401199    27.805199    18.6004
15.3804    27.853199    18.6004
15.3756    27.861198    18.6004
15.361199    27.886799    18.6004
15.3508    27.9052    18.6004
15.342    27.9172    18.6004
15.322    27.944399    18.6004
15.3068    27.9636    18.6004
15.2892    27.985199    18.6004
15.2676    28.005999    18.6004
15.2604    28.013199    18.6004
15.2484    28.022    18.6004
15.233999    28.0268    18.6004
15.2036    28.0196    18.6004
15.199599    28.0196    18.6004
15.1964    28.018799    18.6004
15.160399    28.0092    18.6004
15.153999    28.007599    18.6004
15.1388    28.0028    18.6004
15.136399    28.0028    18.6004
15.1092    28.0028    18.6004
15.106    28.0036    18.6004
15.0756    28.033998    18.6004
15.0756    28.0604    18.6004
15.0748    28.0628    18.6004
15.0772    28.0836    18.6004
15.078    28.091599    18.6004
15.078    28.098799    18.6004
15.078    28.146    18.6004
15.0772    28.225199    18.6004
15.0764    28.251598    18.6004
15.0724    28.342    18.6004
15.0708    28.362    18.6004
15.066    28.4572    18.6004
15.0588    28.5684    18.6004
15.0571995    28.597198    18.6004
15.0548    28.6348    18.6004
15.0532    28.6764    18.6004
15.050799    28.7428    18.6004
15.050799    28.7524    18.6004
15.0484    28.7908    18.6004
15.0484    28.803598    18.6004
15.0492    28.8372    18.6004
15.0492    28.8596    18.6004
15.0492    28.864399    18.6004
15.0548    28.9236    18.6004
15.0548    28.9364    18.6004
15.066    29.028399    18.6004
15.066    29.0308    18.6004
15.066799    29.0324    18.6004
15.066799    29.0332    18.6004
15.07    29.0516    18.6004
15.097199    29.219599    18.6004
15.1004    29.2428    18.6004
15.1108    29.3172    18.6004
15.118    29.366    18.6004
15.119599    29.377998    18.6004
15.1508    29.576399    18.6004
15.1508    29.578    18.6004
15.160399    29.669199    18.6004
15.162    29.6852    18.6004
15.1636    29.7116    18.6004
15.1684    29.810799    18.6004
15.1684    29.8132    18.6004
15.1684    29.8188    18.6004
15.1684    29.823599    18.6004
15.165199    29.8932    18.6004
15.153999    29.9812    18.6004
15.153199    29.986    18.6004
15.1524    29.9884    18.6004
15.137199    30.048399    18.6004
15.129999    30.0716    18.6004
15.118799    30.1052    18.6004
15.1116    30.126799    18.6004
15.096399    30.167599    18.6004
15.0876    30.1876    18.6004
15.0716    30.223598    18.6004
15.0404    30.286    18.6004
15.027599    30.31    18.6004
15.021199    30.3212    18.6004
14.9916    30.369999    18.6004
14.957999    30.421999    18.6004
14.9508    30.434    18.6004
14.938    30.4532    18.6004
14.922    30.4772    18.6004
14.9036    30.500399    18.6004
14.886    30.5292    18.6004
14.8524    30.570799    18.6004
14.849999    30.574    18.6004
14.83    30.5996    18.6004
14.8284    30.600399    18.6004
14.8276    30.6012    18.6004
14.826799    30.602798    18.6004
14.8116    30.6236    18.6004
14.806    30.628399    18.6004
14.786799    30.6476    18.6004
14.780399    30.6556    18.6004
14.7699995    30.6644    18.6004
14.7444    30.6868    18.6004
14.7123995    30.71    18.6004
14.71    30.7116    18.6004
14.705999    30.713999    18.6004
14.693199    30.7228    18.6004
14.6732    30.736399    18.6004
14.6348    30.757198    18.6004
14.6332    30.758    18.6004
14.629999    30.760399    18.6004
14.568399    30.793999    18.6004
14.515599    30.816399    18.6004
14.493199    30.825998    18.6004
14.4684    30.8372    18.6004
14.412399    30.858    18.6004
14.389199    30.8652    18.6004
14.349199    30.8788    18.6004
14.308399    30.89    18.6004
14.279599    30.8972    18.6004
14.2436    30.9052    18.6004
14.2252    30.91    18.6004
14.1756    30.920399    18.6004
14.148399    30.924398    18.6004
14.107599    30.929998    18.6004
14.0876    30.933199    18.6004
14.0668    30.935598    18.6004
14.0116    30.9396    18.6004
13.986799    30.9404    18.6004
13.9324    30.941198    18.6004
13.912399    30.941198    18.6004
13.8644    30.938799    18.6004
13.8516    30.938    18.6004
13.7892    30.929998    18.6004
13.7732    30.9284    18.6004
13.738    30.9236    18.6004
13.71    30.920399    18.6004
13.6524    30.91    18.6004
13.625199    30.903599    18.6004
13.555599    30.886    18.6004
13.5372    30.881199    18.6004
13.5116    30.8748    18.6004
13.498799    30.8692    18.6004
13.465199    30.8596    18.6004
13.4612    30.858    18.6004
13.4564    30.857199    18.6004
13.429199    30.861198    18.6004
13.422    30.8636    18.6004
13.398    30.8828    18.6004
13.3916    30.89    18.6004
13.3828    30.9052    18.6004
13.378799    30.910799    18.6004
13.371599    30.9252    18.6004
13.360399    30.9436    18.6004
13.3476    30.9564    18.6004
13.344399    30.961199    18.6004
13.322    30.9676    18.6004
13.320399    30.9684    18.6004
13.3188    30.9684    18.6004
13.297999    30.966    18.6004
13.292399    30.9676    18.6004
13.2708    30.9628    18.6004
13.2612    30.962    18.6004
13.2548    30.961199    18.6004
13.210799    30.953999    18.6004
13.186    30.9476    18.6004
13.1612    30.9404    18.6004
13.1412    30.934    18.6004
13.122    30.924398    18.6004
13.106    30.9172    18.6004
13.096399    30.914    18.6004
13.067599    30.897999    18.6004
13.0356    30.877998    18.6004
13.0132    30.866798    18.6004
13.0124    30.866798    18.6004
12.9772    30.8524    18.6004
12.9748    30.851599    18.6004
12.941999    30.8428    18.6004
12.9324    30.842    18.6004
12.9268    30.8412    18.6004
12.886    30.8372    18.6004
12.8716    30.834    18.6004
12.8675995    30.831598    18.6004
12.8652    30.829199    18.6004
12.846    30.8188    18.6004
12.826799    30.802    18.6004
12.821199    30.795599    18.6004
12.79    30.7612    18.6004
12.7772    30.7484    18.6004
12.7676    30.737999    18.6004
12.7252    30.702799    18.6004
12.7148    30.693998    18.6004
12.7132    30.691599    18.6004
12.688399    30.661999    18.6004
12.6868    30.6596    18.6004
12.6876    30.6572    18.6004
12.681999    30.639599    18.6004
12.683599    30.6356    18.6004
12.688399    30.6188    18.6004
12.693999    30.6076    18.6004
12.7196    30.566    18.6004
12.7244    30.559599    18.6004
12.726    30.556398    18.6004
12.740399    30.531599    18.6004
12.739599    30.5276    18.6004
12.7476    30.496399    18.6004
12.742    30.485199    18.6004
12.7355995    30.476398    18.6004
12.734799    30.473999    18.6004
12.729199    30.4692    18.6004
12.6932    30.4396    18.6004
12.677199    30.425999    18.6004
12.637199    30.392399    18.6004
12.6284    30.3844    18.6004
12.578    30.342    18.6004
12.5372    30.303598    18.6004
12.521199    30.2892    18.6004
12.5124    30.281199    18.6004
12.4388    30.21    18.6004
12.3916    30.161999    18.6004
12.361199    30.132399    18.6004
12.2948    30.061998    18.6004
12.291599    30.0588    18.6004
12.291599    30.057999    18.6004
12.2892    30.0556    18.6004
12.2364    29.9972    18.6004
12.222    29.9828    18.6004
12.174    29.9284    18.6004
12.1524    29.906    18.6004
12.1268    29.8804    18.6004
12.1212    29.875599    18.6004
12.0948    29.8524    18.6004
12.0932    29.851599    18.6004
12.067599    29.8284    18.6004
12.0468    29.814798    18.6004
12.033999    29.8084    18.6004
12.0252    29.806    18.6004
12.0004    29.7972    18.6004
11.981999    29.7964    18.6004
11.9732    29.795599    18.6004
11.9548    29.8004    18.6004
11.947599    29.801199    18.6004
11.9251995    29.809198    18.6004
11.9196    29.81    18.6004
11.912399    29.8116    18.6004
11.8884    29.8188    18.6004
11.8772    29.8244    18.6004
11.8564    29.83    18.6004
11.8356    29.8412    18.6004
11.806    29.8548    18.6004
11.7772    29.866    18.6004
11.7724    29.8676    18.6004
11.7699995    29.869999    18.6004
11.7588    29.8748    18.6004
11.714    29.896399    18.6004
11.693999    29.9052    18.6004
11.665999    29.9172    18.6004
11.625199    29.935598    18.6004
11.607599    29.942    18.6004
11.573199    29.9564    18.6004
11.515599    29.976398    18.6004
11.5092    29.9788    18.6004
11.506    29.979599    18.6004
11.452399    29.998    18.6004
11.417999    30.007599    18.6004
11.378799    30.018    18.6004
11.3468    30.026    18.6004
11.3116    30.0348    18.6004
11.2372    30.05    18.6004
11.223599    30.052399    18.6004
11.205199    30.0556    18.6004
11.1796    30.059599    18.6004
11.1116    30.067598    18.6004
11.097199    30.0684    18.6004
11.0596    30.070799    18.6004
11.0308    30.0772    18.6004
