19.798    34.2524    22.5004
19.857199    34.2796    22.5004
19.882    34.29    22.5004
19.9284    34.3092    22.5004
19.948399    34.3164    22.5004
19.982    34.322    22.5004
20.001999    34.326797    22.5004
20.0508    34.332397    22.5004
20.0884    34.337997    22.5004
20.1068    34.337997    22.5004
20.1204    34.3372    22.5004
20.126    34.3348    22.5004
20.1316    34.322    22.5004
20.1372    34.3108    22.5004
20.1388    34.2852    22.5004
20.146    34.2308    22.5004
20.156399    34.2076    22.5004
20.1628    34.1932    22.5004
20.174799    34.1748    22.5004
20.1932    34.158    22.5004
20.206    34.1508    22.5004
20.230799    34.142    22.5004
20.2556    34.1348    22.5004
20.2868    34.1316    22.5004
20.3412    34.1292    22.5004
20.3428    34.1292    22.5004
20.347599    34.129997    22.5004
20.434    34.1516    22.5004
20.4684    34.161198    22.5004
20.486    34.1756    22.5004
20.505999    34.19    22.5004
20.5156    34.2132    22.5004
20.517199    34.2164    22.5004
20.514    34.2188    22.5004
20.5108    34.23    22.5004
20.5084    34.2436    22.5004
20.501999    34.25    22.5004
20.4772    34.270798    22.5004
20.466    34.278    22.5004
20.448399    34.2964    22.5004
20.4404    34.302    22.5004
20.4084    34.3276    22.5004
20.3564    34.3668    22.5004
20.3444    34.3756    22.5004
20.3372    34.4012    22.5004
20.3356    34.406    22.5004
20.3364    34.419598    22.5004
20.3436    34.439598    22.5004
20.3524    34.450798    22.5004
20.362    34.4716    22.5004
20.3748    34.486    22.5004
20.382    34.497997    22.5004
20.3884    34.5052    22.5004
20.402    34.5268    22.5004
20.4076    34.5332    22.5004
20.4132    34.540398    22.5004
20.4572    34.605198    22.5004
20.461199    34.610798    22.5004
20.4844    34.6524    22.5004
20.4844    34.6532    22.5004
20.5028    34.694798    22.5004
20.5036    34.697998    22.5004
20.5124    34.728397    22.5004
20.513199    34.7308    22.5004
20.518799    34.77    22.5004
20.518799    34.7716    22.5004
20.5196    34.7964    22.5004
20.518799    34.8028    22.5004
20.5156    34.8292    22.5004
20.514    34.8388    22.5004
20.511599    34.854    22.5004
20.5068    34.865997    22.5004
20.5028    34.8796    22.5004
20.4828    34.91    22.5004
20.482    34.9108    22.5004
20.4812    34.9116    22.5004
20.4516    34.9428    22.5004
20.4308    34.9596    22.5004
20.43    34.9604    22.5004
20.397999    34.974    22.5004
20.3668    34.9828    22.5004
20.3452    34.9892    22.5004
20.333199    34.9908    22.5004
20.3204    34.992397    22.5004
20.2764    34.9988    22.5004
20.2484    34.9996    22.5004
20.2244    35.0028    22.5004
20.1684    34.9972    22.5004
20.166    34.9972    22.5004
20.1124    34.986    22.5004
20.086    34.978798    22.5004
20.0236    34.9596    22.5004
20.022    34.958797    22.5004
19.9884    34.9436    22.5004
19.955599    34.9284    22.5004
19.953999    34.9276    22.5004
19.949999    34.925198    22.5004
19.9132    34.9004    22.5004
19.8892    34.8836    22.5004
19.8692    34.8676    22.5004
19.8028    34.8092    22.5004
19.7044    34.7244    22.5004
19.682    34.7044    22.5004
19.6076    34.6436    22.5004
19.6068    34.6428    22.5004
19.6052    34.6412    22.5004
19.5516    34.599598    22.5004
19.5388    34.5876    22.5004
19.5196    34.571598    22.5004
19.4956    34.5508    22.5004
19.479599    34.5364    22.5004
19.4596    34.514    22.5004
19.4452    34.503597    22.5004
19.4396    34.4964    22.5004
19.4324    34.4908    22.5004
19.4284    34.4836    22.5004
19.4188    34.475597    22.5004
19.4132    34.4692    22.5004
19.4028    34.4612    22.5004
19.394    34.454    22.5004
19.3884    34.447598    22.5004
19.3596    34.4164    22.5004
19.3364    34.39    22.5004
19.3308    34.3844    22.5004
19.323599    34.374798    22.5004
19.2876    34.334    22.5004
19.2676    34.3116    22.5004
19.2404    34.276398    22.5004
19.226    34.259598    22.5004
19.1924    34.214    22.5004
19.1868    34.2076    22.5004
19.1668    34.1852    22.5004
19.1644    34.1828    22.5004
19.1628    34.1812    22.5004
19.1548    34.1692    22.5004
19.1444    34.1596    22.5004
19.122    34.1348    22.5004
19.1124    34.1212    22.5004
19.1076    34.116398    22.5004
19.0844    34.0764    22.5004
19.0828    34.073997    22.5004
19.0812    34.0724    22.5004
19.0716    34.0524    22.5004
19.062    34.0444    22.5004
19.0628    34.034    22.5004
19.053999    34.0164    22.5004
19.0548    34.014    22.5004
19.0532    34.0116    22.5004
19.046799    33.9772    22.5004
19.05    33.9764    22.5004
19.066    33.975597    22.5004
19.0772    33.974    22.5004
19.087599    33.9748    22.5004
19.1332    33.989998    22.5004
19.142    33.9908    22.5004
19.1524    33.994    22.5004
19.2228    34.0196    22.5004
19.2524    34.0324    22.5004
19.2988    34.0484    22.5004
19.33    34.0596    22.5004
19.358    34.065998    22.5004
19.390799    34.0756    22.5004
19.4124    34.082    22.5004
19.4492    34.0956    22.5004
19.5036    34.1172    22.5004
19.5532    34.138    22.5004
19.574799    34.1476    22.5004
19.5892    34.1548    22.5004
19.6852    34.2012    22.5004
19.798    34.2524    22.5004
