3.0196    39.568398    23.4004
3.0091999    39.5484    23.4004
3.0028    39.5444    23.4004
2.998    39.5452    23.4004
2.974    39.5444    23.4004
2.9659998    39.551598    23.4004
2.9508    39.5756    23.4004
2.9443998    39.586    23.4004
2.9412    39.5924    23.4004
2.9356    39.6148    23.4004
2.9371998    39.629997    23.4004
2.9404    39.644398    23.4004
2.9476    39.661198    23.4004
2.974    39.6716    23.4004
2.9803998    39.6732    23.4004
2.9868    39.6644    23.4004
3.0124    39.626    23.4004
3.018    39.614    23.4004
3.0212    39.5932    23.4004
3.0212    39.5788    23.4004
3.0212    39.5748    23.4004
3.0196    39.568398    23.4004
