13.757199    33.8948    8.7004
13.7332    33.874    8.7004
13.7308    33.8724    8.7004
13.728399    33.871597    8.7004
13.698    33.8628    8.7004
13.686    33.862    8.7004
13.6644    33.8572    8.7004
13.638    33.854    8.7004
13.5828    33.846798    8.7004
13.5772    33.846    8.7004
13.5748    33.8452    8.7004
13.5524    33.8316    8.7004
13.5412    33.824398    8.7004
13.5244    33.8004    8.7004
13.5204    33.793198    8.7004
13.518    33.7884    8.7004
13.518    33.7804    8.7004
13.514    33.7636    8.7004
13.516399    33.7556    8.7004
13.518    33.7412    8.7004
13.5196    33.7252    8.7004
13.5227995    33.7084    8.7004
13.521199    33.7012    8.7004
13.5227995    33.6804    8.7004
13.492399    33.6532    8.7004
13.4836    33.6484    8.7004
13.4668    33.6452    8.7004
13.453199    33.6428    8.7004
13.4212    33.638798    8.7004
13.4044    33.6356    8.7004
13.3972    33.6348    8.7004
13.3692    33.626    8.7004
13.3675995    33.6252    8.7004
13.3652    33.624397    8.7004
13.331599    33.614    8.7004
13.3124    33.6028    8.7004
13.3116    33.6028    8.7004
13.3108    33.6012    8.7004
13.291599    33.5724    8.7004
13.286799    33.5612    8.7004
13.2836    33.5484    8.7004
13.2844    33.5388    8.7004
13.2844    33.5164    8.7004
13.2892    33.5004    8.7004
13.292399    33.4908    8.7004
13.3004    33.4708    8.7004
13.302799    33.4668    8.7004
13.303599    33.464397    8.7004
13.3172    33.4404    8.7004
13.318    33.4388    8.7004
13.320399    33.434    8.7004
13.342    33.408398    8.7004
13.3636    33.3908    8.7004
13.3675995    33.3868    8.7004
13.3684    33.3868    8.7004
13.4028    33.3652    8.7004
13.424399    33.354    8.7004
13.435599    33.3476    8.7004
13.453199    33.341198    8.7004
13.486    33.329998    8.7004
13.514    33.3196    8.7004
13.538799    33.3108    8.7004
13.567599    33.3028    8.7004
13.607599    33.286    8.7004
13.6116    33.2836    8.7004
13.618799    33.2796    8.7004
13.637199    33.2716    8.7004
13.648399    33.265198    8.7004
13.6628    33.2516    8.7004
13.676399    33.242798    8.7004
13.687599    33.2244    8.7004
13.694799    33.218    8.7004
13.7044    33.209198    8.7004
13.7036    33.200397    8.7004
13.705999    33.1772    8.7004
13.6908    33.1572    8.7004
13.682799    33.146    8.7004
13.674    33.1364    8.7004
13.658    33.1156    8.7004
13.636399    33.088398    8.7004
13.6356    33.088398    8.7004
13.625199    33.0708    8.7004
13.618799    33.0468    8.7004
13.6172    33.0444    8.7004
13.6172    33.0396    8.7004
13.618    32.9916    8.7004
13.620399    32.964397    8.7004
13.619599    32.945198    8.7004
13.6212    32.9292    8.7004
13.619599    32.9164    8.7004
13.619599    32.902798    8.7004
13.613199    32.8852    8.7004
13.613199    32.877197    8.7004
13.589999    32.837997    8.7004
13.5803995    32.8228    8.7004
13.579599    32.8172    8.7004
13.5716    32.7852    8.7004
13.57    32.7716    8.7004
13.568399    32.753998    8.7004
13.5708    32.7244    8.7004
13.5708    32.7156    8.7004
13.5716    32.7052    8.7004
13.5724    32.6996    8.7004
13.578    32.662    8.7004
13.5836    32.6348    8.7004
13.5924    32.5876    8.7004
13.6044    32.538    8.7004
13.6116    32.506    8.7004
13.6156    32.494    8.7004
13.625999    32.456398    8.7004
13.642799    32.408398    8.7004
13.6491995    32.3932    8.7004
13.6556    32.378    8.7004
13.6684    32.3476    8.7004
13.6908    32.2956    8.7004
13.694799    32.2868    8.7004
13.7084    32.2612    8.7004
13.7324    32.217197    8.7004
13.7411995    32.1996    8.7004
13.757999    32.1676    8.7004
13.7788    32.1308    8.7004
13.782    32.1244    8.7004
13.786799    32.1172    8.7004
13.815599    32.0756    8.7004
13.832399    32.0508    8.7004
13.846    32.0308    8.7004
13.855599    32.017998    8.7004
13.8764    31.990799    8.7004
13.900399    31.961199    8.7004
13.907599    31.952398    8.7004
13.9492    31.9028    8.7004
13.987599    31.858799    8.7004
14.050799    31.792398    8.7004
14.062799    31.7796    8.7004
14.078    31.764399    8.7004
14.0884    31.754    8.7004
14.113199    31.73    8.7004
14.119599    31.7244    8.7004
14.1276    31.7172    8.7004
14.1788    31.671598    8.7004
14.223599    31.6348    8.7004
14.254    31.6092    8.7004
14.2708    31.5964    8.7004
14.3004    31.5756    8.7004
14.360399    31.539598    8.7004
14.395599    31.518    8.7004
14.4307995    31.4972    8.7004
14.4539995    31.485199    8.7004
14.4828    31.47    8.7004
14.499599    31.459599    8.7004
14.516399    31.452398    8.7004
14.5252    31.446798    8.7004
14.5436    31.438799    8.7004
14.5604    31.4292    8.7004
14.573999    31.424398    8.7004
14.579599    31.4404    8.7004
14.5764    31.4436    8.7004
14.550799    31.47    8.7004
14.545199    31.4772    8.7004
14.532399    31.489199    8.7004
14.521199    31.4972    8.7004
14.509999    31.517199    8.7004
14.5092    31.5332    8.7004
14.5244    31.557999    8.7004
14.546    31.552399    8.7004
14.554    31.5532    8.7004
14.57    31.546    8.7004
14.579599    31.545198    8.7004
14.601999    31.5348    8.7004
14.6068    31.5324    8.7004
14.6348    31.5124    8.7004
14.641999    31.511599    8.7004
14.646    31.505999    8.7004
14.665999    31.4868    8.7004
14.665199    31.485199    8.7004
14.6684    31.483599    8.7004
14.6852    31.4692    8.7004
14.6924    31.4628    8.7004
14.714    31.455599    8.7004
14.7148    31.4548    8.7004
14.7204    31.4548    8.7004
14.7436    31.449999    8.7004
14.745999    31.4508    8.7004
14.7724    31.444399    8.7004
14.7764    31.444399    8.7004
14.7996    31.433199    8.7004
14.8043995    31.4324    8.7004
14.8252    31.4196    8.7004
14.83    31.418    8.7004
14.837199    31.414799    8.7004
14.860399    31.3972    8.7004
14.8852    31.3876    8.7004
14.901199    31.3788    8.7004
14.917999    31.3692    8.7004
14.9204    31.357199    8.7004
14.9332    31.353199    8.7004
14.9452    31.3468    8.7004
14.957999    31.3412    8.7004
14.9684    31.3308    8.7004
14.9788    31.329199    8.7004
14.998799    31.320398    8.7004
15.0148    31.3196    8.7004
15.0244    31.3156    8.7004
15.028399    31.310799    8.7004
15.0348    31.309198    8.7004
15.0492    31.297998    8.7004
15.0652    31.2988    8.7004
15.07    31.310799    8.7004
15.082    31.3212    8.7004
15.091599    31.3132    8.7004
15.106    31.31    8.7004
15.130799    31.3156    8.7004
15.141999    31.3132    8.7004
15.164399    31.3116    8.7004
15.187599    31.3084    8.7004
15.198    31.3076    8.7004
15.2156    31.3044    8.7004
15.222799    31.3044    8.7004
15.240399    31.2876    8.7004
15.2556    31.286798    8.7004
15.2724    31.282    8.7004
15.2836    31.2732    8.7004
15.286799    31.262    8.7004
15.3004    31.2564    8.7004
15.309199    31.240398    8.7004
15.326799    31.23    8.7004
15.3244    31.2148    8.7004
15.332399    31.1964    8.7004
15.308399    31.15    8.7004
15.302    31.143599    8.7004
15.2668    31.1356    8.7004
15.266    31.1356    8.7004
15.2428    31.139599    8.7004
15.216399    31.15    8.7004
15.1796    31.167599    8.7004
15.0828    31.2204    8.7004
15.0708    31.226    8.7004
15.050799    31.2356    8.7004
15.03    31.2428    8.7004
15.0148    31.25    8.7004
15.0068    31.251598    8.7004
14.9939995    31.253199    8.7004
14.9508    31.2564    8.7004
14.9196    31.258799    8.7004
14.914    31.258799    8.7004
14.900399    31.2596    8.7004
14.837199    31.262    8.7004
14.821199    31.262    8.7004
14.7724    31.2564    8.7004
14.763599    31.2556    8.7004
14.7067995    31.25    8.7004
14.700399    31.249199    8.7004
14.686    31.245998    8.7004
14.634    31.236399    8.7004
14.613999    31.2316    8.7004
14.5812    31.219599    8.7004
14.550799    31.212399    8.7004
14.538    31.206    8.7004
14.5236    31.2004    8.7004
14.499599    31.1876    8.7004
14.4828    31.174799    8.7004
14.4732    31.17    8.7004
14.4595995    31.154    8.7004
14.4444    31.136398    8.7004
14.4148    31.100399    8.7004
14.407599    31.0908    8.7004
14.3868    31.057999    8.7004
14.37    31.029999    8.7004
14.354799    31.0052    8.7004
14.3331995    30.9628    8.7004
14.3252    30.946    8.7004
14.3076    30.910799    8.7004
14.2892    30.8732    8.7004
14.280399    30.854    8.7004
14.251599    30.7836    8.7004
14.238    30.75    8.7004
14.217999    30.689999    8.7004
14.21    30.667599    8.7004
14.2012    30.637999    8.7004
14.1908    30.608398    8.7004
14.1812    30.565199    8.7004
14.174    30.5332    8.7004
14.1684    30.504398    8.7004
14.162    30.4788    8.7004
14.1491995    30.4116    8.7004
14.142799    30.3804    8.7004
14.1396    30.3596    8.7004
14.1268    30.2852    8.7004
14.1212    30.217999    8.7004
14.1212    30.2148    8.7004
14.1236    30.132399    8.7004
14.124399    30.1164    8.7004
14.125199    30.0612    8.7004
14.122    30.0196    8.7004
14.120399    30.0148    8.7004
14.1156    30.001999    8.7004
14.0996    29.9788    8.7004
14.056399    29.931599    8.7004
14.032399    29.9044    8.7004
14.0244    29.8948    8.7004
14.004399    29.862799    8.7004
13.9948    29.8364    8.7004
13.992399    29.829199    8.7004
13.9908    29.8228    8.7004
13.976399    29.777199    8.7004
13.963599    29.726    8.7004
13.9492    29.671598    8.7004
13.9372    29.625198    8.7004
13.9316    29.6076    8.7004
13.922    29.5844    8.7004
13.917999    29.57    8.7004
13.9092    29.5588    8.7004
13.8876    29.5436    8.7004
13.8804    29.539598    8.7004
13.8619995    29.5324    8.7004
13.8412    29.528399    8.7004
13.8012    29.5212    8.7004
13.693999    29.498798    8.7004
13.6796    29.4956    8.7004
13.6788    29.494799    8.7004
13.6212    29.472399    8.7004
13.5596    29.446    8.7004
13.544399    29.438    8.7004
13.4939995    29.414799    8.7004
13.4852    29.41    8.7004
13.4788    29.4068    8.7004
13.4452    29.396399    8.7004
13.4084    29.3956    8.7004
13.3932    29.3948    8.7004
13.3756    29.396399    8.7004
13.3564    29.3972    8.7004
13.2372    29.403599    8.7004
13.1636    29.403599    8.7004
13.1628    29.403599    8.7004
13.1612    29.403599    8.7004
13.1092    29.4012    8.7004
13.0924    29.4004    8.7004
13.0612    29.3996    8.7004
13.0372    29.3932    8.7004
13.026799    29.39    8.7004
12.987599    29.3636    8.7004
12.986    29.362    8.7004
12.9828    29.3564    8.7004
12.9604    29.3252    8.7004
12.9484    29.2988    8.7004
12.9316    29.258    8.7004
12.929999    29.251598    8.7004
12.929999    29.2484    8.7004
12.924399    29.1988    8.7004
12.926    29.1892    8.7004
12.9268    29.184399    8.7004
12.9284    29.1572    8.7004
12.929199    29.154    8.7004
12.929999    29.146    8.7004
12.936399    29.1092    8.7004
12.9484    29.0724    8.7004
12.952399    29.0572    8.7004
12.964399    29.0276    8.7004
12.9684    29.018    8.7004
12.9844    28.994799    8.7004
12.9916    28.977999    8.7004
13.0028    28.9628    8.7004
13.0764    28.855598    8.7004
13.079599    28.8524    8.7004
13.0803995    28.8492    8.7004
13.0836    28.8452    8.7004
13.0956    28.8244    8.7004
13.1052    28.7988    8.7004
13.107599    28.7948    8.7004
13.1092    28.7796    8.7004
13.1147995    28.769999    8.7004
13.1052    28.7428    8.7004
13.101999    28.732399    8.7004
13.1004    28.73    8.7004
13.089999    28.7228    8.7004
13.0668    28.7044    8.7004
12.9939995    28.6524    8.7004
12.9804    28.639599    8.7004
12.974    28.6348    8.7004
12.964399    28.6204    8.7004
12.957999    28.6036    8.7004
12.9556    28.5908    8.7004
12.9484    28.550798    8.7004
12.9436    28.513199    8.7004
12.9428    28.493198    8.7004
12.941999    28.437199    8.7004
12.941999    28.4364    8.7004
12.946    28.347599    8.7004
12.9492    28.299599    8.7004
12.9548    28.25    8.7004
12.965199    28.174799    8.7004
12.9684    28.156399    8.7004
12.9692    28.150799    8.7004
12.969999    28.1444    8.7004
12.9844    28.0724    8.7004
12.9892    28.050798    8.7004
13.0012    28.004398    8.7004
13.005199    27.9924    8.7004
13.0188    27.959599    8.7004
13.0188    27.958    8.7004
13.021999    27.953999    8.7004
13.0364    27.931599    8.7004
13.042    27.9252    8.7004
13.0612    27.896399    8.7004
13.067599    27.89    8.7004
13.0828    27.872398    8.7004
13.0988    27.858    8.7004
13.118    27.838799    8.7004
13.1332    27.8244    8.7004
13.1556    27.805199    8.7004
13.1876    27.782    8.7004
13.1908    27.7804    8.7004
13.193999    27.778    8.7004
13.2372    27.7508    8.7004
13.2532    27.7412    8.7004
13.2564    27.7388    8.7004
13.2612    27.736399    8.7004
13.3396    27.6932    8.7004
13.373199    27.6756    8.7004
13.3868    27.669199    8.7004
13.4436    27.6468    8.7004
13.4916    27.6292    8.7004
13.544399    27.6124    8.7004
13.6788    27.5684    8.7004
13.717199    27.5556    8.7004
13.7612    27.539598    8.7004
13.781199    27.5324    8.7004
13.7844    27.531599    8.7004
13.8004    27.5212    8.7004
13.8164    27.513199    8.7004
13.8276    27.51    8.7004
13.8396    27.5036    8.7004
13.8532    27.496399    8.7004
13.8748    27.4828    8.7004
13.894799    27.470798    8.7004
13.929999    27.4452    8.7004
13.975599    27.4116    8.7004
14.004399    27.3884    8.7004
14.062799    27.344398    8.7004
14.1108    27.31    8.7004
14.1452    27.2852    8.7004
14.153999    27.2804    8.7004
14.177199    27.265999    8.7004
14.202    27.254    8.7004
14.2092    27.249199    8.7004
14.2156    27.245998    8.7004
14.2212    27.2428    8.7004
14.269199    27.217999    8.7004
14.3172    27.197199    8.7004
14.331599    27.191599    8.7004
14.3852    27.17    8.7004
14.435599    27.150799    8.7004
14.446799    27.146    8.7004
14.505199    27.126    8.7004
14.5308    27.117199    8.7004
14.550799    27.1124    8.7004
14.589999    27.1036    8.7004
14.6004    27.1012    8.7004
14.6292    27.0956    8.7004
14.6356    27.094    8.7004
14.6636    27.0924    8.7004
14.670799    27.091599    8.7004
14.7268    27.0908    8.7004
14.7308    27.09    8.7004
14.734799    27.09    8.7004
14.7732    27.09    8.7004
14.7987995    27.0924    8.7004
14.8628    27.093199    8.7004
14.8692    27.093199    8.7004
14.9732    27.0996    8.7004
15.0252    27.1036    8.7004
15.0708    27.1068    8.7004
15.0859995    27.1092    8.7004
15.1108    27.1124    8.7004
15.177199    27.1204    8.7004
15.228399    27.1292    8.7004
15.25    27.1332    8.7004
15.3004    27.146    8.7004
15.3348    27.157999    8.7004
15.358    27.1724    8.7004
15.3756    27.185999    8.7004
15.3852    27.195599    8.7004
15.4084    27.225199    8.7004
15.4268    27.258    8.7004
15.429199    27.262    8.7004
15.4307995    27.264399    8.7004
15.4332    27.2724    8.7004
15.4428    27.306    8.7004
15.45    27.334799    8.7004
15.458799    27.362799    8.7004
15.463599    27.3828    8.7004
15.464399    27.397999    8.7004
15.470799    27.4052    8.7004
15.4844    27.4084    8.7004
15.5004    27.4156    8.7004
15.518    27.4156    8.7004
15.5308    27.420399    8.7004
15.539599    27.421999    8.7004
15.573199    27.421999    8.7004
15.6212    27.416399    8.7004
15.6564    27.414    8.7004
15.754    27.403599    8.7004
15.761999    27.403599    8.7004
15.7732    27.403599    8.7004
15.837199    27.3972    8.7004
15.8404    27.3972    8.7004
15.917199    27.3932    8.7004
15.9268    27.394    8.7004
15.9916    27.394    8.7004
16.0156    27.394    8.7004
16.0348    27.3956    8.7004
16.114    27.4028    8.7004
16.138    27.4044    8.7004
16.185999    27.4156    8.7004
16.206    27.4364    8.7004
16.2124    27.4524    8.7004
16.2204    27.4732    8.7004
16.213999    27.4868    8.7004
16.2132    27.500399    8.7004
16.1956    27.522799    8.7004
16.1836    27.5388    8.7004
16.178    27.5476    8.7004
16.156399    27.565199    8.7004
16.1444    27.580399    8.7004
16.100399    27.613998    8.7004
16.0996    27.6148    8.7004
16.098799    27.615599    8.7004
16.0476    27.6572    8.7004
16.041199    27.663599    8.7004
15.9796    27.712399    8.7004
15.9268    27.7452    8.7004
15.914    27.7556    8.7004
15.889999    27.7724    8.7004
15.877999    27.781199    8.7004
15.8068    27.827599    8.7004
15.7892    27.838799    8.7004
15.740399    27.8732    8.7004
15.7388    27.8748    8.7004
15.738    27.8748    8.7004
15.7364    27.875599    8.7004
15.7268    27.882    8.7004
15.671599    27.9196    8.7004
15.6612    27.927599    8.7004
15.648399    27.937199    8.7004
15.6332    27.949999    8.7004
15.601199    27.972399    8.7004
15.6004    27.9732    8.7004
15.5988    27.9748    8.7004
15.5828    27.985199    8.7004
15.5652    27.998    8.7004
15.5532    28.007599    8.7004
15.528399    28.026    8.7004
15.521199    28.0324    8.7004
15.515599    28.0388    8.7004
15.487599    28.065199    8.7004
15.481199    28.0772    8.7004
15.4684    28.091599    8.7004
15.4595995    28.1076    8.7004
15.457999    28.115599    8.7004
15.452399    28.1468    8.7004
15.4548    28.165998    8.7004
15.4676    28.2372    8.7004
15.475599    28.271599    8.7004
15.4772    28.303598    8.7004
15.4772    28.3076    8.7004
15.4724    28.3364    8.7004
15.466    28.358    8.7004
15.4508    28.386799    8.7004
15.4436    28.4052    8.7004
15.434    28.425999    8.7004
15.405999    28.479599    8.7004
15.365999    28.5444    8.7004
15.360399    28.5548    8.7004
15.353999    28.566    8.7004
15.325999    28.6148    8.7004
15.297999    28.6596    8.7004
15.274799    28.6996    8.7004
15.262799    28.722    8.7004
15.2532    28.743599    8.7004
15.240399    28.7708    8.7004
15.2316    28.7876    8.7004
15.222799    28.8132    8.7004
15.221999    28.817999    8.7004
15.2428    28.8452    8.7004
15.266    28.8524    8.7004
15.2724    28.8564    8.7004
15.2764    28.858799    8.7004
15.281199    28.858799    8.7004
15.3244    28.861198    8.7004
15.354799    28.8596    8.7004
15.401999    28.8548    8.7004
15.406799    28.8548    8.7004
15.4148    28.854    8.7004
15.417199    28.854    8.7004
15.422    28.854    8.7004
15.4307995    28.853199    8.7004
15.515599    28.845999    8.7004
15.527599    28.844398    8.7004
15.555599    28.844398    8.7004
15.5764    28.842    8.7004
15.5988    28.8412    8.7004
15.6412    28.838    8.7004
15.757999    28.8324    8.7004
15.7596    28.8324    8.7004
15.7604    28.8324    8.7004
15.8364    28.8308    8.7004
15.8516    28.8316    8.7004
15.9108    28.8308    8.7004
16.0292    28.8252    8.7004
16.0332    28.8252    8.7004
16.0444    28.8244    8.7004
16.1388    28.817999    8.7004
16.2132    28.8116    8.7004
16.3172    28.806    8.7004
16.4396    28.7972    8.7004
16.4644    28.7948    8.7004
16.5436    28.786    8.7004
16.5788    28.782    8.7004
16.5964    28.7796    8.7004
16.777199    28.7596    8.7004
16.8652    28.7452    8.7004
16.8692    28.7444    8.7004
16.8748    28.7444    8.7004
16.9844    28.729198    8.7004
17.0732    28.7132    8.7004
17.1028    28.7076    8.7004
17.138    28.6996    8.7004
17.1852    28.688398    8.7004
17.2356    28.677198    8.7004
17.3044    28.6588    8.7004
17.3244    28.6532    8.7004
17.358    28.6428    8.7004
17.397999    28.6316    8.7004
17.43    28.6236    8.7004
17.4564    28.6148    8.7004
17.477999    28.6076    8.7004
17.494    28.6012    8.7004
17.4988    28.600399    8.7004
17.5604    28.578    8.7004
17.5676    28.574799    8.7004
17.5684    28.574799    8.7004
17.5772    28.5716    8.7004
17.654    28.546    8.7004
17.669199    28.5404    8.7004
17.6924    28.533998    8.7004
17.7188    28.5212    8.7004
17.719599    28.5204    8.7004
17.7244    28.518799    8.7004
17.814    28.486    8.7004
17.845999    28.4748    8.7004
17.8716    28.4636    8.7004
17.903599    28.4508    8.7004
17.973999    28.421999    8.7004
18.0012    28.4084    8.7004
18.0436    28.390799    8.7004
18.0892    28.3732    8.7004
18.2052    28.326    8.7004
18.2092    28.3244    8.7004
18.282    28.295599    8.7004
18.3732    28.2596    8.7004
18.3804    28.2564    8.7004
18.3884    28.253199    8.7004
18.507599    28.206799    8.7004
18.535599    28.195599    8.7004
18.6924    28.1372    8.7004
18.7092    28.130798    8.7004
18.718    28.1276    8.7004
18.8004    28.100399    8.7004
18.826    28.0924    8.7004
18.858    28.0812    8.7004
19.0092    28.0308    8.7004
19.098799    28.0012    8.7004
19.194    27.9716    8.7004
19.2156    27.966    8.7004
19.2796    27.946    8.7004
19.3716    27.914799    8.7004
19.414799    27.9004    8.7004
19.425999    27.896399    8.7004
19.496399    27.8732    8.7004
19.546799    27.853199    8.7004
19.5972    27.833199    8.7004
19.698    27.7908    8.7004
19.7108    27.786    8.7004
19.7348    27.7748    8.7004
19.7628    27.762    8.7004
19.764399    27.7612    8.7004
19.8388    27.726799    8.7004
19.8396    27.726    8.7004
19.842    27.725199    8.7004
19.9548    27.67    8.7004
20.0148    27.6404    8.7004
20.0284    27.6332    8.7004
20.0436    27.625198    8.7004
20.13    27.5788    8.7004
20.139599    27.5724    8.7004
20.1828    27.546799    8.7004
20.2004    27.538    8.7004
20.2172    27.5268    8.7004
20.247599    27.5084    8.7004
20.258799    27.4996    8.7004
20.277199    27.487598    8.7004
20.284399    27.4812    8.7004
20.3028    27.470798    8.7004
20.3132    27.465199    8.7004
20.3316    27.4532    8.7004
20.3412    27.4436    8.7004
20.3612    27.4268    8.7004
20.3748    27.41    8.7004
20.3916    27.392399    8.7004
20.4028    27.379599    8.7004
20.4172    27.345999    8.7004
20.421999    27.338    8.7004
20.4244    27.3308    8.7004
20.4324    27.297998    8.7004
20.438    27.241999    8.7004
20.438799    27.2164    8.7004
20.4404    27.1684    8.7004
20.4412    27.1308    8.7004
20.4396    27.102798    8.7004
20.4356    27.0572    8.7004
20.4348    27.05    8.7004
20.433199    27.041199    8.7004
20.4268    26.9884    8.7004
20.4252    26.983599    8.7004
20.4212    26.973999    8.7004
20.4124    26.9628    8.7004
20.3844    26.9572    8.7004
20.364399    26.949999    8.7004
20.333199    26.9492    8.7004
20.3252    26.9476    8.7004
20.3172    26.946    8.7004
20.310799    26.946    8.7004
20.161999    26.9452    8.7004
20.0332    26.9492    8.7004
20.0204    26.949999    8.7004
19.9924    26.9524    8.7004
19.916399    26.9548    8.7004
19.8764    26.9572    8.7004
19.8508    26.9564    8.7004
19.826    26.9548    8.7004
19.793999    26.9508    8.7004
19.758    26.938799    8.7004
19.7484    26.937199    8.7004
19.741999    26.934    8.7004
19.722    26.924398    8.7004
19.678    26.896399    8.7004
19.6492    26.8716    8.7004
19.6196    26.8436    8.7004
19.6036    26.8268    8.7004
19.581999    26.805199    8.7004
19.5716    26.792398    8.7004
19.5716    26.782    8.7004
19.5628    26.760399    8.7004
19.566    26.737999    8.7004
19.569199    26.726799    8.7004
19.576399    26.7052    8.7004
19.5852    26.6724    8.7004
19.5972    26.602    8.7004
19.600399    26.5836    8.7004
19.6012    26.580399    8.7004
19.6012    26.578    8.7004
19.600399    26.5732    8.7004
19.602    26.5684    8.7004
19.6036    26.533998    8.7004
19.602    26.528399    8.7004
19.5828    26.507599    8.7004
19.5628    26.5044    8.7004
19.5564    26.500399    8.7004
19.5332    26.496399    8.7004
19.5284    26.4956    8.7004
19.5284    26.496399    8.7004
19.5252    26.496399    8.7004
19.5028    26.500399    8.7004
19.4988    26.4996    8.7004
19.4732    26.4996    8.7004
19.4692    26.4996    8.7004
19.446    26.5044    8.7004
19.4396    26.5044    8.7004
19.4116    26.5092    8.7004
19.403599    26.5092    8.7004
19.3772    26.5148    8.7004
19.3508    26.5196    8.7004
19.3308    26.526    8.7004
19.3092    26.5324    8.7004
19.2708    26.542    8.7004
19.219599    26.5548    8.7004
19.2124    26.556398    8.7004
19.1236    26.5788    8.7004
19.1188    26.5796    8.7004
19.1124    26.5812    8.7004
19.0732    26.5892    8.7004
19.0196    26.602798    8.7004
19.0124    26.604399    8.7004
18.9788    26.608398    8.7004
18.9564    26.6132    8.7004
18.9356    26.6164    8.7004
18.920399    26.6164    8.7004
18.9052    26.6204    8.7004
18.868399    26.619598    8.7004
18.853199    26.621199    8.7004
18.821999    26.6164    8.7004
18.8156    26.6164    8.7004
18.798    26.609999    8.7004
18.777199    26.602798    8.7004
18.749199    26.5844    8.7004
18.7396    26.57    8.7004
18.741999    26.556398    8.7004
18.7556    26.5308    8.7004
18.758799    26.526    8.7004
18.774    26.5036    8.7004
18.8036    26.47    8.7004
18.814    26.4588    8.7004
18.83    26.442    8.7004
18.8716    26.3988    8.7004
18.8892    26.379599    8.7004
18.8956    26.3724    8.7004
18.918    26.344398    8.7004
18.927599    26.333199    8.7004
18.9356    26.3188    8.7004
18.944399    26.303598    8.7004
18.946    26.289999    8.7004
18.9396    26.2748    8.7004
18.9052    26.2596    8.7004
18.8492    26.246    8.7004
18.8148    26.240398    8.7004
18.788399    26.2356    8.7004
18.682    26.2188    8.7004
18.6244    26.2092    8.7004
18.5276    26.1868    8.7004
18.5252    26.185999    8.7004
18.4692    26.1644    8.7004
18.438    26.1404    8.7004
18.43    26.1356    8.7004
18.4252    26.1316    8.7004
18.4028    26.1076    8.7004
18.397999    26.098    8.7004
18.4004    26.0756    8.7004
18.414    26.046799    8.7004
18.414799    26.045198    8.7004
18.416399    26.0436    8.7004
18.4492    25.9972    8.7004
18.454    25.9924    8.7004
18.4628    25.9828    8.7004
18.5068    25.9364    8.7004
18.5396    25.8996    8.7004
18.5436    25.8956    8.7004
18.5452    25.8948    8.7004
18.546799    25.8932    8.7004
18.5588    25.8836    8.7004
18.594799    25.855598    8.7004
18.6236    25.8356    8.7004
18.6444    25.823599    8.7004
18.6596    25.8116    8.7004
18.674799    25.8044    8.7004
18.6852    25.797998    8.7004
18.701199    25.792398    8.7004
18.7188    25.7852    8.7004
18.741999    25.7764    8.7004
18.77    25.769999    8.7004
18.802    25.7596    8.7004
18.8332    25.754    8.7004
18.910799    25.7396    8.7004
18.9212    25.737999    8.7004
18.9236    25.7372    8.7004
18.9996    25.726    8.7004
19.0884    25.713999    8.7004
19.094    25.7132    8.7004
19.0964    25.7132    8.7004
19.1596    25.706799    8.7004
19.225199    25.701199    8.7004
19.2748    25.698    8.7004
19.3988    25.6892    8.7004
19.4084    25.6876    8.7004
19.418    25.6868    8.7004
19.4452    25.680399    8.7004
19.4924    25.6708    8.7004
19.5084    25.6668    8.7004
19.5108    25.6668    8.7004
19.5252    25.661999    8.7004
19.5508    25.6532    8.7004
19.6012    25.6348    8.7004
19.666    25.609999    8.7004
19.713999    25.594    8.7004
19.7404    25.5836    8.7004
19.7564    25.5788    8.7004
19.8004    25.5684    8.7004
19.842    25.559599    8.7004
19.9172    25.5388    8.7004
19.9236    25.537199    8.7004
19.9268    25.5364    8.7004
19.933199    25.533998    8.7004
19.9732    25.5212    8.7004
20.0156    25.5052    8.7004
20.1204    25.4676    8.7004
20.1252    25.466799    8.7004
20.189999    25.4452    8.7004
20.1924    25.444399    8.7004
20.1932    25.444399    8.7004
20.2564    25.427599    8.7004
20.2836    25.4196    8.7004
20.3132    25.4124    8.7004
20.3596    25.401999    8.7004
20.369999    25.3996    8.7004
20.421999    25.386799    8.7004
20.434    25.3836    8.7004
20.453999    25.3804    8.7004
20.553999    25.362    8.7004
20.578    25.358    8.7004
20.6012    25.3564    8.7004
20.6204    25.3548    8.7004
20.6252    25.3548    8.7004
20.6292    25.3548    8.7004
20.65    25.3564    8.7004
20.657999    25.358    8.7004
20.6836    25.362799    8.7004
20.7132    25.3724    8.7004
20.75    25.3844    8.7004
20.782    25.396399    8.7004
20.8228    25.413198    8.7004
20.8916    25.4452    8.7004
20.909199    25.453999    8.7004
20.925999    25.4636    8.7004
20.985199    25.4972    8.7004
21.018799    25.5164    8.7004
21.0444    25.531599    8.7004
21.085999    25.5588    8.7004
21.1012    25.569199    8.7004
21.1412    25.598    8.7004
21.163599    25.6148    8.7004
21.178    25.626799    8.7004
21.2148    25.661999    8.7004
21.2236    25.67    8.7004
21.2484    25.698    8.7004
21.258799    25.7116    8.7004
21.2788    25.740398    8.7004
21.2892    25.7572    8.7004
21.2932    25.7652    8.7004
21.310799    25.806799    8.7004
21.312399    25.812399    8.7004
21.3132    25.8212    8.7004
21.3148    25.858    8.7004
21.3156    25.8716    8.7004
21.3156    25.878    8.7004
21.301199    25.942799    8.7004
21.293999    25.972399    8.7004
21.2764    26.041199    8.7004
21.2748    26.0444    8.7004
21.274    26.0532    8.7004
21.2732    26.063599    8.7004
21.2676    26.0844    8.7004
21.2724    26.098    8.7004
21.2692    26.108398    8.7004
21.2876    26.1252    8.7004
21.299599    26.1292    8.7004
21.3004    26.1292    8.7004
21.3036    26.128399    8.7004
21.3764    26.1276    8.7004
21.4012    26.126799    8.7004
21.437199    26.126    8.7004
21.466    26.1292    8.7004
21.4676    26.1292    8.7004
21.472399    26.1308    8.7004
21.4884    26.137999    8.7004
21.4916    26.139599    8.7004
21.511599    26.15    8.7004
21.5292    26.1628    8.7004
21.559599    26.1876    8.7004
21.5868    26.2092    8.7004
21.594799    26.2164    8.7004
21.626799    26.2484    8.7004
21.628399    26.25    8.7004
21.6292    26.2508    8.7004
21.6756    26.310799    8.7004
21.698    26.344398    8.7004
21.712399    26.369999    8.7004
21.7276    26.3932    8.7004
21.741999    26.4172    8.7004
21.758799    26.4492    8.7004
21.7692    26.4772    8.7004
21.778    26.5084    8.7004
21.793999    26.5676    8.7004
21.8004    26.5924    8.7004
21.8204    26.6684    8.7004
21.8252    26.6836    8.7004
21.8484    26.721199    8.7004
21.851599    26.726799    8.7004
21.8604    26.7276    8.7004
21.8788    26.730799    8.7004
21.8836    26.7316    8.7004
21.914799    26.730799    8.7004
21.9812    26.726799    8.7004
22.035599    26.726    8.7004
22.038    26.726    8.7004
22.0396    26.726799    8.7004
22.042799    26.7276    8.7004
22.0836    26.734798    8.7004
22.1036    26.7428    8.7004
22.132399    26.754799    8.7004
22.1588    26.7668    8.7004
22.180399    26.7804    8.7004
22.2108    26.802    8.7004
22.219599    26.81    8.7004
22.2396    26.8284    8.7004
22.262    26.851599    8.7004
22.265999    26.858    8.7004
22.269999    26.866798    8.7004
22.281199    26.886799    8.7004
22.286    26.91    8.7004
22.2876    26.927599    8.7004
22.2892    26.962    8.7004
22.288399    26.9772    8.7004
22.286    27.0108    8.7004
22.286    27.045198    8.7004
22.2788    27.070799    8.7004
22.274    27.091599    8.7004
22.265999    27.125198    8.7004
22.2556    27.1556    8.7004
22.2452    27.188398    8.7004
22.232399    27.2164    8.7004
22.2228    27.2388    8.7004
22.1996    27.2788    8.7004
22.1868    27.3084    8.7004
22.169199    27.3356    8.7004
22.1124    27.427599    8.7004
22.1084    27.433199    8.7004
22.0516    27.518799    8.7004
22.0332    27.546    8.7004
21.9876    27.6092    8.7004
21.918    27.702799    8.7004
21.91    27.713999    8.7004
21.89    27.7388    8.7004
21.8716    27.760399    8.7004
21.8452    27.7964    8.7004
21.8252    27.8188    8.7004
21.764399    27.8836    8.7004
21.7556    27.894    8.7004
21.6876    27.9644    8.7004
21.684399    27.9684    8.7004
21.626    28.022    8.7004
21.617199    28.0308    8.7004
21.5996    28.045198    8.7004
21.5868    28.059599    8.7004
21.57    28.0756    8.7004
21.489199    28.1524    8.7004
21.4636    28.178    8.7004
21.3916    28.247599    8.7004
21.258799    28.373999    8.7004
21.2116    28.418    8.7004
21.2044    28.424398    8.7004
21.1628    28.462    8.7004
21.1028    28.511599    8.7004
21.1028    28.5124    8.7004
21.102    28.5124    8.7004
21.0956    28.517199    8.7004
20.9884    28.602    8.7004
20.9676    28.618    8.7004
20.944399    28.6348    8.7004
20.854    28.701199    8.7004
20.765999    28.7612    8.7004
20.7228    28.7892    8.7004
20.6348    28.8452    8.7004
20.518    28.9172    8.7004
20.43    28.9716    8.7004
20.312399    29.042799    8.7004
20.237999    29.09    8.7004
20.195599    29.115599    8.7004
20.13    29.154    8.7004
20.1052    29.169199    8.7004
20.0068    29.223598    8.7004
19.906    29.2804    8.7004
19.8492    29.310799    8.7004
19.788399    29.344398    8.7004
19.75    29.3676    8.7004
19.7276    29.3788    8.7004
19.6796    29.4028    8.7004
19.6356    29.425999    8.7004
19.5836    29.4492    8.7004
19.557999    29.461199    8.7004
19.5284    29.4732    8.7004
19.4868    29.4916    8.7004
19.4508    29.5084    8.7004
19.366    29.546799    8.7004
19.334    29.5612    8.7004
19.2948    29.580399    8.7004
19.2708    29.593199    8.7004
19.2172    29.6164    8.7004
19.206    29.622    8.7004
19.142    29.649199    8.7004
19.1092    29.6644    8.7004
19.063599    29.682798    8.7004
19.0284    29.6988    8.7004
19.001999    29.7108    8.7004
18.962    29.729198    8.7004
18.9476    29.736399    8.7004
18.902    29.7596    8.7004
18.881199    29.7684    8.7004
18.8324    29.792398    8.7004
18.806    29.806799    8.7004
18.784399    29.817999    8.7004
18.7668    29.8268    8.7004
18.7044    29.8604    8.7004
18.650799    29.8916    8.7004
18.621199    29.91    8.7004
18.566    29.941198    8.7004
18.5236    29.966799    8.7004
18.4644    30.004398    8.7004
18.4116    30.0388    8.7004
18.338    30.0868    8.7004
18.3084    30.1068    8.7004
18.2412    30.1556    8.7004
18.197199    30.1892    8.7004
18.1644    30.2148    8.7004
18.0972    30.265999    8.7004
18.0868    30.274    8.7004
18.042    30.3116    8.7004
18.018    30.331598    8.7004
17.97    30.3732    8.7004
17.9572    30.385199    8.7004
17.918    30.420399    8.7004
17.8876    30.4508    8.7004
17.8652    30.4732    8.7004
17.7908    30.55    8.7004
17.784399    30.5556    8.7004
17.782    30.557999    8.7004
17.7788    30.561998    8.7004
17.7044    30.641998    8.7004
17.6548    30.6964    8.7004
17.65    30.702799    8.7004
17.6412    30.7132    8.7004
17.500399    30.877998    8.7004
17.4988    30.8804    8.7004
17.4972    30.882    8.7004
17.4412    30.9476    8.7004
17.416399    30.976398    8.7004
17.3508    31.0556    8.7004
17.3332    31.0756    8.7004
17.2908    31.125198    8.7004
17.288399    31.1276    8.7004
17.2852    31.130798    8.7004
17.2564    31.161999    8.7004
17.247599    31.169199    8.7004
17.2276    31.189999    8.7004
17.2164    31.193998    8.7004
17.2012    31.206799    8.7004
17.185999    31.213999    8.7004
17.1756    31.221199    8.7004
17.1652    31.226    8.7004
17.1484    31.2332    8.7004
17.126799    31.2428    8.7004
17.114    31.2468    8.7004
17.0396    31.269999    8.7004
17.022    31.275599    8.7004
17.0164    31.278    8.7004
16.9396    31.297998    8.7004
16.933199    31.299599    8.7004
16.9268    31.301199    8.7004
16.9188    31.3028    8.7004
16.806    31.3268    8.7004
16.778    31.331598    8.7004
16.7404    31.3364    8.7004
16.713999    31.3412    8.7004
16.702799    31.3484    8.7004
16.6932    31.358    8.7004
16.674    31.3652    8.7004
16.6644    31.375599    8.7004
16.6492    31.386799    8.7004
16.645199    31.3972    8.7004
16.626    31.418    8.7004
16.6236    31.434    8.7004
16.6236    31.442    8.7004
16.618    31.461199    8.7004
16.614    31.470798    8.7004
16.614    31.479599    8.7004
16.6132    31.505999    8.7004
16.6132    31.515598    8.7004
16.605999    31.552399    8.7004
16.6036    31.5684    8.7004
16.5996    31.598    8.7004
16.59    31.6428    8.7004
16.5852    31.660398    8.7004
16.5732    31.7076    8.7004
16.5612    31.745998    8.7004
16.541199    31.805199    8.7004
16.531599    31.831598    8.7004
16.5052    31.8972    8.7004
16.498    31.9172    8.7004
16.4876    31.9396    8.7004
16.4588    32.0076    8.7004
16.433199    32.0556    8.7004
16.4068    32.101997    8.7004
16.3708    32.1708    8.7004
16.3436    32.217197    8.7004
16.322    32.2516    8.7004
16.2932    32.2996    8.7004
16.2652    32.3476    8.7004
16.237999    32.3956    8.7004
16.2124    32.4332    8.7004
16.154    32.526    8.7004
16.1204    32.578    8.7004
16.076399    32.6468    8.7004
16.029999    32.714    8.7004
16.0092    32.7444    8.7004
15.9204    32.8628    8.7004
15.7892    33.0388    8.7004
15.761999    33.073997    8.7004
15.7076    33.142    8.7004
15.6852    33.17    8.7004
15.658    33.2012    8.7004
15.607599    33.2588    8.7004
15.590799    33.2756    8.7004
15.5348    33.332397    8.7004
15.493199    33.37    8.7004
15.434    33.4228    8.7004
15.4164    33.438    8.7004
15.378799    33.469997    8.7004
15.3516    33.4916    8.7004
15.285999    33.5436    8.7004
15.2612    33.5612    8.7004
15.211599    33.5972    8.7004
15.1779995    33.6204    8.7004
15.1396    33.6452    8.7004
15.124399    33.654    8.7004
15.094    33.6732    8.7004
15.082    33.6788    8.7004
15.050799    33.6964    8.7004
15.033199    33.7044    8.7004
14.970799    33.7324    8.7004
14.9508    33.7412    8.7004
14.9172    33.756397    8.7004
14.8675995    33.7748    8.7004
14.8396    33.786    8.7004
14.8132    33.7916    8.7004
14.7996    33.7956    8.7004
14.786799    33.798798    8.7004
14.7644    33.8036    8.7004
14.7244    33.815598    8.7004
14.694799    33.821198    8.7004
14.6516    33.8284    8.7004
14.6212    33.832397    8.7004
14.591599    33.8372    8.7004
14.566    33.846798    8.7004
14.5515995    33.8516    8.7004
14.5124    33.860397    8.7004
14.499599    33.863598    8.7004
14.4724    33.865997    8.7004
14.4508    33.8708    8.7004
14.411599    33.8756    8.7004
14.3932    33.8788    8.7004
14.3756    33.8852    8.7004
14.3348    33.897198    8.7004
14.303599    33.9004    8.7004
14.3004    33.9012    8.7004
14.254    33.9132    8.7004
14.242    33.9172    8.7004
14.193999    33.93    8.7004
14.174    33.936398    8.7004
14.1356    33.95    8.7004
14.098    33.9604    8.7004
14.07    33.9684    8.7004
14.0604    33.969997    8.7004
14.049999    33.9724    8.7004
14.0356    33.974    8.7004
14.0028    33.982    8.7004
13.9852    33.984398    8.7004
13.9716    33.9836    8.7004
13.947599    33.986797    8.7004
13.9164    33.9892    8.7004
13.9108    33.9892    8.7004
13.907599    33.9884    8.7004
13.905999    33.9876    8.7004
13.901999    33.986    8.7004
13.865999    33.9764    8.7004
13.837999    33.9652    8.7004
13.8276    33.9612    8.7004
13.820399    33.9572    8.7004
13.797199    33.938    8.7004
13.79    33.9324    8.7004
13.7612    33.8988    8.7004
13.757999    33.8948    8.7004
13.757199    33.8948    8.7004
