8.2388    15.0252    11.4004
8.2372    15.0171995    11.4004
8.234    14.999599    11.4004
8.21    14.8756    11.4004
8.1804    14.7372    11.4004
8.1756    14.714    11.4004
8.1476    14.5812    11.4004
8.1396    14.544399    11.4004
8.098    14.3588    11.4004
8.0956    14.346    11.4004
8.0859995    14.3012    11.4004
8.0644    14.2092    11.4004
8.0212    14.027599    11.4004
8.018    14.015599    11.4004
8.010799    13.9828    11.4004
7.9891996    13.8868    11.4004
7.9764    13.8292    11.4004
7.9532    13.7324    11.4004
7.9515996    13.722799    11.4004
7.9259996    13.613999    11.4004
7.9179997    13.5812    11.4004
7.9171996    13.5772    11.4004
7.9156    13.5708    11.4004
7.8868    13.45    11.4004
7.8676    13.3644    11.4004
7.8556    13.3076    11.4004
7.8371997    13.2276    11.4004
7.8307996    13.198    11.4004
7.7988    13.0412    11.4004
7.7804    12.946    11.4004
7.7675996    12.883599    11.4004
7.7507997    12.802799    11.4004
7.7324    12.7028    11.4004
7.7316    12.702    11.4004
7.7204    12.6324    11.4004
7.7139997    12.6068    11.4004
7.7131996    12.6044    11.4004
7.7004    12.5828    11.4004
7.6987996    12.5764    11.4004
7.6819997    12.558    11.4004
7.678    12.5492    11.4004
7.6572    12.527599    11.4004
7.6507998    12.5188    11.4004
7.6275997    12.5004    11.4004
7.6155996    12.486    11.4004
7.5916    12.4636    11.4004
7.582    12.4539995    11.4004
7.5676    12.4404    11.4004
7.5379996    12.41    11.4004
7.4588    12.325999    11.4004
7.45    12.315599    11.4004
7.4268    12.2884    11.4004
7.3844    12.2452    11.4004
7.3756    12.2355995    11.4004
7.37    12.229199    11.4004
7.3436    12.198    11.4004
7.3227997    12.1668    11.4004
7.3188    12.1612    11.4004
7.3044    12.138    11.4004
7.2988    12.13    11.4004
7.278    12.0828    11.4004
7.2716    12.0708    11.4004
7.266    12.0588    11.4004
7.2595997    12.0404    11.4004
7.238    11.9852    11.4004
7.2356    11.9788    11.4004
7.2339997    11.9732    11.4004
7.2283998    11.9572    11.4004
7.2187996    11.923599    11.4004
7.218    11.91    11.4004
7.2172    11.889199    11.4004
7.2204    11.8596    11.4004
7.2219996    11.8508    11.4004
7.2251997    11.832399    11.4004
7.2331996    11.794    11.4004
7.2372    11.782    11.4004
7.2388    11.774    11.4004
7.2404    11.766    11.4004
7.2492    11.7436    11.4004
7.2419996    11.722799    11.4004
7.2348    11.7036    11.4004
7.2244    11.688399    11.4004
7.2236    11.6868    11.4004
7.2148    11.662    11.4004
7.2131996    11.660399    11.4004
7.2116    11.6508    11.4004
7.2051997    11.6228    11.4004
7.2051997    11.619599    11.4004
7.2051997    11.6164    11.4004
7.2068    11.61    11.4004
7.2084    11.5884    11.4004
7.2172    11.567599    11.4004
7.2283998    11.544399    11.4004
7.2516    11.4972    11.4004
7.2636    11.475599    11.4004
7.278    11.4484    11.4004
7.2844    11.438    11.4004
7.2988    11.4196    11.4004
7.3083997    11.406799    11.4004
7.3164    11.3988    11.4004
7.3339996    11.373199    11.4004
7.3483996    11.3564    11.4004
7.3492    11.354    11.4004
7.3724    11.325999    11.4004
7.3732    11.3228    11.4004
7.3771996    11.318    11.4004
7.3876    11.297999    11.4004
7.3924    11.2932    11.4004
7.4132    11.254    11.4004
7.4179997    11.2492    11.4004
7.4291997    11.2268    11.4004
7.4347997    11.2188    11.4004
7.45    11.1876    11.4004
7.4515996    11.1852    11.4004
7.4532    11.182799    11.4004
7.4908    11.119599    11.4004
7.4979997    11.1092    11.4004
7.5388    11.033199    11.4004
7.5692    10.9788    11.4004
7.5772    10.965199    11.4004
7.5796    10.953199    11.4004
7.5899997    10.936399    11.4004
7.5964    10.9164    11.4004
7.594    10.9052    11.4004
7.5908    10.8748    11.4004
7.5899997    10.873199    11.4004
7.5684    10.8508    11.4004
7.5643997    10.849999    11.4004
7.5467997    10.8468    11.4004
7.5355997    10.8428    11.4004
7.5132    10.843599    11.4004
7.5044    10.844399    11.4004
7.4844    10.843599    11.4004
7.4476    10.842    11.4004
7.3956    10.834    11.4004
7.3844    10.8316    11.4004
7.3732    10.8292    11.4004
7.3364    10.8188    11.4004
7.2915998    10.7996    11.4004
7.2556    10.7852    11.4004
7.2388    10.774799    11.4004
7.2131996    10.7596    11.4004
7.2019997    10.7532    11.4004
7.1948    10.7476    11.4004
7.1851997    10.738    11.4004
7.1843996    10.711599    11.4004
7.1828    10.705999    11.4004
7.1828    10.6852    11.4004
7.1812    10.6779995    11.4004
7.1819997    10.65    11.4004
7.1828    10.648399    11.4004
7.1828    10.6476    11.4004
7.1892    10.631599    11.4004
7.1907997    10.6244    11.4004
7.2051997    10.5932    11.4004
7.2092    10.582    11.4004
7.2228    10.5524    11.4004
7.2331996    10.53    11.4004
7.2539997    10.4836    11.4004
7.2627997    10.465199    11.4004
7.2956    10.3972    11.4004
7.3203998    10.3476    11.4004
7.3476    10.294    11.4004
7.3676    10.2548    11.4004
7.3964    10.202    11.4004
7.422    10.1564    11.4004
7.4515996    10.0988    11.4004
7.4884    10.0236    11.4004
7.5052    9.9883995    11.4004
7.5596    9.8748    11.4004
7.5667996    9.8596    11.4004
7.5908    9.806    11.4004
7.6724    9.6244    11.4004
7.71    9.5484    11.4004
7.7451997    9.474    11.4004
7.818    9.3308    11.4004
7.8315997    9.306    11.4004
7.842    9.285999    11.4004
7.8756    9.2252    11.4004
7.8971996    9.186    11.4004
7.9156    9.1556    11.4004
7.9227996    9.142    11.4004
7.9315996    9.1244    11.4004
7.9323997    9.1164    11.4004
7.9364    9.0876    11.4004
7.9364    9.0868    11.4004
7.9356    9.0859995    11.4004
7.9356    9.0524    11.4004
7.9356    9.0515995    11.4004
7.934    9.028399    11.4004
7.934    9.027599    11.4004
7.9244    9.002    11.4004
7.922    8.999599    11.4004
7.9188    8.9883995    11.4004
7.914    8.966    11.4004
7.9027996    8.9004    11.4004
7.8996    8.8852    11.4004
7.8915997    8.821199    11.4004
7.89    8.8084    11.4004
7.8883996    8.7908    11.4004
7.8844    8.7108    11.4004
7.8827996    8.6852    11.4004
7.882    8.6508    11.4004
7.8827996    8.5956    11.4004
7.8835998    8.5876    11.4004
7.8876    8.533199    11.4004
7.8924    8.4804    11.4004
7.8924    8.4756    11.4004
7.9012    8.446    11.4004
7.902    8.4396    11.4004
7.9083996    8.4251995    11.4004
7.9108    8.4156    11.4004
7.9188    8.4028    11.4004
7.9315996    8.384399    11.4004
7.9564    8.3508    11.4004
7.9603996    8.3452    11.4004
7.9859996    8.314    11.4004
7.9947996    8.3043995    11.4004
8.0388    8.2516    11.4004
8.0596    8.2276    11.4004
8.082    8.2044    11.4004
8.1172    8.17    11.4004
8.1452    8.1435995    11.4004
8.1723995    8.120399    11.4004
8.1988    8.0996    11.4004
8.2244    8.0788    11.4004
8.2708    8.045199    11.4004
8.2956    8.027599    11.4004
8.3331995    8.005199    11.4004
8.342    8.0004    11.4004
8.3692    7.9891996    11.4004
8.3796    7.9852    11.4004
8.3868    7.982    11.4004
8.3948    7.9796    11.4004
8.435599    7.9596    11.4004
8.486    7.9476    11.4004
8.528399    7.9371996    11.4004
8.5348    7.9364    11.4004
8.5364    7.9356    11.4004
8.5388    7.9356    11.4004
8.5996    7.9252    11.4004
8.654799    7.9171996    11.4004
8.662    7.9156    11.4004
8.7044    7.91    11.4004
8.7204    7.9076    11.4004
8.7972    7.9003997    11.4004
8.806    7.8996    11.4004
8.8084    7.8996    11.4004
8.8108    7.8996    11.4004
8.8948    7.9012    11.4004
8.9044    7.9012    11.4004
8.953199    7.902    11.4004
9.01    7.9076    11.4004
9.0428    7.9108    11.4004
9.0548    7.9124    11.4004
9.0748    7.9147997    11.4004
9.1036    7.9196    11.4004
9.118    7.9235997    11.4004
9.1636    7.9388    11.4004
9.1756    7.9427996    11.4004
9.182799    7.9459996    11.4004
9.2044    7.9588    11.4004
9.226    7.9708    11.4004
9.2355995    7.9779997    11.4004
9.240399    7.9803996    11.4004
9.2428    7.9828    11.4004
9.2476    7.9859996    11.4004
9.306    8.0292    11.4004
9.33    8.0492    11.4004
9.3764    8.0859995    11.4004
9.4028    8.108399    11.4004
9.4316    8.1348    11.4004
9.4636    8.1628    11.4004
9.5196    8.217199    11.4004
9.539599    8.2372    11.4004
9.5924    8.292399    11.4004
9.597199    8.2972    11.4004
9.613999    8.315599    11.4004
9.6404    8.346    11.4004
9.700399    8.4164    11.4004
9.7012    8.4172    11.4004
9.7244    8.4508    11.4004
9.726    8.4539995    11.4004
9.7355995    8.4796    11.4004
9.7372    8.4852    11.4004
9.742    8.498    11.4004
9.742    8.5132    11.4004
9.742    8.533999    11.4004
9.738    8.5692    11.4004
9.7324    8.6124    11.4004
9.7276    8.6508    11.4004
9.7252    8.6652    11.4004
9.7164    8.7028    11.4004
9.7148    8.705999    11.4004
9.7132    8.711599    11.4004
9.6908    8.757999    11.4004
9.688399    8.7628    11.4004
9.682    8.7732    11.4004
9.653999    8.8252    11.4004
9.63    8.8548    11.4004
9.6292    8.8564    11.4004
9.6284    8.8572    11.4004
9.591599    8.882    11.4004
9.5892    8.8828    11.4004
9.5876    8.8836    11.4004
9.5748    8.8884    11.4004
9.5436    8.9004    11.4004
9.533999    8.9052    11.4004
9.510799    8.918799    11.4004
9.493199    8.936399    11.4004
9.486    8.941199    11.4004
9.4796    8.947599    11.4004
9.474    8.962    11.4004
9.4748    8.969999    11.4004
9.474    8.9772    11.4004
9.4748    8.9844    11.4004
9.4748    9.0116    11.4004
9.475599    9.0556    11.4004
9.476399    9.0788    11.4004
9.4716    9.1956    11.4004
9.470799    9.2148    11.4004
9.469999    9.2276    11.4004
9.465199    9.29    11.4004
9.4524    9.4812    11.4004
9.45    9.538    11.4004
9.4468    9.619599    11.4004
9.4444    9.67    11.4004
9.4428    9.762    11.4004
9.4436    9.802    11.4004
9.4436    9.9044    11.4004
9.4436    9.9524    11.4004
9.446    10.0859995    11.4004
9.4492    10.309999    11.4004
9.4484    10.3604    11.4004
9.4508    10.4492    11.4004
9.4508    10.533199    11.4004
9.4508    10.539599    11.4004
9.4516    10.6124    11.4004
9.4508    10.6804    11.4004
9.4508    10.774    11.4004
9.4508    10.8228    11.4004
9.4524    10.9539995    11.4004
9.4524    10.9804    11.4004
9.453199    11.0484    11.4004
9.453199    11.1012    11.4004
9.4539995    11.1508    11.4004
9.4539995    11.21    11.4004
9.4564    11.2612    11.4004
9.4572    11.294    11.4004
9.458    11.302    11.4004
9.458799    11.3292    11.4004
9.462    11.394    11.4004
9.4676    11.506    11.4004
9.4676    11.5068    11.4004
9.4684    11.5076    11.4004
9.4684    11.509999    11.4004
9.4844    11.6748    11.4004
9.4908    11.7268    11.4004
9.5028    11.8476    11.4004
9.5092    11.9052    11.4004
9.5316    12.0708    11.4004
9.533999    12.0932    11.4004
9.5348    12.098    11.4004
9.5515995    12.2411995    11.4004
9.558    12.2996    11.4004
9.567599    12.3932    11.4004
9.578    12.4844    11.4004
9.5859995    12.578799    11.4004
9.5876    12.613199    11.4004
9.5924    12.665199    11.4004
9.606    12.825999    11.4004
9.606    12.8276    11.4004
9.6068    12.8308    11.4004
9.6147995    12.9116    11.4004
9.6156    12.924399    11.4004
9.620399    12.9972    11.4004
9.622    13.015599    11.4004
9.625199    13.055599    11.4004
9.631599    13.1804    11.4004
9.6356    13.2596    11.4004
9.638    13.3124    11.4004
9.642    13.3868    11.4004
9.6444    13.4428    11.4004
9.6491995    13.515599    11.4004
9.6516    13.5948    11.4004
9.6532    13.6412    11.4004
9.653999    13.7212    11.4004
9.6532    13.7612    11.4004
9.654799    13.8196    11.4004
9.654799    13.8308    11.4004
9.654799    13.901999    11.4004
9.653999    13.926    11.4004
9.6556    13.9836    11.4004
9.6532    14.0724    11.4004
9.6516    14.1164    11.4004
9.65    14.134    11.4004
9.65    14.146    11.4004
9.65    14.158    11.4004
9.646    14.2556    11.4004
9.637199    14.366799    11.4004
9.637199    14.374    11.4004
9.6364    14.386    11.4004
9.625199    14.555599    11.4004
9.6236    14.579599    11.4004
9.6172    14.6556    11.4004
9.6092    14.746799    11.4004
9.6044    14.8516    11.4004
9.601999    14.882799    11.4004
9.5996    14.9844    11.4004
9.5988    15.005199    11.4004
9.601999    15.0476    11.4004
9.6052    15.0996    11.4004
9.6092    15.1324    11.4004
9.619599    15.199599    11.4004
9.63    15.251599    11.4004
9.6435995    15.3043995    11.4004
9.6508    15.3476    11.4004
9.6532    15.3572    11.4004
9.6844    15.463599    11.4004
9.694799    15.4939995    11.4004
9.723599    15.5876    11.4004
9.7372    15.6268    11.4004
9.7556    15.6796    11.4004
9.7612    15.694799    11.4004
9.8043995    15.8188    11.4004
9.806    15.8244    11.4004
9.826    15.877199    11.4004
9.8532    15.95    11.4004
9.8572    15.9604    11.4004
9.912399    16.104399    11.4004
9.935599    16.1668    11.4004
9.9676    16.25    11.4004
10.0004    16.340399    11.4004
10.0156    16.3796    11.4004
10.0724    16.5236    11.4004
10.113999    16.6276    11.4004
10.119599    16.6428    11.4004
10.1292    16.669199    11.4004
10.1708    16.7764    11.4004
10.2028    16.8596    11.4004
10.2396    16.9508    11.4004
10.2764    17.0452    11.4004
10.3228    17.1628    11.4004
10.37    17.289999    11.4004
10.3892    17.3428    11.4004
10.3948    17.357199    11.4004
10.4492    17.496399    11.4004
10.4548    17.5116    11.4004
10.476399    17.569199    11.4004
10.5171995    17.678    11.4004
10.5772    17.8396    11.4004
10.6012    17.902    11.4004
10.6524    18.0436    11.4004
10.6916    18.150799    11.4004
10.6988    18.173199    11.4004
10.7084    18.198    11.4004
10.7452    18.2964    11.4004
10.778    18.3772    11.4004
10.7892    18.4052    11.4004
10.8292    18.4996    11.4004
10.8476    18.542799    11.4004
10.8588    18.5676    11.4004
10.8972    18.6524    11.4004
10.9212    18.6964    11.4004
10.9284    18.7116    11.4004
10.946    18.743599    11.4004
10.9516    18.753199    11.4004
10.9539995    18.7564    11.4004
10.986    18.821999    11.4004
10.998799    18.847599    11.4004
11.026    18.8972    11.4004
11.0428    18.93    11.4004
11.0532    18.949999    11.4004
11.073999    18.9812    11.4004
11.0803995    18.990799    11.4004
11.1052    19.0284    11.4004
11.1324    19.0732    11.4004
11.1516    19.1036    11.4004
11.158    19.1148    11.4004
11.19    19.1628    11.4004
11.1972    19.1764    11.4004
11.2204    19.2108    11.4004
11.2252    19.2188    11.4004
11.2355995    19.2372    11.4004
11.2492    19.253199    11.4004
11.2508    19.2564    11.4004
11.262    19.27    11.4004
11.2788    19.2948    11.4004
11.2892    19.3156    11.4004
11.303599    19.342    11.4004
11.3124    19.358799    11.4004
11.321199    19.373999    11.4004
11.325999    19.3844    11.4004
11.3476    19.416399    11.4004
11.361199    19.437199    11.4004
11.3684    19.448399    11.4004
11.384399    19.4756    11.4004
11.401999    19.505999    11.4004
11.406    19.5124    11.4004
11.4092    19.517199    11.4004
11.4572    19.5884    11.4004
11.487599    19.633999    11.4004
11.5004    19.654    11.4004
11.5092    19.669199    11.4004
11.5236    19.695599    11.4004
11.5316    19.708399    11.4004
11.5524    19.7388    11.4004
11.5644    19.7556    11.4004
11.5803995    19.778    11.4004
11.613199    19.8132    11.4004
11.6356    19.845999    11.4004
11.658    19.886799    11.4004
11.6644    19.897999    11.4004
11.671599    19.9084    11.4004
11.7212    19.972399    11.4004
11.751599    20.011599    11.4004
11.7564    20.018    11.4004
11.7588    20.022    11.4004
11.7884    20.070799    11.4004
11.8043995    20.0972    11.4004
11.818    20.1148    11.4004
11.8508    20.1548    11.4004
11.866799    20.174799    11.4004
11.883599    20.201199    11.4004
11.9004    20.2292    11.4004
11.918799    20.2572    11.4004
11.926    20.2676    11.4004
11.9444    20.2924    11.4004
11.9516    20.3036    11.4004
11.9548    20.3076    11.4004
11.981999    20.3428    11.4004
12.0036    20.3676    11.4004
12.006    20.3708    11.4004
12.0148    20.382    11.4004
12.0556    20.4348    11.4004
12.101999    20.49    11.4004
12.125999    20.518799    11.4004
12.1324    20.5252    11.4004
12.1723995    20.5716    11.4004
12.182    20.5812    11.4004
12.2028    20.6028    11.4004
12.222    20.6252    11.4004
12.239599    20.646    11.4004
12.2548    20.666    11.4004
12.2708    20.6852    11.4004
12.2932    20.71    11.4004
12.3188    20.7348    11.4004
12.338799    20.7508    11.4004
12.3644    20.765999    11.4004
12.4116    20.7988    11.4004
12.4164    20.802    11.4004
12.4196    20.8044    11.4004
12.4228    20.8076    11.4004
12.4836    20.853199    11.4004
12.5084    20.8708    11.4004
12.533999    20.897999    11.4004
12.5364    20.8996    11.4004
12.539599    20.9012    11.4004
12.5644    20.9132    11.4004
12.566    20.9124    11.4004
12.5668    20.91    11.4004
12.59    20.8804    11.4004
12.597199    20.834    11.4004
12.597199    20.8316    11.4004
12.597199    20.8308    11.4004
12.597199    20.83    11.4004
12.6004    20.788399    11.4004
12.6228    20.7508    11.4004
12.625999    20.7484    11.4004
12.642799    20.746    11.4004
12.658    20.741999    11.4004
12.665199    20.7428    11.4004
12.7852    20.758    11.4004
12.8652    20.7748    11.4004
12.9492    20.788399    11.4004
13.042    20.8076    11.4004
13.044399    20.8076    11.4004
13.045199    20.8076    11.4004
13.046    20.8084    11.4004
13.0956    20.8252    11.4004
13.119599    20.834799    11.4004
13.17    20.8556    11.4004
13.1788    20.8596    11.4004
13.1812    20.8604    11.4004
13.188399    20.8652    11.4004
13.2428    20.9004    11.4004
13.2732    20.9252    11.4004
13.2828    20.933199    11.4004
13.2876    20.938    11.4004
13.3052    20.9524    11.4004
13.322    20.966799    11.4004
13.3308    20.973999    11.4004
13.338799    20.9804    11.4004
13.372399    21.0084    11.4004
13.4044    21.037199    11.4004
13.4228    21.052399    11.4004
13.4796    21.1076    11.4004
13.4844    21.111599    11.4004
13.538    21.1684    11.4004
13.5571995    21.1892    11.4004
13.6068    21.2444    11.4004
13.6388    21.2796    11.4004
13.648399    21.2908    11.4004
13.665999    21.3076    11.4004
13.7564    21.3988    11.4004
13.806    21.4468    11.4004
13.842799    21.483599    11.4004
13.865999    21.5052    11.4004
13.895599    21.531599    11.4004
13.914    21.548399    11.4004
13.9612    21.585999    11.4004
13.981199    21.6028    11.4004
14.079599    21.6828    11.4004
14.0948    21.695599    11.4004
14.1172    21.7172    11.4004
14.1452    21.7468    11.4004
14.2204    21.8252    11.4004
14.292399    21.897999    11.4004
14.309999    21.9156    11.4004
14.3572    21.959599    11.4004
14.3684    21.97    11.4004
14.4028    21.998    11.4004
14.4164    22.0092    11.4004
14.457999    22.046    11.4004
14.5124    22.0972    11.4004
14.5484    22.126799    11.4004
14.618    22.1836    11.4004
14.698    22.254799    11.4004
14.7476    22.2964    11.4004
14.818    22.354    11.4004
14.846    22.3764    11.4004
14.912399    22.4284    11.4004
14.9539995    22.459599    11.4004
14.9939995    22.4916    11.4004
15.089999    22.565199    11.4004
15.1052    22.5772    11.4004
15.1412    22.605999    11.4004
15.200399    22.6524    11.4004
15.268399    22.7076    11.4004
15.3012    22.7316    11.4004
15.331599    22.754799    11.4004
15.377199    22.7892    11.4004
15.446799    22.844398    11.4004
15.4939995    22.882    11.4004
15.5244    22.903599    11.4004
15.5828    22.944399    11.4004
15.6276    22.979599    11.4004
15.689199    23.0236    11.4004
15.7244    23.0492    11.4004
15.854799    23.137999    11.4004
15.861199    23.142    11.4004
15.8684    23.1468    11.4004
15.934    23.185999    11.4004
15.941999    23.1908    11.4004
15.946799    23.1932    11.4004
15.9539995    23.1964    11.4004
15.9716    23.206    11.4004
15.9883995    23.2156    11.4004
16.0308    23.2388    11.4004
16.0396    23.241999    11.4004
16.0508    23.2468    11.4004
16.0924    23.2636    11.4004
16.1132    23.2708    11.4004
16.122799    23.274    11.4004
16.1332    23.2764    11.4004
16.191599    23.2892    11.4004
16.202799    23.289999    11.4004
16.288399    23.3028    11.4004
16.2908    23.3028    11.4004
16.295599    23.3028    11.4004
16.323599    23.3044    11.4004
16.4124    23.3044    11.4004
16.4132    23.3044    11.4004
16.5996    23.3132    11.4004
16.6484    23.314    11.4004
16.726799    23.3172    11.4004
16.8676    23.3188    11.4004
16.8708    23.3188    11.4004
16.886799    23.3204    11.4004
16.962    23.326    11.4004
16.9708    23.3268    11.4004
17.0396    23.3372    11.4004
17.063599    23.3428    11.4004
17.1276    23.3604    11.4004
17.166    23.3708    11.4004
17.2124    23.3844    11.4004
17.2916    23.41    11.4004
17.3076    23.414799    11.4004
17.33    23.421999    11.4004
17.410799    23.4492    11.4004
17.4356    23.459599    11.4004
17.4756    23.476398    11.4004
17.4764    23.476398    11.4004
17.51    23.494    11.4004
17.5212    23.500399    11.4004
17.5604    23.5236    11.4004
17.576399    23.533998    11.4004
17.598    23.546799    11.4004
17.6236    23.565199    11.4004
17.6596    23.59    11.4004
17.7036    23.622    11.4004
17.7396    23.6484    11.4004
17.7684    23.6724    11.4004
17.8036    23.7004    11.4004
17.847599    23.7372    11.4004
17.869999    23.754799    11.4004
17.882    23.7612    11.4004
17.903599    23.7684    11.4004
17.9436    23.764399    11.4004
17.9548    23.7636    11.4004
17.958    23.7636    11.4004
17.9588    23.764399    11.4004
17.9804    23.765999    11.4004
18.0156    23.7748    11.4004
18.0332    23.7804    11.4004
18.070799    23.7908    11.4004
18.1012    23.799599    11.4004
18.115599    23.8044    11.4004
18.1828    23.827599    11.4004
18.254799    23.855598    11.4004
18.305199    23.8748    11.4004
18.39    23.909199    11.4004
18.3972    23.9116    11.4004
18.409199    23.9172    11.4004
18.4692    23.9452    11.4004
18.4828    23.9508    11.4004
18.496399    23.9588    11.4004
18.5164    23.9684    11.4004
18.5292    23.9772    11.4004
18.5396    23.985199    11.4004
18.55    23.994799    11.4004
18.566    24.0124    11.4004
18.6052    24.0604    11.4004
18.6068    24.063599    11.4004
18.697199    24.185999    11.4004
18.7004    24.1908    11.4004
18.7076    24.1996    11.4004
18.747599    24.2556    11.4004
18.7652    24.2804    11.4004
18.7812    24.305199    11.4004
18.8196    24.369999    11.4004
18.8204    24.3716    11.4004
18.8604    24.442    11.4004
18.868399    24.4564    11.4004
18.868399    24.4572    11.4004
18.8964    24.518    11.4004
18.902    24.537199    11.4004
18.9068    24.5572    11.4004
18.91    24.578    11.4004
18.914    24.6052    11.4004
18.914799    24.6204    11.4004
18.9156    24.6588    11.4004
18.914799    24.6852    11.4004
18.9124    24.726799    11.4004
18.9068    24.7668    11.4004
18.9052    24.781199    11.4004
18.9028    24.7964    11.4004
18.8996    24.814    11.4004
18.892399    24.857199    11.4004
18.8828    24.901999    11.4004
18.8788    24.918    11.4004
18.8732    24.938799    11.4004
18.8636    24.9636    11.4004
18.8556    24.989199    11.4004
18.851599    24.998    11.4004
18.8412    25.0148    11.4004
18.8324    25.0276    11.4004
18.8188    25.045198    11.4004
18.8092    25.0548    11.4004
18.7924    25.0732    11.4004
18.7156    25.1412    11.4004
18.7076    25.149199    11.4004
18.691599    25.161999    11.4004
18.6404    25.2036    11.4004
18.6164    25.222    11.4004
18.5788    25.25    11.4004
18.526    25.2876    11.4004
18.507599    25.299599    11.4004
18.501999    25.3028    11.4004
18.4804    25.3156    11.4004
18.4636    25.3252    11.4004
18.4364    25.342    11.4004
18.425999    25.3468    11.4004
18.418    25.3492    11.4004
18.4044    25.351599    11.4004
18.3908    25.353199    11.4004
18.381199    25.3564    11.4004
18.354    25.3548    11.4004
18.3524    25.3548    11.4004
18.351599    25.3548    11.4004
18.3252    25.3484    11.4004
18.3004    25.3412    11.4004
18.271599    25.333199    11.4004
18.2708    25.3324    11.4004
18.27    25.3324    11.4004
18.226    25.316399    11.4004
18.197199    25.3044    11.4004
18.1868    25.299599    11.4004
18.1604    25.286798    11.4004
18.1548    25.284399    11.4004
18.1532    25.282799    11.4004
18.1348    25.2732    11.4004
18.1132    25.258    11.4004
18.1028    25.2516    11.4004
18.0836    25.237999    11.4004
18.076399    25.232399    11.4004
18.07    25.225199    11.4004
18.057999    25.2148    11.4004
18.042799    25.1924    11.4004
18.0308    25.174799    11.4004
18.0268    25.1684    11.4004
18.01    25.1356    11.4004
18.0068    25.1308    11.4004
17.9924    25.1052    11.4004
17.983599    25.1052    11.4004
17.9628    25.105999    11.4004
17.9564    25.105999    11.4004
17.954    25.1076    11.4004
17.942799    25.115599    11.4004
17.921999    25.1236    11.4004
17.903599    25.1308    11.4004
17.8724    25.1444    11.4004
17.8436    25.156399    11.4004
17.7708    25.1796    11.4004
17.7316    25.1924    11.4004
17.674799    25.206799    11.4004
17.6236    25.2188    11.4004
17.6084    25.222    11.4004
17.5788    25.226799    11.4004
17.5252    25.2356    11.4004
17.5036    25.236399    11.4004
17.461199    25.237999    11.4004
17.433199    25.2412    11.4004
17.4244    25.2428    11.4004
17.4124    25.241999    11.4004
17.3332    25.2388    11.4004
17.2948    25.234798    11.4004
17.25    25.23    11.4004
17.166    25.2148    11.4004
17.1596    25.2132    11.4004
17.1572    25.212399    11.4004
17.1524    25.2116    11.4004
17.0804    25.195599    11.4004
17.0732    25.194    11.4004
16.996399    25.1708    11.4004
16.9876    25.167599    11.4004
16.983599    25.1668    11.4004
16.9732    25.1628    11.4004
16.933199    25.1476    11.4004
16.9196    25.1428    11.4004
16.8492    25.1132    11.4004
16.8268    25.104399    11.4004
16.7908    25.0884    11.4004
16.7172    25.0564    11.4004
16.5956    24.9996    11.4004
16.586    24.994799    11.4004
16.5748    24.99    11.4004
16.425999    24.924398    11.4004
16.3796    24.9052    11.4004
16.334799    24.886    11.4004
16.27    24.861198    11.4004
16.2612    24.857199    11.4004
16.2556    24.8564    11.4004
16.2484    24.8548    11.4004
16.2284    24.8492    11.4004
16.226    24.8492    11.4004
16.1988    24.8492    11.4004
16.198    24.8492    11.4004
16.1764    24.851599    11.4004
16.1388    24.862    11.4004
16.1364    24.862799    11.4004
16.1292    24.8676    11.4004
16.0404    24.9156    11.4004
15.9484    24.9684    11.4004
15.91    24.99    11.4004
15.8764    25.0108    11.4004
15.750799    25.087599    11.4004
15.67    25.1332    11.4004
15.653199    25.1428    11.4004
15.6444    25.1468    11.4004
15.5756    25.1812    11.4004
15.542    25.195599    11.4004
15.497999    25.212399    11.4004
15.4668    25.222    11.4004
15.418799    25.2356    11.4004
15.3628    25.2508    11.4004
15.3404    25.2564    11.4004
15.3076    25.262    11.4004
15.266    25.2676    11.4004
15.2532    25.2692    11.4004
15.240399    25.2708    11.4004
15.1779995    25.277199    11.4004
15.1052    25.281199    11.4004
15.016399    25.2852    11.4004
15.005199    25.286798    11.4004
14.981999    25.286798    11.4004
14.872399    25.293999    11.4004
14.849999    25.2948    11.4004
14.802799    25.2988    11.4004
14.740399    25.305199    11.4004
14.716399    25.3084    11.4004
14.642799    25.316399    11.4004
14.598    25.323599    11.4004
14.549999    25.3308    11.4004
14.533999    25.334799    11.4004
14.515599    25.3396    11.4004
14.4948    25.345999    11.4004
14.474    25.349998    11.4004
14.462    25.353199    11.4004
14.4516    25.358    11.4004
14.422    25.3716    11.4004
14.3988    25.386799    11.4004
14.3884    25.394    11.4004
14.3572    25.418    11.4004
14.348399    25.4236    11.4004
14.342    25.4284    11.4004
14.3043995    25.462    11.4004
14.2764    25.4884    11.4004
14.2668    25.4988    11.4004
14.251599    25.518    11.4004
14.226    25.55    11.4004
14.2212    25.5572    11.4004
14.2092    25.576399    11.4004
14.194799    25.604399    11.4004
14.1868    25.621199    11.4004
14.177199    25.6484    11.4004
14.162    25.685999    11.4004
14.1524    25.7116    11.4004
14.138    25.754799    11.4004
14.1147995    25.8244    11.4004
14.108399    25.8468    11.4004
14.0644    25.9804    11.4004
14.061999    25.987598    11.4004
14.0308    26.0852    11.4004
14.0171995    26.126799    11.4004
13.981999    26.2284    11.4004
13.9508    26.312399    11.4004
13.9396    26.3428    11.4004
13.9084    26.424398    11.4004
13.8988    26.4476    11.4004
13.8884    26.472399    11.4004
13.8636    26.5324    11.4004
13.849199    26.562    11.4004
13.826799    26.604399    11.4004
13.8132    26.6292    11.4004
13.797199    26.6596    11.4004
13.773999    26.6988    11.4004
13.7612    26.721199    11.4004
13.740399    26.7524    11.4004
13.7123995    26.793999    11.4004
13.6956    26.8172    11.4004
13.670799    26.847599    11.4004
13.619599    26.9124    11.4004
13.6147995    26.9196    11.4004
13.6124    26.9212    11.4004
13.61    26.9236    11.4004
13.558    26.9716    11.4004
13.5356    26.9924    11.4004
13.5092    27.013199    11.4004
13.458799    27.05    11.4004
13.4492    27.0572    11.4004
13.438    27.063599    11.4004
13.3572    27.1092    11.4004
13.33    27.122    11.4004
13.2644    27.15    11.4004
13.257199    27.1524    11.4004
13.1723995    27.180399    11.4004
13.1147995    27.194    11.4004
13.0748    27.202    11.4004
13.055599    27.2044    11.4004
12.981999    27.213999    11.4004
12.9396    27.2188    11.4004
12.883599    27.223598    11.4004
12.846    27.225199    11.4004
12.7908    27.2284    11.4004
12.739599    27.23    11.4004
12.6972    27.23    11.4004
12.6348    27.229198    11.4004
12.607599    27.2284    11.4004
12.601999    27.2284    11.4004
12.5028    27.225199    11.4004
12.45    27.222    11.4004
12.4052    27.2164    11.4004
12.3596    27.212399    11.4004
12.294    27.206799    11.4004
12.280399    27.206    11.4004
12.2708    27.2052    11.4004
12.2244    27.1988    11.4004
12.217199    27.197199    11.4004
12.214    27.197199    11.4004
12.1556    27.1908    11.4004
12.1116    27.182    11.4004
12.1036    27.1812    11.4004
12.0803995    27.178    11.4004
12.009999    27.167599    11.4004
11.9388    27.1556    11.4004
11.912399    27.149199    11.4004
11.860399    27.1372    11.4004
11.8028    27.1236    11.4004
11.7699995    27.1164    11.4004
11.6932    27.0868    11.4004
11.69    27.085999    11.4004
11.674    27.078    11.4004
11.6172    27.0532    11.4004
11.6068    27.0476    11.4004
11.6004    27.0436    11.4004
11.5484    26.9996    11.4004
11.526    26.979599    11.4004
11.510799    26.97    11.4004
11.4684    26.921999    11.4004
11.452399    26.9044    11.4004
11.436399    26.9068    11.4004
11.4164    26.914    11.4004
11.414    26.918798    11.4004
11.407599    26.927599    11.4004
11.401199    26.953999    11.4004
11.3972    26.9692    11.4004
11.3916    26.9924    11.4004
11.377999    27.0324    11.4004
11.373199    27.0444    11.4004
11.3692    27.0612    11.4004
11.360399    27.0836    11.4004
11.3476    27.1164    11.4004
11.3348    27.1412    11.4004
11.3124    27.171598    11.4004
11.303599    27.1812    11.4004
11.3004    27.182798    11.4004
11.2796    27.198    11.4004
11.274    27.2004    11.4004
11.252399    27.2116    11.4004
11.2428    27.213999    11.4004
11.2268    27.213999    11.4004
11.2156    27.2148    11.4004
11.1964    27.2164    11.4004
11.165999    27.2116    11.4004
11.1564    27.208399    11.4004
11.1188    27.1908    11.4004
11.106    27.1852    11.4004
11.0836    27.173199    11.4004
10.9924    27.118    11.4004
10.9716    27.102    11.4004
10.966    27.098    11.4004
10.9196    27.056398    11.4004
10.9036    27.042    11.4004
10.901199    27.0404    11.4004
10.9004    27.0388    11.4004
10.8828    27.0212    11.4004
10.7892    26.9268    11.4004
10.7764    26.9124    11.4004
10.762799    26.897999    11.4004
10.6908    26.821999    11.4004
10.6124    26.734    11.4004
10.6012    26.7204    11.4004
10.590799    26.706799    11.4004
10.566    26.674799    11.4004
10.544399    26.645199    11.4004
10.4964    26.5676    11.4004
10.4908    26.5604    11.4004
10.4844    26.5492    11.4004
10.4772    26.5348    11.4004
10.4372    26.4604    11.4004
10.4292    26.444399    11.4004
10.4092    26.4012    11.4004
10.3876    26.355598    11.4004
10.3619995    26.2988    11.4004
10.285999    26.1244    11.4004
10.280399    26.1108    11.4004
10.2156    25.953999    11.4004
10.182    25.866798    11.4004
10.1588    25.8044    11.4004
10.108399    25.6596    11.4004
10.0932    25.615599    11.4004
10.0844    25.5868    11.4004
10.0588    25.505999    11.4004
10.0404    25.4516    11.4004
10.002    25.3372    11.4004
9.9724    25.2484    11.4004
9.9452    25.1612    11.4004
9.922    25.0884    11.4004
9.8828    24.9788    11.4004
9.8804    24.9716    11.4004
9.873199    24.9508    11.4004
9.818    24.782799    11.4004
9.7796    24.6708    11.4004
9.7668    24.6356    11.4004
9.7076    24.4868    11.4004
9.6756    24.406    11.4004
9.6324    24.2916    11.4004
9.6172    24.2572    11.4004
9.5756    24.1612    11.4004
9.5571995    24.115599    11.4004
9.5252    24.033998    11.4004
9.4612    23.89    11.4004
9.4604    23.886799    11.4004
9.3972    23.732399    11.4004
9.3884    23.7092    11.4004
9.337999    23.574799    11.4004
9.3196    23.5236    11.4004
9.303599    23.477999    11.4004
9.2772    23.4028    11.4004
9.2476    23.312399    11.4004
9.214    23.2092    11.4004
9.202    23.1724    11.4004
9.1692    23.0644    11.4004
9.1652    23.0492    11.4004
9.1636    23.0444    11.4004
9.1444    22.9772    11.4004
9.1396    22.9628    11.4004
9.1396    22.961199    11.4004
9.138    22.953999    11.4004
9.120399    22.886    11.4004
9.1132    22.838    11.4004
9.11    22.8156    11.4004
9.1092    22.81    11.4004
9.108399    22.8044    11.4004
9.102    22.7444    11.4004
9.098    22.6924    11.4004
9.091599    22.6196    11.4004
9.0859995    22.5196    11.4004
9.0859995    22.518    11.4004
9.079599    22.347599    11.4004
9.082    22.2116    11.4004
9.0836    22.074799    11.4004
9.0836    22.074    11.4004
9.0859995    22.0532    11.4004
9.0956    21.949999    11.4004
9.0956    21.946    11.4004
9.096399    21.942    11.4004
9.1012    21.9132    11.4004
9.1156    21.8092    11.4004
9.1276    21.786    11.4004
9.1435995    21.7556    11.4004
9.158    21.743599    11.4004
9.1588    21.743599    11.4004
9.182799    21.7412    11.4004
9.1868    21.7412    11.4004
9.214    21.7428    11.4004
9.223599    21.7452    11.4004
9.229199    21.747599    11.4004
9.2324    21.747599    11.4004
9.2396    21.749199    11.4004
9.2652    21.758799    11.4004
9.2764    21.758    11.4004
9.2908    21.758    11.4004
9.2996    21.764399    11.4004
9.3084    21.75    11.4004
9.3052    21.7468    11.4004
9.3084    21.7396    11.4004
9.3172    21.7204    11.4004
9.3164    21.713999    11.4004
9.314    21.680399    11.4004
9.3132    21.680399    11.4004
9.3132    21.6796    11.4004
9.2996    21.642    11.4004
9.2987995    21.6348    11.4004
9.281199    21.565199    11.4004
9.2716    21.531599    11.4004
9.254    21.4628    11.4004
9.2452    21.431599    11.4004
9.2316    21.378    11.4004
9.2076    21.2796    11.4004
9.194    21.226    11.4004
9.1732    21.143599    11.4004
9.1692    21.1236    11.4004
9.148399    21.037199    11.4004
9.138    20.9956    11.4004
9.1364    20.9884    11.4004
9.1108    20.866    11.4004
9.102799    20.833199    11.4004
9.094    20.7876    11.4004
9.0788    20.713999    11.4004
9.0532    20.5868    11.4004
9.039599    20.5212    11.4004
9.018    20.416399    11.4004
8.9924    20.2748    11.4004
8.9844    20.2348    11.4004
8.9796    20.208399    11.4004
8.9612    20.1068    11.4004
8.958    20.0884    11.4004
8.9388    19.973999    11.4004
8.9316    19.9252    11.4004
8.918799    19.8444    11.4004
8.9044    19.7412    11.4004
8.8948    19.6772    11.4004
8.8852    19.586    11.4004
8.8764    19.514    11.4004
8.87    19.4436    11.4004
8.8636    19.385199    11.4004
8.858    19.3212    11.4004
8.8532    19.265999    11.4004
8.849999    19.222    11.4004
8.844399    19.1364    11.4004
8.837999    19.0292    11.4004
8.8364    19.0044    11.4004
8.8308    18.862    11.4004
8.83    18.8332    11.4004
8.826    18.618    11.4004
8.8228    18.5092    11.4004
8.822    18.434    11.4004
8.8204    18.3892    11.4004
8.818    18.305199    11.4004
8.8164    18.286    11.4004
8.8132    18.1884    11.4004
8.8132    18.1868    11.4004
8.8124    18.1772    11.4004
8.8084    18.086    11.4004
8.8076    18.0572    11.4004
8.803599    18.0116    11.4004
8.797999    17.9356    11.4004
8.797999    17.925999    11.4004
8.7964    17.9124    11.4004
8.786    17.81    11.4004
8.7844    17.801199    11.4004
8.778    17.7564    11.4004
8.7724    17.7132    11.4004
8.7716    17.702799    11.4004
8.7604    17.6428    11.4004
8.7596    17.642    11.4004
8.7588    17.6356    11.4004
8.745999    17.5492    11.4004
8.7428    17.534    11.4004
8.734799    17.5012    11.4004
8.7244    17.4468    11.4004
8.7132    17.3948    11.4004
8.702    17.342    11.4004
8.6876    17.2756    11.4004
8.67    17.197199    11.4004
8.6556    17.1428    11.4004
8.6324    17.037199    11.4004
8.625199    17.007599    11.4004
8.622    16.994    11.4004
8.5932    16.8652    11.4004
8.5732    16.7764    11.4004
8.5492    16.6684    11.4004
8.533199    16.594    11.4004
8.4956    16.410799    11.4004
8.493199    16.397999    11.4004
8.487599    16.3692    11.4004
8.4788    16.3228    11.4004
8.453199    16.191599    11.4004
8.436399    16.098799    11.4004
8.3876    15.8172    11.4004
8.37    15.7188    11.4004
8.3604    15.6628    11.4004
8.3148    15.413199    11.4004
8.3132    15.4044    11.4004
8.2996    15.334    11.4004
8.281199    15.2364    11.4004
8.240399    15.0308    11.4004
8.2388    15.0252    11.4004
