13.4628    38.5988    17.7004
13.4404    38.6156    17.7004
13.412399    38.634    17.7004
13.3772    38.654    17.7004
13.3748    38.655598    17.7004
13.37    38.6572    17.7004
13.3452    38.661198    17.7004
13.3076    38.666    17.7004
13.3052    38.666    17.7004
13.302799    38.666    17.7004
13.2596    38.6604    17.7004
13.2564    38.6596    17.7004
13.2492    38.657997    17.7004
13.2188    38.6476    17.7004
13.2028    38.6404    17.7004
13.1852    38.6324    17.7004
13.1612    38.618    17.7004
13.153199    38.6124    17.7004
13.1412    38.6044    17.7004
13.0884    38.568398    17.7004
13.0708    38.5612    17.7004
13.0692    38.5604    17.7004
13.0428    38.545998    17.7004
13.0171995    38.5396    17.7004
13.0148    38.5388    17.7004
13.0116    38.538    17.7004
12.981999    38.5364    17.7004
12.9716    38.538    17.7004
12.9572    38.5388    17.7004
12.9396    38.5444    17.7004
12.9324    38.5452    17.7004
12.91    38.5548    17.7004
12.895599    38.5588    17.7004
12.8692    38.5724    17.7004
12.858    38.578    17.7004
12.7964    38.607597    17.7004
12.7964    38.6084    17.7004
12.7908    38.610798    17.7004
12.763599    38.6212    17.7004
12.7612    38.6228    17.7004
12.734799    38.6324    17.7004
12.7268    38.633198    17.7004
12.7044    38.634    17.7004
12.6988    38.6316    17.7004
12.6788    38.626    17.7004
12.677199    38.6252    17.7004
12.641999    38.6044    17.7004
12.620399    38.5892    17.7004
12.5956    38.5788    17.7004
12.5932    38.577198    17.7004
12.545199    38.5612    17.7004
12.521199    38.551598    17.7004
12.4883995    38.534    17.7004
12.481199    38.53    17.7004
12.4732    38.523598    17.7004
12.4092    38.4668    17.7004
12.3692    38.43    17.7004
12.3628    38.4244    17.7004
12.3364    38.39    17.7004
12.334    38.3852    17.7004
12.3276    38.3684    17.7004
12.322    38.354    17.7004
12.3188    38.3404    17.7004
12.318    38.3284    17.7004
12.318    38.302    17.7004
12.320399    38.2956    17.7004
12.3292    38.2684    17.7004
12.344399    38.2308    17.7004
12.3476    38.2236    17.7004
12.349199    38.218    17.7004
12.349199    38.2132    17.7004
12.3524    38.189198    17.7004
12.3516    38.172398    17.7004
12.3468    38.1604    17.7004
12.344399    38.154    17.7004
12.338799    38.135597    17.7004
12.3372    38.1316    17.7004
12.332399    38.1268    17.7004
12.3068    38.088398    17.7004
12.3052    38.0756    17.7004
12.302799    38.0588    17.7004
12.3043995    38.0428    17.7004
12.3068    38.0284    17.7004
12.3132    38.0132    17.7004
12.320399    37.9972    17.7004
12.331599    37.9684    17.7004
12.3619995    37.9076    17.7004
12.3764    37.8812    17.7004
12.3804    37.871597    17.7004
12.394    37.8476    17.7004
12.4084    37.814    17.7004
12.417999    37.7924    17.7004
12.423599    37.778797    17.7004
12.4284    37.7684    17.7004
12.429199    37.758    17.7004
12.4388    37.7348    17.7004
12.434    37.7052    17.7004
12.4324    37.7028    17.7004
12.4276    37.6964    17.7004
12.4156    37.6788    17.7004
12.3868    37.652397    17.7004
12.3012    37.5756    17.7004
12.286799    37.5612    17.7004
12.2708    37.542    17.7004
12.2596    37.5276    17.7004
12.2436    37.4996    17.7004
12.2411995    37.4948    17.7004
12.2316    37.461998    17.7004
12.2316    37.4596    17.7004
12.23    37.4436    17.7004
12.228399    37.4044    17.7004
12.2276    37.397198    17.7004
12.2244    37.3796    17.7004
12.2188    37.3652    17.7004
12.2123995    37.3596    17.7004
12.2044    37.352398    17.7004
12.1964    37.3476    17.7004
12.1779995    37.332397    17.7004
12.147599    37.3084    17.7004
12.1348    37.298    17.7004
12.1236    37.2868    17.7004
12.1012    37.265198    17.7004
12.0836    37.246    17.7004
12.073999    37.2348    17.7004
12.0476    37.1996    17.7004
12.0356    37.1804    17.7004
12.0244    37.1572    17.7004
12.010799    37.1252    17.7004
12.0036    37.105198    17.7004
11.981199    37.0476    17.7004
11.952399    36.9748    17.7004
11.926    36.9092    17.7004
11.9228    36.902798    17.7004
11.9044    36.860397    17.7004
11.8916    36.8308    17.7004
11.8764    36.8012    17.7004
11.8619995    36.7724    17.7004
11.849999    36.7516    17.7004
11.831599    36.722    17.7004
11.8196    36.702    17.7004
11.7876    36.646797    17.7004
11.7596    36.593998    17.7004
11.7532    36.582    17.7004
11.733999    36.5468    17.7004
11.728399    36.5356    17.7004
11.7028    36.4804    17.7004
11.7012    36.4764    17.7004
11.6964    36.4692    17.7004
11.6779995    36.446    17.7004
11.6676    36.4372    17.7004
11.6452    36.4236    17.7004
11.6348    36.4204    17.7004
11.618    36.413998    17.7004
11.6036    36.4076    17.7004
11.591599    36.4036    17.7004
11.578    36.3908    17.7004
11.5716    36.3852    17.7004
11.5692    36.3812    17.7004
11.5636    36.3668    17.7004
11.5668    36.35    17.7004
11.568399    36.346    17.7004
11.5756    36.342    17.7004
11.6212    36.318    17.7004
11.6236    36.306    17.7004
11.6284    36.2812    17.7004
11.6236    36.265198    17.7004
11.620399    36.2524    17.7004
11.6172    36.237198    17.7004
11.61    36.214798    17.7004
11.597199    36.1732    17.7004
11.585199    36.1284    17.7004
11.573199    36.098    17.7004
11.556399    36.051598    17.7004
11.533199    35.997997    17.7004
11.5188    35.9604    17.7004
11.5004    35.9156    17.7004
11.4948    35.9044    17.7004
11.49    35.8924    17.7004
11.475599    35.8564    17.7004
11.4595995    35.813198    17.7004
11.45    35.7868    17.7004
11.436399    35.7348    17.7004
11.4348    35.725998    17.7004
11.417999    35.658    17.7004
11.4156    35.6484    17.7004
11.4052    35.5812    17.7004
11.401999    35.5492    17.7004
11.3996    35.5252    17.7004
11.398    35.502    17.7004
11.3963995    35.464397    17.7004
11.3972    35.4284    17.7004
11.3972    35.385998    17.7004
11.398    35.354797    17.7004
11.3996    35.3348    17.7004
11.4044    35.265198    17.7004
11.4092    35.1868    17.7004
11.41    35.149998    17.7004
11.4116    35.133198    17.7004
11.417999    35.0676    17.7004
11.4204    35.0356    17.7004
11.4251995    34.967598    17.7004
11.426    34.9524    17.7004
11.4268    34.947598    17.7004
11.4276    34.938    17.7004
11.4396    34.818    17.7004
11.4452    34.7628    17.7004
11.4484    34.733997    17.7004
11.45    34.7244    17.7004
11.4539995    34.6908    17.7004
11.4676    34.588398    17.7004
11.481999    34.4852    17.7004
11.4939995    34.3868    17.7004
11.4972    34.3628    17.7004
11.5012    34.318798    17.7004
11.509999    34.233997    17.7004
11.518    34.1748    17.7004
11.5204    34.1524    17.7004
11.527599    34.101997    17.7004
11.53    34.0932    17.7004
11.539599    34.0596    17.7004
11.544399    34.0484    17.7004
11.5484    34.0372    17.7004
11.5652    33.9972    17.7004
11.5756    33.975597    17.7004
11.5884    33.954    17.7004
11.6052    33.926    17.7004
11.6244    33.897198    17.7004
11.6435995    33.87    17.7004
11.671599    33.8308    17.7004
11.6908    33.802    17.7004
11.7084    33.7772    17.7004
11.757199    33.709198    17.7004
11.791599    33.662    17.7004
11.831599    33.6092    17.7004
11.8476    33.5876    17.7004
11.87    33.5596    17.7004
11.895599    33.5244    17.7004
11.9251995    33.486797    17.7004
11.953199    33.454    17.7004
11.981999    33.4212    17.7004
11.9948    33.4052    17.7004
12.0204    33.377197    17.7004
12.0364    33.3596    17.7004
12.0515995    33.343597    17.7004
12.0652    33.3308    17.7004
12.0924    33.3052    17.7004
12.119599    33.281998    17.7004
12.1244    33.278    17.7004
12.1508    33.2572    17.7004
12.1524    33.2556    17.7004
12.1668    33.245197    17.7004
12.1788    33.2364    17.7004
12.1796    33.2364    17.7004
12.1964    33.2276    17.7004
12.2067995    33.2212    17.7004
12.2076    33.2212    17.7004
12.2316    33.2068    17.7004
12.2372    33.2052    17.7004
12.2612    33.1932    17.7004
12.278    33.1876    17.7004
12.3004    33.1796    17.7004
12.3196    33.174    17.7004
12.354799    33.1644    17.7004
12.365999    33.162    17.7004
12.434    33.149998    17.7004
12.4676    33.146    17.7004
12.4964    33.1412    17.7004
12.504399    33.1396    17.7004
12.526    33.1364    17.7004
12.5764    33.1268    17.7004
12.59    33.124397    17.7004
12.6044    33.1236    17.7004
12.622    33.1204    17.7004
12.6292    33.1196    17.7004
12.6404    33.118    17.7004
12.6516    33.1148    17.7004
12.6788    33.1124    17.7004
12.6908    33.1116    17.7004
12.711599    33.110798    17.7004
12.7428    33.110798    17.7004
12.762799    33.114    17.7004
12.7836    33.118    17.7004
12.820399    33.121998    17.7004
12.826799    33.1228    17.7004
12.8356    33.124397    17.7004
12.8619995    33.1324    17.7004
12.9052    33.1452    17.7004
12.907599    33.146    17.7004
12.91    33.1468    17.7004
12.9276    33.1532    17.7004
12.975599    33.1708    17.7004
12.981999    33.1732    17.7004
12.99    33.1772    17.7004
13.0515995    33.2052    17.7004
13.056399    33.2076    17.7004
13.062799    33.21    17.7004
13.108399    33.231598    17.7004
13.159599    33.2588    17.7004
13.1908    33.2756    17.7004
13.303599    33.3388    17.7004
13.3124    33.343597    17.7004
13.3252    33.3508    17.7004
13.4883995    33.4444    17.7004
13.5476    33.4804    17.7004
13.5484    33.4804    17.7004
13.6092    33.517998    17.7004
13.6116    33.5204    17.7004
13.6172    33.523598    17.7004
13.6332    33.5332    17.7004
13.658    33.55    17.7004
13.6956    33.579597    17.7004
13.6988    33.582    17.7004
13.722    33.6004    17.7004
13.726    33.6044    17.7004
13.7332    33.6116    17.7004
13.7492    33.629997    17.7004
13.7548    33.6364    17.7004
13.7708    33.654    17.7004
13.7852    33.672398    17.7004
13.794    33.6852    17.7004
13.8108    33.7124    17.7004
13.822    33.7308    17.7004
13.831599    33.7468    17.7004
13.9052    33.8756    17.7004
13.906799    33.8788    17.7004
13.907599    33.880398    17.7004
13.9539995    33.9612    17.7004
13.962    33.973198    17.7004
13.9788    34.0004    17.7004
14.0515995    34.1196    17.7004
14.07    34.1484    17.7004
14.0884    34.1788    17.7004
14.174    34.322    17.7004
14.187599    34.346    17.7004
14.194799    34.357998    17.7004
14.228399    34.4132    17.7004
14.268399    34.482    17.7004
14.309199    34.5484    17.7004
14.3348    34.5916    17.7004
14.3644    34.6412    17.7004
14.4156    34.737198    17.7004
14.4164    34.7388    17.7004
14.4164    34.739597    17.7004
14.452399    34.813198    17.7004
14.4732    34.865997    17.7004
14.475599    34.871597    17.7004
14.4772    34.8764    17.7004
14.486    34.902798    17.7004
14.497999    34.9388    17.7004
14.5004    34.945198    17.7004
14.505199    34.9708    17.7004
14.514    35.0116    17.7004
14.515599    35.0204    17.7004
14.5252    35.073997    17.7004
14.528399    35.1012    17.7004
14.5292    35.1204    17.7004
14.5292    35.1468    17.7004
14.53    35.1684    17.7004
14.526    35.2044    17.7004
14.5252    35.209198    17.7004
14.5244    35.214798    17.7004
14.515599    35.2572    17.7004
14.5124    35.2716    17.7004
14.5124    35.2836    17.7004
14.516399    35.3076    17.7004
14.516399    35.3196    17.7004
14.5244    35.335598    17.7004
14.5244    35.3484    17.7004
14.526799    35.363598    17.7004
14.521999    35.374798    17.7004
14.5171995    35.3868    17.7004
14.5092    35.3988    17.7004
14.503599    35.4108    17.7004
14.492399    35.4276    17.7004
14.4883995    35.4412    17.7004
14.4788    35.4652    17.7004
14.4788    35.473198    17.7004
14.4788    35.4892    17.7004
14.4788    35.5028    17.7004
14.4796    35.5076    17.7004
14.4908    35.5332    17.7004
14.5028    35.5548    17.7004
14.504399    35.5588    17.7004
14.515599    35.5812    17.7004
14.5171995    35.585197    17.7004
14.526    35.6084    17.7004
14.53    35.6156    17.7004
14.546    35.6284    17.7004
14.5588    35.6348    17.7004
14.589999    35.642    17.7004
14.595599    35.6548    17.7004
14.6036    35.6652    17.7004
14.6036    35.6756    17.7004
14.6036    35.6932    17.7004
14.6004    35.703598    17.7004
14.595599    35.718    17.7004
14.5892    35.73    17.7004
14.5828    35.7436    17.7004
14.573999    35.7604    17.7004
14.57    35.7804    17.7004
14.566    35.794    17.7004
14.5644    35.8108    17.7004
14.562799    35.8236    17.7004
14.5636    35.8756    17.7004
14.5636    35.8788    17.7004
14.5636    35.882797    17.7004
14.5596    35.9388    17.7004
14.5596    35.9436    17.7004
14.5524    36.03    17.7004
14.5468    36.096397    17.7004
14.545199    36.1092    17.7004
14.5436    36.1308    17.7004
14.538799    36.1964    17.7004
14.538    36.2076    17.7004
14.538    36.217197    17.7004
14.5364    36.266    17.7004
14.5348    36.2812    17.7004
14.5348    36.2852    17.7004
14.5348    36.2996    17.7004
14.5356    36.3596    17.7004
14.538799    36.4164    17.7004
14.5404    36.4748    17.7004
14.5404    36.5172    17.7004
14.5412    36.5284    17.7004
14.538799    36.5532    17.7004
14.5348    36.5844    17.7004
14.53    36.6116    17.7004
14.526    36.629997    17.7004
14.509999    36.694798    17.7004
14.506    36.709198    17.7004
14.493199    36.7444    17.7004
14.486    36.761997    17.7004
14.481999    36.7724    17.7004
14.4788    36.781998    17.7004
14.469199    36.806    17.7004
14.462    36.822    17.7004
14.446799    36.849197    17.7004
14.4372    36.8684    17.7004
14.429199    36.885998    17.7004
14.4028    36.9332    17.7004
14.3916    36.953197    17.7004
14.378799    36.974    17.7004
14.361199    36.9972    17.7004
14.3564    37.0076    17.7004
14.3412    37.0308    17.7004
14.334    37.0492    17.7004
14.3276    37.062798    17.7004
14.320399    37.0748    17.7004
14.2964    37.101997    17.7004
14.2876    37.113197    17.7004
14.285999    37.1148    17.7004
14.280399    37.121998    17.7004
14.269199    37.141197    17.7004
14.2612    37.1492    17.7004
14.257199    37.154    17.7004
14.245199    37.1604    17.7004
14.2276    37.1732    17.7004
14.2067995    37.19    17.7004
14.194799    37.202    17.7004
14.177199    37.222797    17.7004
14.1692    37.231598    17.7004
14.1732    37.2548    17.7004
14.1732    37.2588    17.7004
14.198    37.3028    17.7004
14.1988    37.3052    17.7004
14.199599    37.306    17.7004
14.2012    37.3084    17.7004
14.2148    37.346    17.7004
14.2212    37.3668    17.7004
14.223599    37.371597    17.7004
14.23    37.39    17.7004
14.2332    37.4036    17.7004
14.2364    37.4228    17.7004
14.2355995    37.4268    17.7004
14.23    37.4404    17.7004
14.221999    37.4524    17.7004
14.2076    37.4692    17.7004
14.1964    37.484398    17.7004
14.1924    37.4916    17.7004
14.188399    37.506798    17.7004
14.1844    37.5388    17.7004
14.182799    37.5428    17.7004
14.188399    37.5652    17.7004
14.187599    37.5708    17.7004
14.19    37.588398    17.7004
14.1908    37.5948    17.7004
14.1932    37.6196    17.7004
14.193999    37.6228    17.7004
14.1908    37.649998    17.7004
14.1908    37.6532    17.7004
14.1852    37.6652    17.7004
14.1788    37.6788    17.7004
14.176399    37.6812    17.7004
14.125199    37.746    17.7004
14.120399    37.7532    17.7004
14.118    37.7572    17.7004
14.1092    37.773197    17.7004
14.1004    37.787598    17.7004
14.0948    37.8172    17.7004
14.0948    37.8204    17.7004
14.0948    37.824398    17.7004
14.096399    37.8428    17.7004
14.096399    37.8444    17.7004
14.101999    37.8684    17.7004
14.102799    37.8732    17.7004
14.113199    37.9012    17.7004
14.113199    37.9044    17.7004
14.1228    37.93    17.7004
14.124399    37.934    17.7004
14.131599    37.9572    17.7004
14.134    37.9716    17.7004
14.136399    37.986797    17.7004
14.131599    38.0084    17.7004
14.131599    38.012398    17.7004
14.1284    38.0188    17.7004
14.1172    38.0308    17.7004
14.1068    38.0412    17.7004
14.089999    38.058    17.7004
14.0836    38.068398    17.7004
14.0748    38.09    17.7004
14.0724    38.0948    17.7004
14.0708    38.0988    17.7004
14.0668    38.124397    17.7004
14.0668    38.1292    17.7004
14.068399    38.1548    17.7004
14.0708    38.186    17.7004
14.0748    38.205997    17.7004
14.0748    38.2276    17.7004
14.0764    38.2404    17.7004
14.073999    38.2628    17.7004
14.073999    38.267597    17.7004
14.0716    38.2852    17.7004
14.07    38.2948    17.7004
14.067599    38.3012    17.7004
14.058    38.326797    17.7004
14.0476    38.3508    17.7004
14.0308    38.3788    17.7004
14.0076    38.41    17.7004
14.005199    38.4124    17.7004
14.0028    38.4148    17.7004
13.965199    38.450798    17.7004
13.935599    38.4724    17.7004
13.9332    38.474    17.7004
13.9307995    38.475597    17.7004
13.9084    38.4884    17.7004
13.8884    38.494    17.7004
13.8764    38.4964    17.7004
13.855599    38.5004    17.7004
13.8468    38.501198    17.7004
13.8172    38.4996    17.7004
13.8076    38.497997    17.7004
13.7852    38.489998    17.7004
13.7732    38.484398    17.7004
13.757199    38.4724    17.7004
13.7444    38.4652    17.7004
13.7196    38.4468    17.7004
13.7148    38.4428    17.7004
13.688399    38.422    17.7004
13.6852    38.4188    17.7004
13.6684    38.408398    17.7004
13.6588    38.4036    17.7004
13.6435995    38.4004    17.7004
13.6324    38.397198    17.7004
13.6284    38.398    17.7004
13.5956    38.418    17.7004
13.590799    38.425198    17.7004
13.579599    38.441998    17.7004
13.5596    38.484398    17.7004
13.5532    38.495598    17.7004
13.533999    38.5244    17.7004
13.526799    38.5332    17.7004
13.514    38.5476    17.7004
13.4852    38.579597    17.7004
13.4628    38.5988    17.7004
