18.358    25.8916    12.0004
18.35    25.8892    12.0004
18.334799    25.885199    12.0004
18.3132    25.878    12.0004
18.2988    25.8732    12.0004
18.284399    25.8676    12.0004
18.2708    25.862799    12.0004
18.2276    25.8452    12.0004
18.206    25.834    12.0004
18.1868    25.8244    12.0004
18.174    25.816399    12.0004
18.154    25.801199    12.0004
18.132399    25.7852    12.0004
18.132399    25.784399    12.0004
18.1028    25.7572    12.0004
18.0956    25.7444    12.0004
18.0868    25.730799    12.0004
18.0756    25.7148    12.0004
18.052399    25.712399    12.0004
18.041199    25.7092    12.0004
18.029999    25.7132    12.0004
18.000399    25.73    12.0004
17.989199    25.7356    12.0004
17.9844    25.737999    12.0004
17.9812    25.7388    12.0004
17.916399    25.769999    12.0004
17.91    25.7732    12.0004
17.798    25.8252    12.0004
17.7164    25.854    12.0004
17.6908    25.8636    12.0004
17.622799    25.8828    12.0004
17.622799    25.8836    12.0004
17.586    25.892399    12.0004
17.576399    25.894    12.0004
17.5124    25.901999    12.0004
17.5052    25.9028    12.0004
17.4732    25.9028    12.0004
17.4644    25.9028    12.0004
17.4212    25.9052    12.0004
17.3948    25.903599    12.0004
17.351599    25.9004    12.0004
17.334799    25.897999    12.0004
17.3132    25.894    12.0004
17.282799    25.8884    12.0004
17.2628    25.8844    12.0004
17.2452    25.879599    12.0004
17.226    25.8748    12.0004
17.208399    25.8692    12.0004
17.1812    25.861198    12.0004
17.1628    25.854    12.0004
17.1492    25.849998    12.0004
17.126799    25.8396    12.0004
17.0892    25.8244    12.0004
17.0828    25.8212    12.0004
17.0732    25.8156    12.0004
17.0228    25.7892    12.0004
16.998    25.7764    12.0004
16.894    25.7188    12.0004
16.8484    25.695599    12.0004
16.736399    25.6348    12.0004
16.7204    25.626799    12.0004
16.678799    25.604399    12.0004
16.598    25.5628    12.0004
16.563599    25.5476    12.0004
16.538    25.5364    12.0004
16.5172    25.531599    12.0004
16.5084    25.5292    12.0004
16.5012    25.5292    12.0004
16.482    25.524399    12.0004
16.455599    25.526    12.0004
16.4524    25.5268    12.0004
16.4412    25.5308    12.0004
16.43    25.5324    12.0004
16.4172    25.5364    12.0004
16.39    25.546799    12.0004
16.362799    25.5604    12.0004
16.340399    25.5716    12.0004
16.3172    25.5836    12.0004
16.254799    25.622    12.0004
16.2316    25.6364    12.0004
16.2076    25.6516    12.0004
16.15    25.6892    12.0004
16.0964    25.726    12.0004
16.013199    25.7836    12.0004
15.941199    25.834    12.0004
15.872399    25.878    12.0004
15.842799    25.896399    12.0004
15.8052    25.9156    12.0004
15.779599    25.9284    12.0004
15.757999    25.9404    12.0004
15.7476    25.9468    12.0004
15.7388    25.949999    12.0004
15.694799    25.9692    12.0004
15.6796    25.9756    12.0004
15.647599    25.9884    12.0004
15.624399    25.996399    12.0004
15.6052    26.0028    12.0004
15.5476    26.018799    12.0004
15.5468    26.0196    12.0004
15.546    26.0196    12.0004
15.481199    26.033998    12.0004
15.4732    26.035599    12.0004
15.389199    26.0532    12.0004
15.3043995    26.065199    12.0004
15.1692    26.0852    12.0004
15.1116    26.0956    12.0004
15.021999    26.109999    12.0004
14.917999    26.1276    12.0004
14.894799    26.1316    12.0004
14.884399    26.1332    12.0004
14.8108    26.1532    12.0004
14.7892    26.1612    12.0004
14.7596    26.1708    12.0004
14.7388    26.178799    12.0004
14.7204    26.1892    12.0004
14.7092    26.1948    12.0004
14.689199    26.2044    12.0004
14.670799    26.2148    12.0004
14.658    26.221199    12.0004
14.6396    26.2332    12.0004
14.634    26.236399    12.0004
14.625199    26.241999    12.0004
14.5892    26.269999    12.0004
14.5828    26.275599    12.0004
14.566799    26.288399    12.0004
14.527599    26.323599    12.0004
14.5092    26.3428    12.0004
14.492399    26.3604    12.0004
14.4668    26.3916    12.0004
14.4628    26.3972    12.0004
14.4595995    26.401999    12.0004
14.4324    26.442799    12.0004
14.4212    26.4628    12.0004
14.407599    26.4844    12.0004
14.394    26.511599    12.0004
14.378799    26.542799    12.0004
14.3619995    26.5724    12.0004
14.3412    26.622    12.0004
14.3292    26.6476    12.0004
14.3004    26.706799    12.0004
14.2996    26.7092    12.0004
14.246799    26.829199    12.0004
14.2308    26.8652    12.0004
14.223599    26.8804    12.0004
14.1796    26.976398    12.0004
14.1236    27.097198    12.0004
14.1044    27.139599    12.0004
14.0692    27.2164    12.0004
14.0588    27.2396    12.0004
14.032399    27.2932    12.0004
14.0204    27.3172    12.0004
13.987599    27.382    12.0004
13.9852    27.386    12.0004
13.958799    27.431599    12.0004
13.947599    27.4508    12.0004
13.946799    27.4524    12.0004
13.946    27.4532    12.0004
13.9444    27.455599    12.0004
13.901199    27.522    12.0004
13.8796    27.552399    12.0004
13.8652    27.5716    12.0004
13.8596    27.5788    12.0004
13.8116    27.639599    12.0004
13.8068    27.646    12.0004
13.8043995    27.6484    12.0004
13.742    27.7132    12.0004
13.7332    27.722    12.0004
13.7076    27.7468    12.0004
13.6356    27.806    12.0004
13.630799    27.81    12.0004
13.6292    27.810799    12.0004
13.625199    27.814    12.0004
13.5748    27.8484    12.0004
13.5476    27.8652    12.0004
13.5236    27.8788    12.0004
13.5084    27.886799    12.0004
13.4612    27.910799    12.0004
13.4539995    27.914    12.0004
13.452399    27.914799    12.0004
13.389199    27.938799    12.0004
13.365999    27.9476    12.0004
13.3052    27.966799    12.0004
13.280399    27.9748    12.0004
13.223599    27.9884    12.0004
13.1964    27.994    12.0004
13.1612    27.9996    12.0004
13.1124    28.007599    12.0004
13.044399    28.0156    12.0004
13.009999    28.0212    12.0004
12.9444    28.028399    12.0004
12.8476    28.038    12.0004
12.821199    28.0404    12.0004
12.742    28.046799    12.0004
12.568399    28.0644    12.0004
12.5668    28.065199    12.0004
12.566    28.065199    12.0004
12.462    28.0772    12.0004
12.4164    28.0836    12.0004
12.4004    28.085999    12.0004
12.3804    28.0892    12.0004
12.349999    28.0964    12.0004
12.3188    28.1068    12.0004
12.2755995    28.1204    12.0004
12.254    28.126799    12.0004
12.2092    28.1428    12.0004
12.1732    28.1572    12.0004
12.1388    28.173199    12.0004
12.097199    28.1908    12.0004
12.0812    28.198    12.0004
12.0484    28.212399    12.0004
11.9052    28.275599    12.0004
11.858    28.295599    12.0004
11.838799    28.303598    12.0004
11.8068    28.3172    12.0004
11.7508    28.3396    12.0004
11.7372    28.344398    12.0004
11.674    28.3652    12.0004
11.646    28.3692    12.0004
11.5988    28.377998    12.0004
11.5476    28.381199    12.0004
11.5148    28.382    12.0004
11.4636    28.3764    12.0004
11.435599    28.3732    12.0004
11.4116    28.3636    12.0004
11.389199    28.357199    12.0004
11.3868    28.357199    12.0004
11.3588    28.3652    12.0004
11.3564    28.3652    12.0004
11.354799    28.3676    12.0004
11.346    28.3844    12.0004
11.3228    28.410799    12.0004
11.3052    28.433199    12.0004
11.2828    28.459599    12.0004
11.2772    28.466    12.0004
11.2732    28.4692    12.0004
11.2668    28.472399    12.0004
11.2508    28.483599    12.0004
11.2411995    28.487598    12.0004
11.2252    28.494    12.0004
11.2084    28.4996    12.0004
11.1932    28.5036    12.0004
11.1779995    28.5036    12.0004
11.1644    28.501999    12.0004
11.1444    28.5012    12.0004
11.118    28.498    12.0004
11.085199    28.4916    12.0004
11.0571995    28.485199    12.0004
11.0308    28.4788    12.0004
10.9852    28.4676    12.0004
10.9564    28.458    12.0004
10.9172    28.442    12.0004
10.8812    28.4268    12.0004
10.8172    28.4004    12.0004
10.8052    28.3948    12.0004
10.7788    28.382    12.0004
10.746799    28.364399    12.0004
10.670799    28.3228    12.0004
10.6668    28.3204    12.0004
10.6356    28.2988    12.0004
10.6284    28.2932    12.0004
10.6147995    28.2796    12.0004
10.5996    28.2628    12.0004
10.5884    28.251598    12.0004
10.5644    28.217999    12.0004
10.562799    28.2156    12.0004
10.5604    28.2116    12.0004
10.5571995    28.2044    12.0004
10.533999    28.1588    12.0004
10.526    28.139599    12.0004
10.5204    28.121199    12.0004
10.5084    28.0844    12.0004
10.5036    28.0668    12.0004
10.481199    27.994    12.0004
10.4636    27.9348    12.0004
10.435599    27.840399    12.0004
10.4316    27.826    12.0004
10.417999    27.7732    12.0004
10.412399    27.75    12.0004
10.4084    27.732399    12.0004
10.3963995    27.673199    12.0004
10.395599    27.663599    12.0004
10.386    27.618    12.0004
10.378799    27.5516    12.0004
10.378799    27.546    12.0004
10.377999    27.542    12.0004
10.3772    27.5196    12.0004
10.3716    27.4084    12.0004
10.3692    27.3764    12.0004
10.366799    27.3484    12.0004
10.3644    27.2892    12.0004
10.3628    27.2428    12.0004
10.3596    27.201199    12.0004
10.358    27.1516    12.0004
10.355599    27.122799    12.0004
10.3532    27.0788    12.0004
10.3524    27.0644    12.0004
10.3508    27.018799    12.0004
10.3484    26.9748    12.0004
10.3476    26.9644    12.0004
10.346    26.9348    12.0004
10.343599    26.8692    12.0004
10.3412    26.8284    12.0004
10.3396    26.8084    12.0004
10.337999    26.7916    12.0004
10.3356    26.741999    12.0004
10.3316    26.6932    12.0004
10.33    26.6476    12.0004
10.3276    26.6204    12.0004
10.3252    26.5276    12.0004
10.3252    26.5148    12.0004
10.326    26.5044    12.0004
10.3284    26.4644    12.0004
10.3284    26.4268    12.0004
10.326799    26.4052    12.0004
10.3292    26.3716    12.0004
10.3284    26.362    12.0004
10.3348    26.338    12.0004
10.338799    26.3252    12.0004
10.3452    26.303598    12.0004
10.3604    26.237999    12.0004
10.361199    26.2356    12.0004
10.372399    26.206799    12.0004
10.3963995    26.173199    12.0004
10.413199    26.1468    12.0004
10.435599    26.1148    12.0004
10.466    26.069199    12.0004
10.4804    26.050798    12.0004
10.510799    26.0164    12.0004
10.5196    26.005999    12.0004
10.53    25.9956    12.0004
10.5844    25.9412    12.0004
10.65    25.8876    12.0004
10.665999    25.8748    12.0004
10.670799    25.8692    12.0004
10.689199    25.855598    12.0004
10.73    25.823599    12.0004
10.7644    25.7988    12.0004
10.766    25.797998    12.0004
10.7892    25.7908    12.0004
10.803599    25.7908    12.0004
10.844399    25.795599    12.0004
10.8628    25.8004    12.0004
10.9148    25.8132    12.0004
10.918799    25.814    12.0004
10.9196    25.814    12.0004
10.9484    25.8284    12.0004
10.964399    25.8436    12.0004
10.975599    25.849998    12.0004
10.9844    25.857199    12.0004
11.002    25.8732    12.0004
11.038    25.918    12.0004
11.0436    25.924398    12.0004
11.0468    25.9284    12.0004
11.0803995    25.9756    12.0004
11.1036    26.0084    12.0004
11.11    26.0204    12.0004
11.1292    26.039598    12.0004
11.137199    26.048399    12.0004
11.1444    26.042    12.0004
11.1516    26.0292    12.0004
11.1723995    26.001999    12.0004
11.1732    26.000399    12.0004
11.1812    25.973999    12.0004
11.1844    25.9604    12.0004
11.19    25.9268    12.0004
11.200399    25.89    12.0004
11.217199    25.8436    12.0004
11.2355995    25.7732    12.0004
11.2411995    25.7572    12.0004
11.2548    25.7164    12.0004
11.266    25.674799    12.0004
11.2828    25.611599    12.0004
11.285999    25.602    12.0004
11.2876    25.5956    12.0004
11.291599    25.5844    12.0004
11.3004    25.546    12.0004
11.3124    25.5092    12.0004
11.3164    25.4996    12.0004
11.3196    25.49    12.0004
11.325999    25.465199    12.0004
11.337999    25.421999    12.0004
11.377999    25.3356    12.0004
11.386    25.314    12.0004
11.4092    25.258799    12.0004
11.418799    25.2356    12.0004
11.4324    25.2148    12.0004
11.4516    25.180399    12.0004
11.469999    25.1532    12.0004
11.5012    25.1164    12.0004
11.5148    25.098799    12.0004
11.538799    25.076399    12.0004
11.5708    25.050798    12.0004
11.6324    25.0204    12.0004
11.634    25.0204    12.0004
11.6404    25.018    12.0004
11.700399    25.001999    12.0004
11.7123995    25.000399    12.0004
11.7755995    25.0036    12.0004
11.7892    25.005999    12.0004
11.860399    25.0092    12.0004
11.8675995    25.01    12.0004
11.898    25.013199    12.0004
11.964399    25.0204    12.0004
11.9844    25.018799    12.0004
12.0803995    25.014    12.0004
12.160399    25.000399    12.0004
12.1956    24.994    12.0004
12.2012    24.9916    12.0004
12.2316    24.977999    12.0004
12.2332    24.9772    12.0004
12.2364    24.9756    12.0004
12.262    24.9524    12.0004
12.2716    24.937199    12.0004
12.2884    24.910799    12.0004
12.303599    24.8828    12.0004
12.3244    24.8396    12.0004
12.358    24.781199    12.0004
12.3636    24.769999    12.0004
12.3828    24.726799    12.0004
12.406    24.6612    12.0004
12.4116    24.6444    12.0004
12.414    24.6356    12.0004
12.4332    24.574    12.0004
12.441199    24.545198    12.0004
12.447599    24.511599    12.0004
12.4556    24.4644    12.0004
12.464399    24.41    12.0004
12.4692    24.379599    12.0004
12.474    24.323599    12.0004
12.476399    24.2908    12.0004
12.4772    24.269999    12.0004
12.481199    24.174    12.0004
12.4836    24.1196    12.0004
12.4836    24.0724    12.0004
12.486799    24.0324    12.0004
12.49    23.9548    12.0004
12.492399    23.9012    12.0004
12.4916    23.844398    12.0004
12.4916    23.7796    12.0004
12.492399    23.7612    12.0004
12.492399    23.7156    12.0004
12.4916    23.6884    12.0004
12.492399    23.684399    12.0004
12.4916    23.6668    12.0004
12.4908    23.6484    12.0004
12.4788    23.622    12.0004
12.4788    23.615599    12.0004
12.4595995    23.598    12.0004
12.4539995    23.59    12.0004
12.4332    23.574    12.0004
12.4228    23.5644    12.0004
12.4028    23.557999    12.0004
12.3876    23.5564    12.0004
12.366799    23.537199    12.0004
12.3652    23.5364    12.0004
12.3476    23.5348    12.0004
12.343599    23.531599    12.0004
12.3228    23.5332    12.0004
12.3172    23.533998    12.0004
12.278    23.535599    12.0004
12.269199    23.5348    12.0004
12.2564    23.5348    12.0004
12.214    23.5324    12.0004
12.182    23.5268    12.0004
12.118    23.513199    12.0004
12.061999    23.5012    12.0004
12.0036    23.4876    12.0004
11.9724    23.479599    12.0004
11.898    23.4588    12.0004
11.8412    23.442799    12.0004
11.806    23.431599    12.0004
11.7268    23.407598    12.0004
11.726    23.4068    12.0004
11.7244    23.4068    12.0004
11.499599    23.327599    12.0004
11.486799    23.3228    12.0004
11.4332    23.306    12.0004
11.389999    23.2932    12.0004
11.3748    23.288399    12.0004
11.315599    23.271599    12.0004
11.286799    23.2636    12.0004
11.205999    23.2428    12.0004
11.1636    23.232399    12.0004
11.1435995    23.226    12.0004
11.1412    23.2244    12.0004
11.1132    23.2004    12.0004
11.102799    23.191599    12.0004
11.0596    23.146    12.0004
11.018    23.100399    12.0004
10.936399    23.0092    12.0004
10.917999    22.9876    12.0004
10.895599    22.9604    12.0004
10.866799    22.9236    12.0004
10.8564    22.91    12.0004
10.7836    22.8196    12.0004
10.7548    22.7788    12.0004
10.7204    22.7284    12.0004
10.6964    22.6924    12.0004
10.6684    22.6444    12.0004
10.6572    22.626799    12.0004
10.6532    22.621199    12.0004
10.642799    22.6028    12.0004
10.63    22.580399    12.0004
10.6172    22.553999    12.0004
10.608399    22.5292    12.0004
10.601999    22.5092    12.0004
10.5948    22.4868    12.0004
10.591599    22.4692    12.0004
10.59    22.4396    12.0004
10.5892    22.4268    12.0004
10.59    22.4228    12.0004
10.59    22.3972    12.0004
10.590799    22.3956    12.0004
10.591599    22.3772    12.0004
10.5924    22.362    12.0004
10.5924    22.3604    12.0004
10.5932    22.3564    12.0004
10.5988    22.3028    12.0004
10.6004    22.2804    12.0004
10.6036    22.2468    12.0004
10.6092    22.185999    12.0004
10.6116    22.1724    12.0004
10.613999    22.149199    12.0004
10.618    22.100399    12.0004
10.620399    22.0716    12.0004
10.6212    22.0588    12.0004
10.63    21.973999    12.0004
10.6332    21.897999    12.0004
10.6348    21.8772    12.0004
10.6356    21.8428    12.0004
10.638    21.7572    12.0004
10.637199    21.7236    12.0004
10.634    21.604399    12.0004
10.631599    21.526    12.0004
10.625999    21.3836    12.0004
10.620399    21.295599    12.0004
10.618    21.2444    12.0004
10.613999    21.1388    12.0004
10.613999    21.114    12.0004
10.6092    21.0332    12.0004
10.607599    20.9988    12.0004
10.601999    20.8844    12.0004
10.5996    20.821999    12.0004
10.5956    20.7284    12.0004
10.5924    20.667599    12.0004
10.5924    20.633999    12.0004
10.5884    20.524399    12.0004
10.5868    20.494799    12.0004
10.5859995    20.4636    12.0004
10.585199    20.4236    12.0004
10.5859995    20.409199    12.0004
10.5859995    20.351599    12.0004
10.5876    20.334    12.0004
10.59    20.3132    12.0004
10.5988    20.2892    12.0004
10.6068    20.2756    12.0004
10.6164    20.260399    12.0004
10.6388    20.2316    12.0004
10.6668    20.201199    12.0004
10.6932    20.1724    12.0004
10.7411995    20.126    12.0004
10.769199    20.102    12.0004
10.809199    20.065199    12.0004
10.8828    20.000399    12.0004
10.958799    19.9396    12.0004
10.9916    19.9156    12.0004
10.998    19.91    12.0004
11.033199    19.886799    12.0004
11.0532    19.873999    12.0004
11.0556    19.8724    12.0004
11.056399    19.8724    12.0004
11.058    19.8716    12.0004
11.102799    19.8636    12.0004
11.107599    19.862799    12.0004
11.1748    19.8604    12.0004
11.217999    19.8612    12.0004
11.2788    19.8636    12.0004
11.3116    19.8652    12.0004
11.3748    19.8692    12.0004
11.4148    19.875599    12.0004
11.4307995    19.8772    12.0004
11.452399    19.8836    12.0004
11.4724    19.890799    12.0004
11.478    19.894    12.0004
11.5076    19.9052    12.0004
11.5188    19.9116    12.0004
11.567599    19.937199    12.0004
11.607599    19.9596    12.0004
11.6516    19.985199    12.0004
11.700399    20.0148    12.0004
11.7764    20.0644    12.0004
11.8284    20.0964    12.0004
11.8884    20.133999    12.0004
11.981999    20.195599    12.0004
12.0132    20.2164    12.0004
12.082    20.2612    12.0004
12.113199    20.2812    12.0004
12.188399    20.33    12.0004
12.1964    20.3356    12.0004
12.2012    20.3388    12.0004
12.2764    20.386    12.0004
12.3068    20.4052    12.0004
12.4028    20.459599    12.0004
12.4508    20.4868    12.0004
12.475599    20.500399    12.0004
12.4892    20.5068    12.0004
12.5036    20.5148    12.0004
12.578    20.5556    12.0004
12.602799    20.5676    12.0004
12.705199    20.6188    12.0004
12.738    20.6348    12.0004
12.7964    20.6668    12.0004
12.844399    20.6876    12.0004
12.9204    20.726    12.0004
12.9828    20.758    12.0004
13.0076    20.771599    12.0004
13.062799    20.802    12.0004
13.1068    20.83    12.0004
13.1412    20.853199    12.0004
13.1788    20.878    12.0004
13.2156    20.9068    12.0004
13.2492    20.934    12.0004
13.2892    20.9732    12.0004
13.354799    21.0388    12.0004
13.3748    21.059599    12.0004
13.3852    21.070799    12.0004
13.4628    21.154    12.0004
13.4724    21.1644    12.0004
13.5372    21.243599    12.0004
13.5692    21.282    12.0004
13.6332    21.3668    12.0004
13.6452    21.3844    12.0004
13.6972    21.4588    12.0004
13.710799    21.479599    12.0004
13.769199    21.574799    12.0004
13.794    21.6148    12.0004
13.854    21.7164    12.0004
13.877999    21.7596    12.0004
13.9172    21.8372    12.0004
13.9572    21.9172    12.0004
13.964399    21.934    12.0004
14.0036    22.022799    12.0004
14.005199    22.0276    12.0004
14.0084    22.035599    12.0004
14.0348    22.102    12.0004
14.045199    22.1364    12.0004
14.058    22.163599    12.0004
14.067599    22.1892    12.0004
14.0748    22.206    12.0004
14.0836    22.219599    12.0004
14.096399    22.2524    12.0004
14.098    22.2564    12.0004
14.1004    22.258799    12.0004
14.118    22.2836    12.0004
14.124399    22.302    12.0004
14.1348    22.312399    12.0004
14.1452    22.321999    12.0004
14.1556    22.3356    12.0004
14.170799    22.3412    12.0004
14.1804    22.344398    12.0004
14.1908    22.3636    12.0004
14.1964    22.368399    12.0004
14.214    22.3876    12.0004
14.2428    22.41    12.0004
14.2532    22.4196    12.0004
14.2588    22.421999    12.0004
14.2604    22.4236    12.0004
14.286799    22.438799    12.0004
14.3124    22.4524    12.0004
14.314799    22.4548    12.0004
14.3572    22.4788    12.0004
14.3636    22.4828    12.0004
14.3748    22.49    12.0004
14.406799    22.5092    12.0004
14.469199    22.5476    12.0004
14.4732    22.5508    12.0004
14.475599    22.5516    12.0004
14.476399    22.552399    12.0004
14.5084    22.5756    12.0004
14.5604    22.614    12.0004
14.562799    22.615599    12.0004
14.5828    22.6276    12.0004
14.6332    22.6596    12.0004
14.658799    22.6756    12.0004
14.728399    22.717999    12.0004
14.762799    22.7404    12.0004
14.7844    22.7572    12.0004
14.8164    22.7788    12.0004
14.8364    22.7932    12.0004
14.843599    22.7988    12.0004
14.854    22.8044    12.0004
14.8812    22.8204    12.0004
14.9084    22.8356    12.0004
14.9108    22.8372    12.0004
14.934799    22.8484    12.0004
14.9452    22.8556    12.0004
15.0171995    22.907598    12.0004
15.0196    22.909199    12.0004
15.021999    22.910799    12.0004
15.0859995    22.953999    12.0004
15.122    22.977999    12.0004
15.1516    22.998    12.0004
15.2188    23.037199    12.0004
15.2596    23.063599    12.0004
15.33    23.1084    12.0004
15.3412    23.115599    12.0004
15.406799    23.161999    12.0004
15.436399    23.1836    12.0004
15.5028    23.2292    12.0004
15.5292    23.2484    12.0004
15.5364    23.253199    12.0004
15.561999    23.274    12.0004
15.619599    23.321999    12.0004
15.634    23.333199    12.0004
15.71    23.394    12.0004
15.7196    23.4012    12.0004
15.739599    23.4156    12.0004
15.808399    23.4684    12.0004
15.871599    23.518    12.0004
15.914    23.5492    12.0004
15.941999    23.5684    12.0004
15.9556    23.5772    12.0004
16.022    23.617199    12.0004
16.042    23.6292    12.0004
16.07    23.6444    12.0004
16.1124    23.6684    12.0004
16.1604    23.6924    12.0004
16.206    23.7172    12.0004
16.2532    23.741999    12.0004
16.2876    23.758799    12.0004
16.338    23.778    12.0004
16.347599    23.782    12.0004
16.362    23.786798    12.0004
16.427599    23.8044    12.0004
16.4284    23.8044    12.0004
16.4284    23.805199    12.0004
16.4292    23.805199    12.0004
16.5012    23.8156    12.0004
16.5556    23.8244    12.0004
16.5644    23.826    12.0004
16.5724    23.826    12.0004
16.611599    23.8268    12.0004
16.7156    23.833199    12.0004
16.730799    23.834    12.0004
16.7732    23.8364    12.0004
16.810799    23.8356    12.0004
16.862799    23.8364    12.0004
16.8876    23.8372    12.0004
16.946    23.834799    12.0004
17.0196    23.8324    12.0004
17.0668    23.83    12.0004
17.1428    23.827599    12.0004
17.230799    23.83    12.0004
17.2484    23.8308    12.0004
17.2588    23.8316    12.0004
17.2924    23.834799    12.0004
17.3212    23.840399    12.0004
17.364399    23.8484    12.0004
17.369999    23.8492    12.0004
17.375599    23.851599    12.0004
17.4524    23.8724    12.0004
17.466799    23.875599    12.0004
17.5124    23.890799    12.0004
17.546799    23.9052    12.0004
17.5788    23.918    12.0004
17.593199    23.925999    12.0004
17.6092    23.9348    12.0004
17.6252    23.942799    12.0004
17.6412    23.9532    12.0004
17.6524    23.9604    12.0004
17.6588    23.966    12.0004
17.6764    23.9788    12.0004
17.7204    24.0148    12.0004
17.725199    24.018799    12.0004
17.743599    24.0348    12.0004
17.805199    24.0868    12.0004
17.875599    24.146    12.0004
17.9244    24.1876    12.0004
17.9732    24.2316    12.0004
17.9844    24.2412    12.0004
17.994799    24.25    12.0004
18.0156    24.2652    12.0004
18.046799    24.2668    12.0004
18.048399    24.2668    12.0004
18.0716    24.260399    12.0004
18.078    24.260399    12.0004
18.0996    24.2596    12.0004
18.1276    24.264399    12.0004
18.132399    24.264399    12.0004
18.1348    24.2652    12.0004
18.1524    24.269999    12.0004
18.163599    24.274    12.0004
18.2172    24.2948    12.0004
18.2836    24.3212    12.0004
18.312399    24.333199    12.0004
18.338    24.3436    12.0004
18.358    24.353199    12.0004
18.4956    24.410799    12.0004
18.6204    24.4732    12.0004
18.6468    24.485199    12.0004
18.661999    24.494799    12.0004
18.6772    24.51    12.0004
18.682    24.514    12.0004
18.6852    24.517199    12.0004
18.7428    24.594799    12.0004
18.7556    24.6132    12.0004
18.7796    24.649199    12.0004
18.8308    24.7316    12.0004
18.8428    24.7508    12.0004
18.866    24.788399    12.0004
18.8844    24.8196    12.0004
18.9132    24.869999    12.0004
18.9172    24.878    12.0004
18.949999    24.942799    12.0004
18.958    24.9588    12.0004
18.9628    24.9692    12.0004
18.9684    24.9804    12.0004
18.9756    24.9956    12.0004
18.9884    25.0276    12.0004
18.9932    25.0404    12.0004
18.9996    25.053999    12.0004
19.001999    25.0668    12.0004
19.0108    25.100399    12.0004
19.011599    25.108398    12.0004
19.0148    25.1292    12.0004
19.0148    25.1428    12.0004
19.0156    25.1756    12.0004
19.013199    25.2108    12.0004
19.013199    25.2172    12.0004
19.013199    25.2204    12.0004
19.011599    25.229198    12.0004
19.0036    25.2748    12.0004
19.000399    25.2948    12.0004
18.990799    25.340399    12.0004
18.9876    25.3524    12.0004
18.9804    25.381199    12.0004
18.9708    25.41    12.0004
18.942799    25.498    12.0004
18.942799    25.4988    12.0004
18.942    25.4996    12.0004
18.925999    25.5348    12.0004
18.914799    25.552399    12.0004
18.9084    25.5628    12.0004
18.886    25.591599    12.0004
18.8804    25.598    12.0004
18.8716    25.605999    12.0004
18.8444    25.63    12.0004
18.8132    25.6556    12.0004
18.764399    25.6948    12.0004
18.7412    25.7132    12.0004
18.702799    25.7412    12.0004
18.6668    25.765999    12.0004
18.6468    25.7788    12.0004
18.6028    25.810799    12.0004
18.587599    25.8204    12.0004
18.507599    25.8692    12.0004
18.490799    25.8788    12.0004
18.486    25.881199    12.0004
18.462    25.890799    12.0004
18.438    25.8972    12.0004
18.433199    25.8988    12.0004
18.4308    25.8988    12.0004
18.4084    25.9004    12.0004
18.3916    25.897999    12.0004
18.3836    25.897999    12.0004
18.373999    25.8948    12.0004
18.362799    25.892399    12.0004
18.358    25.8916    12.0004
