20.13    31.6556    13.8004
20.086    31.6468    13.8004
20.0772    31.6444    13.8004
20.0476    31.6356    13.8004
20.037199    31.632399    13.8004
20.0212    31.6244    13.8004
20.014    31.6204    13.8004
19.9988    31.6076    13.8004
19.9956    31.6036    13.8004
19.9924    31.5996    13.8004
19.982    31.585999    13.8004
19.9804    31.5812    13.8004
19.9748    31.5588    13.8004
19.9732    31.553999    13.8004
19.9684    31.533998    13.8004
19.9684    31.515598    13.8004
19.9692    31.504398    13.8004
19.9692    31.5028    13.8004
19.9692    31.500399    13.8004
19.9708    31.4772    13.8004
19.9708    31.476398    13.8004
19.9772    31.4492    13.8004
19.9844    31.4324    13.8004
19.9884    31.421999    13.8004
19.9932    31.4124    13.8004
20.000399    31.3996    13.8004
20.018799    31.3732    13.8004
20.0228    31.3676    13.8004
20.026    31.362799    13.8004
20.0516    31.325998    13.8004
20.053999    31.323599    13.8004
20.0556    31.321999    13.8004
20.0908    31.286    13.8004
20.1164    31.258799    13.8004
20.1188    31.2564    13.8004
20.1204    31.254799    13.8004
20.1468    31.230799    13.8004
20.1524    31.226799    13.8004
20.1828    31.202799    13.8004
20.189999    31.1988    13.8004
20.2292    31.173199    13.8004
20.241999    31.165998    13.8004
20.2876    31.143599    13.8004
20.345999    31.119598    13.8004
20.347599    31.1188    13.8004
20.3492    31.1188    13.8004
20.3916    31.1068    13.8004
20.41    31.104399    13.8004
20.420399    31.102798    13.8004
20.4396    31.1012    13.8004
20.448399    31.1012    13.8004
20.4548    31.1012    13.8004
20.4788    31.105999    13.8004
20.486    31.1076    13.8004
20.522799    31.1148    13.8004
20.5348    31.118    13.8004
20.562    31.126799    13.8004
20.5676    31.128399    13.8004
20.594    31.1412    13.8004
20.614    31.15    13.8004
20.6276    31.157999    13.8004
20.6532    31.174799    13.8004
20.6884    31.202    13.8004
20.6892    31.202799    13.8004
20.689999    31.2036    13.8004
20.7148    31.229198    13.8004
20.7244    31.240398    13.8004
20.737999    31.2564    13.8004
20.7444    31.269999    13.8004
20.754    31.2852    13.8004
20.758799    31.2988    13.8004
20.7636    31.310799    13.8004
20.764399    31.3252    13.8004
20.764399    31.3324    13.8004
20.7612    31.3436    13.8004
20.7564    31.3604    13.8004
20.7444    31.3884    13.8004
20.7332    31.4196    13.8004
20.73    31.4252    13.8004
20.718    31.446798    13.8004
20.713999    31.452398    13.8004
20.702    31.472399    13.8004
20.6932    31.479599    13.8004
20.6764    31.498    13.8004
20.666    31.505999    13.8004
20.649199    31.518    13.8004
20.6292    31.5276    13.8004
20.5924    31.542799    13.8004
20.59    31.5444    13.8004
20.538    31.566    13.8004
20.5292    31.57    13.8004
20.5212    31.573198    13.8004
20.483599    31.5868    13.8004
20.4412    31.6036    13.8004
20.43    31.608398    13.8004
20.3732    31.628399    13.8004
20.347599    31.6372    13.8004
20.3316    31.6428    13.8004
20.2868    31.657999    13.8004
20.2852    31.657999    13.8004
20.282    31.6596    13.8004
20.271599    31.661999    13.8004
20.2356    31.669199    13.8004
20.201199    31.6684    13.8004
20.1996    31.6684    13.8004
20.1444    31.6588    13.8004
20.1412    31.657999    13.8004
20.13    31.6556    13.8004
