11.205999    30.641998    17.4004
11.1932    30.633999    17.4004
11.165199    30.611599    17.4004
11.1524    30.602798    17.4004
11.1268    30.5852    17.4004
11.1244    30.5844    17.4004
11.1236    30.5836    17.4004
11.098    30.5668    17.4004
11.078    30.5516    17.4004
11.066    30.5436    17.4004
11.0556    30.535599    17.4004
11.0268    30.522799    17.4004
10.998    30.546799    17.4004
10.9908    30.5324    17.4004
10.9908    30.548399    17.4004
10.99    30.553999    17.4004
10.987599    30.5828    17.4004
10.987599    30.5852    17.4004
10.9868    30.6236    17.4004
10.9868    30.625198    17.4004
10.9868    30.6316    17.4004
10.993199    30.660398    17.4004
10.9924    30.665998    17.4004
10.9964    30.6812    17.4004
11.0132    30.712399    17.4004
11.0188    30.7172    17.4004
11.0308    30.721199    17.4004
11.0571995    30.721199    17.4004
11.094    30.7132    17.4004
11.1324    30.7076    17.4004
11.1332    30.7076    17.4004
11.134    30.7076    17.4004
11.186    30.7044    17.4004
11.202    30.706    17.4004
11.2188    30.702799    17.4004
11.233999    30.705198    17.4004
11.2444    30.701199    17.4004
11.242    30.689999    17.4004
11.2411995    30.6708    17.4004
11.233999    30.6628    17.4004
11.222799    30.654    17.4004
11.205999    30.641998    17.4004
