18.529999    23.094799    17.4004
18.5268    23.1204    17.4004
18.5268    23.122799    17.4004
18.5396    23.1428    17.4004
18.542799    23.1468    17.4004
18.542799    23.1476    17.4004
18.5444    23.1468    17.4004
18.5812    23.128399    17.4004
18.586    23.1164    17.4004
18.5916    23.1012    17.4004
18.594799    23.0892    17.4004
18.5996    23.069199    17.4004
18.602    23.063599    17.4004
18.594    23.037199    17.4004
18.594799    23.031599    17.4004
18.5964    23.0268    17.4004
18.5852    23.0036    17.4004
18.5812    22.9772    17.4004
18.5828    22.9732    17.4004
18.5796    22.965199    17.4004
18.5532    22.9676    17.4004
18.541199    22.9676    17.4004
18.538    22.9756    17.4004
18.531599    22.9916    17.4004
18.5332    23.0044    17.4004
18.5268    23.022799    17.4004
18.5276    23.0332    17.4004
18.5276    23.0572    17.4004
18.5308    23.0644    17.4004
18.5276    23.0884    17.4004
18.529999    23.094799    17.4004
