15.774799    27.9516    17.4004
15.774799    27.9524    17.4004
15.774799    27.9532    17.4004
15.7652    27.9972    17.4004
15.7588    28.029999    17.4004
15.7532    28.0588    17.4004
15.7444    28.098799    17.4004
15.7372    28.13    17.4004
15.733999    28.1428    17.4004
15.7308    28.149199    17.4004
15.717999    28.182798    17.4004
15.705999    28.212399    17.4004
15.6956    28.2356    17.4004
15.6723995    28.2836    17.4004
15.660399    28.303598    17.4004
15.653199    28.3116    17.4004
15.642799    28.3188    17.4004
15.6284    28.3204    17.4004
15.619599    28.3228    17.4004
15.6164    28.3228    17.4004
15.5884    28.3252    17.4004
15.573199    28.3244    17.4004
15.5596    28.3228    17.4004
15.555599    28.323599    17.4004
15.53    28.327599    17.4004
15.528399    28.327599    17.4004
15.510799    28.3412    17.4004
15.5068    28.344398    17.4004
15.506    28.3764    17.4004
15.506    28.3788    17.4004
15.514    28.4068    17.4004
15.514    28.4084    17.4004
15.5171995    28.4268    17.4004
15.527599    28.481998    17.4004
15.5292    28.4884    17.4004
15.53    28.493198    17.4004
15.5364    28.5308    17.4004
15.539599    28.5436    17.4004
15.545199    28.5668    17.4004
15.545199    28.567598    17.4004
15.5476    28.5724    17.4004
15.561199    28.598    17.4004
15.5716    28.615599    17.4004
15.582    28.630798    17.4004
15.5876    28.6364    17.4004
15.608399    28.649199    17.4004
15.6348    28.6532    17.4004
15.6404    28.6556    17.4004
15.6636    28.6524    17.4004
15.670799    28.6524    17.4004
15.6779995    28.65    17.4004
15.700399    28.637999    17.4004
15.7084    28.632399    17.4004
15.7244    28.617199    17.4004
15.742    28.594799    17.4004
15.7444    28.591599    17.4004
15.7732    28.537199    17.4004
15.7788    28.526    17.4004
15.7884    28.5036    17.4004
15.797999    28.483599    17.4004
15.802    28.4748    17.4004
15.809999    28.455599    17.4004
15.826799    28.413198    17.4004
15.877999    28.2908    17.4004
15.886    28.2748    17.4004
15.922    28.2004    17.4004
15.9316    28.182    17.4004
15.974    28.105999    17.4004
15.9852    28.085999    17.4004
16.0092    28.045198    17.4004
16.038    27.998    17.4004
16.0564    27.9684    17.4004
16.066    27.953999    17.4004
16.0972    27.9116    17.4004
16.121199    27.879599    17.4004
16.146    27.8492    17.4004
16.1828    27.806    17.4004
16.1948    27.792398    17.4004
16.2228    27.760399    17.4004
16.246    27.734    17.4004
16.2756    27.708399    17.4004
16.2948    27.689999    17.4004
16.317999    27.6708    17.4004
16.347599    27.649199    17.4004
16.392399    27.621199    17.4004
16.3964    27.6188    17.4004
16.4172    27.608398    17.4004
16.4428    27.5956    17.4004
16.4884    27.5732    17.4004
16.496399    27.57    17.4004
16.51    27.565199    17.4004
16.548399    27.553999    17.4004
16.5676    27.55    17.4004
16.594799    27.545198    17.4004
16.6092    27.542799    17.4004
16.6412    27.542799    17.4004
16.656399    27.542    17.4004
16.697199    27.5476    17.4004
16.7044    27.548399    17.4004
16.7404    27.557999    17.4004
16.743599    27.5588    17.4004
16.747599    27.5604    17.4004
16.789999    27.574799    17.4004
16.7932    27.576399    17.4004
16.7964    27.5772    17.4004
16.8148    27.5884    17.4004
16.8308    27.5996    17.4004
16.8444    27.608398    17.4004
16.8612    27.621199    17.4004
16.8892    27.6444    17.4004
16.9068    27.6596    17.4004
16.914    27.669199    17.4004
16.9564    27.7244    17.4004
16.9644    27.734798    17.4004
16.966799    27.737999    17.4004
16.9788    27.758    17.4004
17.0012    27.795599    17.4004
17.0044    27.802    17.4004
17.024399    27.8428    17.4004
17.0476    27.892399    17.4004
17.0532    27.906    17.4004
17.0788    27.9716    17.4004
17.0812    27.9772    17.4004
17.086    27.990799    17.4004
17.087599    27.994    17.4004
17.1036    28.042    17.4004
17.1196    28.09    17.4004
17.139599    28.1596    17.4004
17.1468    28.1852    17.4004
17.1596    28.236399    17.4004
17.1716    28.286798    17.4004
17.174    28.295599    17.4004
17.1876    28.3636    17.4004
17.1932    28.3932    17.4004
17.2044    28.47    17.4004
17.21    28.5068    17.4004
17.213999    28.538    17.4004
17.2276    28.633999    17.4004
17.2348    28.6796    17.4004
17.2396    28.726799    17.4004
17.243599    28.7676    17.4004
17.249199    28.834    17.4004
17.2524    28.8708    17.4004
17.254    28.886799    17.4004
17.254799    28.907598    17.4004
17.2596    29.001999    17.4004
17.260399    29.0364    17.4004
17.2612    29.0996    17.4004
17.260399    29.1812    17.4004
17.2596    29.206799    17.4004
17.2556    29.314    17.4004
17.254799    29.3188    17.4004
17.254799    29.3284    17.4004
17.2484    29.418    17.4004
17.2412    29.494799    17.4004
17.2356    29.545198    17.4004
17.226    29.617199    17.4004
17.221199    29.654    17.4004
17.208399    29.726799    17.4004
17.1956    29.8004    17.4004
17.1604    29.990799    17.4004
17.1492    30.056398    17.4004
17.1316    30.1532    17.4004
17.1252    30.1932    17.4004
17.114    30.2692    17.4004
17.1092    30.306799    17.4004
17.105999    30.3244    17.4004
17.09    30.4364    17.4004
17.0852    30.4756    17.4004
17.074    30.5668    17.4004
17.0532    30.7204    17.4004
17.0516    30.7332    17.4004
17.0332    30.8452    17.4004
17.0276    30.877998    17.4004
17.0164    30.9452    17.4004
17.001999    31.022799    17.4004
16.998    31.042799    17.4004
16.994799    31.061998    17.4004
16.9764    31.147598    17.4004
16.972399    31.1644    17.4004
16.962    31.208399    17.4004
16.9532    31.2452    17.4004
16.931599    31.3228    17.4004
16.9292    31.33    17.4004
16.9284    31.3324    17.4004
16.9284    31.334799    17.4004
16.9116    31.383598    17.4004
16.910799    31.385199    17.4004
16.910799    31.386799    17.4004
16.8996    31.418798    17.4004
16.8956    31.433199    17.4004
16.892399    31.4476    17.4004
16.8828    31.466799    17.4004
16.8796    31.4748    17.4004
16.873999    31.5012    17.4004
16.873999    31.5028    17.4004
16.8668    31.529999    17.4004
16.8668    31.5324    17.4004
16.875599    31.5436    17.4004
16.886    31.567598    17.4004
16.8932    31.574799    17.4004
16.9012    31.574799    17.4004
16.9044    31.570799    17.4004
16.910799    31.5548    17.4004
16.93    31.526    17.4004
16.9364    31.509998    17.4004
16.9396    31.4972    17.4004
16.955599    31.4676    17.4004
16.9588    31.462    17.4004
16.9684    31.446798    17.4004
16.986    31.413198    17.4004
16.9884    31.410799    17.4004
16.99    31.409199    17.4004
16.994    31.403599    17.4004
17.034    31.3548    17.4004
17.034    31.354    17.4004
17.0348    31.353199    17.4004
17.0588    31.327599    17.4004
17.0612    31.3252    17.4004
17.0668    31.3212    17.4004
17.0884    31.306    17.4004
17.1012    31.3004    17.4004
17.1148    31.2932    17.4004
17.1308    31.2876    17.4004
17.146    31.2836    17.4004
17.169199    31.282    17.4004
17.191599    31.282    17.4004
17.2164    31.281199    17.4004
17.226799    31.282    17.4004
17.274    31.284399    17.4004
17.2764    31.284399    17.4004
17.282799    31.2852    17.4004
17.342    31.2932    17.4004
17.354    31.295599    17.4004
17.3908    31.299599    17.4004
17.442799    31.3116    17.4004
17.4628    31.316399    17.4004
17.4828    31.3212    17.4004
17.5684    31.3436    17.4004
17.5804    31.345999    17.4004
17.6196    31.358    17.4004
17.6308    31.362    17.4004
17.6412    31.366798    17.4004
17.6588    31.373999    17.4004
17.680399    31.386    17.4004
17.6892    31.390799    17.4004
17.7052    31.400398    17.4004
17.7164    31.41    17.4004
17.7348    31.421999    17.4004
17.7556    31.444399    17.4004
17.760399    31.448399    17.4004
17.7732    31.4628    17.4004
17.788399    31.479599    17.4004
17.7924    31.487598    17.4004
17.810799    31.5124    17.4004
17.812399    31.515598    17.4004
17.8212    31.5308    17.4004
17.8276    31.5404    17.4004
17.8332    31.550798    17.4004
17.8548    31.5956    17.4004
17.866    31.622    17.4004
17.8836    31.6668    17.4004
17.8988    31.708399    17.4004
17.9044    31.726    17.4004
17.910799    31.7444    17.4004
17.9228    31.7876    17.4004
17.9284    31.806799    17.4004
17.93    31.814    17.4004
17.931599    31.820398    17.4004
17.942    31.8716    17.4004
17.944399    31.8876    17.4004
17.9516    31.9348    17.4004
17.9548    31.953999    17.4004
17.9572    31.987598    17.4004
17.958    32.017998    17.4004
17.9572    32.0524    17.4004
17.9572    32.0732    17.4004
17.9532    32.1068    17.4004
17.9468    32.142    17.4004
17.9436    32.1564    17.4004
17.942    32.162    17.4004
17.9324    32.197998    17.4004
17.9188    32.2364    17.4004
17.9084    32.2644    17.4004
17.906    32.2692    17.4004
17.9044    32.2732    17.4004
17.8828    32.3164    17.4004
17.879599    32.3228    17.4004
17.879599    32.3236    17.4004
17.851599    32.3756    17.4004
17.8484    32.380398    17.4004
17.845999    32.3836    17.4004
17.8036    32.45    17.4004
17.7972    32.4612    17.4004
17.7596    32.514    17.4004
17.7516    32.5244    17.4004
17.734    32.5444    17.4004
17.7068    32.5676    17.4004
17.702799    32.5708    17.4004
17.6828    32.585197    17.4004
17.6388    32.613197    17.4004
17.5836    32.6436    17.4004
17.5628    32.6548    17.4004
17.5228    32.6748    17.4004
17.494799    32.6876    17.4004
17.444399    32.709198    17.4004
17.434    32.7132    17.4004
17.3932    32.7292    17.4004
17.369999    32.738    17.4004
17.3332    32.75    17.4004
17.3196    32.753998    17.4004
17.298    32.7604    17.4004
17.2596    32.7716    17.4004
17.225199    32.7812    17.4004
17.1772    32.793198    17.4004
17.1444    32.8004    17.4004
17.0844    32.8124    17.4004
17.057999    32.818    17.4004
17.046    32.8196    17.4004
17.0156    32.8236    17.4004
16.994799    32.824398    17.4004
16.9716    32.8236    17.4004
16.9532    32.822    17.4004
16.9052    32.8148    17.4004
16.8676    32.8068    17.4004
16.8268    32.798798    17.4004
16.754    32.781998    17.4004
16.743599    32.7796    17.4004
16.7348    32.7772    17.4004
16.7148    32.7716    17.4004
16.6668    32.758    17.4004
16.645199    32.75    17.4004
16.621199    32.7436    17.4004
16.594799    32.7356    17.4004
16.5852    32.733997    17.4004
16.562    32.7244    17.4004
16.5388    32.714798    17.4004
16.466799    32.6916    17.4004
16.4508    32.686    17.4004
16.4132    32.6748    17.4004
16.4028    32.6732    17.4004
16.3964    32.672398    17.4004
16.373999    32.6684    17.4004
16.364399    32.67    17.4004
16.3492    32.6676    17.4004
16.3316    32.67    17.4004
16.3084    32.666798    17.4004
16.2892    32.6652    17.4004
16.2852    32.666    17.4004
16.2188    32.6684    17.4004
16.21    32.6684    17.4004
16.2044    32.6692    17.4004
16.133999    32.6684    17.4004
16.1316    32.6684    17.4004
16.111599    32.6684    17.4004
16.09    32.6684    17.4004
16.087599    32.6684    17.4004
16.0612    32.666798    17.4004
16.0172    32.6652    17.4004
16.01    32.6652    17.4004
16.006    32.6644    17.4004
15.978    32.661198    17.4004
15.974799    32.6604    17.4004
15.9668    32.6596    17.4004
15.929199    32.655598    17.4004
15.9268    32.655598    17.4004
15.9251995    32.6548    17.4004
15.8852    32.6484    17.4004
15.842    32.6436    17.4004
15.8404    32.6436    17.4004
15.8276    32.638798    17.4004
15.814799    32.6356    17.4004
15.8132    32.6348    17.4004
15.8043995    32.6324    17.4004
15.7716    32.627598    17.4004
15.729199    32.616398    17.4004
15.7244    32.6148    17.4004
15.693199    32.6084    17.4004
15.686    32.6068    17.4004
15.6404    32.5924    17.4004
15.6124    32.5924    17.4004
15.6052    32.5916    17.4004
15.5708    32.5868    17.4004
15.567599    32.586    17.4004
15.5356    32.5812    17.4004
15.5308    32.579597    17.4004
15.487599    32.5748    17.4004
15.4804    32.5732    17.4004
15.475599    32.5724    17.4004
15.4212    32.5612    17.4004
15.41    32.5596    17.4004
15.3932    32.5564    17.4004
15.337199    32.5444    17.4004
15.297199    32.5372    17.4004
15.2699995    32.5308    17.4004
15.234799    32.523598    17.4004
15.170799    32.5052    17.4004
15.148399    32.5004    17.4004
15.122    32.4916    17.4004
15.056399    32.473198    17.4004
15.033199    32.466    17.4004
14.9604    32.4412    17.4004
14.9548    32.439598    17.4004
14.8748    32.408398    17.4004
14.785999    32.3724    17.4004
14.7772    32.3684    17.4004
14.7092    32.3348    17.4004
14.6668    32.314    17.4004
14.6628    32.3108    17.4004
14.6284    32.3076    17.4004
14.625199    32.3068    17.4004
14.6236    32.3092    17.4004
14.6156    32.3236    17.4004
14.608399    32.337997    17.4004
14.6068    32.3388    17.4004
14.6068    32.3404    17.4004
14.619599    32.374798    17.4004
14.6212    32.3764    17.4004
14.6524    32.4116    17.4004
14.653999    32.413998    17.4004
14.6628    32.4236    17.4004
14.682799    32.445198    17.4004
14.7123995    32.4796    17.4004
14.7411995    32.5132    17.4004
14.7844    32.5596    17.4004
14.8052    32.582    17.4004
14.842799    32.618    17.4004
14.900399    32.6788    17.4004
14.9228    32.7012    17.4004
15.0124    32.7964    17.4004
15.0236    32.8076    17.4004
15.1068    32.9012    17.4004
15.1212    32.9164    17.4004
15.134    32.9324    17.4004
15.2036    33.0156    17.4004
15.226    33.045998    17.4004
15.2708    33.107597    17.4004
15.2956    33.146    17.4004
15.3228    33.19    17.4004
15.3356    33.2132    17.4004
15.360399    33.2628    17.4004
15.372399    33.29    17.4004
15.395599    33.3428    17.4004
15.4052    33.3676    17.4004
15.4156    33.4004    17.4004
15.417199    33.426    17.4004
15.417999    33.434    17.4004
15.426    33.4444    17.4004
15.4396    33.4652    17.4004
15.45    33.475597    17.4004
15.4676    33.4948    17.4004
15.509999    33.542    17.4004
15.5188    33.5524    17.4004
15.528399    33.568398    17.4004
15.532399    33.573997    17.4004
15.542    33.5948    17.4004
15.546    33.6036    17.4004
15.554    33.6268    17.4004
15.566    33.6644    17.4004
15.589999    33.7388    17.4004
15.601999    33.778    17.4004
15.625199    33.8612    17.4004
15.6276    33.869198    17.4004
15.6284    33.871597    17.4004
15.6388    33.9068    17.4004
15.6404    33.913998    17.4004
15.6444    33.9356    17.4004
15.6435995    33.9596    17.4004
15.6444    33.9628    17.4004
15.6435995    33.9668    17.4004
15.6396    33.9908    17.4004
15.6332    34.0076    17.4004
15.629999    34.0156    17.4004
15.6156    34.0444    17.4004
15.607599    34.0588    17.4004
15.596399    34.0844    17.4004
15.5868    34.1036    17.4004
15.5636    34.1484    17.4004
15.5468    34.1804    17.4004
15.5364    34.1988    17.4004
15.521199    34.225998    17.4004
15.5028    34.2532    17.4004
15.474    34.302    17.4004
15.4684    34.3092    17.4004
15.4492    34.3204    17.4004
15.4484    34.3204    17.4004
15.446799    34.321198    17.4004
15.417199    34.334    17.4004
15.4156    34.3348    17.4004
15.41    34.3372    17.4004
15.389199    34.342    17.4004
15.3708    34.3396    17.4004
15.3636    34.3396    17.4004
15.342799    34.334    17.4004
15.337199    34.3316    17.4004
15.306    34.3204    17.4004
15.268399    34.304398    17.4004
15.229199    34.287598    17.4004
15.2204    34.2836    17.4004
15.1964    34.2724    17.4004
15.182799    34.2644    17.4004
15.174    34.259598    17.4004
15.1628    34.25    17.4004
15.147599    34.2364    17.4004
15.1348    34.220398    17.4004
15.125999    34.2084    17.4004
15.107599    34.1828    17.4004
15.096399    34.166798    17.4004
15.0836    34.146    17.4004
15.061999    34.1156    17.4004
15.026    34.0612    17.4004
14.9804    33.9932    17.4004
14.966    33.9716    17.4004
14.941199    33.9348    17.4004
14.901999    33.878    17.4004
14.8619995    33.8204    17.4004
14.79    33.7156    17.4004
14.779599    33.7012    17.4004
14.7708    33.6868    17.4004
14.6644    33.5228    17.4004
14.6147995    33.450798    17.4004
14.573199    33.3924    17.4004
14.5492    33.3588    17.4004
14.5372    33.3428    17.4004
14.521199    33.3172    17.4004
14.503599    33.293198    17.4004
14.4956    33.2844    17.4004
14.4836    33.2732    17.4004
14.401199    33.1932    17.4004
14.3963995    33.1884    17.4004
14.394799    33.1876    17.4004
14.386    33.1788    17.4004
14.2956    33.0876    17.4004
14.2564    33.051598    17.4004
14.222799    33.0164    17.4004
14.176399    32.967598    17.4004
14.1388    32.9276    17.4004
14.1348    32.9236    17.4004
14.113199    32.897198    17.4004
14.089999    32.87    17.4004
14.0876    32.8676    17.4004
14.0859995    32.8652    17.4004
14.0644    32.8388    17.4004
14.058    32.8308    17.4004
14.0028    32.7684    17.4004
13.997999    32.7636    17.4004
13.9964    32.7612    17.4004
13.969199    32.7324    17.4004
13.9628    32.7252    17.4004
13.9428    32.6972    17.4004
13.9316    32.677998    17.4004
13.9156    32.6572    17.4004
13.906799    32.6452    17.4004
13.8868    32.6252    17.4004
13.873199    32.6084    17.4004
13.8516    32.582798    17.4004
13.83    32.5636    17.4004
13.822    32.5532    17.4004
13.8043995    32.534    17.4004
13.794    32.5212    17.4004
13.7755995    32.5004    17.4004
13.7668    32.4884    17.4004
13.750799    32.4724    17.4004
13.7411995    32.4516    17.4004
13.7355995    32.445198    17.4004
13.714    32.4236    17.4004
13.7092    32.4172    17.4004
13.687599    32.3964    17.4004
13.683599    32.3908    17.4004
13.665199    32.37    17.4004
13.6644    32.3684    17.4004
13.638    32.3396    17.4004
13.631599    32.329998    17.4004
13.6004    32.298    17.4004
13.5924    32.2884    17.4004
13.5859995    32.2836    17.4004
13.5372    32.2332    17.4004
13.533199    32.2268    17.4004
13.5244    32.2156    17.4004
13.509999    32.200397    17.4004
13.502    32.194    17.4004
13.4956    32.1868    17.4004
13.4508    32.138798    17.4004
13.4404    32.13    17.4004
13.429199    32.118    17.4004
13.3972    32.0836    17.4004
13.374    32.0588    17.4004
13.3468    32.0284    17.4004
13.332399    32.0092    17.4004
13.306    31.979599    17.4004
13.3012    31.973999    17.4004
13.297199    31.9732    17.4004
13.2732    31.9492    17.4004
13.268399    31.9452    17.4004
13.2676    31.944399    17.4004
13.245999    31.938    17.4004
13.2388    31.938    17.4004
13.211599    31.9292    17.4004
13.205999    31.9308    17.4004
13.1796    31.921999    17.4004
13.1756    31.9228    17.4004
13.1612    31.9212    17.4004
13.1524    31.921999    17.4004
13.134    31.935598    17.4004
13.125999    31.925999    17.4004
13.11    31.9284    17.4004
13.1004    31.9284    17.4004
13.097199    31.927599    17.4004
13.094    31.9284    17.4004
13.050799    31.952398    17.4004
13.0404    31.9548    17.4004
12.999599    31.9748    17.4004
12.957999    31.998    17.4004
12.946    32.0044    17.4004
12.9044    32.0476    17.4004
12.8996    32.0556    17.4004
12.8972    32.0652    17.4004
12.883599    32.118    17.4004
12.8772    32.144398    17.4004
12.877999    32.1684    17.4004
12.878799    32.222797    17.4004
12.877999    32.246    17.4004
12.8852    32.318    17.4004
12.886    32.3252    17.4004
12.886    32.326797    17.4004
12.886    32.3276    17.4004
12.8884    32.3348    17.4004
12.8972    32.3684    17.4004
12.898    32.3732    17.4004
12.9052    32.4148    17.4004
12.9204    32.501198    17.4004
12.9228    32.5108    17.4004
12.9251995    32.526    17.4004
12.935599    32.598    17.4004
12.9436    32.6484    17.4004
12.9484    32.67    17.4004
12.953199    32.6884    17.4004
12.9692    32.7756    17.4004
12.9732    32.7924    17.4004
12.9836    32.8476    17.4004
12.992399    32.891598    17.4004
13.0004    32.9188    17.4004
13.0124    32.967598    17.4004
13.0171995    32.9884    17.4004
13.0428    33.082798    17.4004
13.045199    33.098    17.4004
13.0596    33.124397    17.4004
13.0612    33.1284    17.4004
13.0636    33.13    17.4004
13.078    33.1396    17.4004
13.1036    33.1596    17.4004
13.1052    33.161198    17.4004
13.1452    33.1828    17.4004
13.1572    33.1876    17.4004
13.245199    33.2348    17.4004
13.2836    33.2556    17.4004
13.3596    33.2972    17.4004
13.5252    33.3924    17.4004
13.5716    33.4228    17.4004
13.5724    33.4228    17.4004
13.619599    33.4524    17.4004
13.622    33.454    17.4004
13.625999    33.456398    17.4004
13.6356    33.4628    17.4004
13.694799    33.506798    17.4004
13.7252    33.53    17.4004
13.766    33.5612    17.4004
13.8012    33.5916    17.4004
13.8076    33.596397    17.4004
13.8236    33.610798    17.4004
13.8412    33.627598    17.4004
13.8524    33.638798    17.4004
13.8708    33.6604    17.4004
13.8932    33.689198    17.4004
13.895599    33.6932    17.4004
13.900399    33.6996    17.4004
13.9156    33.722    17.4004
13.929199    33.742    17.4004
13.9428    33.7644    17.4004
13.958799    33.794    17.4004
13.9828    33.8372    17.4004
14.0116    33.89    17.4004
14.0356    33.930798    17.4004
14.0436    33.9428    17.4004
14.049999    33.954    17.4004
14.0828    34.006798    17.4004
14.1108    34.0524    17.4004
14.174    34.1508    17.4004
14.1812    34.1628    17.4004
14.2276    34.239597    17.4004
14.228399    34.2404    17.4004
14.228399    34.2412    17.4004
14.2612    34.3036    17.4004
14.2892    34.3588    17.4004
14.303599    34.3892    17.4004
14.3116    34.4092    17.4004
14.3396    34.466    17.4004
14.342799    34.4748    17.4004
14.3524    34.495598    17.4004
14.384399    34.5724    17.4004
14.4036    34.616398    17.4004
14.434    34.6868    17.4004
14.4492    34.7212    17.4004
14.4548    34.7348    17.4004
14.476399    34.7892    17.4004
14.4939995    34.8332    17.4004
14.4956    34.8364    17.4004
14.4964    34.8396    17.4004
14.5148    34.8988    17.4004
14.5308    34.958797    17.4004
14.532399    34.9636    17.4004
14.532399    34.966    17.4004
14.533199    34.9692    17.4004
14.5524    35.0644    17.4004
14.5588    35.1004    17.4004
14.568399    35.1676    17.4004
14.568399    35.1684    17.4004
14.568399    35.1692    17.4004
14.5756    35.2164    17.4004
14.5803995    35.246    17.4004
14.5828    35.2732    17.4004
14.5859995    35.309998    17.4004
14.591599    35.346798    17.4004
14.5924    35.354    17.4004
14.596399    35.4036    17.4004
14.598    35.439598    17.4004
14.6012    35.5004    17.4004
14.601999    35.5284    17.4004
14.6044    35.6284    17.4004
14.6044    35.6708    17.4004
14.606    35.728397    17.4004
14.606    35.7292    17.4004
14.606    35.742    17.4004
14.6044    35.829998    17.4004
14.598    35.9684    17.4004
14.598    35.984398    17.4004
14.598    36.0044    17.4004
14.597199    36.020397    17.4004
14.597199    36.0532    17.4004
14.597199    36.079597    17.4004
14.5988    36.124397    17.4004
14.598    36.1404    17.4004
14.5988    36.161198    17.4004
14.5996    36.186    17.4004
14.601999    36.253998    17.4004
14.601999    36.256397    17.4004
14.602799    36.258    17.4004
14.6036    36.2836    17.4004
14.6108    36.3108    17.4004
14.613999    36.3164    17.4004
14.625199    36.337997    17.4004
14.6292    36.3452    17.4004
14.642799    36.362    17.4004
14.654799    36.3796    17.4004
14.6612    36.3868    17.4004
14.6692    36.3988    17.4004
14.6804    36.4204    17.4004
14.693199    36.447598    17.4004
14.694799    36.453197    17.4004
14.702    36.473198    17.4004
14.7067995    36.4884    17.4004
14.7076    36.4916    17.4004
14.71    36.514797    17.4004
14.7148    36.554    17.4004
14.714    36.5588    17.4004
14.714    36.5844    17.4004
14.7132    36.5892    17.4004
14.7076    36.6068    17.4004
14.7067995    36.6092    17.4004
14.688399    36.6452    17.4004
14.687599    36.646797    17.4004
14.686    36.649998    17.4004
14.6748    36.6708    17.4004
14.659599    36.700397    17.4004
14.658799    36.7044    17.4004
14.6452    36.7292    17.4004
14.6388    36.750797    17.4004
14.634    36.7604    17.4004
14.6284    36.7836    17.4004
14.6172    36.8052    17.4004
14.6116    36.8196    17.4004
14.6068    36.8404    17.4004
14.6052    36.85    17.4004
14.606    36.8668    17.4004
14.6044    36.888397    17.4004
14.6004    36.9044    17.4004
14.597199    36.9116    17.4004
14.595599    36.9172    17.4004
14.590799    36.9276    17.4004
14.5828    36.9468    17.4004
14.5571995    37.0084    17.4004
14.5476    37.022    17.4004
14.545199    37.029198    17.4004
14.527599    37.042    17.4004
14.521999    37.0468    17.4004
14.498799    37.0588    17.4004
14.4883995    37.0644    17.4004
14.481199    37.071598    17.4004
14.463599    37.09    17.4004
14.457999    37.1116    17.4004
14.4556    37.1196    17.4004
14.4548    37.121998    17.4004
14.4564    37.1316    17.4004
14.458799    37.1572    17.4004
14.4556    37.1804    17.4004
14.4484    37.197998    17.4004
14.446    37.203598    17.4004
14.441999    37.21    17.4004
14.429199    37.225998    17.4004
14.413199    37.246    17.4004
14.384399    37.2804    17.4004
14.3812    37.2844    17.4004
14.377199    37.2916    17.4004
14.3644    37.322    17.4004
14.3644    37.324398    17.4004
14.3684    37.3508    17.4004
14.377199    37.371597    17.4004
14.3996    37.402798    17.4004
14.4052    37.4108    17.4004
14.424399    37.430798    17.4004
14.429199    37.4356    17.4004
14.4604    37.4692    17.4004
14.4796    37.492397    17.4004
14.4883995    37.5052    17.4004
14.4972    37.5188    17.4004
14.497999    37.520397    17.4004
14.506    37.545998    17.4004
14.5084    37.5676    17.4004
14.509999    37.5788    17.4004
14.514    37.6004    17.4004
14.510799    37.610798    17.4004
14.510799    37.6236    17.4004
14.5084    37.6316    17.4004
14.503599    37.6492    17.4004
14.493199    37.6652    17.4004
14.49    37.6692    17.4004
14.4748    37.6772    17.4004
14.465199    37.6828    17.4004
14.4628    37.6844    17.4004
14.446    37.702    17.4004
14.4444    37.703598    17.4004
14.4444    37.7044    17.4004
14.4436    37.7052    17.4004
14.4316    37.7364    17.4004
14.4324    37.7388    17.4004
14.4316    37.7644    17.4004
14.4316    37.7668    17.4004
14.4332    37.7844    17.4004
14.4332    37.7892    17.4004
14.435599    37.8084    17.4004
14.436399    37.8172    17.4004
14.434799    37.841198    17.4004
14.435599    37.8444    17.4004
14.4316    37.852398    17.4004
14.418799    37.8732    17.4004
14.413199    37.880398    17.4004
14.377199    37.913998    17.4004
14.355599    37.9332    17.4004
14.348399    37.939598    17.4004
14.3284    37.9652    17.4004
14.322    37.973198    17.4004
14.3004    38.0116    17.4004
14.3004    38.012398    17.4004
14.29    38.0436    17.4004
14.2908    38.0508    17.4004
14.2884    38.071598    17.4004
14.2908    38.0844    17.4004
14.2932    38.1044    17.4004
14.3043995    38.1404    17.4004
14.3076    38.1516    17.4004
14.308399    38.157997    17.4004
14.3124    38.1772    17.4004
14.3132    38.1812    17.4004
14.3132    38.1852    17.4004
14.3108    38.2012    17.4004
14.309199    38.2084    17.4004
14.2956    38.2324    17.4004
14.292399    38.2388    17.4004
14.2724    38.2604    17.4004
14.2676    38.2644    17.4004
14.246799    38.2948    17.4004
14.245999    38.2948    17.4004
14.2324    38.324398    17.4004
14.2332    38.326    17.4004
14.23    38.3508    17.4004
14.2308    38.3572    17.4004
14.2316    38.3796    17.4004
14.2316    38.388397    17.4004
14.2324    38.4044    17.4004
14.2316    38.4324    17.4004
14.2308    38.436398    17.4004
14.228399    38.4444    17.4004
14.223599    38.4668    17.4004
14.2188    38.4836    17.4004
14.214    38.4948    17.4004
14.200399    38.5244    17.4004
14.1956    38.5332    17.4004
14.1692    38.57    17.4004
14.1676    38.5708    17.4004
14.1676    38.571598    17.4004
14.165999    38.5732    17.4004
14.1444    38.5948    17.4004
14.1268    38.61    17.4004
14.091599    38.6364    17.4004
14.054    38.6628    17.4004
14.0364    38.6732    17.4004
14.018    38.682    17.4004
13.9972    38.6884    17.4004
13.9788    38.6916    17.4004
13.9684    38.6916    17.4004
13.9324    38.6884    17.4004
13.918799    38.6868    17.4004
13.8748    38.6764    17.4004
13.8252    38.6628    17.4004
13.7996    38.657997    17.4004
13.7948    38.6564    17.4004
13.7668    38.654    17.4004
13.75    38.655598    17.4004
13.7364    38.6572    17.4004
13.717199    38.662    17.4004
13.71    38.6652    17.4004
13.687599    38.682    17.4004
13.6732    38.6956    17.4004
13.6444    38.7244    17.4004
13.591599    38.776398    17.4004
13.5764    38.79    17.4004
13.544399    38.8172    17.4004
13.533999    38.8252    17.4004
13.505199    38.846798    17.4004
13.49    38.8564    17.4004
13.4804    38.862    17.4004
13.458799    38.87    17.4004
13.4444    38.874    17.4004
13.4324    38.877197    17.4004
13.4307995    38.877197    17.4004
13.401999    38.882    17.4004
13.3924    38.8836    17.4004
13.389999    38.8836    17.4004
13.3468    38.8868    17.4004
13.3196    38.8876    17.4004
13.3043995    38.8876    17.4004
13.262    38.8852    17.4004
13.2548    38.8844    17.4004
13.229199    38.882    17.4004
13.211599    38.8796    17.4004
13.2067995    38.8788    17.4004
13.198    38.8764    17.4004
13.174    38.8708    17.4004
13.1404    38.860397    17.4004
13.1332    38.8588    17.4004
13.1276    38.8564    17.4004
13.097199    38.842    17.4004
13.062799    38.8252    17.4004
13.055599    38.821198    17.4004
12.9668    38.7636    17.4004
12.965199    38.761997    17.4004
12.964399    38.7612    17.4004
12.941199    38.75    17.4004
12.9348    38.7476    17.4004
12.924399    38.745197    17.4004
12.906    38.7388    17.4004
12.8972    38.737198    17.4004
12.8764    38.737198    17.4004
12.844399    38.7444    17.4004
12.8428    38.7444    17.4004
12.8108    38.7548    17.4004
12.806    38.7556    17.4004
12.802    38.7572    17.4004
12.7508    38.7796    17.4004
12.7196    38.793198    17.4004
12.686    38.8068    17.4004
12.665199    38.8148    17.4004
12.6532    38.8196    17.4004
12.6284    38.826797    17.4004
12.619599    38.8292    17.4004
12.5996    38.8332    17.4004
12.578799    38.8364    17.4004
12.5692    38.8372    17.4004
12.555599    38.8364    17.4004
12.539599    38.8372    17.4004
12.5188    38.829998    17.4004
12.5116    38.8284    17.4004
12.4908    38.8196    17.4004
12.4852    38.8164    17.4004
12.4796    38.813198    17.4004
12.4668    38.8052    17.4004
12.429199    38.781998    17.4004
12.412399    38.7716    17.4004
12.361199    38.7412    17.4004
12.349199    38.7332    17.4004
12.3228    38.7124    17.4004
12.29    38.6884    17.4004
12.245999    38.6532    17.4004
12.2148    38.6292    17.4004
12.1852    38.605198    17.4004
12.162    38.585197    17.4004
12.146    38.57    17.4004
12.1396    38.562    17.4004
12.130799    38.5484    17.4004
12.1244    38.5396    17.4004
12.1228    38.534    17.4004
12.118    38.5164    17.4004
12.1164    38.4964    17.4004
12.118    38.4876    17.4004
12.1292    38.4444    17.4004
12.130799    38.438    17.4004
12.130799    38.4332    17.4004
12.134    38.418    17.4004
12.134    38.4124    17.4004
12.131599    38.399597    17.4004
12.1268    38.378    17.4004
12.125199    38.3732    17.4004
12.108399    38.3428    17.4004
12.0924    38.318798    17.4004
12.0884    38.3116    17.4004
12.079599    38.293198    17.4004
12.078    38.2892    17.4004
12.0716    38.2724    17.4004
12.0724    38.261997    17.4004
12.0748    38.2436    17.4004
12.0764    38.237198    17.4004
12.0828    38.2108    17.4004
12.0859995    38.197998    17.4004
12.090799    38.1876    17.4004
12.1004    38.166798    17.4004
12.107599    38.1516    17.4004
12.1244    38.1172    17.4004
12.1348    38.096397    17.4004
12.136399    38.0924    17.4004
12.1452    38.0756    17.4004
12.1844    38.0108    17.4004
12.1852    38.01    17.4004
12.205999    37.975597    17.4004
12.234799    37.936398    17.4004
12.251599    37.902798    17.4004
12.2532    37.9004    17.4004
12.2532    37.898    17.4004
12.2428    37.8684    17.4004
12.2388    37.8644    17.4004
12.211599    37.8444    17.4004
12.2076    37.8404    17.4004
12.1804    37.8196    17.4004
12.165999    37.8076    17.4004
12.148399    37.79    17.4004
12.138    37.7812    17.4004
12.1004    37.7388    17.4004
12.0924    37.728397    17.4004
12.0708    37.700397    17.4004
12.0652    37.6932    17.4004
12.061999    37.6868    17.4004
12.0468    37.6596    17.4004
12.044399    37.654    17.4004
12.0436    37.6532    17.4004
12.0356    37.626    17.4004
12.0356    37.6148    17.4004
12.039599    37.5972    17.4004
12.0428    37.578    17.4004
12.044399    37.5692    17.4004
12.0571995    37.5276    17.4004
12.0604    37.51    17.4004
12.0636    37.486    17.4004
12.0668    37.461998    17.4004
12.0668    37.456398    17.4004
12.058    37.425198    17.4004
12.058    37.4244    17.4004
12.0548    37.419598    17.4004
12.042    37.3956    17.4004
12.0227995    37.3788    17.4004
12.009999    37.363598    17.4004
12.0012    37.3572    17.4004
11.9748    37.3316    17.4004
11.9604    37.322    17.4004
11.889199    37.2636    17.4004
11.8884    37.2628    17.4004
11.8868    37.2604    17.4004
11.8675995    37.2356    17.4004
11.8652    37.231598    17.4004
11.8644    37.2308    17.4004
11.855599    37.2132    17.4004
11.849999    37.203598    17.4004
11.844399    37.1844    17.4004
11.8404    37.1756    17.4004
11.8356    37.149998    17.4004
11.8348    37.1484    17.4004
11.8348    37.1476    17.4004
11.832399    37.1228    17.4004
11.8331995    37.1196    17.4004
11.8356    37.0948    17.4004
11.8372    37.0868    17.4004
11.846    37.0564    17.4004
11.8468    37.0548    17.4004
11.8516    37.0412    17.4004
11.860399    37.009197    17.4004
11.860399    36.9852    17.4004
11.860399    36.981197    17.4004
11.854799    36.953197    17.4004
11.854    36.9468    17.4004
11.8372    36.902    17.4004
11.8348    36.8964    17.4004
11.8348    36.8956    17.4004
11.822    36.8708    17.4004
11.8132    36.846798    17.4004
11.7987995    36.814    17.4004
11.780399    36.7668    17.4004
11.729199    36.6436    17.4004
11.7268    36.6396    17.4004
11.7244    36.634    17.4004
11.7012    36.5804    17.4004
11.6972    36.5708    17.4004
11.654799    36.4804    17.4004
11.6388    36.4436    17.4004
11.6124    36.388397    17.4004
11.5828    36.318    17.4004
11.578    36.3076    17.4004
11.578    36.306    17.4004
11.573999    36.2972    17.4004
11.5468    36.2332    17.4004
11.5356    36.2028    17.4004
11.5171995    36.1516    17.4004
11.5084    36.1252    17.4004
11.49    36.0732    17.4004
11.4844    36.057198    17.4004
11.4684    35.9988    17.4004
11.464399    35.986797    17.4004
11.4484    35.9236    17.4004
11.447599    35.9204    17.4004
11.447599    35.9188    17.4004
11.4396    35.882    17.4004
11.4332    35.849197    17.4004
11.4316    35.8428    17.4004
11.422    35.7796    17.4004
11.418799    35.758    17.4004
11.4108    35.703598    17.4004
11.398    35.6284    17.4004
11.3828    35.5484    17.4004
11.3812    35.534798    17.4004
11.372399    35.4748    17.4004
11.3675995    35.4268    17.4004
11.3652    35.4044    17.4004
11.3588    35.3308    17.4004
11.3588    35.326797    17.4004
11.355599    35.2836    17.4004
11.3524    35.2404    17.4004
11.349999    35.21    17.4004
11.3468    35.182    17.4004
11.346    35.1764    17.4004
11.342    35.1372    17.4004
11.3396    35.118    17.4004
11.3372    35.093998    17.4004
11.3356    35.065998    17.4004
11.334    35.0308    17.4004
11.3316    34.984398    17.4004
11.3316    34.919598    17.4004
11.332399    34.9036    17.4004
11.334    34.8332    17.4004
11.334    34.826    17.4004
11.334    34.8252    17.4004
11.3364    34.7644    17.4004
11.337999    34.7364    17.4004
11.3412    34.6908    17.4004
11.344399    34.6476    17.4004
11.3476    34.61    17.4004
11.3564    34.5316    17.4004
11.3572    34.5268    17.4004
11.3572    34.5228    17.4004
11.3756    34.382    17.4004
11.3796    34.341198    17.4004
11.3852    34.2772    17.4004
11.389199    34.2348    17.4004
11.3924    34.21    17.4004
11.3948    34.1916    17.4004
11.398    34.182    17.4004
11.406799    34.146    17.4004
11.4156    34.1172    17.4004
11.423599    34.0948    17.4004
11.4284    34.0812    17.4004
11.4444    34.0452    17.4004
11.452399    34.0268    17.4004
11.465199    34.001198    17.4004
11.478    33.9764    17.4004
11.521999    33.9004    17.4004
11.5227995    33.8988    17.4004
11.5244    33.8964    17.4004
11.6116    33.7612    17.4004
11.6292    33.733997    17.4004
11.662    33.6884    17.4004
11.7028    33.633198    17.4004
11.71    33.6236    17.4004
11.7388    33.5876    17.4004
11.8572    33.4404    17.4004
11.9228    33.3612    17.4004
11.9508    33.3276    17.4004
12.006    33.2668    17.4004
12.0068    33.265198    17.4004
12.0404    33.2308    17.4004
12.045199    33.2244    17.4004
12.0532    33.2164    17.4004
12.0652    33.192398    17.4004
12.068399    33.1884    17.4004
12.0708    33.1828    17.4004
12.0748    33.1636    17.4004
12.085199    33.118797    17.4004
12.091599    33.09    17.4004
12.11    33.0196    17.4004
12.1228    32.9764    17.4004
12.176399    32.7996    17.4004
12.1796    32.7884    17.4004
12.223599    32.6404    17.4004
12.228399    32.6236    17.4004
12.2604    32.51    17.4004
12.266    32.4892    17.4004
12.292399    32.378    17.4004
12.297199    32.3572    17.4004
12.315599    32.276398    17.4004
12.3228    32.2444    17.4004
12.3404    32.1684    17.4004
12.3428    32.1596    17.4004
12.344399    32.1492    17.4004
12.3708    31.998    17.4004
12.373199    31.970798    17.4004
12.377999    31.9236    17.4004
12.378799    31.914799    17.4004
12.378799    31.9044    17.4004
12.377999    31.8652    17.4004
12.373199    31.8284    17.4004
12.373199    31.821999    17.4004
12.358    31.747599    17.4004
12.3564    31.7372    17.4004
12.349999    31.7044    17.4004
12.346    31.6964    17.4004
12.3396    31.674799    17.4004
12.3372    31.67    17.4004
12.3308    31.6444    17.4004
12.3276    31.639599    17.4004
12.3068    31.5884    17.4004
12.303599    31.5836    17.4004
12.2956    31.5556    17.4004
12.2932    31.552399    17.4004
12.2755995    31.524399    17.4004
12.2732    31.522799    17.4004
12.246799    31.4884    17.4004
12.245999    31.487598    17.4004
12.222    31.4684    17.4004
12.211599    31.4564    17.4004
12.199599    31.442799    17.4004
12.1732    31.420399    17.4004
12.160399    31.41    17.4004
12.153999    31.4052    17.4004
12.134    31.39    17.4004
12.11    31.372398    17.4004
12.078799    31.353199    17.4004
12.033199    31.3268    17.4004
12.004399    31.3076    17.4004
11.987599    31.2964    17.4004
11.9828    31.2932    17.4004
11.9788    31.2916    17.4004
11.9572    31.2852    17.4004
11.9452    31.281199    17.4004
11.9428    31.281199    17.4004
11.9276    31.3076    17.4004
11.9251995    31.310799    17.4004
11.9284    31.338799    17.4004
11.938    31.357199    17.4004
11.9388    31.361198    17.4004
11.9636    31.4044    17.4004
11.9716    31.414    17.4004
11.993199    31.453999    17.4004
12.002    31.472399    17.4004
12.005199    31.477999    17.4004
12.033199    31.524399    17.4004
12.0476    31.550798    17.4004
12.0596    31.578798    17.4004
12.0668    31.594799    17.4004
12.0756    31.6132    17.4004
12.0836    31.6388    17.4004
12.0868    31.650799    17.4004
12.0876    31.656399    17.4004
12.0892    31.661999    17.4004
12.091599    31.677198    17.4004
12.0956    31.699598    17.4004
12.0956    31.7244    17.4004
12.0956    31.7332    17.4004
12.0948    31.7596    17.4004
12.0956    31.7764    17.4004
12.0932    31.7932    17.4004
12.0876    31.8324    17.4004
12.0828    31.858    17.4004
12.0708    31.916399    17.4004
12.054    31.9772    17.4004
12.050799    31.99    17.4004
12.045199    32.0052    17.4004
12.0292    32.05    17.4004
12.0124    32.0948    17.4004
12.0084    32.1044    17.4004
11.9844    32.162    17.4004
11.9844    32.1628    17.4004
11.9836    32.1628    17.4004
11.9836    32.1636    17.4004
11.947599    32.2188    17.4004
11.9348    32.2364    17.4004
11.9251995    32.248398    17.4004
11.901999    32.270798    17.4004
11.8932    32.2788    17.4004
11.889999    32.2812    17.4004
11.8684    32.298798    17.4004
11.858    32.306    17.4004
11.8476    32.309998    17.4004
11.8236    32.309998    17.4004
11.8228    32.309998    17.4004
11.820399    32.3092    17.4004
11.786799    32.2972    17.4004
11.7492    32.2732    17.4004
11.7332    32.2644    17.4004
11.7156    32.2572    17.4004
11.7028    32.2524    17.4004
11.7028    32.2516    17.4004
11.702    32.2516    17.4004
11.665199    32.2564    17.4004
11.660399    32.259598    17.4004
11.6324    32.293198    17.4004
11.630799    32.2948    17.4004
11.63    32.2972    17.4004
11.5956    32.3452    17.4004
11.5836    32.3612    17.4004
11.5556    32.3836    17.4004
11.5524    32.3852    17.4004
11.5484    32.385998    17.4004
11.5236    32.394    17.4004
11.4684    32.3948    17.4004
11.4156    32.3964    17.4004
11.4052    32.3964    17.4004
11.401199    32.3964    17.4004
11.3988    32.3964    17.4004
11.3068    32.3908    17.4004
11.297999    32.3892    17.4004
11.254    32.3812    17.4004
11.2492    32.3796    17.4004
11.228399    32.374    17.4004
11.217199    32.3668    17.4004
11.200399    32.3588    17.4004
11.19    32.352398    17.4004
11.1723995    32.3428    17.4004
11.160399    32.335598    17.4004
11.1476    32.326    17.4004
11.138    32.3172    17.4004
11.125199    32.306    17.4004
11.1116    32.2924    17.4004
11.1036    32.2836    17.4004
11.085199    32.2636    17.4004
11.0668    32.242798    17.4004
11.0515995    32.2268    17.4004
11.0252    32.194    17.4004
11.010799    32.1756    17.4004
11.0084    32.1708    17.4004
10.9788    32.1364    17.4004
10.9748    32.1324    17.4004
10.946799    32.0932    17.4004
10.946    32.0924    17.4004
10.922    32.0612    17.4004
10.8988    32.0276    17.4004
10.8972    32.0244    17.4004
10.8804    32.001198    17.4004
10.878799    31.998798    17.4004
10.866    31.9732    17.4004
10.8644    31.970798    17.4004
10.844399    31.9324    17.4004
10.8428    31.929998    17.4004
10.8412    31.9268    17.4004
10.8196    31.8788    17.4004
10.8108    31.8636    17.4004
10.7836    31.806    17.4004
10.7724    31.782    17.4004
10.769199    31.773998    17.4004
10.722    31.678    17.4004
10.7164    31.667599    17.4004
10.7156    31.665998    17.4004
10.6684    31.5772    17.4004
10.6572    31.557999    17.4004
10.6284    31.500399    17.4004
10.5996    31.449999    17.4004
10.5884    31.429998    17.4004
10.5788    31.4044    17.4004
10.5644    31.3876    17.4004
10.558    31.3828    17.4004
10.5548    31.3844    17.4004
10.5515995    31.386799    17.4004
10.528399    31.3916    17.4004
10.5244    31.394798    17.4004
10.4948    31.4116    17.4004
10.4804    31.421999    17.4004
10.4516    31.4436    17.4004
10.4452    31.448399    17.4004
10.4284    31.4572    17.4004
10.4164    31.466    17.4004
10.389999    31.479599    17.4004
10.378799    31.485199    17.4004
10.3708    31.4884    17.4004
10.3604    31.4924    17.4004
10.2996    31.515598    17.4004
10.252399    31.531599    17.4004
10.2268    31.535599    17.4004
10.2148    31.538    17.4004
10.200399    31.5364    17.4004
10.1676    31.528399    17.4004
10.1476    31.522799    17.4004
10.09    31.5068    17.4004
10.0868    31.5052    17.4004
10.0836    31.5028    17.4004
10.0652    31.493198    17.4004
10.0292    31.465199    17.4004
10.0244    31.461199    17.4004
10.0236    31.461199    17.4004
9.998    31.442799    17.4004
9.9916    31.4404    17.4004
9.9804    31.434    17.4004
9.9748    31.429998    17.4004
9.9612    31.418    17.4004
9.958    31.414799    17.4004
9.9548    31.410799    17.4004
9.9516    31.406    17.4004
9.9212    31.361198    17.4004
9.91    31.3412    17.4004
9.901199    31.314    17.4004
9.9004    31.312399    17.4004
9.9004    31.3116    17.4004
9.8972    31.286798    17.4004
9.895599    31.284399    17.4004
9.884399    31.254799    17.4004
9.8604    31.2228    17.4004
9.822    31.1964    17.4004
9.7996    31.182    17.4004
9.7828    31.1708    17.4004
9.7764    31.1668    17.4004
9.7699995    31.1628    17.4004
9.7476    31.1516    17.4004
9.745999    31.1516    17.4004
9.711599    31.1524    17.4004
9.705999    31.156399    17.4004
9.6932    31.1644    17.4004
9.677199    31.1668    17.4004
9.662    31.165998    17.4004
9.658    31.1668    17.4004
9.6356    31.163599    17.4004
9.6236    31.160398    17.4004
9.620399    31.1588    17.4004
9.597199    31.150799    17.4004
9.59    31.1468    17.4004
9.5868    31.1444    17.4004
9.5356    31.113998    17.4004
9.4956    31.081999    17.4004
9.4948    31.081999    17.4004
9.465199    31.0612    17.4004
9.4612    31.057999    17.4004
9.4307995    31.0324    17.4004
9.4036    31.0068    17.4004
9.4028    31.0068    17.4004
9.4004    31.004398    17.4004
9.3572    30.9572    17.4004
9.349199    30.946798    17.4004
9.3132    30.906    17.4004
9.309999    30.9012    17.4004
9.2708    30.8492    17.4004
9.266    30.842    17.4004
9.2411995    30.803598    17.4004
9.2372    30.8004    17.4004
9.2148    30.7724    17.4004
9.2123995    30.771599    17.4004
9.188399    30.758    17.4004
9.182799    30.754799    17.4004
9.182    30.754799    17.4004
9.153999    30.75    17.4004
9.1324    30.741999    17.4004
9.1236    30.7332    17.4004
9.1147995    30.721199    17.4004
9.102799    30.7004    17.4004
9.0868    30.6756    17.4004
9.062799    30.6348    17.4004
9.0548    30.618    17.4004
9.050799    30.608398    17.4004
9.0492    30.598799    17.4004
9.0444    30.581999    17.4004
9.0444    30.57    17.4004
9.0476    30.5108    17.4004
9.0524    30.470798    17.4004
9.0556    30.452398    17.4004
9.0596    30.434    17.4004
9.0636    30.413198    17.4004
9.0756    30.383598    17.4004
9.0788    30.3764    17.4004
9.079599    30.3748    17.4004
9.085199    30.366    17.4004
9.097199    30.347599    17.4004
9.1172    30.323599    17.4004
9.130799    30.306799    17.4004
9.1324    30.3028    17.4004
9.148399    30.2748    17.4004
9.1468    30.271599    17.4004
9.1396    30.2452    17.4004
9.1388    30.241999    17.4004
9.1388    30.2412    17.4004
9.1364    30.2388    17.4004
9.1116    30.213999    17.4004
9.102    30.206799    17.4004
9.045199    30.1612    17.4004
9.0084    30.1316    17.4004
9.004399    30.128399    17.4004
8.9084    30.0644    17.4004
8.907599    30.063599    17.4004
8.9052    30.0628    17.4004
8.814799    29.994    17.4004
8.8108    29.990799    17.4004
8.809999    29.99    17.4004
8.809199    29.99    17.4004
8.8076    29.9884    17.4004
8.7852    29.9684    17.4004
8.766    29.955599    17.4004
8.762    29.952398    17.4004
8.7132    29.9044    17.4004
8.7084    29.9004    17.4004
8.665999    29.855598    17.4004
8.642799    29.829199    17.4004
8.63    29.8132    17.4004
8.6116    29.7876    17.4004
8.5956    29.7636    17.4004
8.5859995    29.747599    17.4004
8.5596    29.7004    17.4004
8.556399    29.6924    17.4004
8.550799    29.6812    17.4004
8.53    29.636398    17.4004
8.528399    29.6332    17.4004
8.528399    29.6316    17.4004
8.5084    29.5788    17.4004
8.5084    29.578    17.4004
8.487599    29.501999    17.4004
8.486    29.4972    17.4004
8.470799    29.4236    17.4004
8.470799    29.421999    17.4004
8.469999    29.4156    17.4004
8.4604    29.347599    17.4004
8.4595995    29.282    17.4004
8.458799    29.271599    17.4004
8.4604    29.206799    17.4004
8.4612    29.198    17.4004
8.465199    29.160398    17.4004
8.474    29.100399    17.4004
8.4772    29.0844    17.4004
8.4796    29.0724    17.4004
8.4964    29.0028    17.4004
8.5188    28.929998    17.4004
8.5212    28.9228    17.4004
8.5227995    28.918798    17.4004
8.550799    28.8436    17.4004
8.5532    28.8372    17.4004
8.5812    28.775599    17.4004
8.5884    28.7652    17.4004
8.6036    28.7372    17.4004
8.606    28.7332    17.4004
8.6308    28.6932    17.4004
8.6348    28.688398    17.4004
8.6564    28.6596    17.4004
8.662    28.654    17.4004
8.6964    28.618    17.4004
8.705999    28.6092    17.4004
8.734799    28.5796    17.4004
8.7532    28.5612    17.4004
8.778    28.5364    17.4004
8.781199    28.531599    17.4004
8.7836    28.528399    17.4004
8.806    28.5036    17.4004
8.8124    28.494799    17.4004
8.826    28.4828    17.4004
8.83    28.476398    17.4004
8.842    28.4604    17.4004
8.843599    28.4572    17.4004
8.8588    28.4348    17.4004
8.8748    28.41    17.4004
8.8764    28.407598    17.4004
8.8804    28.401999    17.4004
8.8924    28.379599    17.4004
8.9028    28.3604    17.4004
8.906    28.354    17.4004
8.906799    28.3524    17.4004
8.9236    28.3156    17.4004
8.9251995    28.3132    17.4004
8.9268    28.31    17.4004
8.9307995    28.3004    17.4004
8.9595995    28.2452    17.4004
8.965199    28.234    17.4004
8.974    28.2228    17.4004
8.9939995    28.1852    17.4004
9.005199    28.171598    17.4004
9.0212    28.1476    17.4004
9.0292    28.1388    17.4004
9.0492    28.1124    17.4004
9.0644    28.0964    17.4004
9.0716    28.09    17.4004
9.079599    28.0844    17.4004
9.1132    28.0516    17.4004
9.142799    28.026    17.4004
9.1468    28.022799    17.4004
9.1476    28.022799    17.4004
9.1491995    28.022    17.4004
9.1516    28.0196    17.4004
9.1812    27.9972    17.4004
9.188399    27.9916    17.4004
9.217199    27.972399    17.4004
9.234799    27.953999    17.4004
9.246799    27.9452    17.4004
9.262    27.9292    17.4004
9.2764    27.920399    17.4004
9.2876    27.907598    17.4004
9.3004    27.896399    17.4004
9.3124    27.881199    17.4004
9.338799    27.8508    17.4004
9.3524    27.8396    17.4004
9.372399    27.817999    17.4004
9.3836    27.8084    17.4004
9.41    27.788399    17.4004
9.413199    27.786    17.4004
9.4292    27.7764    17.4004
9.4388    27.771599    17.4004
9.4572    27.7636    17.4004
9.4748    27.758    17.4004
9.505199    27.7508    17.4004
9.5212    27.7484    17.4004
9.5548    27.7484    17.4004
9.561999    27.749199    17.4004
9.567599    27.7508    17.4004
9.6124    27.7652    17.4004
9.622    27.7708    17.4004
9.6564    27.792398    17.4004
9.6868    27.814    17.4004
9.6916    27.8172    17.4004
9.6956    27.8212    17.4004
9.7076    27.834    17.4004
9.723599    27.8508    17.4004
9.7388    27.8708    17.4004
9.7411995    27.8748    17.4004
9.7556    27.9028    17.4004
9.7708    27.925999    17.4004
9.7764    27.937199    17.4004
9.7972    27.9524    17.4004
9.8004    27.9532    17.4004
9.83    27.9404    17.4004
9.837999    27.9292    17.4004
9.846    27.9196    17.4004
9.8484    27.9156    17.4004
9.8628    27.890799    17.4004
9.8692    27.879599    17.4004
9.872399    27.873999    17.4004
9.8884    27.851599    17.4004
9.9156    27.8156    17.4004
9.9196    27.81    17.4004
9.926    27.802    17.4004
9.969999    27.751598    17.4004
9.9956    27.725199    17.4004
10.0132    27.7092    17.4004
10.0468    27.680399    17.4004
10.0492    27.678799    17.4004
10.0764    27.6572    17.4004
10.0948    27.643599    17.4004
10.1228    27.6244    17.4004
10.138    27.6164    17.4004
10.183599    27.593199    17.4004
10.186    27.5924    17.4004
10.1972    27.587599    17.4004
10.23    27.574799    17.4004
10.234799    27.5732    17.4004
10.2588    27.5676    17.4004
10.2755995    27.561998    17.4004
10.2828    27.5548    17.4004
10.3004    27.539598    17.4004
10.3004    27.529999    17.4004
10.3108    27.507599    17.4004
10.3004    27.4804    17.4004
10.292399    27.4588    17.4004
10.282    27.4308    17.4004
10.2788    27.418798    17.4004
10.2716    27.392399    17.4004
10.2684    27.378    17.4004
10.2652    27.362799    17.4004
10.2604    27.329199    17.4004
10.2588    27.3188    17.4004
10.2588    27.309198    17.4004
10.2564    27.245998    17.4004
10.2564    27.219599    17.4004
10.2564    27.2036    17.4004
10.2588    27.177198    17.4004
10.2596    27.174    17.4004
10.2724    27.1484    17.4004
10.274    27.146    17.4004
10.2844    27.128399    17.4004
10.2908    27.119598    17.4004
10.309999    27.094    17.4004
10.320399    27.080399    17.4004
10.3364    27.0604    17.4004
10.349999    27.046    17.4004
10.3708    27.026    17.4004
10.3852    27.013199    17.4004
10.4156    26.9868    17.4004
10.4236    26.979599    17.4004
10.446799    26.9628    17.4004
10.45    26.962    17.4004
10.4668    26.959599    17.4004
10.4948    26.9692    17.4004
10.4964    26.9692    17.4004
10.5252    26.976398    17.4004
10.5268    26.9772    17.4004
10.53    26.9748    17.4004
10.5644    26.9628    17.4004
10.5724    26.942    17.4004
10.579599    26.925999    17.4004
10.5844    26.9116    17.4004
10.590799    26.890799    17.4004
10.6748    26.639599    17.4004
10.7012    26.5604    17.4004
10.729199    26.4828    17.4004
10.746799    26.434    17.4004
10.752399    26.4196    17.4004
10.778    26.355598    17.4004
10.79    26.3316    17.4004
10.8116    26.286798    17.4004
10.822    26.2652    17.4004
10.837999    26.236399    17.4004
10.861199    26.1932    17.4004
10.9004    26.1292    17.4004
10.9452    26.0556    17.4004
10.9692    26.011599    17.4004
10.981199    25.989199    17.4004
10.99    25.9716    17.4004
11.005199    25.9404    17.4004
11.0236    25.8972    17.4004
11.0364    25.8652    17.4004
11.054    25.821999    17.4004
11.0644    25.7972    17.4004
11.079599    25.7572    17.4004
11.1012    25.7036    17.4004
11.107599    25.6836    17.4004
11.108399    25.682    17.4004
11.1092    25.6756    17.4004
11.11    25.6524    17.4004
11.1012    25.633999    17.4004
11.0956    25.613998    17.4004
11.097199    25.6068    17.4004
11.0868    25.5884    17.4004
11.0836    25.5868    17.4004
11.0692    25.5868    17.4004
11.054    25.5908    17.4004
11.0372    25.5908    17.4004
11.0252    25.5868    17.4004
11.016399    25.5828    17.4004
10.95    25.539598    17.4004
10.947599    25.538    17.4004
10.9428    25.5348    17.4004
10.9204    25.517199    17.4004
10.9196    25.5164    17.4004
10.917999    25.5124    17.4004
10.8972    25.473999    17.4004
10.8932    25.4636    17.4004
10.8828    25.438    17.4004
10.878799    25.4252    17.4004
10.8628    25.3668    17.4004
10.8564    25.338    17.4004
10.8364    25.2572    17.4004
10.8364    25.2564    17.4004
10.8364    25.2556    17.4004
10.8356    25.254799    17.4004
10.8228    25.1812    17.4004
10.818    25.105999    17.4004
10.8172    25.102    17.4004
10.8172    25.0964    17.4004
10.8164    25.059599    17.4004
10.814799    25.01    17.4004
10.814799    24.977999    17.4004
10.814799    24.920399    17.4004
10.815599    24.910799    17.4004
10.8164    24.9004    17.4004
10.8164    24.8652    17.4004
10.8172    24.862    17.4004
10.8244    24.83    17.4004
10.8244    24.8204    17.4004
10.826799    24.81    17.4004
10.8308    24.801199    17.4004
10.8476    24.7356    17.4004
10.8932    24.570799    17.4004
10.8972    24.5588    17.4004
10.9492    24.3932    17.4004
10.9604    24.3596    17.4004
10.9804    24.2972    17.4004
11.0092    24.2132    17.4004
11.010799    24.2108    17.4004
11.0148    24.1988    17.4004
11.0196    24.1836    17.4004
11.021999    24.1756    17.4004
11.058    24.0908    17.4004
11.0772    24.05    17.4004
11.094    24.01    17.4004
11.1236    23.938799    17.4004
11.13    23.9228    17.4004
11.131599    23.918    17.4004
11.1356    23.91    17.4004
11.1532    23.8716    17.4004
11.1572    23.868399    17.4004
11.1723995    23.8564    17.4004
11.1916    23.8436    17.4004
11.222    23.8252    17.4004
11.2484    23.8084    17.4004
11.269199    23.795599    17.4004
11.2828    23.786798    17.4004
11.2964    23.7804    17.4004
11.309199    23.777199    17.4004
11.3292    23.7796    17.4004
11.332399    23.7804    17.4004
11.3404    23.782    17.4004
11.361199    23.784399    17.4004
11.398    23.7948    17.4004
11.45    23.812399    17.4004
11.453199    23.8132    17.4004
11.4883995    23.838799    17.4004
11.493199    23.8428    17.4004
11.4948    23.844398    17.4004
11.5316    23.8708    17.4004
11.556399    23.896399    17.4004
11.5588    23.8988    17.4004
11.566    23.903599    17.4004
11.573199    23.9084    17.4004
11.5859995    23.916399    17.4004
11.608399    23.8996    17.4004
11.6244    23.8788    17.4004
11.6268    23.8692    17.4004
11.634    23.849998    17.4004
11.636399    23.842    17.4004
11.6396    23.8316    17.4004
11.65    23.786    17.4004
11.654799    23.758799    17.4004
11.6644    23.7188    17.4004
11.6788    23.6652    17.4004
11.6804    23.6588    17.4004
11.682    23.6524    17.4004
11.6868    23.6348    17.4004
11.705999    23.5612    17.4004
11.722799    23.51    17.4004
11.7388    23.4604    17.4004
11.7476    23.43    17.4004
11.7796    23.342    17.4004
11.7828    23.3324    17.4004
11.7852    23.326    17.4004
11.797199    23.2964    17.4004
11.8292    23.2188    17.4004
11.832399    23.2108    17.4004
11.866799    23.1404    17.4004
11.873199    23.1276    17.4004
11.906799    23.0676    17.4004
11.9404    23.0068    17.4004
11.9428    23.0036    17.4004
11.9724    22.955599    17.4004
11.986799    22.93    17.4004
12.0252    22.8724    17.4004
12.0308    22.864399    17.4004
12.0604    22.821999    17.4004
12.085199    22.7892    17.4004
12.1108    22.754799    17.4004
12.142799    22.713999    17.4004
12.1491995    22.706799    17.4004
12.154799    22.7004    17.4004
12.1868    22.6668    17.4004
12.222    22.63    17.4004
12.238    22.6148    17.4004
12.302    22.5556    17.4004
12.3596    22.5044    17.4004
12.3636    22.5012    17.4004
12.4388    22.442799    17.4004
12.4436    22.438799    17.4004
12.4668    22.4236    17.4004
12.5132    22.392399    17.4004
12.5515995    22.368399    17.4004
12.590799    22.3452    17.4004
12.620399    22.3284    17.4004
12.676399    22.3004    17.4004
12.71    22.284399    17.4004
12.733999    22.2732    17.4004
12.7548    22.2628    17.4004
12.8484    22.2204    17.4004
12.855599    22.2172    17.4004
12.860399    22.2148    17.4004
12.9196    22.185999    17.4004
12.95    22.174    17.4004
13.0524    22.1316    17.4004
13.0652    22.126    17.4004
13.0876    22.118    17.4004
13.1444    22.0972    17.4004
13.2084    22.074    17.4004
13.229199    22.066    17.4004
13.281199    22.0516    17.4004
13.3012    22.046799    17.4004
13.308399    22.0452    17.4004
13.360399    22.034    17.4004
13.401999    22.026    17.4004
13.4251995    22.022    17.4004
13.4844    22.013199    17.4004
13.4964    22.013199    17.4004
13.526799    22.0108    17.4004
13.558    22.01    17.4004
13.566    22.0092    17.4004
13.5884    22.0108    17.4004
13.6236    22.013199    17.4004
13.648399    22.0148    17.4004
13.693999    22.0196    17.4004
13.7204    22.018799    17.4004
13.746799    22.0252    17.4004
13.757199    22.026    17.4004
13.7644    22.026    17.4004
13.79    22.0028    17.4004
13.7987995    22.0124    17.4004
13.8076    22.0068    17.4004
13.8012    21.9924    17.4004
13.7996    21.990799    17.4004
13.7772    21.9756    17.4004
13.7716    21.972399    17.4004
13.746799    21.962    17.4004
13.7204    21.9476    17.4004
13.716399    21.9452    17.4004
13.6932    21.9364    17.4004
13.681999    21.9308    17.4004
13.6644    21.9236    17.4004
13.6388    21.9124    17.4004
13.6147995    21.9012    17.4004
13.5812    21.8876    17.4004
13.521999    21.8636    17.4004
13.4948    21.854    17.4004
13.4828    21.85    17.4004
13.422    21.83    17.4004
13.407599    21.8244    17.4004
13.334    21.801199    17.4004
13.309999    21.7924    17.4004
13.2956    21.788399    17.4004
13.262799    21.7796    17.4004
13.2428    21.7748    17.4004
13.2252    21.774    17.4004
13.2067995    21.771599    17.4004
13.1756    21.769999    17.4004
13.1644    21.769999    17.4004
13.0604    21.774    17.4004
13.026    21.774    17.4004
13.0084    21.774    17.4004
12.958799    21.771599    17.4004
12.9572    21.771599    17.4004
12.884399    21.769999    17.4004
12.874    21.7684    17.4004
12.8292    21.7676    17.4004
12.8116    21.764399    17.4004
12.7548    21.7564    17.4004
12.7428    21.754    17.4004
12.7276    21.7468    17.4004
12.705999    21.7292    17.4004
12.705199    21.719599    17.4004
12.7092    21.7052    17.4004
12.7092    21.6948    17.4004
12.710799    21.6908    17.4004
12.717999    21.6812    17.4004
12.7532    21.6292    17.4004
12.7844    21.5724    17.4004
12.803599    21.5396    17.4004
12.832399    21.4956    17.4004
12.8748    21.4244    17.4004
12.965199    21.288399    17.4004
12.978    21.2684    17.4004
12.9916    21.246    17.4004
13.050799    21.1428    17.4004
13.0876    21.0844    17.4004
13.1292    21.013199    17.4004
13.1779995    20.9236    17.4004
13.257999    20.7804    17.4004
13.268399    20.762    17.4004
13.2755995    20.7468    17.4004
13.3076    20.6756    17.4004
13.3188    20.6532    17.4004
13.337999    20.6196    17.4004
13.3532    20.594799    17.4004
13.37    20.5716    17.4004
13.3812    20.557999    17.4004
13.3972    20.534    17.4004
13.434    20.483599    17.4004
13.474    20.446    17.4004
13.504399    20.414    17.4004
13.5404    20.381199    17.4004
13.5412    20.3804    17.4004
13.5492    20.3732    17.4004
13.5892    20.338    17.4004
13.5924    20.334799    17.4004
13.6116    20.3244    17.4004
13.630799    20.314    17.4004
13.6332    20.3132    17.4004
13.6556    20.310799    17.4004
13.6676    20.3132    17.4004
13.6804    20.316399    17.4004
13.7044    20.3268    17.4004
13.7212    20.3324    17.4004
13.7948    20.3668    17.4004
13.806    20.3724    17.4004
13.855599    20.402    17.4004
13.877199    20.4156    17.4004
14.082    20.541199    17.4004
14.120399    20.565199    17.4004
14.211599    20.626799    17.4004
14.41    20.758799    17.4004
14.412399    20.760399    17.4004
14.413199    20.7612    17.4004
14.464399    20.793999    17.4004
14.4844    20.8084    17.4004
14.546    20.851599    17.4004
14.5596    20.8612    17.4004
14.579599    20.875599    17.4004
14.676399    20.942    17.4004
14.717199    20.97    17.4004
14.7732    21.0084    17.4004
14.794    21.022    17.4004
14.8356    21.0516    17.4004
14.861199    21.0716    17.4004
14.871599    21.0788    17.4004
14.884399    21.0884    17.4004
14.9332    21.126    17.4004
14.934799    21.126799    17.4004
14.941999    21.132399    17.4004
14.964399    21.1484    17.4004
14.969999    21.1532    17.4004
15.009999    21.1796    17.4004
15.0116    21.1812    17.4004
15.014    21.1828    17.4004
15.0404    21.189999    17.4004
15.0644    21.1996    17.4004
15.07    21.1996    17.4004
15.1147995    21.1884    17.4004
15.1156    21.1836    17.4004
15.1723995    21.173199    17.4004
15.211599    21.1652    17.4004
15.25    21.156399    17.4004
15.256399    21.154    17.4004
15.279599    21.139599    17.4004
15.2892    21.132399    17.4004
15.2948    21.126    17.4004
15.315599    21.1092    17.4004
15.319599    21.087599    17.4004
15.3228    21.062    17.4004
15.3236    21.042    17.4004
15.326799    21.0268    17.4004
15.3276    20.942799    17.4004
15.3284    20.9364    17.4004
15.3284    20.9308    17.4004
15.3252    20.8652    17.4004
15.3252    20.8444    17.4004
15.3276    20.7964    17.4004
15.3348    20.721199    17.4004
15.3356    20.71    17.4004
15.3396    20.680399    17.4004
15.346    20.6468    17.4004
15.3508    20.622799    17.4004
15.3652    20.5684    17.4004
15.377999    20.5332    17.4004
15.3884    20.505999    17.4004
15.401199    20.4788    17.4004
15.414    20.4532    17.4004
15.4332    20.420399    17.4004
15.458799    20.386    17.4004
15.466    20.3764    17.4004
15.4724    20.3692    17.4004
15.4916    20.3524    17.4004
15.505199    20.3444    17.4004
15.5227995    20.3468    17.4004
15.528399    20.3484    17.4004
15.5364    20.3524    17.4004
15.554    20.3596    17.4004
15.5636    20.3748    17.4004
15.582    20.3828    17.4004
15.5828    20.3836    17.4004
15.594    20.3988    17.4004
15.608399    20.4084    17.4004
15.6108    20.410799    17.4004
15.6212    20.43    17.4004
15.634    20.4404    17.4004
15.635599    20.442    17.4004
15.636399    20.442    17.4004
15.6452    20.4572    17.4004
15.6556    20.4708    17.4004
15.6572    20.4732    17.4004
15.659599    20.4748    17.4004
15.694799    20.5236    17.4004
15.6956    20.524399    17.4004
15.705999    20.5396    17.4004
15.7428    20.594    17.4004
15.7764    20.6428    17.4004
15.8356    20.7316    17.4004
15.838799    20.736399    17.4004
15.8404    20.7388    17.4004
15.853999    20.7572    17.4004
15.9772    20.927599    17.4004
15.992399    20.9492    17.4004
16.013199    20.9764    17.4004
16.1996    21.225199    17.4004
16.2228    21.2564    17.4004
16.2228    21.2572    17.4004
16.329199    21.3988    17.4004
16.3772    21.461199    17.4004
16.454    21.559599    17.4004
16.4764    21.587599    17.4004
16.485199    21.5972    17.4004
16.5044    21.6132    17.4004
16.5196    21.6124    17.4004
16.5364    21.6124    17.4004
16.5476    21.6068    17.4004
16.5684    21.598799    17.4004
16.594    21.5828    17.4004
16.6052    21.574799    17.4004
16.633999    21.5572    17.4004
16.6684    21.5388    17.4004
16.691599    21.5268    17.4004
16.7124    21.5156    17.4004
16.7508    21.494    17.4004
16.7804    21.479599    17.4004
16.799599    21.4708    17.4004
16.842    21.448399    17.4004
16.8444    21.4476    17.4004
16.8468    21.4468    17.4004
16.858799    21.4412    17.4004
16.8716    21.4364    17.4004
16.8764    21.434    17.4004
16.906    21.4244    17.4004
16.9244    21.4196    17.4004
16.949999    21.4156    17.4004
16.9564    21.414    17.4004
16.979599    21.4124    17.4004
16.9828    21.4116    17.4004
17.0108    21.4156    17.4004
17.0236    21.418    17.4004
17.0268    21.4188    17.4004
17.0292    21.4196    17.4004
17.076399    21.4308    17.4004
17.1076    21.4412    17.4004
17.1324    21.4468    17.4004
17.1404    21.449999    17.4004
17.1668    21.461199    17.4004
17.1812    21.4676    17.4004
17.191599    21.4716    17.4004
17.2124    21.4868    17.4004
17.2228    21.5012    17.4004
17.2236    21.5084    17.4004
17.2284    21.529999    17.4004
17.2284    21.5348    17.4004
17.226    21.5572    17.4004
17.219599    21.628399    17.4004
17.2156    21.6684    17.4004
17.2156    21.6836    17.4004
17.2132    21.7316    17.4004
17.21    21.7908    17.4004
17.21    21.8188    17.4004
17.2076    21.8748    17.4004
17.2076    21.878    17.4004
17.2092    21.9932    17.4004
17.208399    22.0028    17.4004
17.2092    22.0268    17.4004
17.2124    22.081999    17.4004
17.2164    22.1668    17.4004
17.2204    22.219599    17.4004
17.2236    22.2964    17.4004
17.226799    22.3436    17.4004
17.232399    22.4004    17.4004
17.2356    22.420399    17.4004
17.2388    22.4468    17.4004
17.237999    22.4588    17.4004
17.2388    22.47    17.4004
17.2372    22.4748    17.4004
17.234    22.4772    17.4004
17.225199    22.494799    17.4004
17.184399    22.526    17.4004
17.182    22.5276    17.4004
17.163599    22.553999    17.4004
17.1604    22.557999    17.4004
17.1604    22.5588    17.4004
17.1604    22.559599    17.4004
17.166    22.5836    17.4004
17.1684    22.593199    17.4004
17.173199    22.602    17.4004
17.1932    22.6412    17.4004
17.232399    22.722    17.4004
17.236399    22.730799    17.4004
17.2388    22.737999    17.4004
17.2564    22.778    17.4004
17.2572    22.782    17.4004
17.2636    22.798    17.4004
17.27    22.814    17.4004
17.27    22.8148    17.4004
17.2708    22.816399    17.4004
17.2724    22.8244    17.4004
17.2804    22.851599    17.4004
17.2836    22.886799    17.4004
17.284399    22.8932    17.4004
17.2852    22.896399    17.4004
17.286    22.8996    17.4004
17.288399    22.9212    17.4004
17.2908    22.9492    17.4004
17.2908    22.9604    17.4004
17.2876    23.0108    17.4004
17.2804    23.0604    17.4004
17.2796    23.0628    17.4004
17.278    23.069199    17.4004
17.2724    23.093199    17.4004
17.27    23.1068    17.4004
17.25    23.137999    17.4004
17.2412    23.1596    17.4004
17.2372    23.1796    17.4004
17.2412    23.1868    17.4004
17.2388    23.201199    17.4004
17.2404    23.2172    17.4004
17.246    23.2292    17.4004
17.2484    23.232399    17.4004
17.253199    23.2452    17.4004
17.2596    23.2556    17.4004
17.2612    23.258    17.4004
17.2788    23.2804    17.4004
17.2804    23.289999    17.4004
17.286    23.302    17.4004
17.299599    23.3196    17.4004
17.3132    23.334799    17.4004
17.3252    23.3412    17.4004
17.3428    23.33    17.4004
17.35    23.3316    17.4004
17.35    23.327599    17.4004
17.3508    23.321999    17.4004
17.35    23.317999    17.4004
17.3524    23.293999    17.4004
17.3524    23.2924    17.4004
17.3468    23.2612    17.4004
17.3468    23.260399    17.4004
17.345999    23.2572    17.4004
17.3388    23.2116    17.4004
17.338    23.2036    17.4004
17.334    23.1988    17.4004
17.326    23.173199    17.4004
17.3244    23.174    17.4004
17.3228    23.1724    17.4004
17.3252    23.1524    17.4004
17.3244    23.1484    17.4004
17.3252    23.121199    17.4004
17.326    23.1164    17.4004
17.3268    23.091599    17.4004
17.3244    23.07    17.4004
17.3244    23.062    17.4004
17.323599    23.0308    17.4004
17.33    23.0164    17.4004
17.334799    23.0052    17.4004
17.3388    22.989199    17.4004
17.342    22.977999    17.4004
17.3508    22.948399    17.4004
17.351599    22.9452    17.4004
17.353199    22.942799    17.4004
17.362799    22.9212    17.4004
17.364399    22.916399    17.4004
17.3764    22.868399    17.4004
17.3764    22.8676    17.4004
17.3844    22.8412    17.4004
17.3884    22.8284    17.4004
17.3988    22.7932    17.4004
17.4004    22.788399    17.4004
17.402    22.7836    17.4004
17.421999    22.722    17.4004
17.438799    22.6708    17.4004
17.444399    22.6524    17.4004
17.4508    22.6364    17.4004
17.4756    22.5756    17.4004
17.4932    22.535599    17.4004
17.505999    22.5084    17.4004
17.541199    22.4284    17.4004
17.5956    22.3116    17.4004
17.602    22.2988    17.4004
17.6084    22.286    17.4004
17.6292    22.246    17.4004
17.674    22.1604    17.4004
17.7676    21.983599    17.4004
17.786    21.9476    17.4004
17.8156    21.89    17.4004
17.8916    21.743599    17.4004
17.916399    21.6924    17.4004
17.931599    21.6644    17.4004
17.9548    21.6196    17.4004
17.9572    21.6164    17.4004
17.9588    21.5796    17.4004
17.9596    21.5788    17.4004
17.9588    21.578    17.4004
17.9324    21.557999    17.4004
17.93    21.557999    17.4004
17.920399    21.553999    17.4004
17.9028    21.546    17.4004
17.8836    21.542799    17.4004
17.8636    21.538    17.4004
17.857199    21.537199    17.4004
17.8444    21.531599    17.4004
17.8268    21.522    17.4004
17.8172    21.5148    17.4004
17.7972    21.4988    17.4004
17.789999    21.4916    17.4004
17.7756    21.473999    17.4004
17.7708    21.466799    17.4004
17.7652    21.4572    17.4004
17.7572    21.442799    17.4004
17.7484    21.4212    17.4004
17.746    21.414    17.4004
17.7412    21.382    17.4004
17.7404    21.3748    17.4004
17.7404    21.369999    17.4004
17.7412    21.362799    17.4004
17.746    21.3356    17.4004
17.747599    21.33    17.4004
17.754799    21.306    17.4004
17.758799    21.3004    17.4004
17.7708    21.278    17.4004
17.782    21.2636    17.4004
17.7876    21.2556    17.4004
17.8204    21.2276    17.4004
17.8212    21.226799    17.4004
17.85    21.201199    17.4004
17.8548    21.198    17.4004
17.8748    21.17    17.4004
17.875599    21.17    17.4004
17.873999    21.1652    17.4004
17.8708    21.1444    17.4004
17.869999    21.142    17.4004
17.8692    21.139599    17.4004
17.858799    21.1132    17.4004
17.8596    21.098799    17.4004
17.8596    21.0844    17.4004
17.8612    21.0732    17.4004
17.8676    21.0548    17.4004
17.875599    21.035599    17.4004
17.8788    21.0276    17.4004
17.8828    21.022    17.4004
17.8964    20.9988    17.4004
17.9188    20.9732    17.4004
17.9268    20.9644    17.4004
17.927599    20.9636    17.4004
17.9588    20.938799    17.4004
17.9604    20.938    17.4004
17.9628    20.9364    17.4004
18.0036    20.91    17.4004
18.0284    20.897999    17.4004
18.05    20.886799    17.4004
18.052399    20.885199    17.4004
18.053999    20.8844    17.4004
18.1124    20.8652    17.4004
18.115599    20.864399    17.4004
18.142    20.858799    17.4004
18.185999    20.85    17.4004
18.1892    20.8492    17.4004
18.2076    20.8468    17.4004
18.236399    20.8428    17.4004
18.2452    20.842    17.4004
18.2684    20.840399    17.4004
18.3084    20.8396    17.4004
18.340399    20.840399    17.4004
18.3948    20.8444    17.4004
18.43    20.8468    17.4004
18.444399    20.8484    17.4004
18.485199    20.8548    17.4004
18.4916    20.854    17.4004
18.5204    20.8436    17.4004
18.5228    20.8428    17.4004
18.5236    20.8428    17.4004
18.5548    20.8308    17.4004
18.5604    20.829199    17.4004
18.574799    20.806    17.4004
18.5804    20.7964    17.4004
18.5572    20.7724    17.4004
18.529999    20.7724    17.4004
18.4972    20.764399    17.4004
18.4732    20.758799    17.4004
18.4692    20.7572    17.4004
18.4572    20.7524    17.4004
18.385199    20.721199    17.4004
18.3708    20.7148    17.4004
18.3692    20.713999    17.4004
18.345999    20.689999    17.4004
18.3444    20.674    17.4004
18.3444    20.661999    17.4004
18.3492    20.6556    17.4004
18.3748    20.632399    17.4004
18.3772    20.6308    17.4004
18.3836    20.6276    17.4004
18.4156    20.6196    17.4004
18.4572    20.6164    17.4004
18.4684    20.618    17.4004
18.5068    20.6244    17.4004
18.5236    20.63    17.4004
18.5556    20.6388    17.4004
18.5676    20.643599    17.4004
18.6036    20.667599    17.4004
18.615599    20.680399    17.4004
18.6276    20.695599    17.4004
18.6292    20.7164    17.4004
18.6372    20.7468    17.4004
18.6372    20.747599    17.4004
18.6364    20.7484    17.4004
18.6388    20.75    17.4004
18.6436    20.749199    17.4004
18.6604    20.7428    17.4004
18.6684    20.747599    17.4004
18.689999    20.7412    17.4004
18.6948    20.7388    17.4004
18.719599    20.7276    17.4004
18.7316    20.721199    17.4004
18.7428    20.7164    17.4004
18.7444    20.7156    17.4004
18.746    20.7148    17.4004
18.784399    20.702799    17.4004
18.8004    20.698    17.4004
18.817999    20.6948    17.4004
18.838    20.6924    17.4004
18.8556    20.689999    17.4004
18.8772    20.694    17.4004
18.8828    20.694    17.4004
18.894    20.695599    17.4004
18.9132    20.702799    17.4004
18.9212    20.71    17.4004
18.934    20.722    17.4004
18.9364    20.725199    17.4004
18.938799    20.7284    17.4004
18.9412    20.7332    17.4004
18.9572    20.771599    17.4004
18.9628    20.786    17.4004
18.9804    20.838    17.4004
18.9844    20.85    17.4004
19.0348    21.038    17.4004
19.052399    21.104399    17.4004
19.0564    21.122799    17.4004
19.059599    21.1388    17.4004
19.07    21.2044    17.4004
19.0724    21.2172    17.4004
19.078    21.2516    17.4004
19.09    21.3308    17.4004
19.0956    21.373999    17.4004
19.098    21.397999    17.4004
19.105999    21.466    17.4004
19.1068    21.4732    17.4004
19.1084    21.5028    17.4004
19.0964    21.546    17.4004
19.0964    21.546799    17.4004
19.0796    21.5644    17.4004
19.070799    21.5732    17.4004
19.052399    21.585999    17.4004
19.0388    21.591599    17.4004
19.0228    21.5964    17.4004
18.9972    21.602    17.4004
18.9844    21.604399    17.4004
18.9652    21.6092    17.4004
18.9596    21.6108    17.4004
18.942    21.626    17.4004
18.9356    21.6316    17.4004
18.9356    21.6332    17.4004
18.933199    21.6412    17.4004
18.9284    21.6644    17.4004
18.93    21.6716    17.4004
18.9308    21.673199    17.4004
18.9452    21.7484    17.4004
18.946    21.753199    17.4004
18.948399    21.7668    17.4004
18.9564    21.816399    17.4004
18.958    21.8284    17.4004
18.9676    21.8996    17.4004
18.9716    21.933199    17.4004
18.9756    21.97    17.4004
18.9812    22.0612    17.4004
18.982    22.0756    17.4004
18.9828    22.098799    17.4004
18.985199    22.1524    17.4004
18.986    22.1668    17.4004
18.986    22.191599    17.4004
18.9868    22.2388    17.4004
18.9868    22.2628    17.4004
18.986    22.327599    17.4004
18.985199    22.3604    17.4004
18.9844    22.3892    17.4004
18.979599    22.438799    17.4004
18.9772    22.486    17.4004
18.973999    22.531599    17.4004
18.9676    22.618    17.4004
18.966799    22.6252    17.4004
18.966799    22.628399    17.4004
18.966    22.6372    17.4004
18.955599    22.754799    17.4004
18.9476    22.821999    17.4004
18.942799    22.869999    17.4004
18.9412    22.8876    17.4004
18.9364    22.93    17.4004
18.9284    22.996399    17.4004
18.921999    23.039598    17.4004
18.906    23.149199    17.4004
18.9052    23.1532    17.4004
18.9044    23.160398    17.4004
18.8916    23.241999    17.4004
18.8844    23.286    17.4004
18.869999    23.3652    17.4004
18.8668    23.3828    17.4004
18.8652    23.39    17.4004
18.8636    23.397999    17.4004
18.8484    23.470798    17.4004
18.8388    23.5108    17.4004
18.8284    23.559599    17.4004
18.823599    23.5796    17.4004
18.8092    23.6404    17.4004
18.793999    23.694    17.4004
18.7868    23.717999    17.4004
18.7668    23.784399    17.4004
18.764399    23.7908    17.4004
18.762    23.7988    17.4004
18.7556    23.816399    17.4004
18.736399    23.873999    17.4004
18.7348    23.882    17.4004
18.726    23.8996    17.4004
18.7124    23.938799    17.4004
18.71    23.948399    17.4004
18.71    23.9532    17.4004
18.702    23.976398    17.4004
18.7036    23.9844    17.4004
18.701199    24.0036    17.4004
18.702799    24.0156    17.4004
18.697199    24.0348    17.4004
18.698    24.0388    17.4004
18.697199    24.0628    17.4004
18.698    24.0676    17.4004
18.697199    24.094799    17.4004
18.698    24.0964    17.4004
18.6996    24.1036    17.4004
18.7052    24.1204    17.4004
18.7044    24.1236    17.4004
18.7092    24.150799    17.4004
18.708399    24.1532    17.4004
18.71    24.180399    17.4004
18.7076    24.1852    17.4004
18.7068    24.202    17.4004
18.708399    24.212399    17.4004
18.7004    24.221199    17.4004
18.6828    24.237999    17.4004
18.682    24.2388    17.4004
18.6708    24.2484    17.4004
18.6596    24.253199    17.4004
18.6588    24.254799    17.4004
18.6532    24.2564    17.4004
18.6372    24.262    17.4004
18.6308    24.262    17.4004
18.6084    24.2684    17.4004
18.600399    24.2692    17.4004
18.576399    24.275599    17.4004
18.5724    24.275599    17.4004
18.569199    24.2764    17.4004
18.5476    24.289999    17.4004
18.5396    24.2916    17.4004
18.5228    24.302    17.4004
18.500399    24.3116    17.4004
18.494    24.312399    17.4004
18.472399    24.3204    17.4004
18.4644    24.3244    17.4004
18.438    24.344398    17.4004
18.414799    24.358    17.4004
18.385199    24.3724    17.4004
18.382    24.3732    17.4004
18.3748    24.375599    17.4004
18.3228    24.390799    17.4004
18.2484    24.396399    17.4004
18.2444    24.396399    17.4004
18.243599    24.396399    17.4004
18.2404    24.396399    17.4004
18.2116    24.3956    17.4004
18.2068    24.396399    17.4004
18.126799    24.385199    17.4004
18.1084    24.3836    17.4004
18.0684    24.375599    17.4004
18.053999    24.3732    17.4004
18.0212    24.364399    17.4004
18.0156    24.3612    17.4004
17.9996    24.357199    17.4004
17.949999    24.3452    17.4004
17.9436    24.342    17.4004
17.868399    24.31    17.4004
17.8564    24.3044    17.4004
17.8364    24.292398    17.4004
17.798    24.2724    17.4004
17.7636    24.2516    17.4004
17.7372    24.232399    17.4004
17.721199    24.2204    17.4004
17.684399    24.1908    17.4004
17.6524    24.163599    17.4004
17.6348    24.146    17.4004
17.6188    24.126799    17.4004
17.5908    24.098    17.4004
17.5604    24.0612    17.4004
17.5452    24.0404    17.4004
17.542    24.0348    17.4004
17.507599    23.9772    17.4004
17.4996    23.9636    17.4004
17.473999    23.916399    17.4004
17.4644    23.8956    17.4004
17.4532    23.8724    17.4004
17.4404    23.8412    17.4004
17.4324    23.821999    17.4004
17.4292    23.8132    17.4004
17.4156    23.771599    17.4004
17.4076    23.747599    17.4004
17.4012    23.726    17.4004
17.392399    23.697199    17.4004
17.3844    23.6532    17.4004
17.3836    23.643599    17.4004
17.379599    23.6148    17.4004
17.379599    23.6108    17.4004
17.3676    23.59    17.4004
17.368399    23.565199    17.4004
17.368399    23.5644    17.4004
17.362799    23.5348    17.4004
17.3428    23.5148    17.4004
17.342    23.5148    17.4004
17.338    23.518    17.4004
17.3156    23.5348    17.4004
17.312399    23.5388    17.4004
17.2876    23.5796    17.4004
17.282    23.591599    17.4004
17.2564    23.6316    17.4004
17.1996    23.719599    17.4004
17.139599    23.8116    17.4004
17.1324    23.821999    17.4004
17.0908    23.881199    17.4004
17.046799    23.942799    17.4004
17.000399    24.0052    17.4004
16.9764    24.037199    17.4004
16.938    24.0892    17.4004
16.921999    24.108398    17.4004
16.9028    24.1252    17.4004
16.9012    24.126799    17.4004
16.875599    24.1332    17.4004
16.8652    24.1332    17.4004
16.8452    24.128399    17.4004
16.8364    24.126    17.4004
16.8228    24.121199    17.4004
16.7868    24.1068    17.4004
16.7692    24.098799    17.4004
16.7388    24.0844    17.4004
16.697199    24.0612    17.4004
16.628399    24.022799    17.4004
16.614    24.014    17.4004
16.604399    24.007599    17.4004
16.5908    24.000399    17.4004
16.559599    23.983599    17.4004
16.5564    23.981998    17.4004
16.5492    23.9868    17.4004
16.5276    23.9996    17.4004
16.526    24.001999    17.4004
16.5028    24.035599    17.4004
16.4932    24.0508    17.4004
16.4676    24.09    17.4004
16.4548    24.1052    17.4004
16.438    24.1276    17.4004
16.414799    24.1588    17.4004
16.4004    24.178799    17.4004
16.3804    24.2076    17.4004
16.329199    24.2732    17.4004
16.295599    24.3148    17.4004
16.277199    24.338799    17.4004
16.2556    24.364399    17.4004
16.2292    24.3956    17.4004
16.1772    24.4548    17.4004
16.1316    24.5044    17.4004
16.115599    24.522799    17.4004
16.0812    24.5604    17.4004
16.0668    24.576399    17.4004
16.05    24.593199    17.4004
16.022    24.6204    17.4004
16.0108    24.632399    17.4004
15.964399    24.680399    17.4004
15.946799    24.7004    17.4004
15.918799    24.729198    17.4004
15.883599    24.7668    17.4004
15.8619995    24.788399    17.4004
15.7604    24.8948    17.4004
15.750799    24.9044    17.4004
15.740399    24.914799    17.4004
15.654799    24.9988    17.4004
15.6164    25.0308    17.4004
15.585199    25.0564    17.4004
15.502    25.1204    17.4004
15.497999    25.122799    17.4004
15.4964    25.1244    17.4004
15.493199    25.126799    17.4004
15.4668    25.1484    17.4004
15.462    25.1524    17.4004
15.452399    25.161999    17.4004
15.4372    25.178    17.4004
15.4276    25.1924    17.4004
15.414    25.2076    17.4004
15.394799    25.2412    17.4004
15.394    25.2428    17.4004
15.3876    25.2556    17.4004
15.382    25.2668    17.4004
15.382    25.2684    17.4004
15.382    25.2692    17.4004
15.3804    25.271599    17.4004
15.371599    25.3036    17.4004
15.3684    25.3132    17.4004
15.3644    25.3364    17.4004
15.355599    25.3788    17.4004
15.342799    25.4684    17.4004
15.337999    25.4988    17.4004
15.3308    25.529999    17.4004
15.319599    25.574799    17.4004
15.3124    25.598799    17.4004
15.3004    25.633999    17.4004
15.2964    25.6428    17.4004
15.294    25.6484    17.4004
15.2755995    25.691599    17.4004
15.2476    25.747599    17.4004
15.245999    25.75    17.4004
15.245199    25.7524    17.4004
15.2132    25.799599    17.4004
15.21    25.8044    17.4004
15.171599    25.8564    17.4004
15.1068    25.9412    17.4004
15.090799    25.962    17.4004
15.0604    26.0036    17.4004
15.058    26.0068    17.4004
15.055599    26.0108    17.4004
15.03    26.048399    17.4004
15.028399    26.050798    17.4004
15.0148    26.080399    17.4004
15.0068    26.0996    17.4004
15.0028    26.109999    17.4004
14.997999    26.126799    17.4004
14.9939995    26.1364    17.4004
14.992399    26.1444    17.4004
14.9883995    26.1652    17.4004
14.9883995    26.174    17.4004
14.986    26.1948    17.4004
14.986799    26.2004    17.4004
14.987599    26.2276    17.4004
14.9883995    26.232399    17.4004
14.9908    26.264399    17.4004
14.997999    26.3028    17.4004
15.0004    26.3116    17.4004
15.014    26.3764    17.4004
15.016399    26.3876    17.4004
15.0227995    26.4084    17.4004
15.0436    26.4756    17.4004
15.0515995    26.4988    17.4004
15.0596    26.526    17.4004
15.0772    26.591599    17.4004
15.0892    26.6348    17.4004
15.118799    26.7524    17.4004
15.147599    26.8604    17.4004
15.1564    26.894    17.4004
15.1788    26.9692    17.4004
15.2204    27.1132    17.4004
15.23    27.154    17.4004
15.242    27.2004    17.4004
15.266    27.306    17.4004
15.2668    27.3076    17.4004
15.2668    27.3084    17.4004
15.2844    27.373999    17.4004
15.285199    27.375599    17.4004
15.3068    27.455599    17.4004
15.308399    27.462    17.4004
15.332399    27.5548    17.4004
15.3404    27.5924    17.4004
15.3452    27.6204    17.4004
15.353999    27.646    17.4004
15.355599    27.6524    17.4004
15.3619995    27.6588    17.4004
15.386    27.6812    17.4004
15.401999    27.6812    17.4004
15.4204    27.6836    17.4004
15.4388    27.677198    17.4004
15.446799    27.674    17.4004
15.497999    27.656399    17.4004
15.498799    27.656399    17.4004
15.499599    27.656399    17.4004
15.53    27.6476    17.4004
15.545199    27.6476    17.4004
15.554    27.6484    17.4004
15.566799    27.656399    17.4004
15.5868    27.6756    17.4004
15.594    27.682798    17.4004
15.597199    27.685999    17.4004
15.5996    27.688398    17.4004
15.631599    27.726    17.4004
15.6508    27.747599    17.4004
15.6516    27.749199    17.4004
15.653199    27.7508    17.4004
15.6956    27.809198    17.4004
15.7324    27.864399    17.4004
15.75    27.892399    17.4004
15.7596    27.909199    17.4004
15.766    27.9196    17.4004
15.7708    27.927599    17.4004
15.773999    27.948399    17.4004
15.774799    27.9508    17.4004
15.774799    27.9516    17.4004
