13.750799    13.7612    14.4004
13.733999    13.6964    14.4004
13.7268    13.67    14.4004
13.711599    13.6156    14.4004
13.7028    13.579599    14.4004
13.699599    13.568399    14.4004
13.6916    13.5428    14.4004
13.6844    13.5236    14.4004
13.6788    13.498799    14.4004
13.6756    13.4883995    14.4004
13.6692    13.4748    14.4004
13.6644    13.4595995    14.4004
13.660399    13.446    14.4004
13.653999    13.4268    14.4004
13.642799    13.4164    14.4004
13.638    13.389999    14.4004
13.6324    13.3868    14.4004
13.631599    13.383599    14.4004
13.6147995    13.361199    14.4004
13.5988    13.3516    14.4004
13.585199    13.3628    14.4004
13.584399    13.373199    14.4004
13.584399    13.389999    14.4004
13.5812    13.401999    14.4004
13.5836    13.438    14.4004
13.5828    13.45    14.4004
13.582    13.4612    14.4004
13.5836    13.4724    14.4004
13.584399    13.4939995    14.4004
13.585199    13.5484    14.4004
13.5892    13.594    14.4004
13.5924    13.6356    14.4004
13.5988    13.711599    14.4004
13.607599    13.8164    14.4004
13.618    13.9116    14.4004
13.6228    13.966    14.4004
13.6348    14.073999    14.4004
13.653999    14.217199    14.4004
13.6564    14.239599    14.4004
13.6588    14.2564    14.4004
13.6723995    14.3476    14.4004
13.683599    14.4148    14.4004
13.6924    14.4724    14.4004
13.7324    14.698    14.4004
13.734799    14.7148    14.4004
13.7372    14.7252    14.4004
13.746799    14.7764    14.4004
13.750799    14.8012    14.4004
13.751599    14.8108    14.4004
13.7564    14.8476    14.4004
13.763599    14.8692    14.4004
13.7644    14.874    14.4004
13.7836    14.889199    14.4004
13.7932    14.901199    14.4004
13.8052    14.912399    14.4004
13.8244    14.9307995    14.4004
13.8396    14.941199    14.4004
13.8484    14.9492    14.4004
13.8619995    14.9484    14.4004
13.8764    14.9556    14.4004
13.8932    14.946    14.4004
13.9084    14.940399    14.4004
13.9116    14.934    14.4004
13.9156    14.9172    14.4004
13.922    14.8907995    14.4004
13.926    14.8692    14.4004
13.9276    14.8476    14.4004
13.9324    14.809199    14.4004
13.9332    14.7884    14.4004
13.934799    14.7484    14.4004
13.934    14.7148    14.4004
13.9324    14.7012    14.4004
13.9307995    14.686    14.4004
13.9284    14.6644    14.4004
13.9228    14.625999    14.4004
13.914    14.573999    14.4004
13.895599    14.4548    14.4004
13.883599    14.3876    14.4004
13.8708    14.309199    14.4004
13.8588    14.2492    14.4004
13.8452    14.1756    14.4004
13.8404    14.1524    14.4004
13.837199    14.136399    14.4004
13.814799    14.03    14.4004
13.7996    13.9612    14.4004
13.7908    13.922    14.4004
13.785999    13.901999    14.4004
13.774799    13.8596    14.4004
13.7668    13.825999    14.4004
13.7604    13.8004    14.4004
13.750799    13.7612    14.4004
