13.740399    12.302799    14.4004
13.745199    12.3108    14.4004
13.7876    12.384399    14.4004
13.8004    12.407599    14.4004
13.8404    12.4788    14.4004
13.8652    12.5252    14.4004
13.883599    12.5612    14.4004
13.9092    12.613199    14.4004
13.9228    12.6396    14.4004
13.9564    12.705199    14.4004
13.966    12.726    14.4004
13.981999    12.7588    14.4004
14.0076    12.815599    14.4004
14.026    12.854799    14.4004
14.049999    12.91    14.4004
14.079599    12.9772    14.4004
14.095599    13.015599    14.4004
14.122    13.0836    14.4004
14.13    13.1052    14.4004
14.1444    13.146    14.4004
14.1524    13.1692    14.4004
14.1732    13.23    14.4004
14.1964    13.2996    14.4004
14.211599    13.3516    14.4004
14.2411995    13.457999    14.4004
14.242    13.4628    14.4004
14.2444    13.4716    14.4004
14.2556    13.5204    14.4004
14.263599    13.550799    14.4004
14.2755995    13.5876    14.4004
14.2828    13.6147995    14.4004
14.292399    13.6444    14.4004
14.302799    13.6668    14.4004
14.3164    13.6988    14.4004
14.3164    13.699599    14.4004
14.3331995    13.73    14.4004
14.3412    13.745999    14.4004
14.3628    13.781199    14.4004
14.3932    13.8292    14.4004
14.405999    13.849999    14.4004
14.4204    13.873199    14.4004
14.462    13.935599    14.4004
14.487599    13.975599    14.4004
14.546    14.073999    14.4004
14.5524    14.0836    14.4004
14.556399    14.0924    14.4004
14.5924    14.1636    14.4004
14.6292    14.238    14.4004
14.6348    14.25    14.4004
14.638    14.2556    14.4004
14.653999    14.294    14.4004
14.6668    14.325999    14.4004
14.6788    14.354    14.4004
14.7156    14.446799    14.4004
14.742    14.521199    14.4004
14.7492    14.5436    14.4004
14.7532    14.556399    14.4004
14.768399    14.613199    14.4004
14.785199    14.6676    14.4004
14.791599    14.693199    14.4004
14.8076    14.766    14.4004
14.814799    14.802    14.4004
14.8252    14.858    14.4004
14.83    14.883599    14.4004
14.834    14.9276    14.4004
14.837999    14.966    14.4004
14.843599    14.981999    14.4004
14.846    15.003599    14.4004
14.848399    15.018    14.4004
14.8508    15.0348    14.4004
14.8628    15.0468    14.4004
14.8907995    15.066799    14.4004
14.906799    15.0764    14.4004
14.9108    15.078799    14.4004
14.9164    15.073999    14.4004
14.9332    15.0596    14.4004
14.9428    15.0532    14.4004
14.974799    15.0171995    14.4004
14.981999    15.009999    14.4004
14.9836    15.0076    14.4004
14.986799    15.004399    14.4004
15.0028    14.987599    14.4004
15.033199    14.9539995    14.4004
15.039599    14.9492    14.4004
15.0468    14.941999    14.4004
15.066    14.9268    14.4004
15.089999    14.9044    14.4004
15.1156    14.8876    14.4004
15.1164    14.8876    14.4004
15.1172    14.8876    14.4004
15.1444    14.8796    14.4004
15.15    14.882799    14.4004
15.164399    14.884399    14.4004
15.176399    14.91    14.4004
15.1804    14.9228    14.4004
15.19    14.974    14.4004
15.1908    14.974799    14.4004
15.1956    15.0236    14.4004
15.1964    15.0244    14.4004
15.1964    15.0252    14.4004
15.1956    15.082    14.4004
15.193999    15.1108    14.4004
15.193999    15.125199    14.4004
15.1956    15.1332    14.4004
15.193999    15.147599    14.4004
15.193999    15.148399    14.4004
15.194799    15.15    14.4004
15.226    15.186    14.4004
15.228399    15.187599    14.4004
15.229199    15.1868    14.4004
15.2428    15.1692    14.4004
15.2548    15.1692    14.4004
15.2676    15.153999    14.4004
15.2788    15.1435995    14.4004
15.3108    15.11    14.4004
15.3252    15.094    14.4004
15.3356    15.0836    14.4004
15.3644    15.0532    14.4004
15.3876    15.027599    14.4004
15.398    15.018    14.4004
15.469199    14.9508    14.4004
15.486    14.934    14.4004
15.521999    14.901999    14.4004
15.542    14.883599    14.4004
15.550799    14.8764    14.4004
15.578799    14.849199    14.4004
15.5884    14.842799    14.4004
15.61    14.8236    14.4004
15.6324    14.8052    14.4004
15.6508    14.792399    14.4004
15.676399    14.774799    14.4004
15.69    14.766    14.4004
15.7252    14.7444    14.4004
15.739599    14.7364    14.4004
15.7732    14.717199    14.4004
15.803599    14.7028    14.4004
15.818    14.6956    14.4004
15.837999    14.688399    14.4004
15.861199    14.6804    14.4004
15.8924    14.670799    14.4004
15.9084    14.665999    14.4004
15.9396    14.658799    14.4004
15.957999    14.653999    14.4004
15.966    14.6516    14.4004
15.975599    14.6508    14.4004
16.0236    14.642799    14.4004
16.0396    14.6412    14.4004
16.0676    14.6396    14.4004
16.087599    14.6404    14.4004
16.105999    14.6404    14.4004
16.1148    14.6412    14.4004
16.1436    14.637199    14.4004
16.1484    14.637199    14.4004
16.150799    14.6348    14.4004
16.1628    14.613999    14.4004
16.1644    14.6012    14.4004
16.163599    14.5812    14.4004
16.1572    14.5468    14.4004
16.154    14.5316    14.4004
16.1516    14.5148    14.4004
16.1468    14.493199    14.4004
16.1436    14.4796    14.4004
16.1388    14.441199    14.4004
16.133999    14.4108    14.4004
16.1316    14.384399    14.4004
16.1316    14.3596    14.4004
16.1308    14.3396    14.4004
16.1324    14.3252    14.4004
16.1324    14.3116    14.4004
16.1348    14.2964    14.4004
16.1348    14.2836    14.4004
16.146    14.2588    14.4004
16.146    14.257999    14.4004
16.174    14.240399    14.4004
16.1892    14.2388    14.4004
16.1964    14.2372    14.4004
16.2228    14.238    14.4004
16.234    14.2388    14.4004
16.2484    14.2428    14.4004
16.2596    14.245999    14.4004
16.2892    14.2556    14.4004
16.3028    14.2612    14.4004
16.3076    14.263599    14.4004
16.3148    14.2699995    14.4004
16.3396    14.29    14.4004
16.357199    14.302799    14.4004
16.3676    14.315599    14.4004
16.378    14.3292    14.4004
16.394    14.346    14.4004
16.4068    14.3636    14.4004
16.416399    14.3756    14.4004
16.427599    14.3907995    14.4004
16.4396    14.4092    14.4004
16.4516    14.429999    14.4004
16.4732    14.465199    14.4004
16.4884    14.4908    14.4004
16.5052    14.5188    14.4004
16.5268    14.5571995    14.4004
16.5388    14.582    14.4004
16.5516    14.6068    14.4004
16.5668    14.6412    14.4004
16.5772    14.6612    14.4004
16.593199    14.698    14.4004
16.602    14.722799    14.4004
16.6124    14.739599    14.4004
16.6196    14.7492    14.4004
16.6276    14.7652    14.4004
16.646    14.7828    14.4004
16.6556    14.797199    14.4004
16.6668    14.8172    14.4004
16.6908    14.8364    14.4004
16.6964    14.8396    14.4004
16.7188    14.8564    14.4004
16.726799    14.861199    14.4004
16.7684    14.889199    14.4004
16.7804    14.898    14.4004
16.8148    14.922    14.4004
16.847599    14.946    14.4004
16.8836    14.9724    14.4004
16.914799    14.9956    14.4004
16.9532    15.0252    14.4004
16.9676    15.0372    14.4004
16.996399    15.0636    14.4004
17.0124    15.0772    14.4004
17.0404    15.1036    14.4004
17.0452    15.107599    14.4004
17.0564    15.1164    14.4004
17.093199    15.1491995    14.4004
17.118    15.1748    14.4004
17.1492    15.205199    14.4004
17.202799    15.2612    14.4004
17.2132    15.2716    14.4004
17.2164    15.2755995    14.4004
17.226    15.285999    14.4004
17.27    15.332399    14.4004
17.2732    15.3356    14.4004
17.2756    15.337999    14.4004
17.2812    15.344399    14.4004
17.289999    15.3532    14.4004
17.314    15.3796    14.4004
17.3324    15.389199    14.4004
17.340399    15.398    14.4004
17.3524    15.4084    14.4004
17.3692    15.411599    14.4004
17.3828    15.413199    14.4004
17.3996    15.4284    14.4004
17.409199    15.4268    14.4004
17.4292    15.4307995    14.4004
17.449999    15.4284    14.4004
17.4916    15.4284    14.4004
17.4972    15.4284    14.4004
17.498    15.4284    14.4004
17.513199    15.4284    14.4004
17.5164    15.4284    14.4004
17.5172    15.4284    14.4004
17.518    15.4284    14.4004
17.5908    15.4276    14.4004
17.618    15.4284    14.4004
17.626    15.4284    14.4004
17.6348    15.434    14.4004
17.65    15.4372    14.4004
17.663599    15.4444    14.4004
17.673199    15.4548    14.4004
17.682    15.465199    14.4004
17.7092    15.497999    14.4004
17.7276    15.5196    14.4004
17.778    15.5812    14.4004
17.817999    15.636399    14.4004
17.8268    15.648399    14.4004
17.8332    15.6572    14.4004
17.8396    15.665199    14.4004
17.8836    15.7252    14.4004
17.9188    15.774799    14.4004
17.9484    15.818    14.4004
17.983599    15.873199    14.4004
18.024399    15.9396    14.4004
18.0348    15.9548    14.4004
18.05    15.981999    14.4004
18.0564    15.992399    14.4004
18.059599    15.998799    14.4004
18.0684    16.0204    14.4004
18.0732    16.041199    14.4004
18.0724    16.042    14.4004
18.0684    16.0436    14.4004
18.053999    16.048399    14.4004
18.0084    16.0588    14.4004
18.0052    16.059599    14.4004
18.0036    16.059599    14.4004
18.0028    16.0604    14.4004
18.0012    16.0604    14.4004
17.9364    16.0812    14.4004
17.9252    16.086    14.4004
17.91    16.0956    14.4004
17.8956    16.1244    14.4004
17.8876    16.1332    14.4004
17.8916    16.15    14.4004
17.8892    16.163599    14.4004
17.8932    16.173199    14.4004
17.903599    16.1964    14.4004
17.9132    16.218    14.4004
17.921999    16.2396    14.4004
17.944399    16.3036    14.4004
17.9452    16.3076    14.4004
17.9468    16.3132    14.4004
17.9628    16.3652    14.4004
17.973999    16.410799    14.4004
17.973999    16.4124    14.4004
17.973999    16.4132    14.4004
17.9748    16.438799    14.4004
17.973999    16.4484    14.4004
17.973999    16.466    14.4004
17.9676    16.4844    14.4004
17.966    16.494    14.4004
17.955599    16.5092    14.4004
17.9484    16.5204    14.4004
17.9412    16.531599    14.4004
17.9396    16.5332    14.4004
17.934    16.5396    14.4004
17.9012    16.5748    14.4004
17.8972    16.5788    14.4004
17.8732    16.5996    14.4004
17.8508    16.618    14.4004
17.8492    16.6196    14.4004
17.8428    16.6236    14.4004
17.8076    16.642    14.4004
17.798    16.6468    14.4004
17.7948    16.6476    14.4004
17.7876    16.65    14.4004
17.7556    16.6612    14.4004
17.718    16.6708    14.4004
17.7012    16.673199    14.4004
17.6764    16.6772    14.4004
17.65    16.680399    14.4004
17.6316    16.6828    14.4004
17.6132    16.6828    14.4004
17.5972    16.6812    14.4004
17.5852    16.678799    14.4004
17.5668    16.678799    14.4004
17.5476    16.673199    14.4004
17.5268    16.6716    14.4004
17.518    16.6716    14.4004
17.5028    16.685999    14.4004
17.500399    16.7044    14.4004
17.496399    16.7164    14.4004
17.5036    16.7404    14.4004
17.5036    16.7444    14.4004
17.5044    16.7468    14.4004
17.51    16.7644    14.4004
17.5476    16.897999    14.4004
17.5572    16.931599    14.4004
17.563599    16.9596    14.4004
17.5956    17.0748    14.4004
17.626    17.189999    14.4004
17.6364    17.230799    14.4004
17.642    17.253199    14.4004
17.6852    17.418    14.4004
17.689999    17.4348    14.4004
17.726    17.559599    14.4004
17.749199    17.6444    14.4004
17.7684    17.7124    14.4004
17.8084    17.8444    14.4004
17.8156    17.868399    14.4004
17.8844    18.094799    14.4004
17.8956    18.132399    14.4004
17.9028    18.1572    14.4004
17.9732    18.3996    14.4004
18.029999    18.5956    14.4004
18.0348    18.614    14.4004
18.042799    18.6436    14.4004
18.09    18.8172    14.4004
18.126    18.9588    14.4004
18.1332    18.9876    14.4004
18.185999    19.1964    14.4004
18.189999    19.2116    14.4004
18.218    19.3316    14.4004
18.2396    19.425999    14.4004
18.2412    19.4356    14.4004
18.2524    19.4876    14.4004
18.2804    19.6244    14.4004
18.282799    19.6372    14.4004
18.2908    19.6764    14.4004
18.312399    19.7876    14.4004
18.3204    19.834799    14.4004
18.334    19.914    14.4004
18.3452    20.000399    14.4004
18.3524    20.057999    14.4004
18.3612    20.133999    14.4004
18.3676    20.2124    14.4004
18.369999    20.2452    14.4004
18.3772    20.3396    14.4004
18.3788    20.3764    14.4004
18.381199    20.461199    14.4004
18.381199    20.4732    14.4004
18.381199    20.513199    14.4004
18.381199    20.5772    14.4004
18.381199    20.5956    14.4004
18.3804    20.618    14.4004
18.379599    20.666    14.4004
18.378    20.6996    14.4004
18.3716    20.801199    14.4004
18.3708    20.8076    14.4004
18.3708    20.8084    14.4004
18.3708    20.812399    14.4004
18.3604    20.9084    14.4004
18.351599    20.9788    14.4004
18.3508    20.985199    14.4004
18.3332    21.094799    14.4004
18.3324    21.104399    14.4004
18.329199    21.118    14.4004
18.31    21.2164    14.4004
18.295599    21.2788    14.4004
18.2932    21.2876    14.4004
18.2892    21.3028    14.4004
18.2908    21.3244    14.4004
18.2924    21.3372    14.4004
18.3092    21.3508    14.4004
18.3212    21.358    14.4004
18.3412    21.3612    14.4004
18.366    21.3652    14.4004
18.4596    21.3772    14.4004
18.4748    21.379599    14.4004
18.4924    21.3828    14.4004
18.5268    21.3876    14.4004
18.534    21.3892    14.4004
18.5724    21.4004    14.4004
18.5788    21.403599    14.4004
18.594    21.4124    14.4004
18.600399    21.4188    14.4004
18.6092    21.4292    14.4004
18.622    21.442799    14.4004
18.6332    21.458    14.4004
18.6484    21.486    14.4004
18.6796    21.5444    14.4004
18.684399    21.553999    14.4004
18.685999    21.5556    14.4004
18.695599    21.5796    14.4004
18.698    21.5868    14.4004
18.7004    21.605999    14.4004
18.702    21.617199    14.4004
18.702    21.6204    14.4004
18.702    21.622799    14.4004
18.6996    21.650799    14.4004
18.6828    21.782    14.4004
18.6556    21.9644    14.4004
18.6524    21.990799    14.4004
18.650799    21.9996    14.4004
18.6484    22.0148    14.4004
18.6164    22.197199    14.4004
18.598    22.306    14.4004
18.5916    22.3396    14.4004
18.5772    22.420399    14.4004
18.574799    22.433199    14.4004
18.5716    22.4508    14.4004
18.5628    22.501999    14.4004
18.559599    22.517199    14.4004
18.553999    22.538    14.4004
18.5444    22.5852    14.4004
18.541199    22.605999    14.4004
18.5396    22.6204    14.4004
18.537199    22.6364    14.4004
18.531599    22.6516    14.4004
18.5204    22.7108    14.4004
18.5172    22.726799    14.4004
18.5164    22.737999    14.4004
18.514    22.7468    14.4004
18.5092    22.758799    14.4004
18.5036    22.7796    14.4004
18.4924    22.798    14.4004
18.4828    22.8148    14.4004
18.482    22.8156    14.4004
18.479599    22.8196    14.4004
18.473999    22.8244    14.4004
18.4508    22.8492    14.4004
18.4068    22.892399    14.4004
18.4028    22.896399    14.4004
18.3996    22.8996    14.4004
18.3956    22.9028    14.4004
18.3612    22.933199    14.4004
18.3148    22.9676    14.4004
18.258799    23.014    14.4004
18.253199    23.018799    14.4004
18.2508    23.0204    14.4004
18.21    23.0516    14.4004
18.182    23.078    14.4004
18.1684    23.085999    14.4004
18.1572    23.0964    14.4004
18.1484    23.100399    14.4004
18.1316    23.1148    14.4004
18.1276    23.1164    14.4004
18.1092    23.126799    14.4004
18.070799    23.1428    14.4004
18.0572    23.1476    14.4004
18.0444    23.1532    14.4004
18.024399    23.1684    14.4004
18.0172    23.1724    14.4004
18.000399    23.1836    14.4004
17.9924    23.1884    14.4004
17.9828    23.1988    14.4004
17.9708    23.2148    14.4004
17.9604    23.226799    14.4004
17.955599    23.23    14.4004
17.9484    23.2356    14.4004
17.931599    23.2564    14.4004
17.9228    23.2732    14.4004
17.9132    23.289999    14.4004
17.9028    23.305199    14.4004
17.8908    23.329199    14.4004
17.8764    23.353199    14.4004
17.8636    23.375599    14.4004
17.8508    23.390799    14.4004
17.8428    23.407598    14.4004
17.8244    23.446    14.4004
17.81    23.4636    14.4004
17.7988    23.4828    14.4004
17.7916    23.5028    14.4004
17.778    23.5212    14.4004
17.7676    23.537199    14.4004
17.7628    23.5508    14.4004
17.7348    23.594799    14.4004
17.7164    23.6276    14.4004
17.708399    23.6404    14.4004
17.691599    23.6668    14.4004
17.6868    23.6772    14.4004
17.6588    23.7156    14.4004
17.6468    23.7316    14.4004
17.632399    23.75    14.4004
17.6028    23.784399    14.4004
17.5804    23.8148    14.4004
17.5532    23.8564    14.4004
17.5268    23.8956    14.4004
17.522    23.913198    14.4004
17.5172    23.9236    14.4004
17.514    23.938    14.4004
17.5068    23.9564    14.4004
17.5052    23.9684    14.4004
17.500399    23.9828    14.4004
17.494    24.000399    14.4004
17.4932    24.013199    14.4004
17.4924    24.031599    14.4004
17.4924    24.0444    14.4004
17.4916    24.052399    14.4004
17.490799    24.0756    14.4004
17.490799    24.0996    14.4004
17.489199    24.1276    14.4004
17.489199    24.128399    14.4004
17.489199    24.1292    14.4004
17.4804    24.1476    14.4004
17.477999    24.15    14.4004
17.4532    24.169199    14.4004
17.4468    24.174    14.4004
17.4228    24.1892    14.4004
17.3964    24.2044    14.4004
17.394    24.206    14.4004
17.386    24.21    14.4004
17.3732    24.2172    14.4004
17.3444    24.2332    14.4004
17.33    24.243599    14.4004
17.3188    24.2484    14.4004
17.3028    24.264399    14.4004
17.286    24.2788    14.4004
17.2764    24.288399    14.4004
17.2612    24.305199    14.4004
17.2468    24.3196    14.4004
17.2332    24.334    14.4004
17.206    24.3596    14.4004
17.1668    24.3996    14.4004
17.13    24.433199    14.4004
17.094799    24.465199    14.4004
17.059599    24.496399    14.4004
17.0476    24.5068    14.4004
17.0108    24.5348    14.4004
16.9996    24.5436    14.4004
16.996399    24.546    14.4004
16.9916    24.5492    14.4004
16.9548    24.5756    14.4004
16.914799    24.598799    14.4004
16.914    24.5996    14.4004
16.8876    24.6124    14.4004
16.8708    24.6196    14.4004
16.826    24.6364    14.4004
16.806799    24.6428    14.4004
16.7516    24.6612    14.4004
16.7156    24.673199    14.4004
16.6556    24.689999    14.4004
16.6316    24.697199    14.4004
16.5996    24.706    14.4004
16.557999    24.7172    14.4004
16.5068    24.7284    14.4004
16.4916    24.7316    14.4004
16.43    24.7428    14.4004
16.414    24.7468    14.4004
16.406    24.749199    14.4004
16.369999    24.7572    14.4004
16.3636    24.7652    14.4004
16.347599    24.7972    14.4004
16.3508    24.8084    14.4004
16.358    24.8244    14.4004
16.3564    24.838    14.4004
16.3548    24.8468    14.4004
16.3452    24.858    14.4004
16.3364    24.864399    14.4004
16.3268    24.8692    14.4004
16.3116    24.8772    14.4004
16.299599    24.8828    14.4004
16.274    24.890799    14.4004
16.2564    24.896399    14.4004
16.234    24.903599    14.4004
16.222    24.9068    14.4004
16.1092    24.9396    14.4004
15.9956    24.972399    14.4004
15.9852    24.9756    14.4004
15.9676    24.9804    14.4004
15.8516    25.011599    14.4004
15.774799    25.0324    14.4004
15.75    25.0388    14.4004
15.716399    25.046    14.4004
15.6444    25.062    14.4004
15.622    25.066    14.4004
15.5604    25.080399    14.4004
15.5356    25.085999    14.4004
15.4484    25.1036    14.4004
15.4156    25.1108    14.4004
15.331599    25.1252    14.4004
15.269199    25.1364    14.4004
15.2428    25.1404    14.4004
15.1779995    25.150799    14.4004
15.1435995    25.156399    14.4004
15.0876    25.1644    14.4004
15.0196    25.1724    14.4004
14.8756    25.1876    14.4004
14.87    25.1884    14.4004
14.8564    25.189999    14.4004
14.746799    25.202    14.4004
14.6452    25.2092    14.4004
14.5892    25.2132    14.4004
14.4892    25.2204    14.4004
14.4284    25.2244    14.4004
14.3852    25.226    14.4004
14.2676    25.230799    14.4004
14.245999    25.2316    14.4004
14.2044    25.232399    14.4004
14.1092    25.2356    14.4004
14.106    25.2356    14.4004
14.1004    25.2356    14.4004
14.009999    25.236399    14.4004
13.9724    25.2356    14.4004
13.8996    25.232399    14.4004
13.8412    25.226799    14.4004
13.7987995    25.219599    14.4004
13.773999    25.2164    14.4004
13.7364    25.208399    14.4004
13.694799    25.2036    14.4004
13.6212    25.1908    14.4004
13.589999    25.1884    14.4004
13.5532    25.1836    14.4004
13.528399    25.180399    14.4004
13.441199    25.1668    14.4004
13.401199    25.1628    14.4004
13.334    25.1532    14.4004
13.2676    25.1412    14.4004
13.194799    25.126799    14.4004
13.1092    25.109999    14.4004
13.014    25.094    14.4004
12.9892    25.09    14.4004
12.9828    25.0884    14.4004
12.9788    25.0884    14.4004
12.9595995    25.0844    14.4004
12.906799    25.074    14.4004
12.8708    25.07    14.4004
12.8428    25.0668    14.4004
12.8164    25.065199    14.4004
12.809999    25.063599    14.4004
12.7852    25.0604    14.4004
12.7724    25.059599    14.4004
12.7564    25.057999    14.4004
12.7364    25.0572    14.4004
12.7156    25.0612    14.4004
12.7076    25.0612    14.4004
12.6876    25.070799    14.4004
12.676399    25.070799    14.4004
12.6612    25.074799    14.4004
12.65    25.074    14.4004
12.631599    25.074799    14.4004
12.620399    25.074    14.4004
12.6092    25.074799    14.4004
12.5748    25.0844    14.4004
12.556399    25.0868    14.4004
12.533999    25.09    14.4004
12.516399    25.093199    14.4004
12.4676    25.1012    14.4004
12.4516    25.1036    14.4004
12.429999    25.105999    14.4004
12.389199    25.1092    14.4004
12.358    25.1108    14.4004
12.3396    25.1108    14.4004
12.309999    25.1108    14.4004
12.2708    25.111599    14.4004
12.2476    25.1108    14.4004
12.2308    25.1092    14.4004
12.193999    25.105999    14.4004
12.160399    25.102798    14.4004
12.1404    25.100399    14.4004
12.0932    25.0924    14.4004
12.0668    25.085999    14.4004
12.0364    25.0796    14.4004
12.033199    25.0788    14.4004
12.0316    25.078    14.4004
12.0227995    25.076399    14.4004
12.0068    25.070799    14.4004
11.9924    25.0684    14.4004
11.9796    25.066    14.4004
11.9595995    25.0604    14.4004
11.9284    25.0516    14.4004
11.906799    25.046    14.4004
11.8764    25.033998    14.4004
11.860399    25.0276    14.4004
11.846    25.024399    14.4004
11.831599    25.0196    14.4004
11.815599    25.018799    14.4004
11.7996    25.011599    14.4004
11.7844    25.011599    14.4004
11.769199    25.0092    14.4004
11.754    25.0036    14.4004
11.738    24.9988    14.4004
11.7204    24.9972    14.4004
11.702    24.9972    14.4004
11.671599    24.9956    14.4004
11.6476    24.994    14.4004
11.6172    24.994    14.4004
11.573999    24.994    14.4004
11.528399    24.9916    14.4004
11.4892    24.989199    14.4004
11.4212    24.986    14.4004
11.4148    24.985199    14.4004
11.3596    24.9772    14.4004
11.3188    24.97    14.4004
11.282    24.9636    14.4004
11.2596    24.9588    14.4004
11.234799    24.9516    14.4004
11.2196    24.9452    14.4004
11.1852    24.9348    14.4004
11.165999    24.9236    14.4004
11.1468    24.914    14.4004
11.1156    24.8916    14.4004
11.09    24.8732    14.4004
11.0756    24.8636    14.4004
11.0612    24.853199    14.4004
10.9604    24.7788    14.4004
10.8628    24.6988    14.4004
10.8532    24.691599    14.4004
10.8516    24.689999    14.4004
10.8484    24.6868    14.4004
10.7892    24.6356    14.4004
10.740399    24.593199    14.4004
10.7372    24.5908    14.4004
10.6212    24.4868    14.4004
10.6188    24.4844    14.4004
10.6124    24.4788    14.4004
10.4892    24.358799    14.4004
10.3796    24.247599    14.4004
10.3675995    24.2356    14.4004
10.3628    24.2316    14.4004
10.3532    24.222    14.4004
10.3452    24.2132    14.4004
10.326799    24.195599    14.4004
10.3052    24.174    14.4004
10.2948    24.1612    14.4004
10.2796    24.1468    14.4004
10.2755995    24.1356    14.4004
10.2668    24.1236    14.4004
10.2644    24.1124    14.4004
10.2699995    24.0964    14.4004
10.2708    24.0956    14.4004
10.2716    24.094    14.4004
10.2716    24.0908    14.4004
10.278    24.059599    14.4004
10.2732    24.041199    14.4004
10.2588    24.0268    14.4004
10.251599    24.013199    14.4004
10.240399    24.0012    14.4004
10.223599    23.985199    14.4004
10.1964    23.955599    14.4004
10.1644    23.921999    14.4004
10.1444    23.8988    14.4004
10.098    23.845999    14.4004
10.0708    23.8116    14.4004
10.0252    23.754799    14.4004
9.9956    23.7148    14.4004
9.965199    23.674    14.4004
9.9484    23.6484    14.4004
9.9324    23.622799    14.4004
9.9236    23.6092    14.4004
9.914    23.594799    14.4004
9.906799    23.5772    14.4004
9.9028    23.5668    14.4004
9.901999    23.5588    14.4004
9.8996    23.538    14.4004
9.8996    23.5332    14.4004
9.8996    23.5308    14.4004
9.9004    23.5292    14.4004
9.9052    23.4996    14.4004
9.9148    23.4468    14.4004
9.9172    23.4348    14.4004
9.918    23.431599    14.4004
9.9212    23.4244    14.4004
9.934    23.3996    14.4004
9.9372    23.392399    14.4004
9.946    23.3748    14.4004
9.965199    23.3468    14.4004
9.9676    23.3436    14.4004
9.9692    23.3412    14.4004
9.9836    23.3204    14.4004
10.016399    23.288399    14.4004
10.0372    23.2668    14.4004
10.0612    23.246    14.4004
10.0884    23.222    14.4004
10.098    23.2116    14.4004
10.1188    23.191599    14.4004
10.125999    23.1852    14.4004
10.153999    23.1644    14.4004
10.1668    23.154    14.4004
10.1908    23.1332    14.4004
10.194799    23.1292    14.4004
10.1956    23.128399    14.4004
10.1972    23.1236    14.4004
10.21    23.091599    14.4004
10.2044    23.074    14.4004
10.202    23.0628    14.4004
10.1764    22.989199    14.4004
10.171599    22.9748    14.4004
10.15    22.9068    14.4004
10.118    22.81    14.4004
10.102799    22.764399    14.4004
10.0828    22.7052    14.4004
10.0515995    22.6084    14.4004
10.0004    22.4532    14.4004
9.9883995    22.416399    14.4004
9.9716    22.368399    14.4004
9.9156    22.2052    14.4004
9.8812    22.104399    14.4004
9.8428    21.986    14.4004
9.8292    21.9452    14.4004
9.8043995    21.866    14.4004
9.797999    21.8436    14.4004
9.7732    21.7596    14.4004
9.7724    21.754799    14.4004
9.7492    21.661999    14.4004
9.7484    21.6604    14.4004
9.7476    21.656399    14.4004
9.726    21.5516    14.4004
9.7156    21.485199    14.4004
9.7108    21.4516    14.4004
9.7044    21.397999    14.4004
9.6988    21.3492    14.4004
9.6956    21.3196    14.4004
9.689199    21.254799    14.4004
9.682799    21.1556    14.4004
9.682799    21.1548    14.4004
9.682799    21.154    14.4004
9.6748    21.0036    14.4004
9.674    20.9876    14.4004
9.665999    20.8188    14.4004
9.6612    20.691599    14.4004
9.659599    20.6388    14.4004
9.658    20.574    14.4004
9.6556    20.485199    14.4004
9.654799    20.4116    14.4004
9.6532    20.3004    14.4004
9.654799    20.2172    14.4004
9.6556    20.1428    14.4004
9.658    20.065199    14.4004
9.659599    20.0236    14.4004
9.6628    19.9716    14.4004
9.665999    19.9252    14.4004
9.6732    19.821999    14.4004
9.6748    19.805199    14.4004
9.6756    19.795599    14.4004
9.6788    19.769999    14.4004
9.69    19.678799    14.4004
9.6956    19.6388    14.4004
9.7028    19.5828    14.4004
9.714    19.518799    14.4004
9.7212    19.4756    14.4004
9.7332    19.414    14.4004
9.7411995    19.3732    14.4004
9.7476    19.3412    14.4004
9.762    19.274    14.4004
9.782    19.1924    14.4004
9.79    19.1612    14.4004
9.806    19.1036    14.4004
9.8236    19.0396    14.4004
9.8284    19.0228    14.4004
9.8596    18.9172    14.4004
9.866    18.8972    14.4004
9.8988    18.7924    14.4004
9.941199    18.6628    14.4004
9.953199    18.6292    14.4004
9.9556    18.6204    14.4004
10.0028    18.482    14.4004
10.0092    18.4636    14.4004
10.066    18.2916    14.4004
10.0996    18.1988    14.4004
10.125199    18.1252    14.4004
10.142    18.0756    14.4004
10.188399    17.9404    14.4004
10.229199    17.8244    14.4004
10.257199    17.747599    14.4004
10.2708    17.7108    14.4004
10.342    17.513199    14.4004
10.344399    17.5068    14.4004
10.346    17.5028    14.4004
10.3988    17.3564    14.4004
10.4604    17.194    14.4004
10.4636    17.184399    14.4004
10.466    17.178799    14.4004
10.475599    17.1532    14.4004
10.5124    17.053999    14.4004
10.5244    17.0236    14.4004
10.5468    16.966    14.4004
10.6116    16.7972    14.4004
10.6268    16.760399    14.4004
10.6532    16.689999    14.4004
10.688399    16.5964    14.4004
10.717199    16.518    14.4004
10.7684    16.3708    14.4004
10.7716    16.3604    14.4004
10.774    16.354    14.4004
10.820399    16.2068    14.4004
10.8588    16.0828    14.4004
10.883599    15.986799    14.4004
10.884399    15.9836    14.4004
10.9044    15.901999    14.4004
10.9084    15.8932    14.4004
10.913199    15.8764    14.4004
10.91    15.8652    14.4004
10.9084    15.8468    14.4004
10.8924    15.8396    14.4004
10.874    15.825999    14.4004
10.8596    15.8276    14.4004
10.8348    15.837999    14.4004
10.8244    15.8476    14.4004
10.8084    15.861199    14.4004
10.7948    15.8708    14.4004
10.7684    15.886    14.4004
10.7452    15.8988    14.4004
10.694799    15.9212    14.4004
10.688399    15.923599    14.4004
10.686    15.9251995    14.4004
10.6476    15.9396    14.4004
10.6324    15.9444    14.4004
10.601999    15.953199    14.4004
10.5948    15.9539995    14.4004
10.5724    15.958799    14.4004
10.556399    15.9604    14.4004
10.538    15.9628    14.4004
10.5116    15.963599    14.4004
10.5076    15.963599    14.4004
10.4948    15.962    14.4004
10.4828    15.9604    14.4004
10.464399    15.952399    14.4004
10.4548    15.9492    14.4004
10.4508    15.947599    14.4004
10.446    15.9444    14.4004
10.436399    15.934    14.4004
10.4196    15.9212    14.4004
10.4116    15.9084    14.4004
10.3963995    15.8932    14.4004
10.3892    15.878799    14.4004
10.3804    15.858    14.4004
10.377999    15.849199    14.4004
10.3772    15.842799    14.4004
10.3764    15.8236    14.4004
10.374    15.7932    14.4004
10.3748    15.785199    14.4004
10.378799    15.7604    14.4004
10.384399    15.729199    14.4004
10.394    15.6812    14.4004
10.3948    15.6788    14.4004
10.4044    15.6348    14.4004
10.4092    15.6116    14.4004
10.41    15.6108    14.4004
10.41    15.61    14.4004
10.4156    15.595599    14.4004
10.4212    15.5803995    14.4004
10.4228    15.573999    14.4004
10.4276    15.5484    14.4004
10.413199    15.53    14.4004
10.3996    15.509999    14.4004
10.3876    15.503599    14.4004
10.378799    15.498799    14.4004
10.3692    15.4939995    14.4004
10.3428    15.4852    14.4004
10.3316    15.4804    14.4004
10.3236    15.476399    14.4004
10.321199    15.474799    14.4004
10.3196    15.4732    14.4004
10.309199    15.4595995    14.4004
10.3084    15.4548    14.4004
10.309199    15.4316    14.4004
10.314799    15.4156    14.4004
10.3284    15.377199    14.4004
10.337999    15.354799    14.4004
10.354799    15.3164    14.4004
10.3588    15.308399    14.4004
10.3852    15.2556    14.4004
10.3884    15.2492    14.4004
10.398    15.2324    14.4004
10.4036    15.2204    14.4004
10.4292    15.17    14.4004
10.4316    15.1564    14.4004
10.4396    15.141999    14.4004
10.4436    15.1276    14.4004
10.441999    15.1156    14.4004
10.45    15.1004    14.4004
10.446    15.0948    14.4004
10.45    15.0924    14.4004
10.453199    15.0716    14.4004
10.4564    15.0571995    14.4004
10.4572    15.039599    14.4004
10.4508    15.021199    14.4004
10.4228    15.004399    14.4004
10.4116    15.0012    14.4004
10.3907995    15.003599    14.4004
10.3884    15.003599    14.4004
10.386    15.0004    14.4004
10.3764    14.9908    14.4004
10.366    14.9788    14.4004
10.3644    14.978    14.4004
10.3619995    14.9716    14.4004
10.3396    14.9108    14.4004
10.326    14.8636    14.4004
10.3076    14.7892    14.4004
10.2772    14.6564    14.4004
10.2628    14.602799    14.4004
10.25    14.550799    14.4004
10.2396    14.514    14.4004
10.229199    14.478    14.4004
10.2164    14.436399    14.4004
10.202    14.3884    14.4004
10.1988    14.3796    14.4004
10.1788    14.322    14.4004
10.1508    14.242    14.4004
10.1491995    14.2355995    14.4004
10.1476    14.2308    14.4004
10.131599    14.19    14.4004
10.13    14.1852    14.4004
10.1284    14.1788    14.4004
10.1188    14.1404    14.4004
10.1156    14.1276    14.4004
10.1116    14.101999    14.4004
10.106    14.078    14.4004
10.1036    14.055599    14.4004
10.1012    14.009999    14.4004
10.097199    13.976399    14.4004
10.0948    13.9428    14.4004
10.09    13.843599    14.4004
10.0876    13.809199    14.4004
10.0868    13.7908    14.4004
10.0844    13.6988    14.4004
10.0836    13.674    14.4004
10.0836    13.660399    14.4004
10.085199    13.6348    14.4004
10.085199    13.5988    14.4004
10.09    13.5364    14.4004
10.09    13.5324    14.4004
10.090799    13.5252    14.4004
10.1012    13.469999    14.4004
10.1116    13.429199    14.4004
10.125999    13.378799    14.4004
10.142799    13.318    14.4004
10.1924    13.1588    14.4004
10.2084    13.1012    14.4004
10.2148    13.078799    14.4004
10.2204    13.0604    14.4004
10.2444    12.970799    14.4004
10.2596    12.9172    14.4004
10.2699995    12.878799    14.4004
10.2876    12.809999    14.4004
10.2908    12.7987995    14.4004
10.292399    12.7948    14.4004
10.315599    12.705199    14.4004
10.320399    12.6852    14.4004
10.3348    12.619599    14.4004
10.3428    12.5868    14.4004
10.3508    12.5492    14.4004
10.3636    12.486    14.4004
10.3708    12.4396    14.4004
10.3772    12.394    14.4004
10.3852    12.3308    14.4004
10.394    12.242    14.4004
10.3948    12.2316    14.4004
10.3988    12.1556    14.4004
10.3996    12.13    14.4004
10.3988    12.078799    14.4004
10.3996    12.0364    14.4004
10.3996    12.0188    14.4004
10.3972    11.958799    14.4004
10.3932    11.9251995    14.4004
10.389999    11.8812    14.4004
10.3876    11.8452    14.4004
10.3828    11.8124    14.4004
10.378799    11.774799    14.4004
10.3684    11.7084    14.4004
10.366    11.6956    14.4004
10.3532    11.613199    14.4004
10.3532    11.6124    14.4004
10.3508    11.5988    14.4004
10.3372    11.538    14.4004
10.3364    11.53    14.4004
10.334    11.5188    14.4004
10.318    11.4484    14.4004
10.3028    11.389199    14.4004
10.2996    11.3756    14.4004
10.2948    11.360399    14.4004
10.278    11.3028    14.4004
10.257999    11.240399    14.4004
10.2532    11.2252    14.4004
10.25    11.2156    14.4004
10.226    11.15    14.4004
10.198    11.0803995    14.4004
10.194799    11.0716    14.4004
10.193999    11.0692    14.4004
10.1932    11.067599    14.4004
10.165199    11.0004    14.4004
10.1636    10.9964    14.4004
10.125199    10.917999    14.4004
10.094    10.854799    14.4004
10.090799    10.849999    14.4004
10.0588    10.7892    14.4004
10.042    10.7564    14.4004
10.0252    10.726    14.4004
10.0068    10.6924    14.4004
9.993199    10.6684    14.4004
9.9732    10.6348    14.4004
9.964399    10.61    14.4004
9.962    10.6068    14.4004
9.958799    10.594    14.4004
9.9548    10.5812    14.4004
9.947599    10.5515995    14.4004
9.946    10.546    14.4004
9.946    10.5436    14.4004
9.946    10.542    14.4004
9.9452    10.533199    14.4004
9.9428    10.424399    14.4004
9.9428    10.4116    14.4004
9.9428    10.4108    14.4004
9.9428    10.41    14.4004
9.9452    10.2987995    14.4004
9.9452    10.2876    14.4004
9.947599    10.2092    14.4004
9.947599    10.2036    14.4004
9.9516    10.1556    14.4004
9.9612    10.0803995    14.4004
9.962    10.0748    14.4004
9.9668    10.0404    14.4004
9.970799    10.018    14.4004
9.9852    9.946799    14.4004
9.987599    9.935599    14.4004
9.9939995    9.9148    14.4004
10.016399    9.843599    14.4004
10.018    9.837999    14.4004
10.0188    9.8372    14.4004
10.0196    9.8356    14.4004
10.021999    9.8316    14.4004
10.033999    9.8108    14.4004
10.045199    9.8028    14.4004
10.0571995    9.792399    14.4004
10.0668    9.7892    14.4004
10.0788    9.782    14.4004
10.0996    9.7796    14.4004
10.1491995    9.774    14.4004
10.1956    9.774799    14.4004
10.217199    9.774    14.4004
10.2324    9.7755995    14.4004
10.2876    9.7852    14.4004
10.297999    9.786799    14.4004
10.3124    9.79    14.4004
10.3644    9.8028    14.4004
10.394    9.814    14.4004
10.424399    9.8244    14.4004
10.4404    9.8308    14.4004
10.4748    9.8476    14.4004
10.5252    9.8748    14.4004
10.5364    9.8812    14.4004
10.613999    9.929999    14.4004
10.618    9.9332    14.4004
10.6244    9.938    14.4004
10.6476    9.9595995    14.4004
10.6564    9.9676    14.4004
10.6644    9.9692    14.4004
10.6964    9.978    14.4004
10.7084    9.9612    14.4004
10.722    9.9492    14.4004
10.729199    9.934    14.4004
10.7316    9.918    14.4004
10.7355995    9.9044    14.4004
10.7372    9.8988    14.4004
10.7428    9.858    14.4004
10.7428    9.8564    14.4004
10.7428    9.8548    14.4004
10.7604    9.7556    14.4004
10.7676    9.7204    14.4004
10.7836    9.6564    14.4004
10.7972    9.597199    14.4004
10.8043995    9.5708    14.4004
10.820399    9.51    14.4004
10.8236    9.498799    14.4004
10.834    9.466    14.4004
10.8516    9.41    14.4004
10.861199    9.3804    14.4004
10.8884    9.3043995    14.4004
10.9004    9.2724    14.4004
10.929999    9.1924    14.4004
10.952399    9.137199    14.4004
10.9724    9.0868    14.4004
10.9868    9.0532    14.4004
11.015599    8.9852    14.4004
11.0412    8.9268    14.4004
11.078799    8.8428    14.4004
11.130799    8.7276    14.4004
11.1779995    8.6244    14.4004
11.2308    8.5116    14.4004
11.294    8.3764    14.4004
11.3484    8.2572    14.4004
11.383599    8.1796    14.4004
11.4156    8.11    14.4004
11.4428    8.045199    14.4004
11.4556    8.014    14.4004
11.493199    7.9203997    14.4004
11.498799    7.9059997    14.4004
11.5148    7.8627996    14.4004
11.542    7.7915998    14.4004
11.544399    7.7844    14.4004
11.5803995    7.686    14.4004
11.5988    7.634    14.4004
11.6004    7.6299996    14.4004
11.648399    7.4867997    14.4004
11.6508    7.4803996    14.4004
11.653999    7.4708    14.4004
11.7044    7.3076    14.4004
11.7252    7.2388    14.4004
11.742    7.186    14.4004
11.7908    7.0308    14.4004
11.8076    6.9788    14.4004
11.8628    6.81    14.4004
11.901199    6.6931996    14.4004
11.9204    6.6355996    14.4004
11.9492    6.5492    14.4004
11.9964    6.41    14.4004
12.0227995    6.3332    14.4004
12.0412    6.2812    14.4004
12.096399    6.1275997    14.4004
12.131599    6.026    14.4004
12.2084    5.8188    14.4004
12.2308    5.7588    14.4004
12.263599    5.6724    14.4004
12.2844    5.6164    14.4004
12.294    5.5875998    14.4004
12.3043995    5.558    14.4004
12.314    5.5188    14.4004
12.315599    5.5123997    14.4004
12.3372    5.4196    14.4004
12.344399    5.394    14.4004
12.354799    5.3612    14.4004
12.3636    5.3356    14.4004
12.3828    5.2883997    14.4004
12.4156    5.2051997    14.4004
12.4228    5.1884    14.4004
12.4251995    5.1828    14.4004
12.4444    5.1196    14.4004
12.4444    5.1187997    14.4004
12.4604    5.0404    14.4004
12.4612    5.0348    14.4004
12.4628    5.0267997    14.4004
12.4684    4.9852    14.4004
12.474    4.9476    14.4004
12.4796    4.8956    14.4004
12.4844    4.8547997    14.4004
12.4883995    4.8148    14.4004
12.4892    4.7732    14.4004
12.49    4.758    14.4004
12.4908    4.738    14.4004
12.4939995    4.694    14.4004
12.4916    4.6331997    14.4004
12.4916    4.6164    14.4004
12.4916    4.5987997    14.4004
12.481999    4.4676    14.4004
12.481199    4.4508    14.4004
12.4804    4.4356    14.4004
12.4796    4.41    14.4004
12.478    4.3772    14.4004
12.4772    4.3364    14.4004
12.4772    4.3076    14.4004
12.4788    4.2804    14.4004
12.481999    4.2436    14.4004
12.486    4.2084    14.4004
12.4908    4.1675997    14.4004
12.4916    4.1612    14.4004
12.5028    4.0555997    14.4004
12.5036    4.0443997    14.4004
12.5084    3.9524    14.4004
12.5084    3.9476    14.4004
12.5084    3.9468    14.4004
12.510799    3.8836    14.4004
12.509999    3.8611999    14.4004
12.5092    3.7788    14.4004
12.5028    3.6139998    14.4004
12.502    3.5923998    14.4004
12.5004    3.5707998    14.4004
12.499599    3.5507998    14.4004
12.4948    3.4628    14.4004
12.4892    3.3444    14.4004
12.4883995    3.3267999    14.4004
12.487599    3.3035998    14.4004
12.476399    3.1499999    14.4004
12.475599    3.1427999    14.4004
12.4748    3.1204    14.4004
12.4692    3.0379999    14.4004
12.4676    3.0203998    14.4004
12.466    2.9963999    14.4004
12.4628    2.9364    14.4004
12.4612    2.8964    14.4004
12.458799    2.8604    14.4004
12.457999    2.8244    14.4004
12.457999    2.7851999    14.4004
12.458799    2.7596    14.4004
12.4604    2.7244    14.4004
12.462    2.6859999    14.4004
12.464399    2.6492    14.4004
12.470799    2.5867999    14.4004
12.4724    2.5756    14.4004
12.4796    2.514    14.4004
12.4844    2.4852    14.4004
12.49    2.4548    14.4004
12.4972    2.414    14.4004
12.502    2.3908    14.4004
12.5196    2.31    14.4004
12.527599    2.2828    14.4004
12.5364    2.2452    14.4004
12.549999    2.2012    14.4004
12.5548    2.1884    14.4004
12.568399    2.1508    14.4004
12.579599    2.1211998    14.4004
12.584399    2.11    14.4004
12.6036    2.074    14.4004
12.6172    2.0516    14.4004
12.6332    2.03    14.4004
12.648399    2.0108    14.4004
12.6628    1.9948    14.4004
12.6756    1.9812    14.4004
12.714    1.9419999    14.4004
12.7164    1.9396    14.4004
12.7188    1.938    14.4004
12.722    1.9339999    14.4004
12.7436    1.9036    14.4004
12.745199    1.898    14.4004
12.754    1.8779999    14.4004
12.7612    1.8571999    14.4004
12.766    1.8443999    14.4004
12.7716    1.8316    14.4004
12.7836    1.7964    14.4004
12.79    1.7844    14.4004
12.7996    1.7612    14.4004
12.806    1.7436    14.4004
12.8076    1.7332    14.4004
12.8172    1.7124    14.4004
12.8196    1.6883999    14.4004
12.820399    1.6868    14.4004
12.8396    1.582    14.4004
12.843599    1.5644    14.4004
12.849199    1.5468    14.4004
12.87    1.494    14.4004
12.883599    1.466    14.4004
12.901999    1.4268    14.4004
12.9284    1.3804    14.4004
12.9436    1.3579999    14.4004
12.9572    1.3388    14.4004
12.993199    1.2939999    14.4004
13.018    1.2667999    14.4004
13.0476    1.2348    14.4004
13.1052    1.1819999    14.4004
13.1164    1.1716    14.4004
13.1332    1.158    14.4004
13.181999    1.1115999    14.4004
13.2411995    1.066    14.4004
13.2476    1.0612    14.4004
13.2644    1.0491999    14.4004
13.3076    1.0164    14.4004
13.320399    1.0059999    14.4004
13.3916    0.95159996    14.4004
13.4556    0.90599996    14.4004
13.4796    0.89    14.4004
13.5859995    0.82199997    14.4004
13.589999    0.8196    14.4004
13.591599    0.8188    14.4004
13.6612    0.78599995    14.4004
13.6788    0.778    14.4004
13.7444    0.754    14.4004
13.7699995    0.75    14.4004
13.802799    0.74439996    14.4004
13.849999    0.7436    14.4004
13.866799    0.7436    14.4004
13.8796    0.74439996    14.4004
13.9228    0.75479996    14.4004
13.95    0.77    14.4004
13.969199    0.77879995    14.4004
13.9852    0.79399997    14.4004
13.9972    0.806    14.4004
14.016399    0.8332    14.4004
14.016399    0.834    14.4004
14.018    0.8364    14.4004
14.0372    0.8732    14.4004
14.0484    0.9068    14.4004
14.061199    0.94439995    14.4004
14.068399    0.9676    14.4004
14.120399    1.1572    14.4004
14.122    1.1644    14.4004
14.1236    1.1708    14.4004
14.1572    1.2796    14.4004
14.1796    1.3564    14.4004
14.189199    1.3956    14.4004
14.194799    1.4236    14.4004
14.1972    1.4548    14.4004
14.2028    1.5004    14.4004
14.205999    1.522    14.4004
14.2028    1.55    14.4004
14.198    1.5843999    14.4004
14.194799    1.5988    14.4004
14.188399    1.6276    14.4004
14.186    1.638    14.4004
14.1684    1.6811999    14.4004
14.162    1.6996    14.4004
14.1556    1.7251999    14.4004
14.1524    1.7436    14.4004
14.1508    1.762    14.4004
14.1524    1.7748    14.4004
14.1556    1.798    14.4004
14.1564    1.8003999    14.4004
14.1564    1.8019999    14.4004
14.1564    1.8027999    14.4004
14.165999    1.8443999    14.4004
14.182799    1.8859999    14.4004
14.205999    1.9508    14.4004
14.2076    1.9555999    14.4004
14.223599    2.014    14.4004
14.2364    2.0723999    14.4004
14.2372    2.0812    14.4004
14.239599    2.0939999    14.4004
14.2532    2.2347999    14.4004
14.2596    2.2891998    14.4004
14.2596    2.2948    14.4004
14.2612    2.302    14.4004
14.2676    2.3428    14.4004
14.2716    2.366    14.4004
14.2732    2.3811998    14.4004
14.280399    2.4124    14.4004
14.281199    2.414    14.4004
14.285999    2.4443998    14.4004
14.2892    2.4548    14.4004
14.3004    2.506    14.4004
14.3068    2.5276    14.4004
14.3188    2.5772    14.4004
14.3244    2.6011999    14.4004
14.325999    2.6083999    14.4004
14.3364    2.6596    14.4004
14.348399    2.718    14.4004
14.349999    2.7308    14.4004
14.3516    2.7403998    14.4004
14.360399    2.802    14.4004
14.361199    2.8116    14.4004
14.3636    2.8348    14.4004
14.371599    2.8948    14.4004
14.374    2.918    14.4004
14.3756    2.9499998    14.4004
14.377999    2.9819999    14.4004
14.3812    3.0124    14.4004
14.3852    3.0507998    14.4004
14.3876    3.082    14.4004
14.3884    3.1108    14.4004
14.389999    3.1483998    14.4004
14.3916    3.1652    14.4004
14.3932    3.2315998    14.4004
14.394    3.2596    14.4004
14.394799    3.3012    14.4004
14.394799    3.366    14.4004
14.394799    3.47    14.4004
14.394799    3.4891999    14.4004
14.3907995    3.5876    14.4004
14.3907995    3.5988    14.4004
14.3884    3.6395998    14.4004
14.384399    3.7012    14.4004
14.382    3.7387998    14.4004
14.3756    3.8388    14.4004
14.374    3.8636    14.4004
14.372399    3.8916    14.4004
14.3708    4.0036    14.4004
14.3708    4.0155997    14.4004
14.3652    4.0755997    14.4004
14.3636    4.0843997    14.4004
14.3619995    4.1043997    14.4004
14.3596    4.1316    14.4004
14.348399    4.19    14.4004
14.3468    4.1972    14.4004
14.342799    4.2107997    14.4004
14.334    4.2427998    14.4004
14.326799    4.2627997    14.4004
14.3108    4.3052    14.4004
14.3012    4.3292    14.4004
14.29    4.354    14.4004
14.266    4.4035997    14.4004
14.2476    4.4412    14.4004
14.2324    4.4764    14.4004
14.2252    4.4916    14.4004
14.2204    4.5011997    14.4004
14.217999    4.5076    14.4004
14.1932    4.5699997    14.4004
14.130799    4.7244    14.4004
14.125999    4.7363997    14.4004
14.1228    4.7436    14.4004
14.079599    4.8515997    14.4004
14.042    4.9532    14.4004
14.0292    4.9867997    14.4004
13.9908    5.0804    14.4004
13.9852    5.0948    14.4004
13.978    5.118    14.4004
13.963599    5.1604    14.4004
13.962    5.1668    14.4004
13.9595995    5.178    14.4004
13.9539995    5.2004    14.4004
13.9516    5.2188    14.4004
13.9508    5.2292    14.4004
13.9508    5.2316    14.4004
13.9508    5.2539997    14.4004
13.95    5.2588    14.4004
13.9508    5.262    14.4004
13.952399    5.29    14.4004
13.9572    5.3052    14.4004
13.963599    5.3252    14.4004
13.9724    5.3476    14.4004
13.9828    5.3676    14.4004
13.986    5.3764    14.4004
13.9939995    5.3915997    14.4004
14.027599    5.4579997    14.4004
14.033999    5.474    14.4004
14.0364    5.4884    14.4004
14.038799    5.5035996    14.4004
14.038799    5.5211997    14.4004
14.0404    5.5364    14.4004
14.0364    5.5532    14.4004
14.033999    5.566    14.4004
14.028399    5.5828    14.4004
14.0244    5.5948    14.4004
14.016399    5.6116    14.4004
13.9972    5.6475997    14.4004
13.9948    5.65    14.4004
13.9732    5.6819997    14.4004
13.9684    5.6884    14.4004
13.9676    5.69    14.4004
13.900399    5.7788    14.4004
13.889199    5.7964    14.4004
13.8764    5.8148    14.4004
13.8636    5.8388    14.4004
13.8628    5.8403997    14.4004
13.858    5.8508    14.4004
13.842    5.8868    14.4004
13.8364    5.9044    14.4004
13.825999    5.9372    14.4004
13.818    5.9828    14.4004
13.8132    6.0052    14.4004
13.8116    6.0179996    14.4004
13.8004    6.1019998    14.4004
13.7996    6.1099997    14.4004
13.7844    6.23    14.4004
13.7755995    6.3276    14.4004
13.769199    6.3971996    14.4004
13.762799    6.4644    14.4004
13.7532    6.582    14.4004
13.7476    6.6516    14.4004
13.7411995    6.7563996    14.4004
13.7388    6.8044    14.4004
13.7372    6.8636    14.4004
13.734799    6.9379997    14.4004
13.733999    6.9691997    14.4004
13.7324    7.0532    14.4004
13.7324    7.1004    14.4004
13.7324    7.1612    14.4004
13.7332    7.2068    14.4004
13.734799    7.2644    14.4004
13.7372    7.3203998    14.4004
13.740399    7.3796    14.4004
13.745199    7.4564    14.4004
13.7484    7.5076    14.4004
13.7548    7.5796    14.4004
13.7612    7.646    14.4004
13.7699995    7.7219996    14.4004
13.7884    7.8844    14.4004
13.809199    8.0668    14.4004
13.8276    8.2108    14.4004
13.8404    8.3228    14.4004
13.854    8.4268    14.4004
13.8652    8.5116    14.4004
13.883599    8.6435995    14.4004
13.918799    8.9092    14.4004
13.929199    8.9916    14.4004
13.9396    9.0844    14.4004
13.9404    9.0932    14.4004
13.9428    9.1188    14.4004
13.95    9.194    14.4004
13.9516    9.2108    14.4004
13.9564    9.2908    14.4004
13.9604    9.3644    14.4004
13.9604    9.389999    14.4004
13.9604    9.4292    14.4004
13.9604    9.5028    14.4004
13.9572    9.590799    14.4004
13.9548    9.634    14.4004
13.9516    9.674    14.4004
13.947599    9.7332    14.4004
13.9404    9.7972    14.4004
13.9404    9.7987995    14.4004
13.929199    9.9028    14.4004
13.9284    9.906799    14.4004
13.926    9.9212    14.4004
13.914    9.9964    14.4004
13.91    10.026    14.4004
13.9028    10.066    14.4004
13.8876    10.153999    14.4004
13.877999    10.198    14.4004
13.866799    10.2564    14.4004
13.8596    10.286799    14.4004
13.8356    10.3932    14.4004
13.8276    10.4251995    14.4004
13.808399    10.5036    14.4004
13.7852    10.5956    14.4004
13.7596    10.6916    14.4004
13.7484    10.7308    14.4004
13.7268    10.806    14.4004
13.7012    10.8932    14.4004
13.677199    10.9724    14.4004
13.648399    11.07    14.4004
13.597199    11.2364    14.4004
13.5948    11.2452    14.4004
13.579599    11.280399    14.4004
13.5772    11.2852    14.4004
13.573999    11.29    14.4004
13.5636    11.3028    14.4004
13.5412    11.3252    14.4004
13.5372    11.3284    14.4004
13.5132    11.344399    14.4004
13.4964    11.3596    14.4004
13.4804    11.374    14.4004
13.4692    11.3852    14.4004
13.452399    11.406799    14.4004
13.4452    11.4164    14.4004
13.438    11.4372    14.4004
13.436399    11.446799    14.4004
13.4404    11.458    14.4004
13.446799    11.4724    14.4004
13.4492    11.4883995    14.4004
13.4564    11.5012    14.4004
13.466    11.5236    14.4004
13.475599    11.5412    14.4004
13.4796    11.5492    14.4004
13.486    11.5644    14.4004
13.4892    11.5756    14.4004
13.4956    11.596399    14.4004
13.5084    11.662    14.4004
13.5092    11.6668    14.4004
13.5092    11.67    14.4004
13.5124    11.705999    14.4004
13.5124    11.740399    14.4004
13.5124    11.7444    14.4004
13.509999    11.769199    14.4004
13.509999    11.7708    14.4004
13.504399    11.7956    14.4004
13.5028    11.8004    14.4004
13.5028    11.8012    14.4004
13.4883995    11.831599    14.4004
13.4724    11.866    14.4004
13.465199    11.883599    14.4004
13.4628    11.898    14.4004
13.464399    11.9116    14.4004
13.474    11.9228    14.4004
13.481199    11.941999    14.4004
13.4892    11.95    14.4004
13.5116    11.975599    14.4004
13.5348    12.0004    14.4004
13.5484    12.016399    14.4004
13.590799    12.0724    14.4004
13.594    12.0764    14.4004
13.596399    12.079599    14.4004
13.6292    12.1276    14.4004
13.6564    12.17    14.4004
13.665999    12.1844    14.4004
13.671599    12.1932    14.4004
13.7316    12.2884    14.4004
13.740399    12.302799    14.4004
