20.498    31.713999    24.0004
20.4732    31.7004    24.0004
20.442    31.674    24.0004
20.4324    31.6652    24.0004
20.4212    31.654799    24.0004
20.3836    31.6012    24.0004
20.375599    31.587599    24.0004
20.3612    31.5612    24.0004
20.3556    31.542    24.0004
20.3508    31.5196    24.0004
20.3484    31.494    24.0004
20.3524    31.4748    24.0004
20.3564    31.453999    24.0004
20.3692    31.437199    24.0004
20.390799    31.4236    24.0004
20.3988    31.4196    24.0004
20.402    31.4196    24.0004
20.427599    31.4228    24.0004
20.4516    31.4268    24.0004
20.4572    31.427599    24.0004
20.511599    31.459599    24.0004
20.513199    31.461199    24.0004
20.514    31.462    24.0004
20.5772    31.524399    24.0004
20.598799    31.5516    24.0004
20.615599    31.574    24.0004
20.626    31.6012    24.0004
20.6316    31.6164    24.0004
20.6332    31.6204    24.0004
20.639599    31.647598    24.0004
20.6364    31.6812    24.0004
20.6348    31.6964    24.0004
20.6332    31.6988    24.0004
20.6276    31.706    24.0004
20.614    31.7164    24.0004
20.594799    31.7316    24.0004
20.5892    31.732399    24.0004
20.5628    31.7332    24.0004
20.5604    31.7332    24.0004
20.5452    31.729198    24.0004
20.514    31.7172    24.0004
20.498    31.713999    24.0004
