13.6147995    0.51879996    16.8004
13.9972    0.5276    16.8004
14.0652    0.52919996    16.8004
14.1852    0.53319997    16.8004
14.361199    0.53639996    16.8004
14.3628    0.53639996    16.8004
14.3636    0.53639996    16.8004
14.3884    0.542    16.8004
14.3916    0.5428    16.8004
14.3996    0.5572    16.8004
14.4036    0.5668    16.8004
14.411599    0.6156    16.8004
14.426    0.6908    16.8004
14.429999    0.7188    16.8004
14.436399    0.76519996    16.8004
14.4396    0.7908    16.8004
14.441999    0.806    16.8004
14.446    0.862    16.8004
14.446799    0.8732    16.8004
14.45    0.93799996    16.8004
14.4508    0.95    16.8004
14.45    0.95879996    16.8004
14.4484    0.9916    16.8004
14.446799    1.01    16.8004
14.4396    1.0436    16.8004
14.4372    1.0524    16.8004
14.4307995    1.0708    16.8004
14.4196    1.1036    16.8004
14.4036    1.1436    16.8004
14.3988    1.1539999    16.8004
14.3756    1.194    16.8004
14.365999    1.2107999    16.8004
14.346    1.2444    16.8004
14.3292    1.2716    16.8004
14.3236    1.2796    16.8004
14.2884    1.3219999    16.8004
14.286799    1.3235999    16.8004
14.286799    1.3244    16.8004
14.285999    1.3244    16.8004
14.245199    1.3628    16.8004
14.2268    1.378    16.8004
14.202    1.398    16.8004
14.189199    1.4083999    16.8004
14.153199    1.434    16.8004
14.1524    1.4347999    16.8004
14.1516    1.4347999    16.8004
14.1147995    1.458    16.8004
14.091599    1.4699999    16.8004
14.055599    1.4892    16.8004
13.993199    1.5076    16.8004
13.992399    1.5076    16.8004
13.992399    1.5084    16.8004
13.9428    1.518    16.8004
13.917999    1.522    16.8004
13.889999    1.5252    16.8004
13.8356    1.5275999    16.8004
13.8348    1.5275999    16.8004
13.834    1.5275999    16.8004
13.780399    1.5252    16.8004
13.778    1.5252    16.8004
13.728399    1.5188    16.8004
13.6812    1.51    16.8004
13.660399    1.5059999    16.8004
13.647599    1.5028    16.8004
13.613199    1.4923999    16.8004
13.601999    1.4884    16.8004
13.589999    1.4836    16.8004
13.528399    1.4563999    16.8004
13.504399    1.4444    16.8004
13.4748    1.4283999    16.8004
13.4564    1.4172    16.8004
13.4148    1.3939999    16.8004
13.3988    1.3844    16.8004
13.3884    1.3764    16.8004
13.3404    1.3396    16.8004
13.315599    1.3172    16.8004
13.302    1.3019999    16.8004
13.291599    1.2908    16.8004
13.2604    1.258    16.8004
13.234799    1.226    16.8004
13.226    1.2148    16.8004
13.2212    1.2084    16.8004
13.2036    1.1788    16.8004
13.189199    1.1516    16.8004
13.181999    1.138    16.8004
13.1748    1.122    16.8004
13.1636    1.0971999    16.8004
13.1588    1.0796    16.8004
13.1524    1.0491999    16.8004
13.148399    1.0228    16.8004
13.1444    0.9924    16.8004
13.142799    0.95159996    16.8004
13.141999    0.93399996    16.8004
13.142799    0.86039996    16.8004
13.142799    0.842    16.8004
13.1452    0.8188    16.8004
13.153199    0.742    16.8004
13.1588    0.6892    16.8004
13.1628    0.6612    16.8004
13.17    0.6092    16.8004
13.1756    0.5652    16.8004
13.1812    0.5548    16.8004
13.1868    0.53639996    16.8004
13.2036    0.5196    16.8004
13.2076    0.5148    16.8004
13.2092    0.514    16.8004
13.210799    0.51559997    16.8004
13.2252    0.5108    16.8004
13.240399    0.5108    16.8004
13.2492    0.51    16.8004
13.273999    0.5108    16.8004
13.29    0.5108    16.8004
13.33    0.5124    16.8004
13.6147995    0.51879996    16.8004
