13.033199    6.2436    15.6004
13.0204    6.2339997    15.6004
13.0148    6.2172    15.6004
13.0124    6.2019997    15.6004
13.0116    6.178    15.6004
13.014    6.1524    15.6004
13.0148    6.146    15.6004
13.0308    6.1187997    15.6004
13.0364    6.0987997    15.6004
13.0515995    6.0684    15.6004
13.0604    6.0492    15.6004
13.067599    6.034    15.6004
13.0948    5.9756    15.6004
13.0988    5.966    15.6004
13.125199    5.9132    15.6004
13.13    5.9052    15.6004
13.134    5.9579997    15.6004
13.1324    5.9835997    15.6004
13.136399    6.0132    15.6004
13.138    6.0284    15.6004
13.1396    6.0516    15.6004
13.1412    6.1211996    15.6004
13.1412    6.1331997    15.6004
13.142799    6.1516    15.6004
13.141999    6.1684    15.6004
13.1404    6.1804    15.6004
13.1404    6.1987996    15.6004
13.1388    6.2084    15.6004
13.1332    6.218    15.6004
13.125199    6.2324    15.6004
13.1212    6.2363997    15.6004
13.107599    6.2436    15.6004
13.1004    6.2532    15.6004
13.0988    6.2539997    15.6004
13.097199    6.2548    15.6004
13.0748    6.2556    15.6004
13.0492    6.2516    15.6004
13.042    6.25    15.6004
13.038799    6.2492    15.6004
13.033199    6.2436    15.6004
