19.368399    20.959599    15.3004
19.3668    20.9236    15.3004
19.3468    20.85    15.3004
19.3452    20.8428    15.3004
19.3444    20.8396    15.3004
19.3444    20.8372    15.3004
19.342    20.823599    15.3004
19.334799    20.7852    15.3004
19.33    20.7708    15.3004
19.310799    20.758    15.3004
19.306    20.7388    15.3004
19.3044    20.7372    15.3004
19.3044    20.7388    15.3004
19.298    20.764399    15.3004
19.2972    20.7668    15.3004
19.288399    20.7708    15.3004
19.2756    20.7812    15.3004
19.271599    20.7812    15.3004
19.258    20.7988    15.3004
19.2524    20.8172    15.3004
19.2508    20.823599    15.3004
19.2404    20.8412    15.3004
19.2348    20.842    15.3004
19.2244    20.847599    15.3004
19.2164    20.869999    15.3004
19.2108    20.881199    15.3004
19.202    20.9084    15.3004
19.1932    20.9292    15.3004
19.1892    20.938    15.3004
19.1716    20.953999    15.3004
19.1644    20.961199    15.3004
19.1308    20.9684    15.3004
19.1252    20.97    15.3004
19.1196    20.9708    15.3004
19.1196    20.9676    15.3004
19.0796    20.9516    15.3004
19.0756    20.958    15.3004
19.070799    20.962    15.3004
19.0676    20.983599    15.3004
19.0668    20.990799    15.3004
19.078    20.9996    15.3004
19.118    21.0068    15.3004
19.133999    21.0124    15.3004
19.1532    21.0284    15.3004
19.156399    21.0292    15.3004
19.1716    21.038    15.3004
19.182    21.0396    15.3004
19.1996    21.048399    15.3004
19.2108    21.0476    15.3004
19.2412    21.057999    15.3004
19.2484    21.0572    15.3004
19.2524    21.053999    15.3004
19.254799    21.057999    15.3004
19.2964    21.0716    15.3004
19.3004    21.0716    15.3004
19.3244    21.0732    15.3004
19.340399    21.065199    15.3004
19.3564    21.0548    15.3004
19.3596    21.0572    15.3004
19.3668    21.0588    15.3004
19.3716    21.022799    15.3004
19.3724    21.022    15.3004
19.3724    21.0204    15.3004
19.3716    21.0148    15.3004
19.368399    20.959599    15.3004
