16.4684    25.0148    15.3004
16.4476    25.024399    15.3004
16.4348    25.0308    15.3004
16.418    25.038    15.3004
16.323599    25.081999    15.3004
16.2708    25.105999    15.3004
16.25    25.115599    15.3004
16.122799    25.1684    15.3004
16.066    25.191599    15.3004
16.034    25.206    15.3004
15.986    25.223598    15.3004
15.966    25.229198    15.3004
15.9604    25.2316    15.3004
15.9228    25.241999    15.3004
15.9212    25.241999    15.3004
15.8963995    25.241999    15.3004
15.889199    25.243599    15.3004
15.8748    25.2428    15.3004
15.8675995    25.2428    15.3004
15.846    25.2404    15.3004
15.8308    25.2372    15.3004
15.820399    25.234798    15.3004
15.8052    25.23    15.3004
15.779599    25.223598    15.3004
15.766    25.2188    15.3004
15.728399    25.206799    15.3004
15.723599    25.2052    15.3004
15.7196    25.202799    15.3004
15.6804    25.185999    15.3004
15.6292    25.1628    15.3004
15.6052    25.15    15.3004
15.4948    25.094    15.3004
15.465199    25.078    15.3004
15.440399    25.065199    15.3004
15.435599    25.0612    15.3004
15.3916    25.0364    15.3004
15.3907995    25.0364    15.3004
15.389199    25.0348    15.3004
15.3852    25.0332    15.3004
15.344399    25.013199    15.3004
15.337199    25.0092    15.3004
15.334    25.007599    15.3004
15.3052    24.9956    15.3004
15.2876    24.994799    15.3004
15.273999    24.9884    15.3004
15.251599    24.9868    15.3004
15.23    24.9884    15.3004
15.2268    24.9868    15.3004
15.2036    24.990799    15.3004
15.1956    24.990799    15.3004
15.1868    24.990799    15.3004
15.1804    24.9916    15.3004
15.1332    24.9988    15.3004
15.106    25.0036    15.3004
15.073199    25.01    15.3004
15.0348    25.013199    15.3004
14.9732    25.0236    15.3004
14.964399    25.0252    15.3004
14.9572    25.0268    15.3004
14.95    25.0268    15.3004
14.9332    25.028399    15.3004
14.8764    25.0364    15.3004
14.849199    25.039598    15.3004
14.779599    25.050798    15.3004
14.7532    25.053999    15.3004
14.6804    25.0644    15.3004
14.6284    25.0732    15.3004
14.526799    25.087599    15.3004
14.5068    25.09    15.3004
14.441199    25.100399    15.3004
14.3876    25.1052    15.3004
14.365999    25.1076    15.3004
14.3348    25.109999    15.3004
14.286799    25.1164    15.3004
14.2596    25.1188    15.3004
14.205999    25.122799    15.3004
14.174    25.126    15.3004
14.119599    25.1308    15.3004
14.091599    25.132399    15.3004
14.032399    25.1412    15.3004
14.0116    25.143599    15.3004
13.986    25.1484    15.3004
13.958799    25.1532    15.3004
13.9444    25.156399    15.3004
13.9332    25.1596    15.3004
13.8916    25.1724    15.3004
13.87    25.1796    15.3004
13.8476    25.1876    15.3004
13.821199    25.1996    15.3004
13.79    25.2172    15.3004
13.7732    25.226    15.3004
13.740399    25.241999    15.3004
13.726    25.2508    15.3004
13.7204    25.254799    15.3004
13.694799    25.2708    15.3004
13.625999    25.3172    15.3004
13.6156    25.3244    15.3004
13.602799    25.334    15.3004
13.558    25.3652    15.3004
13.518    25.3932    15.3004
13.4972    25.41    15.3004
13.4595995    25.4412    15.3004
13.413199    25.4812    15.3004
13.401199    25.490799    15.3004
13.3572    25.5348    15.3004
13.3564    25.5348    15.3004
13.355599    25.5364    15.3004
13.314    25.5796    15.3004
13.302799    25.59    15.3004
13.2852    25.609999    15.3004
13.2588    25.639599    15.3004
13.251599    25.649199    15.3004
13.2252    25.6828    15.3004
13.2244    25.6828    15.3004
13.2244    25.6836    15.3004
13.165999    25.7564    15.3004
13.162    25.762    15.3004
13.158    25.7684    15.3004
13.1284    25.8044    15.3004
13.1068    25.8284    15.3004
13.1012    25.834    15.3004
13.0756    25.866    15.3004
13.066    25.878    15.3004
13.045199    25.8988    15.3004
13.0227995    25.9228    15.3004
12.9972    25.942    15.3004
12.9844    25.949999    15.3004
12.9604    25.9628    15.3004
12.958799    25.9644    15.3004
12.9556    25.965199    15.3004
12.913199    25.9828    15.3004
12.8764    25.983599    15.3004
12.8628    25.9844    15.3004
12.8244    25.9812    15.3004
12.8068    25.9788    15.3004
12.7644    25.9644    15.3004
12.7588    25.9636    15.3004
12.7188    25.946    15.3004
12.7092    25.942799    15.3004
12.6804    25.9252    15.3004
12.6612    25.916399    15.3004
12.6276    25.897999    15.3004
12.613999    25.8892    15.3004
12.6012    25.8804    15.3004
12.5636    25.857199    15.3004
12.5484    25.849998    15.3004
12.5148    25.8284    15.3004
12.4844    25.8116    15.3004
12.446    25.789999    15.3004
12.4228    25.7788    15.3004
12.401999    25.769999    15.3004
12.3764    25.7572    15.3004
12.3636    25.7508    15.3004
12.3372    25.740398    15.3004
12.3043995    25.726    15.3004
12.2796    25.7164    15.3004
12.2556    25.7092    15.3004
12.222799    25.698    15.3004
12.1779995    25.6828    15.3004
12.1676    25.6796    15.3004
12.1612    25.678    15.3004
12.0876    25.654799    15.3004
12.07    25.65    15.3004
12.058    25.646    15.3004
11.9948    25.622799    15.3004
11.9804    25.618    15.3004
11.9316    25.598    15.3004
11.9156    25.591599    15.3004
11.901199    25.5844    15.3004
11.8644    25.566    15.3004
11.844399    25.5556    15.3004
11.815599    25.539598    15.3004
11.7908    25.524399    15.3004
11.7588    25.5028    15.3004
11.7212    25.4772    15.3004
11.700399    25.462    15.3004
11.6676    25.437199    15.3004
11.6524    25.4252    15.3004
11.631599    25.407598    15.3004
11.6116    25.392399    15.3004
11.601999    25.3844    15.3004
11.5612    25.347599    15.3004
11.5428    25.3316    15.3004
11.5204    25.31    15.3004
11.4916    25.281199    15.3004
11.475599    25.2676    15.3004
11.4612    25.2524    15.3004
11.4484    25.2372    15.3004
11.412399    25.1996    15.3004
11.3508    25.1292    15.3004
11.344399    25.122    15.3004
11.343599    25.1204    15.3004
11.342    25.118    15.3004
11.291599    25.050798    15.3004
11.2796    25.0348    15.3004
11.252399    24.9972    15.3004
11.2308    24.966    15.3004
11.194799    24.9116    15.3004
11.194799    24.910799    15.3004
11.193999    24.91    15.3004
11.158    24.8508    15.3004
11.131599    24.806799    15.3004
11.1092    24.769999    15.3004
11.09    24.734798    15.3004
11.066    24.6924    15.3004
11.0515995    24.667599    15.3004
11.026    24.6196    15.3004
11.0132    24.594799    15.3004
10.999599    24.5668    15.3004
10.9844    24.5332    15.3004
10.9796    24.524399    15.3004
10.976399    24.5156    15.3004
10.9492    24.458    15.3004
10.9307995    24.410799    15.3004
10.9172    24.3764    15.3004
10.906    24.3484    15.3004
10.895599    24.317999    15.3004
10.8916    24.3116    15.3004
10.883599    24.2908    15.3004
10.877999    24.284399    15.3004
10.8628    24.2612    15.3004
10.8532    24.258799    15.3004
10.8284    24.2444    15.3004
10.806    24.241999    15.3004
10.8012    24.241999    15.3004
10.797999    24.2428    15.3004
10.786799    24.243599    15.3004
10.7036    24.2468    15.3004
10.6628    24.2452    15.3004
10.5868    24.2444    15.3004
10.573199    24.243599    15.3004
10.546    24.241999    15.3004
10.4892    24.2356    15.3004
10.4668    24.2316    15.3004
10.446799    24.229198    15.3004
10.4388    24.2276    15.3004
10.4268    24.223598    15.3004
10.4092    24.219599    15.3004
10.401199    24.2148    15.3004
10.3907995    24.2116    15.3004
10.3852    24.206799    15.3004
10.366799    24.194    15.3004
10.3628    24.189999    15.3004
10.3364    24.156399    15.3004
10.3316    24.15    15.3004
10.3012    24.1052    15.3004
10.2732    24.066    15.3004
10.2492    24.031599    15.3004
10.1908    23.9364    15.3004
10.142    23.858    15.3004
10.1124    23.8044    15.3004
10.0692    23.723598    15.3004
10.0556    23.697199    15.3004
10.0476    23.682    15.3004
10.045199    23.678    15.3004
10.0268    23.637999    15.3004
9.99    23.5572    15.3004
9.958    23.4844    15.3004
9.958    23.483599    15.3004
9.9572    23.482    15.3004
9.9556    23.477999    15.3004
9.946    23.4564    15.3004
9.9444    23.4508    15.3004
9.946    23.4452    15.3004
9.9452    23.4252    15.3004
9.9508    23.4052    15.3004
9.958    23.3948    15.3004
9.9692    23.3788    15.3004
9.981999    23.3708    15.3004
9.993199    23.3596    15.3004
10.006    23.349998    15.3004
10.0227995    23.340399    15.3004
10.03    23.3324    15.3004
10.0524    23.3196    15.3004
10.058    23.3084    15.3004
10.0788    23.289999    15.3004
10.082    23.2628    15.3004
10.0812    23.260399    15.3004
10.0604    23.230799    15.3004
10.05    23.2172    15.3004
10.0436    23.208399    15.3004
10.038    23.1996    15.3004
10.0308    23.182    15.3004
10.026    23.1668    15.3004
10.0212    23.145199    15.3004
10.018    23.1316    15.3004
10.014    23.1164    15.3004
10.0124    23.0956    15.3004
10.0092    23.0716    15.3004
10.0076    23.0548    15.3004
10.0084    23.038    15.3004
10.0124    23.0156    15.3004
10.0148    23.001999    15.3004
10.0171995    22.9868    15.3004
10.0236    22.966799    15.3004
10.028399    22.948399    15.3004
10.0364    22.9212    15.3004
10.0436    22.9004    15.3004
10.0524    22.882    15.3004
10.0604    22.864399    15.3004
10.0772    22.834799    15.3004
10.085199    22.8188    15.3004
10.091599    22.8116    15.3004
10.1132    22.782    15.3004
10.1244    22.771599    15.3004
10.1356    22.764399    15.3004
10.1435995    22.758799    15.3004
10.165999    22.7412    15.3004
10.171599    22.7356    15.3004
10.1796    22.722    15.3004
10.1868    22.71    15.3004
10.1868    22.7044    15.3004
10.19    22.678799    15.3004
10.1852    22.6612    15.3004
10.1812    22.6484    15.3004
10.171599    22.604399    15.3004
10.1636    22.569199    15.3004
10.160399    22.5556    15.3004
10.15    22.5052    15.3004
10.118    22.3508    15.3004
10.091599    22.2204    15.3004
10.078    22.156399    15.3004
10.0668    22.098    15.3004
10.056399    22.042    15.3004
10.0364    21.937199    15.3004
10.0068    21.7788    15.3004
10.006    21.7732    15.3004
9.9883995    21.666    15.3004
9.9828    21.626    15.3004
9.9748    21.570799    15.3004
9.970799    21.5348    15.3004
9.964399    21.4684    15.3004
9.958799    21.4076    15.3004
9.953199    21.347599    15.3004
9.946    21.2612    15.3004
9.938    21.1868    15.3004
9.907599    20.9244    15.3004
9.9004    20.857199    15.3004
9.8948    20.8076    15.3004
9.8892    20.7404    15.3004
9.8884    20.719599    15.3004
9.886    20.6572    15.3004
9.883599    20.5684    15.3004
9.878799    20.442799    15.3004
9.8764    20.3524    15.3004
9.8756    20.3268    15.3004
9.874    20.137999    15.3004
9.874    20.121199    15.3004
9.874    19.9052    15.3004
9.874    19.8788    15.3004
9.8748    19.8036    15.3004
9.8764    19.73    15.3004
9.882    19.6164    15.3004
9.884399    19.562    15.3004
9.889999    19.4756    15.3004
9.8963995    19.3828    15.3004
9.898    19.358    15.3004
9.901999    19.3188    15.3004
9.9116    19.23    15.3004
9.924399    19.1188    15.3004
9.929999    19.0732    15.3004
9.9452    18.9468    15.3004
9.9556    18.862    15.3004
9.964399    18.802    15.3004
9.9724    18.7444    15.3004
9.998    18.5644    15.3004
10.0028    18.5348    15.3004
10.005199    18.5172    15.3004
10.0356    18.3156    15.3004
10.038799    18.298    15.3004
10.073999    18.074    15.3004
10.0764    18.057999    15.3004
10.113999    17.826    15.3004
10.1156    17.8116    15.3004
10.118    17.798    15.3004
10.138    17.6756    15.3004
10.17    17.483599    15.3004
10.17    17.4828    15.3004
10.17    17.482    15.3004
10.194799    17.3524    15.3004
10.2196    17.2356    15.3004
10.2204    17.2316    15.3004
10.222799    17.2228    15.3004
10.226    17.21    15.3004
10.2699995    17.0164    15.3004
10.285999    16.9484    15.3004
10.321199    16.798    15.3004
10.326    16.7764    15.3004
10.3652    16.6132    15.3004
10.37    16.59    15.3004
10.4108    16.427599    15.3004
10.4108    16.425999    15.3004
10.462    16.2204    15.3004
10.465199    16.2068    15.3004
10.5996    15.6964    15.3004
10.6004    15.6924    15.3004
10.61    15.665199    15.3004
10.6124    15.6572    15.3004
10.6132    15.6412    15.3004
10.6132    15.625199    15.3004
10.5932    15.61    15.3004
10.5764    15.5996    15.3004
10.5636    15.6116    15.3004
10.554    15.622    15.3004
10.5484    15.6276    15.3004
10.5324    15.654799    15.3004
10.5292    15.6612    15.3004
10.527599    15.6636    15.3004
10.5268    15.665999    15.3004
10.5076    15.6924    15.3004
10.4868    15.723599    15.3004
10.4852    15.726    15.3004
10.4836    15.727599    15.3004
10.4612    15.757199    15.3004
10.458799    15.7596    15.3004
10.447599    15.7708    15.3004
10.435599    15.7836    15.3004
10.4156    15.7987995    15.3004
10.4092    15.803599    15.3004
10.3972    15.8108    15.3004
10.3756    15.825999    15.3004
10.354799    15.838799    15.3004
10.3284    15.8532    15.3004
10.3012    15.8675995    15.3004
10.282    15.8756    15.3004
10.2676    15.882799    15.3004
10.2452    15.8907995    15.3004
10.229199    15.8972    15.3004
10.2204    15.8996    15.3004
10.189199    15.9108    15.3004
10.1588    15.917999    15.3004
10.1444    15.9196    15.3004
10.137199    15.9212    15.3004
10.125199    15.9228    15.3004
10.1108    15.9228    15.3004
10.085199    15.914    15.3004
10.079599    15.911599    15.3004
10.0548    15.889999    15.3004
10.0428    15.8692    15.3004
10.039599    15.8636    15.3004
10.033199    15.848399    15.3004
10.03    15.83    15.3004
10.028399    15.820399    15.3004
10.0292    15.803599    15.3004
10.0292    15.794    15.3004
10.0308    15.779599    15.3004
10.039599    15.734799    15.3004
10.0436    15.714    15.3004
10.0636    15.6348    15.3004
10.073199    15.597199    15.3004
10.0868    15.549999    15.3004
10.097199    15.521999    15.3004
10.1004    15.5148    15.3004
10.1004    15.5124    15.3004
10.1004    15.5084    15.3004
10.108399    15.4844    15.3004
10.1068    15.457999    15.3004
10.1068    15.4548    15.3004
10.1044    15.453199    15.3004
10.0836    15.4428    15.3004
10.0803995    15.441999    15.3004
10.0668    15.440399    15.3004
10.0444    15.436399    15.3004
10.0252    15.4316    15.3004
9.9908    15.4228    15.3004
9.9724    15.418799    15.3004
9.9684    15.4164    15.3004
9.946    15.4052    15.3004
9.9508    15.3932    15.3004
9.9724    15.353999    15.3004
9.975599    15.348399    15.3004
9.9772    15.3452    15.3004
10.0004    15.2876    15.3004
10.0316    15.2148    15.3004
10.039599    15.1964    15.3004
10.082    15.107599    15.3004
10.0956    15.0812    15.3004
10.13    15.014    15.3004
10.142    14.9908    15.3004
10.160399    14.9556    15.3004
10.1732    14.934    15.3004
10.1908    14.9084    15.3004
10.199599    14.8963995    15.3004
10.211599    14.877999    15.3004
10.2204    14.866799    15.3004
10.2324    14.854    15.3004
10.2532    14.8364    15.3004
10.2548    14.8356    15.3004
10.2556    14.8348    15.3004
10.2772    14.826799    15.3004
10.2956    14.825999    15.3004
10.3004    14.8252    15.3004
10.3068    14.826799    15.3004
10.3508    14.8308    15.3004
10.3604    14.832399    15.3004
10.3892    14.825999    15.3004
10.3932    14.826799    15.3004
10.395599    14.8244    15.3004
10.412399    14.8004    15.3004
10.4172    14.79    15.3004
10.4428    14.739599    15.3004
10.4972    14.6348    15.3004
10.5132    14.602799    15.3004
10.5236    14.582    15.3004
10.556399    14.5116    15.3004
10.5588    14.5084    15.3004
10.5612    14.5028    15.3004
10.5924    14.4324    15.3004
10.6244    14.355599    15.3004
10.63    14.342799    15.3004
10.634    14.3308    15.3004
10.65    14.285199    15.3004
10.665199    14.239599    15.3004
10.67    14.2276    15.3004
10.689199    14.162    15.3004
10.6932    14.148399    15.3004
10.705999    14.101999    15.3004
10.717999    14.0604    15.3004
10.734799    13.986799    15.3004
10.7508    13.9212    15.3004
10.762    13.8708    15.3004
10.7796    13.7932    15.3004
10.7948    13.7188    15.3004
10.8004    13.69    15.3004
10.8084    13.6491995    15.3004
10.8236    13.5756    15.3004
10.8348    13.509999    15.3004
10.8524    13.412399    15.3004
10.866799    13.326799    15.3004
10.894    13.171599    15.3004
10.8988    13.148399    15.3004
10.9108    13.094    15.3004
10.9164    13.073199    15.3004
10.9251995    13.033199    15.3004
10.946799    12.9668    15.3004
10.9484    12.962    15.3004
10.95    12.957999    15.3004
10.9788    12.8988    15.3004
10.993199    12.872399    15.3004
11.0084    12.846    15.3004
11.0596    12.763599    15.3004
11.0756    12.7364    15.3004
11.1012    12.69    15.3004
11.1108    12.67    15.3004
11.1188    12.6516    15.3004
11.1324    12.619599    15.3004
11.1435995    12.5828    15.3004
11.1444    12.578799    15.3004
11.15    12.556399    15.3004
11.1516    12.5484    15.3004
11.159599    12.5004    15.3004
11.1612    12.4939995    15.3004
11.1644    12.4539995    15.3004
11.17    12.398    15.3004
11.17    12.3932    15.3004
11.171599    12.3652    15.3004
11.1756    12.3308    15.3004
11.1756    12.3076    15.3004
11.1779995    12.263599    15.3004
11.177199    12.2548    15.3004
11.177199    12.2268    15.3004
11.1779995    12.1908    15.3004
11.1788    12.1692    15.3004
11.177199    12.1332    15.3004
11.1779995    12.1156    15.3004
11.1788    12.0356    15.3004
11.1788    12.0348    15.3004
11.177199    12.0012    15.3004
11.177199    11.978    15.3004
11.1764    11.9612    15.3004
11.1748    11.9348    15.3004
11.1684    11.8988    15.3004
11.1684    11.894    15.3004
11.1676    11.8916    15.3004
11.1612    11.8636    15.3004
11.1564    11.8524    15.3004
11.153999    11.8428    15.3004
11.138    11.7996    15.3004
11.134    11.79    15.3004
11.1244    11.7676    15.3004
11.094    11.694799    15.3004
11.0756    11.6524    15.3004
11.073199    11.6452    15.3004
11.0724    11.641999    15.3004
11.0716    11.6396    15.3004
11.062799    11.601999    15.3004
11.0596    11.5692    15.3004
11.0588    11.5548    15.3004
11.061999    11.5324    15.3004
11.0636    11.509999    15.3004
11.0708    11.470799    15.3004
11.0828    11.406799    15.3004
11.090799    11.360399    15.3004
11.0996    11.3228    15.3004
11.106    11.29    15.3004
11.1124    11.2484    15.3004
11.118    11.2012    15.3004
11.1212    11.1532    15.3004
11.125199    11.113999    15.3004
11.130799    11.0884    15.3004
11.137199    11.0636    15.3004
11.1556    11.0068    15.3004
11.1588    10.9964    15.3004
11.171599    10.9668    15.3004
11.177199    10.947599    15.3004
11.182    10.936399    15.3004
11.1796    10.9292    15.3004
11.1844    10.9044    15.3004
11.1844    10.9028    15.3004
11.182799    10.8772    15.3004
11.183599    10.874    15.3004
11.1796    10.8476    15.3004
11.1796    10.846    15.3004
11.174    10.842    15.3004
11.162    10.8364    15.3004
11.1435995    10.8252    15.3004
11.1244    10.8244    15.3004
11.1156    10.8228    15.3004
11.106    10.821199    15.3004
11.0692    10.8132    15.3004
11.0571995    10.8068    15.3004
11.0356    10.7987995    15.3004
11.0348    10.797999    15.3004
11.0116    10.7668    15.3004
11.010799    10.7668    15.3004
11.004399    10.7492    15.3004
11.0028    10.7428    15.3004
10.9964    10.7108    15.3004
10.9939995    10.702    15.3004
10.986    10.6508    15.3004
10.9844    10.6412    15.3004
10.981999    10.6164    15.3004
10.9748    10.538799    15.3004
10.974    10.521999    15.3004
10.9692    10.4228    15.3004
10.9668    10.354799    15.3004
10.966    10.3404    15.3004
10.964399    10.2652    15.3004
10.964399    10.2388    15.3004
10.964399    10.234    15.3004
10.965199    10.1988    15.3004
10.9668    10.1435995    15.3004
10.9668    10.1332    15.3004
10.9676    10.1236    15.3004
10.9732    10.054    15.3004
10.978    9.9844    15.3004
10.9796    9.9604    15.3004
10.9828    9.934    15.3004
10.9948    9.843599    15.3004
11.0004    9.8108    15.3004
11.010799    9.7484    15.3004
11.0212    9.6876    15.3004
11.0268    9.659599    15.3004
11.0428    9.5828    15.3004
11.054    9.538    15.3004
11.0636    9.498799    15.3004
11.090799    9.3988    15.3004
11.094    9.386    15.3004
11.1012    9.3619995    15.3004
11.1388    9.238    15.3004
11.1468    9.214    15.3004
11.188399    9.0948    15.3004
11.1924    9.0859995    15.3004
11.2196    9.016399    15.3004
11.2364    8.9732    15.3004
11.2396    8.965199    15.3004
11.2908    8.842    15.3004
11.3028    8.8132    15.3004
11.360399    8.6916    15.3004
11.3652    8.6812    15.3004
11.3812    8.6468    15.3004
11.4508    8.5044    15.3004
11.476399    8.453199    15.3004
11.4924    8.4212    15.3004
11.554    8.3012    15.3004
11.5988    8.217199    15.3004
11.6108    8.194799    15.3004
11.6276    8.1636    15.3004
11.683599    8.056399    15.3004
11.7148    7.9964    15.3004
11.7252    7.9764    15.3004
11.7604    7.9083996    15.3004
11.8012    7.8324    15.3004
11.8244    7.7907996    15.3004
11.837999    7.7668    15.3004
11.8708    7.706    15.3004
11.889199    7.674    15.3004
11.9204    7.6187997    15.3004
11.9539995    7.5635996    15.3004
11.970799    7.5355997    15.3004
12.0012    7.4844    15.3004
12.0324    7.4347997    15.3004
12.0468    7.4124    15.3004
12.078799    7.3612    15.3004
12.0932    7.3339996    15.3004
12.1236    7.2819996    15.3004
12.131599    7.2683997    15.3004
12.170799    7.1987996    15.3004
12.194799    7.1572    15.3004
12.2123995    7.1228    15.3004
12.262    7.034    15.3004
12.2764    7.0067997    15.3004
12.3236    6.9315996    15.3004
12.3756    6.8395996    15.3004
12.378799    6.8339996    15.3004
12.378799    6.8332    15.3004
12.3812    6.8308    15.3004
12.414    6.7812    15.3004
12.4228    6.7676    15.3004
12.464399    6.7092    15.3004
12.49    6.6748    15.3004
12.4972    6.6636    15.3004
12.5492    6.5964    15.3004
12.585199    6.5572    15.3004
12.594    6.5467997    15.3004
12.607599    6.534    15.3004
12.65    6.49    15.3004
12.7012    6.4452    15.3004
12.7076    6.4388    15.3004
12.711599    6.4364    15.3004
12.729199    6.4244    15.3004
12.7732    6.394    15.3004
12.7828    6.3883996    15.3004
12.815599    6.3764    15.3004
12.822    6.3732    15.3004
12.8476    6.3691998    15.3004
12.8596    6.3668    15.3004
12.8628    6.3676    15.3004
12.865999    6.3676    15.3004
12.874    6.3676    15.3004
12.901199    6.3659997    15.3004
12.923599    6.3708    15.3004
12.9307995    6.3715997    15.3004
12.9452    6.3827996    15.3004
12.962    6.3908    15.3004
12.9692    6.4044    15.3004
12.970799    6.4164    15.3004
12.976399    6.4396    15.3004
12.978    6.4803996    15.3004
12.978    6.4876    15.3004
12.978    6.494    15.3004
12.9804    6.5196    15.3004
12.975599    6.5764    15.3004
12.974    6.5908    15.3004
12.9732    6.6028    15.3004
12.9668    6.694    15.3004
12.966    6.7012    15.3004
12.966    6.706    15.3004
12.952399    6.8283997    15.3004
12.9508    6.8436    15.3004
12.9508    6.8803997    15.3004
12.9452    6.9084    15.3004
12.9444    6.9147997    15.3004
12.941999    6.9332    15.3004
12.941999    6.954    15.3004
12.946799    6.974    15.3004
12.9492    6.9947996    15.3004
12.9492    6.9972    15.3004
12.9556    7.0284    15.3004
12.9556    7.0291996    15.3004
12.9564    7.0332    15.3004
12.9572    7.0299997    15.3004
12.962    7.0284    15.3004
12.9732    7.0132    15.3004
12.9892    7.0179996    15.3004
12.9964    7.0067997    15.3004
13.0244    6.9723997    15.3004
13.0252    6.9723997    15.3004
13.0484    6.9788    15.3004
13.0532    7.0155997    15.3004
13.0596    7.0467997    15.3004
13.062799    7.0779996    15.3004
13.062799    7.0843997    15.3004
13.0636    7.1155996    15.3004
13.0644    7.1355996    15.3004
13.0644    7.138    15.3004
13.0652    7.1419997    15.3004
13.0668    7.2348    15.3004
13.0668    7.2372    15.3004
13.067599    7.2395997    15.3004
13.067599    7.2907996    15.3004
13.068399    7.2932    15.3004
13.0716    7.3027997    15.3004
13.079599    7.3283997    15.3004
13.0948    7.3532    15.3004
13.0948    7.3547997    15.3004
13.097199    7.358    15.3004
13.098    7.3547997    15.3004
13.106    7.3356    15.3004
13.13    7.3076    15.3004
13.1404    7.2771997    15.3004
13.1412    7.2707996    15.3004
13.1564    7.2116    15.3004
13.1572    7.21    15.3004
13.17    7.1507998    15.3004
13.174    7.1267996    15.3004
13.182799    7.0948    15.3004
13.183599    7.0875998    15.3004
13.186    7.0772    15.3004
13.2067995    7.002    15.3004
13.211599    6.9811997    15.3004
13.2196    6.9723997    15.3004
13.2364    6.9611998    15.3004
13.240399    6.9691997    15.3004
13.2564    6.9996    15.3004
13.2604    7.0084    15.3004
13.262799    7.0188    15.3004
13.268399    7.0484    15.3004
13.281199    7.1204    15.3004
13.2876    7.1772    15.3004
13.291599    7.2172    15.3004
13.3004    7.2932    15.3004
13.3116    7.382    15.3004
13.314799    7.4035997    15.3004
13.338799    7.6116    15.3004
13.343599    7.654    15.3004
13.354799    7.7283998    15.3004
13.3652    7.8163996    15.3004
13.386    7.9588    15.3004
13.389999    7.9852    15.3004
13.414    8.148399    15.3004
13.4164    8.1596    15.3004
13.4164    8.160399    15.3004
13.4404    8.3028    15.3004
13.4604    8.4156    15.3004
13.4828    8.5444    15.3004
13.502    8.671599    15.3004
13.5116    8.7316    15.3004
13.5316    8.854    15.3004
13.5356    8.8804    15.3004
13.539599    8.906    15.3004
13.550799    9.004399    15.3004
13.561999    9.0876    15.3004
13.5724    9.1723995    15.3004
13.5892    9.3364    15.3004
13.5948    9.3836    15.3004
13.5988    9.429999    15.3004
13.6092    9.5316    15.3004
13.613199    9.5932    15.3004
13.618    9.6572    15.3004
13.622    9.7244    15.3004
13.6268    9.809999    15.3004
13.6284    9.9028    15.3004
13.63    9.9492    15.3004
13.6292    9.974    15.3004
13.6292    10.073999    15.3004
13.6292    10.102799    15.3004
13.625999    10.1844    15.3004
13.6236    10.2204    15.3004
13.619599    10.2364    15.3004
13.6116    10.2828    15.3004
13.596399    10.3276    15.3004
13.584399    10.344399    15.3004
13.5668    10.358    15.3004
13.558    10.3644    15.3004
13.5532    10.366799    15.3004
13.515599    10.389999    15.3004
13.5116    10.3924    15.3004
13.5084    10.3972    15.3004
13.4972    10.4148    15.3004
13.486799    10.4284    15.3004
13.481999    10.4404    15.3004
13.478    10.4564    15.3004
13.4772    10.458799    15.3004
13.4724    10.4828    15.3004
13.4716    10.487599    15.3004
13.469999    10.5084    15.3004
13.4692    10.510799    15.3004
13.474    10.5364    15.3004
13.4732    10.5428    15.3004
13.475599    10.567599    15.3004
13.476399    10.5812    15.3004
13.478    10.594    15.3004
13.481199    10.6092    15.3004
13.481999    10.618    15.3004
13.4852    10.658    15.3004
13.486799    10.6804    15.3004
13.486799    10.7532    15.3004
13.4892    10.8076    15.3004
13.4908    10.8348    15.3004
13.4956    10.8932    15.3004
13.498799    10.924399    15.3004
13.5028    10.9548    15.3004
13.505199    10.9796    15.3004
13.5068    10.99    15.3004
13.5171995    11.0772    15.3004
13.5188    11.0884    15.3004
13.521999    11.1212    15.3004
13.5227995    11.154799    15.3004
13.5236    11.182799    15.3004
13.5236    11.1964    15.3004
13.518    11.2428    15.3004
13.5068    11.360399    15.3004
13.506    11.3644    15.3004
13.506    11.37    15.3004
13.504399    11.4172    15.3004
13.504399    11.4276    15.3004
13.505199    11.4716    15.3004
13.5068    11.4964    15.3004
13.5076    11.5124    15.3004
13.5092    11.5236    15.3004
13.5124    11.5364    15.3004
13.5188    11.573199    15.3004
13.5308    11.625999    15.3004
13.5308    11.6276    15.3004
13.546    11.6988    15.3004
13.5636    11.7884    15.3004
13.5652    11.7964    15.3004
13.566    11.803599    15.3004
13.57    11.8564    15.3004
13.5756    11.946799    15.3004
13.584399    12.0868    15.3004
13.5892    12.1748    15.3004
13.590799    12.2212    15.3004
13.590799    12.2316    15.3004
13.5876    12.2987995    15.3004
13.5836    12.3812    15.3004
13.5812    12.41    15.3004
13.5812    12.4156    15.3004
13.578799    12.4636    15.3004
13.5803995    12.498    15.3004
13.5803995    12.498799    15.3004
13.5812    12.5068    15.3004
13.5828    12.5292    15.3004
13.5836    12.533199    15.3004
13.5868    12.5515995    15.3004
13.5884    12.5612    15.3004
13.5932    12.5812    15.3004
13.5948    12.5876    15.3004
13.607599    12.6244    15.3004
13.6116    12.636399    15.3004
13.6268    12.674    15.3004
13.6564    12.738    15.3004
13.6779995    12.7852    15.3004
13.6932    12.8196    15.3004
13.7028    12.8452    15.3004
13.714    12.8812    15.3004
13.7188    12.901199    15.3004
13.723599    12.9228    15.3004
13.7276    12.9595995    15.3004
13.728399    12.965199    15.3004
13.7276    12.9684    15.3004
13.726    13.0148    15.3004
13.7252    13.0227995    15.3004
13.717999    13.108399    15.3004
13.7156    13.1324    15.3004
13.702    13.2652    15.3004
13.700399    13.2892    15.3004
13.6964    13.3484    15.3004
13.693999    13.4036    15.3004
13.6932    13.4268    15.3004
13.6916    13.5116    15.3004
13.69    13.5524    15.3004
13.69    13.561199    15.3004
13.6908    13.566    15.3004
13.6908    13.5764    15.3004
13.6924    13.7067995    15.3004
13.6924    13.716399    15.3004
13.6932    13.722799    15.3004
13.6956    13.754    15.3004
13.6964    13.7564    15.3004
13.700399    13.7676    15.3004
13.7067995    13.7828    15.3004
13.7067995    13.7852    15.3004
13.71    13.797199    15.3004
13.717199    13.7828    15.3004
13.7316    13.7668    15.3004
13.7436    13.7556    15.3004
13.7476    13.751599    15.3004
13.7644    13.705199    15.3004
13.7652    13.702    15.3004
13.766    13.700399    15.3004
13.7676    13.6932    15.3004
13.7852    13.618    15.3004
13.809999    13.5171995    15.3004
13.8196    13.4748    15.3004
13.8292    13.434799    15.3004
13.8532    13.3564    15.3004
13.8564    13.344399    15.3004
13.8708    13.3052    15.3004
13.8828    13.280399    15.3004
13.894    13.269199    15.3004
13.9052    13.262799    15.3004
13.9172    13.2652    15.3004
13.9276    13.266    15.3004
13.946    13.285999    15.3004
13.953199    13.2948    15.3004
13.9628    13.320399    15.3004
13.9716    13.3364    15.3004
13.9788    13.3524    15.3004
13.9892    13.3764    15.3004
14.009999    13.4324    15.3004
14.021199    13.4628    15.3004
14.0428    13.53    15.3004
14.07    13.6092    15.3004
14.0724    13.6172    15.3004
14.0756    13.6284    15.3004
14.0876    13.6676    15.3004
14.1212    13.779599    15.3004
14.1444    13.866799    15.3004
14.1452    13.8708    15.3004
14.146    13.874    15.3004
14.1732    13.9836    15.3004
14.1812    14.0188    15.3004
14.1964    14.078    15.3004
14.200399    14.098    15.3004
14.2123995    14.158799    15.3004
14.217999    14.181999    15.3004
14.2444    14.306    15.3004
14.263599    14.41    15.3004
14.268399    14.438    15.3004
14.285199    14.5236    15.3004
14.2892    14.549999    15.3004
14.2987995    14.622    15.3004
14.3068    14.688399    15.3004
14.308399    14.699599    15.3004
14.308399    14.702    15.3004
14.309199    14.71    15.3004
14.3124    14.762    15.3004
14.313999    14.791599    15.3004
14.313999    14.843599    15.3004
14.314799    14.878799    15.3004
14.3132    14.976399    15.3004
14.3116    15.098    15.3004
14.3108    15.130799    15.3004
14.308399    15.2252    15.3004
14.3068    15.2668    15.3004
14.302    15.3331995    15.3004
14.3012    15.349999    15.3004
14.302    15.3675995    15.3004
14.302799    15.3796    15.3004
14.302799    15.4028    15.3004
14.303599    15.4228    15.3004
14.306    15.429999    15.3004
14.309199    15.45    15.3004
14.314799    15.469199    15.3004
14.3172    15.4836    15.3004
14.3228    15.498799    15.3004
14.344399    15.5227995    15.3004
14.3532    15.5356    15.3004
14.358    15.539599    15.3004
14.360399    15.5412    15.3004
14.394799    15.5604    15.3004
14.407599    15.567599    15.3004
14.411599    15.57    15.3004
14.438    15.5932    15.3004
14.453199    15.607599    15.3004
14.4676    15.624399    15.3004
14.4772    15.6388    15.3004
14.4916    15.662    15.3004
14.5076    15.687599    15.3004
14.518    15.7044    15.3004
14.53    15.729199    15.3004
14.5484    15.7652    15.3004
14.573999    15.822    15.3004
14.5764    15.8284    15.3004
14.5772    15.831599    15.3004
14.5812    15.842    15.3004
14.602799    15.8932    15.3004
14.6116    15.9164    15.3004
14.631599    15.9668    15.3004
14.634    15.974799    15.3004
14.6396    15.9916    15.3004
14.654799    16.0388    15.3004
14.6612    16.0628    15.3004
14.670799    16.098    15.3004
14.6748    16.109999    15.3004
14.677199    16.118    15.3004
14.6924    16.1756    15.3004
14.7156    16.254799    15.3004
14.717199    16.2628    15.3004
14.721999    16.2756    15.3004
14.754    16.3692    15.3004
14.7699995    16.410799    15.3004
14.7884    16.466799    15.3004
14.794    16.4844    15.3004
14.7948    16.4876    15.3004
14.7956    16.490799    15.3004
14.797999    16.498    15.3004
14.818    16.565199    15.3004
14.838799    16.642    15.3004
14.842799    16.656399    15.3004
14.8532    16.6996    15.3004
14.854799    16.7068    15.3004
14.8588    16.730799    15.3004
14.866799    16.7796    15.3004
14.871599    16.8084    15.3004
14.884399    16.8804    15.3004
14.900399    16.985199    15.3004
14.901999    16.9988    15.3004
14.9028    17.0044    15.3004
14.9156    17.094799    15.3004
14.9196    17.128399    15.3004
14.924399    17.1764    15.3004
14.926    17.2108    15.3004
14.9276    17.2628    15.3004
14.9284    17.271599    15.3004
14.929999    17.2748    15.3004
14.9372    17.302    15.3004
14.941199    17.3044    15.3004
14.946799    17.33    15.3004
14.946799    17.3324    15.3004
14.969999    17.35    15.3004
14.993199    17.3372    15.3004
14.9948    17.3364    15.3004
15.004399    17.310799    15.3004
15.0171995    17.282799    15.3004
15.033199    17.2404    15.3004
15.046    17.2148    15.3004
15.061999    17.1852    15.3004
15.0708    17.1684    15.3004
15.085199    17.1428    15.3004
15.1212    17.0748    15.3004
15.124399    17.0692    15.3004
15.1292    17.0612    15.3004
15.142799    17.0388    15.3004
15.1812    16.9764    15.3004
15.198    16.9532    15.3004
15.2212    16.9236    15.3004
15.2444    16.8948    15.3004
15.273999    16.8564    15.3004
15.292399    16.834799    15.3004
15.3244    16.798    15.3004
15.354799    16.7668    15.3004
15.3636    16.758    15.3004
15.3708    16.7508    15.3004
15.4036    16.721199    15.3004
15.4284    16.7012    15.3004
15.465199    16.6724    15.3004
15.481199    16.6604    15.3004
15.497999    16.6492    15.3004
15.5436    16.6204    15.3004
15.561199    16.609999    15.3004
15.6004    16.587599    15.3004
15.618    16.5788    15.3004
15.6668    16.5564    15.3004
15.6779995    16.5516    15.3004
15.721999    16.534    15.3004
15.7244    16.5332    15.3004
15.727599    16.531599    15.3004
15.7788    16.5172    15.3004
15.7828    16.5156    15.3004
15.7996    16.5116    15.3004
15.8572    16.498    15.3004
15.872399    16.494799    15.3004
15.918799    16.49    15.3004
15.974    16.482    15.3004
15.980399    16.4812    15.3004
15.9852    16.4812    15.3004
16.05    16.482    15.3004
16.065199    16.482    15.3004
16.1244    16.486    15.3004
16.1444    16.4876    15.3004
16.1964    16.4956    15.3004
16.2204    16.500399    15.3004
16.2644    16.507599    15.3004
16.2804    16.5116    15.3004
16.326    16.524399    15.3004
16.3436    16.5308    15.3004
16.3948    16.548399    15.3004
16.4116    16.553999    15.3004
16.4548    16.5724    15.3004
16.4732    16.5788    15.3004
16.5084    16.5956    15.3004
16.5268    16.605999    15.3004
16.5492    16.618    15.3004
16.5812    16.6372    15.3004
16.605999    16.6524    15.3004
16.6292    16.666    15.3004
16.663599    16.6876    15.3004
16.6884    16.7044    15.3004
16.7116    16.7236    15.3004
16.7444    16.75    15.3004
16.754799    16.758    15.3004
16.795599    16.7908    15.3004
16.81    16.8028    15.3004
16.845999    16.8332    15.3004
16.8956    16.8828    15.3004
16.9044    16.8916    15.3004
16.938799    16.9268    15.3004
16.9564    16.944399    15.3004
16.9588    16.9476    15.3004
16.985199    16.9788    15.3004
17.022    17.0204    15.3004
17.024399    17.0228    15.3004
17.0276    17.0268    15.3004
17.0812    17.0924    15.3004
17.0924    17.105999    15.3004
17.1236    17.1476    15.3004
17.1404    17.169199    15.3004
17.1876    17.2372    15.3004
17.191599    17.241999    15.3004
17.1964    17.247599    15.3004
17.230799    17.2964    15.3004
17.2356    17.3036    15.3004
17.2676    17.3508    15.3004
17.2836    17.3748    15.3004
17.3132    17.420399    15.3004
17.364399    17.5036    15.3004
17.3772    17.526    15.3004
17.4052    17.5724    15.3004
17.414799    17.5892    15.3004
17.418    17.594799    15.3004
17.43    17.6148    15.3004
17.4524    17.6556    15.3004
17.4764    17.697199    15.3004
17.5052    17.747599    15.3004
17.5204    17.7756    15.3004
17.5612    17.8492    15.3004
17.5796    17.886    15.3004
17.614    17.9492    15.3004
17.6684    18.052399    15.3004
17.7052    18.1252    15.3004
17.7276    18.1668    15.3004
17.7388    18.1908    15.3004
17.782    18.2796    15.3004
17.799599    18.3156    15.3004
17.8668    18.4548    15.3004
17.8748    18.4732    15.3004
17.8948    18.518799    15.3004
17.9268    18.5916    15.3004
17.9436    18.6292    15.3004
17.9772    18.7036    15.3004
18.0268    18.823599    15.3004
18.0292    18.829199    15.3004
18.0348    18.8428    15.3004
18.048399    18.8788    15.3004
18.0556    18.8964    15.3004
18.0804    18.962    15.3004
18.094    18.9804    15.3004
18.1028    19.0036    15.3004
18.1084    19.0172    15.3004
18.1108    19.0308    15.3004
18.1148    19.042    15.3004
18.1236    19.0604    15.3004
18.132399    19.0844    15.3004
18.138    19.1036    15.3004
18.1468    19.1124    15.3004
18.1572    19.1204    15.3004
18.1668    19.1148    15.3004
18.1876    19.1052    15.3004
18.189999    19.0892    15.3004
18.197199    19.0756    15.3004
18.194    19.059599    15.3004
18.1876    19.046799    15.3004
18.1852    19.029999    15.3004
18.1796    19.018    15.3004
18.174799    18.9996    15.3004
18.1652    18.9716    15.3004
18.1548    18.942799    15.3004
18.1492    18.9284    15.3004
18.1412    18.9068    15.3004
18.122799    18.854    15.3004
18.1188    18.8428    15.3004
18.117199    18.8356    15.3004
18.098799    18.7652    15.3004
18.093199    18.732399    15.3004
18.0884    18.702799    15.3004
18.0796    18.6604    15.3004
18.07    18.600399    15.3004
18.07    18.5964    15.3004
18.069199    18.5916    15.3004
18.0668    18.5572    15.3004
18.0668    18.5556    15.3004
18.069199    18.514    15.3004
18.069199    18.51    15.3004
18.078    18.485199    15.3004
18.0844    18.4764    15.3004
18.1028    18.4564    15.3004
18.1036    18.455599    15.3004
18.132399    18.4452    15.3004
18.146    18.4436    15.3004
18.1572    18.4404    15.3004
18.180399    18.4404    15.3004
18.1836    18.4396    15.3004
18.1948    18.434    15.3004
18.2204    18.4284    15.3004
18.222    18.425999    15.3004
18.2452    18.4052    15.3004
18.25    18.4004    15.3004
18.2636    18.3668    15.3004
18.2644    18.340399    15.3004
18.2644    18.3396    15.3004
18.2692    18.3148    15.3004
18.2724    18.3044    15.3004
18.286    18.2564    15.3004
18.2868    18.254799    15.3004
18.3036    18.2292    15.3004
18.3092    18.225199    15.3004
18.33    18.208399    15.3004
18.347599    18.2012    15.3004
18.3524    18.1988    15.3004
18.3612    18.197199    15.3004
18.394    18.1932    15.3004
18.414799    18.194    15.3004
18.4268    18.194    15.3004
18.446    18.195599    15.3004
18.4628    18.198    15.3004
18.4876    18.2052    15.3004
18.494799    18.206    15.3004
18.5172    18.2148    15.3004
18.531599    18.2148    15.3004
18.5476    18.221199    15.3004
18.5716    18.2148    15.3004
18.5732    18.213999    15.3004
18.598799    18.202799    15.3004
18.6204    18.2004    15.3004
18.6292    18.198    15.3004
18.6612    18.1964    15.3004
18.6708    18.195599    15.3004
18.684399    18.1964    15.3004
18.7508    18.2044    15.3004
18.754    18.2052    15.3004
18.7556    18.2052    15.3004
18.758799    18.2052    15.3004
18.7876    18.2092    15.3004
18.7972    18.208399    15.3004
18.8172    18.2108    15.3004
18.8244    18.2092    15.3004
18.8452    18.2116    15.3004
18.8524    18.2116    15.3004
18.8876    18.2132    15.3004
18.897999    18.213999    15.3004
18.909199    18.2148    15.3004
18.9508    18.2108    15.3004
18.9628    18.21    15.3004
18.989199    18.2044    15.3004
18.9924    18.2036    15.3004
19.018799    18.1988    15.3004
19.0204    18.1988    15.3004
19.0516    18.189999    15.3004
19.0572    18.1892    15.3004
19.065199    18.1876    15.3004
19.0996    18.182    15.3004
19.1076    18.1812    15.3004
19.115599    18.1828    15.3004
19.1348    18.1812    15.3004
19.1444    18.180399    15.3004
19.1684    18.184399    15.3004
19.180399    18.1852    15.3004
19.1932    18.1876    15.3004
19.208399    18.1924    15.3004
19.219599    18.1988    15.3004
19.226    18.2044    15.3004
19.232399    18.2148    15.3004
19.2452    18.2316    15.3004
19.247599    18.246    15.3004
19.2508    18.258799    15.3004
19.249199    18.2684    15.3004
19.243599    18.301199    15.3004
19.2404    18.3188    15.3004
19.236399    18.3364    15.3004
19.2332    18.3524    15.3004
19.2292    18.3676    15.3004
19.2284    18.3836    15.3004
19.2284    18.3948    15.3004
19.2412    18.4116    15.3004
19.2636    18.43    15.3004
19.2756    18.4436    15.3004
19.2932    18.4404    15.3004
19.306    18.4436    15.3004
19.334    18.4284    15.3004
19.3396    18.4244    15.3004
19.3556    18.4188    15.3004
19.4028    18.4004    15.3004
19.4236    18.3948    15.3004
19.442799    18.386799    15.3004
19.4644    18.379599    15.3004
19.479599    18.3732    15.3004
19.4988    18.3708    15.3004
19.5228    18.369999    15.3004
19.5348    18.3676    15.3004
19.5724    18.369999    15.3004
19.580399    18.369999    15.3004
19.602    18.3732    15.3004
19.6084    18.373999    15.3004
19.6164    18.375599    15.3004
19.6364    18.382    15.3004
19.661999    18.3964    15.3004
19.666    18.3988    15.3004
19.669199    18.3996    15.3004
19.674    18.4052    15.3004
19.6884    18.420399    15.3004
19.694    18.4268    15.3004
19.6964    18.4348    15.3004
19.706799    18.4548    15.3004
19.7108    18.4772    15.3004
19.7148    18.496399    15.3004
19.721199    18.5404    15.3004
19.721199    18.5452    15.3004
19.7132    18.689999    15.3004
19.7116    18.713999    15.3004
19.7052    18.7788    15.3004
19.7004    18.823599    15.3004
19.691599    18.8908    15.3004
19.6756    18.9996    15.3004
19.673199    19.018799    15.3004
19.666    19.0628    15.3004
19.663599    19.0908    15.3004
19.6644    19.0924    15.3004
19.6604    19.122799    15.3004
19.6612    19.1244    15.3004
19.667599    19.1348    15.3004
19.6764    19.1572    15.3004
19.6876    19.161999    15.3004
19.7044    19.1588    15.3004
19.7148    19.1548    15.3004
19.7188    19.1556    15.3004
19.737999    19.15    15.3004
19.754    19.1476    15.3004
19.7692    19.1444    15.3004
19.8148    19.1356    15.3004
19.8428    19.1316    15.3004
19.8612    19.1308    15.3004
19.8996    19.128399    15.3004
19.9268    19.128399    15.3004
19.97    19.13    15.3004
20.01    19.1308    15.3004
20.042    19.1356    15.3004
20.066    19.1388    15.3004
20.1028    19.1468    15.3004
20.1196    19.15    15.3004
20.1548    19.1612    15.3004
20.1596    19.1628    15.3004
20.1628    19.1644    15.3004
20.2284    19.1868    15.3004
20.247599    19.1964    15.3004
20.2892    19.2164    15.3004
20.3076    19.226799    15.3004
20.338    19.2468    15.3004
20.3652    19.264399    15.3004
20.3916    19.2812    15.3004
20.414799    19.3004    15.3004
20.4412    19.3228    15.3004
20.496399    19.3724    15.3004
20.5044    19.3804    15.3004
20.5068    19.3828    15.3004
20.5124    19.3892    15.3004
20.566    19.448399    15.3004
20.6092    19.505999    15.3004
20.6236    19.526    15.3004
20.6356    19.542799    15.3004
20.656399    19.5724    15.3004
20.684399    19.6164    15.3004
20.695599    19.6348    15.3004
20.6996    19.6412    15.3004
20.7332    19.7076    15.3004
20.758    19.754    15.3004
20.7668    19.771599    15.3004
20.7732    19.7876    15.3004
20.806799    19.868399    15.3004
20.8156    19.89    15.3004
20.8324    19.934    15.3004
20.857199    20.007599    15.3004
20.8636    20.0284    15.3004
20.878    20.0828    15.3004
20.9044    20.185999    15.3004
20.9044    20.1868    15.3004
20.906    20.2116    15.3004
20.9044    20.2348    15.3004
20.9044    20.2404    15.3004
20.8932    20.2684    15.3004
20.892399    20.2708    15.3004
20.890799    20.2724    15.3004
20.878    20.2876    15.3004
20.8604    20.302    15.3004
20.829199    20.3252    15.3004
20.8188    20.3324    15.3004
20.8092    20.338    15.3004
20.775599    20.358799    15.3004
20.6988    20.402    15.3004
20.6548    20.425999    15.3004
20.6124    20.4516    15.3004
20.5324    20.4972    15.3004
20.529999    20.4988    15.3004
20.5284    20.4996    15.3004
20.427599    20.559599    15.3004
20.366    20.598    15.3004
20.2876    20.6444    15.3004
20.260399    20.6628    15.3004
20.237999    20.6764    15.3004
20.218    20.6876    15.3004
20.1884    20.706    15.3004
20.1884    20.706799    15.3004
20.1876    20.706799    15.3004
20.1796    20.712399    15.3004
20.1092    20.762    15.3004
20.1052    20.765999    15.3004
20.1012    20.7684    15.3004
20.07    20.7876    15.3004
20.0476    20.8084    15.3004
20.0052    20.840399    15.3004
19.9564    20.886    15.3004
19.938    20.903599    15.3004
19.927599    20.9124    15.3004
19.8636    20.977999    15.3004
19.8452    20.9956    15.3004
19.81    21.0404    15.3004
19.8036    21.0476    15.3004
19.7788    21.0772    15.3004
19.769999    21.0868    15.3004
19.747599    21.126    15.3004
19.7396    21.1332    15.3004
19.7284    21.163599    15.3004
19.7276    21.167599    15.3004
19.726799    21.1908    15.3004
19.7452    21.2164    15.3004
19.7484    21.2204    15.3004
19.749199    21.2228    15.3004
19.7684    21.236399    15.3004
19.7724    21.2388    15.3004
19.7732    21.2388    15.3004
19.774    21.2396    15.3004
19.8028    21.253199    15.3004
19.826    21.2628    15.3004
19.8316    21.265999    15.3004
19.8468    21.271599    15.3004
19.864399    21.2796    15.3004
19.8836    21.2924    15.3004
19.9012    21.3084    15.3004
19.914799    21.327599    15.3004
19.9196    21.3316    15.3004
19.925999    21.3428    15.3004
19.933199    21.3596    15.3004
19.9364    21.3732    15.3004
19.938799    21.3828    15.3004
19.938799    21.396399    15.3004
19.9364    21.41    15.3004
19.9324    21.4364    15.3004
19.93    21.4516    15.3004
19.9212    21.4844    15.3004
19.909199    21.5268    15.3004
19.903599    21.5532    15.3004
19.8996    21.5724    15.3004
19.8996    21.5796    15.3004
19.9004    21.594    15.3004
19.8988    21.6092    15.3004
19.9004    21.643599    15.3004
19.9004    21.645199    15.3004
19.9012    21.649199    15.3004
19.909199    21.7172    15.3004
19.910799    21.73    15.3004
19.910799    21.7404    15.3004
19.909199    21.774    15.3004
19.9076    21.788399    15.3004
19.906    21.812399    15.3004
19.9044    21.8212    15.3004
19.9004    21.8548    15.3004
19.8996    21.8556    15.3004
19.8884    21.894    15.3004
19.886    21.9052    15.3004
19.8788    21.9212    15.3004
19.8612    21.9564    15.3004
19.858    21.9636    15.3004
19.8548    21.9692    15.3004
19.845999    21.9812    15.3004
19.838    22.000399    15.3004
19.834    22.0148    15.3004
19.8284    22.0292    15.3004
19.821999    22.059599    15.3004
19.8212    22.062    15.3004
19.8212    22.0676    15.3004
19.8148    22.1276    15.3004
19.81    22.1572    15.3004
19.8076    22.169199    15.3004
19.8036    22.1796    15.3004
19.795599    22.201199    15.3004
19.782799    22.2276    15.3004
19.7756    22.237999    15.3004
19.7668    22.247599    15.3004
19.764399    22.2508    15.3004
19.7388    22.2788    15.3004
19.7356    22.2804    15.3004
19.7172    22.2948    15.3004
19.7036    22.3004    15.3004
19.694    22.3036    15.3004
19.6652    22.310799    15.3004
19.6484    22.3132    15.3004
19.6444    22.314    15.3004
19.605999    22.31    15.3004
19.586    22.3076    15.3004
19.574    22.306799    15.3004
19.5556    22.31    15.3004
19.55    22.312399    15.3004
19.5292    22.3268    15.3004
19.518799    22.3596    15.3004
19.518    22.362799    15.3004
19.5252    22.3892    15.3004
19.5268    22.3948    15.3004
19.5284    22.3956    15.3004
19.5508    22.4116    15.3004
19.5564    22.4188    15.3004
19.574799    22.431599    15.3004
19.6188    22.4636    15.3004
19.6756    22.5092    15.3004
19.6796    22.5124    15.3004
19.7004    22.5348    15.3004
19.702    22.5364    15.3004
19.702799    22.538    15.3004
19.71    22.5604    15.3004
19.7116    22.5684    15.3004
19.7124    22.5868    15.3004
19.7132    22.5908    15.3004
19.7132    22.591599    15.3004
19.713999    22.5964    15.3004
19.722    22.621199    15.3004
19.7572    22.6588    15.3004
19.7708    22.6724    15.3004
19.7732    22.674799    15.3004
19.7804    22.691599    15.3004
19.7852    22.7004    15.3004
19.788399    22.706799    15.3004
19.795599    22.7276    15.3004
19.795599    22.732399    15.3004
19.795599    22.7508    15.3004
19.795599    22.754799    15.3004
19.7948    22.7596    15.3004
19.788399    22.788399    15.3004
19.7708    22.8636    15.3004
19.754799    22.9268    15.3004
19.743599    22.965199    15.3004
19.737999    22.9812    15.3004
19.726    22.994    15.3004
19.7236    22.998    15.3004
19.7148    23.0036    15.3004
19.6924    23.018799    15.3004
19.6724    23.0276    15.3004
19.6476    23.0364    15.3004
19.6132    23.0476    15.3004
19.5788    23.057999    15.3004
19.562    23.0612    15.3004
19.5476    23.0644    15.3004
19.5364    23.0644    15.3004
19.5204    23.0588    15.3004
19.4996    23.0476    15.3004
19.4988    23.046799    15.3004
19.496399    23.0444    15.3004
19.4828    23.031599    15.3004
19.4572    23.0052    15.3004
19.4508    22.998    15.3004
19.4468    22.996399    15.3004
19.4188    22.9748    15.3004
19.4172    22.9772    15.3004
19.386    22.9996    15.3004
19.3836    23.017199    15.3004
19.381199    23.0308    15.3004
19.3804    23.038    15.3004
19.379599    23.0532    15.3004
19.3772    23.104399    15.3004
19.3724    23.1924    15.3004
19.3668    23.2988    15.3004
19.362799    23.3604    15.3004
19.362    23.364399    15.3004
19.3548    23.392399    15.3004
19.3308    23.4804    15.3004
19.3268    23.49    15.3004
19.3252    23.4988    15.3004
19.310799    23.5068    15.3004
19.306799    23.5092    15.3004
19.2764    23.518799    15.3004
19.2484    23.5268    15.3004
19.2204    23.5268    15.3004
19.1996    23.522799    15.3004
19.1924    23.522    15.3004
19.1876    23.5204    15.3004
19.1412    23.5068    15.3004
19.0964    23.494799    15.3004
19.0724    23.4876    15.3004
19.0148    23.470798    15.3004
18.938799    23.4468    15.3004
18.695599    23.3724    15.3004
18.654    23.3596    15.3004
18.6476    23.358    15.3004
18.6348    23.354    15.3004
18.57    23.3324    15.3004
18.51    23.312399    15.3004
18.4924    23.306799    15.3004
18.4828    23.3036    15.3004
18.4636    23.298    15.3004
18.4532    23.2948    15.3004
18.4508    23.2932    15.3004
18.4452    23.289999    15.3004
18.433199    23.282799    15.3004
18.4188    23.275599    15.3004
18.3892    23.2524    15.3004
18.3884    23.2524    15.3004
18.386799    23.2508    15.3004
18.362    23.2244    15.3004
18.3596    23.2204    15.3004
18.347599    23.198    15.3004
18.3468    23.1964    15.3004
18.3484    23.180399    15.3004
18.3492    23.173199    15.3004
18.3748    23.1012    15.3004
18.379599    23.0868    15.3004
18.3804    23.085999    15.3004
18.3956    23.052399    15.3004
18.3972    23.0492    15.3004
18.4004    23.0452    15.3004
18.4596    22.9468    15.3004
18.4676    22.934    15.3004
18.511599    22.8604    15.3004
18.531599    22.8284    15.3004
18.5348    22.823599    15.3004
18.537199    22.8204    15.3004
18.5388    22.8172    15.3004
18.562    22.781199    15.3004
18.570799    22.7628    15.3004
18.576399    22.75    15.3004
18.5716    22.7444    15.3004
18.553999    22.7284    15.3004
18.5476    22.7284    15.3004
18.5268    22.7292    15.3004
18.514    22.73    15.3004
18.4932    22.732399    15.3004
18.4804    22.730799    15.3004
18.4604    22.73    15.3004
18.4476    22.723598    15.3004
18.4356    22.7204    15.3004
18.4236    22.7148    15.3004
18.4012    22.6988    15.3004
18.4004    22.6988    15.3004
18.368399    22.663599    15.3004
18.3468    22.6388    15.3004
18.3372    22.6276    15.3004
18.326    22.611599    15.3004
18.3028    22.5788    15.3004
18.2924    22.5604    15.3004
18.282799    22.5532    15.3004
18.2804    22.5396    15.3004
18.2796    22.5324    15.3004
18.2524    22.5292    15.3004
18.2468    22.5404    15.3004
18.243599    22.553999    15.3004
18.2428    22.557999    15.3004
18.2404    22.5724    15.3004
18.236399    22.5828    15.3004
18.234    22.6236    15.3004
18.2332    22.6316    15.3004
18.232399    22.6444    15.3004
18.2292    22.674799    15.3004
18.2188    22.7468    15.3004
18.2156    22.764399    15.3004
18.2124    22.7804    15.3004
18.1988    22.853199    15.3004
18.1876    22.9004    15.3004
18.182    22.9228    15.3004
18.1684    22.9684    15.3004
18.1652    22.9804    15.3004
18.1476    23.0332    15.3004
18.1316    23.078    15.3004
18.115599    23.122    15.3004
18.0836    23.1988    15.3004
18.0804    23.206799    15.3004
18.0756    23.217999    15.3004
18.0284    23.3196    15.3004
18.0148    23.345999    15.3004
17.9844    23.4044    15.3004
17.9588    23.455599    15.3004
17.9524    23.4684    15.3004
17.944399    23.482    15.3004
17.909199    23.5404    15.3004
17.879599    23.587599    15.3004
17.854    23.6292    15.3004
17.8484    23.6372    15.3004
17.814    23.685999    15.3004
17.8116    23.6892    15.3004
17.810799    23.691599    15.3004
17.81    23.6924    15.3004
17.8092    23.6948    15.3004
17.8004    23.7172    15.3004
17.795599    23.7332    15.3004
17.7932    23.758    15.3004
17.7932    23.7708    15.3004
17.7972    23.788399    15.3004
17.806799    23.8188    15.3004
17.8252    23.8804    15.3004
17.8284    23.8932    15.3004
17.83    23.8972    15.3004
17.8324    23.907598    15.3004
17.8492    23.9828    15.3004
17.8548    24.017199    15.3004
17.8556    24.022799    15.3004
17.8556    24.0364    15.3004
17.8556    24.0508    15.3004
17.8548    24.074799    15.3004
17.8548    24.076399    15.3004
17.853199    24.0892    15.3004
17.8428    24.1644    15.3004
17.8412    24.180399    15.3004
17.8396    24.1884    15.3004
17.8316    24.201199    15.3004
17.8252    24.2132    15.3004
17.817999    24.2172    15.3004
17.801199    24.2284    15.3004
17.7636    24.2484    15.3004
17.7524    24.254799    15.3004
17.736399    24.2628    15.3004
17.7052    24.2796    15.3004
17.694    24.2852    15.3004
17.6716    24.295599    15.3004
17.6068    24.323599    15.3004
17.5284    24.353199    15.3004
17.5204    24.3564    15.3004
17.514    24.358799    15.3004
17.366    24.41    15.3004
17.329199    24.4228    15.3004
17.2244    24.4588    15.3004
17.1756    24.4756    15.3004
17.163599    24.479599    15.3004
17.0892    24.5052    15.3004
17.0324    24.522799    15.3004
17.031599    24.5236    15.3004
17.024399    24.5276    15.3004
17.0012    24.5404    15.3004
16.9748    24.563599    15.3004
16.9684    24.57    15.3004
16.966    24.5892    15.3004
16.962    24.6052    15.3004
16.97    24.6164    15.3004
16.986    24.632399    15.3004
16.996399    24.645199    15.3004
17.0092    24.6588    15.3004
17.0172    24.674799    15.3004
17.0204    24.685999    15.3004
17.0172    24.6932    15.3004
17.013199    24.7108    15.3004
16.994    24.725199    15.3004
16.9844    24.732399    15.3004
16.966    24.743599    15.3004
16.9508    24.754    15.3004
16.9396    24.7596    15.3004
16.8804    24.7932    15.3004
16.814    24.8308    15.3004
16.7652    24.857199    15.3004
16.718    24.8844    15.3004
16.702    24.894    15.3004
16.6796    24.9052    15.3004
16.650799    24.920399    15.3004
16.537199    24.9788    15.3004
16.4684    25.0148    15.3004
