7.4108    3.4508    17.4004
7.3324    3.4404    17.4004
7.3307996    3.4404    17.4004
7.33    3.4404    17.4004
7.3259997    3.4396    17.4004
7.2868    3.4315999    17.4004
7.286    3.4308    17.4004
7.2836    3.4283998    17.4004
7.2668    3.4124    17.4004
7.2644    3.4099998    17.4004
7.238    3.3732    17.4004
7.2363997    3.3716    17.4004
7.2356    3.37    17.4004
7.226    3.3548    17.4004
7.2148    3.3372    17.4004
7.2019997    3.3163998    17.4004
7.1892    3.2956    17.4004
7.1868    3.2924    17.4004
7.1851997    3.2907999    17.4004
7.1555996    3.2508    17.4004
7.1419997    3.2308    17.4004
7.1236    3.2075999    17.4004
7.1172    3.1876    17.4004
7.1124    3.1796    17.4004
7.0931997    3.1564    17.4004
7.0836    3.1339998    17.4004
7.0804    3.1292    17.4004
7.0643997    3.1092    17.4004
7.046    3.1028    17.4004
7.0396    3.0939999    17.4004
7.0164    3.082    17.4004
7.0123997    3.0579998    17.4004
7.0076    3.05    17.4004
7.0035996    3.0435998    17.4004
6.982    3.0212    17.4004
6.9803996    3.0196    17.4004
6.9779997    3.0203998    17.4004
6.9779997    3.0188    17.4004
6.9523997    2.994    17.4004
6.9308    3.0196    17.4004
6.9308    3.026    17.4004
6.9315996    3.0396    17.4004
6.9252    3.1316    17.4004
6.9203997    3.2956    17.4004
6.9196    3.3764    17.4004
6.9252    3.4659998    17.4004
6.9259996    3.4859998    17.4004
6.9276    3.4924    17.4004
6.9356    3.5244    17.4004
6.9252    3.5428    17.4004
6.9084    3.5252    17.4004
6.9044    3.5212    17.4004
6.9044    3.5203998    17.4004
6.8924    3.4908    17.4004
6.8915997    3.4891999    17.4004
6.8756    3.4659998    17.4004
6.8715997    3.4564    17.4004
6.862    3.438    17.4004
6.8515997    3.4299998    17.4004
6.8371997    3.4148    17.4004
6.8195996    3.4268    17.4004
6.8036    3.4355998    17.4004
6.7844    3.4571998    17.4004
6.778    3.4636    17.4004
6.7539997    3.4875998    17.4004
6.7483997    3.4931998    17.4004
6.7075996    3.5356    17.4004
6.706    3.5372    17.4004
6.7036    3.5388    17.4004
6.7028    3.5396    17.4004
6.6884    3.5307999    17.4004
6.6995997    3.494    17.4004
6.6995997    3.4931998    17.4004
6.7156    3.4452    17.4004
6.7219996    3.4276    17.4004
6.7516    3.3476    17.4004
6.7788    3.2412    17.4004
6.7939997    3.1692    17.4004
6.802    3.1452    17.4004
6.8203998    3.0756    17.4004
6.8251996    3.0604    17.4004
6.8436    2.9988    17.4004
6.8476    2.99    17.4004
6.778    3.0196    17.4004
6.7756    3.0212    17.4004
6.7739997    3.0219998    17.4004
6.694    3.0876    17.4004
6.6836    3.0988    17.4004
6.6628    3.0988    17.4004
6.6412    3.1076    17.4004
6.6164    3.1308    17.4004
6.5796    3.1683998    17.4004
6.5235996    3.2171998    17.4004
6.5076    3.2324    17.4004
6.4932    3.2459998    17.4004
6.4596    3.2756    17.4004
6.4388    3.2956    17.4004
6.4332    3.3004    17.4004
6.4115996    3.3195999    17.4004
6.3932    3.322    17.4004
6.3908    3.3228    17.4004
6.378    3.3179998    17.4004
6.3708    3.3156    17.4004
6.338    3.3091998    17.4004
6.3364    3.3084    17.4004
6.3356    3.3084    17.4004
6.3339996    3.3076    17.4004
6.3027997    3.306    17.4004
6.2244    3.2947998    17.4004
6.1443996    3.2844    17.4004
6.046    3.2716    17.4004
6.026    3.2675998    17.4004
5.9932    3.2652    17.4004
6.0052    3.2428    17.4004
6.0099998    3.2372    17.4004
6.022    3.2171998    17.4004
6.0284    3.2052    17.4004
6.0924    3.0988    17.4004
6.1292    3.0356    17.4004
6.1756    2.9524    17.4004
6.3115997    2.7084    17.4004
6.318    2.698    17.4004
6.3371997    2.6627998    17.4004
6.3403997    2.6564    17.4004
6.3436    2.6483998    17.4004
6.3764    2.5676    17.4004
6.4379997    2.4155998    17.4004
6.4523997    2.3796    17.4004
6.4955997    2.2707999    17.4004
6.5228    2.2028    17.4004
6.5316    2.1787999    17.4004
6.5364    2.1692    17.4004
6.542    2.1516    17.4004
6.5476    2.1388    17.4004
6.5667996    2.09    17.4004
6.5828    2.046    17.4004
6.5972    2.0124    17.4004
6.6028    2.0004    17.4004
6.6092    1.9796    17.4004
6.6211996    1.9483999    17.4004
6.6316    1.9244    17.4004
6.6419997    1.8939999    17.4004
6.6524    1.8643999    17.4004
6.6628    1.8435999    17.4004
6.6724    1.8124    17.4004
6.686    1.7916    17.4004
6.698    1.7556    17.4004
6.7124    1.7468    17.4004
6.7268    1.734    17.4004
6.7324    1.7307999    17.4004
6.7363997    1.7348    17.4004
6.7932    1.754    17.4004
6.8251996    1.7315999    17.4004
6.8283997    1.7292    17.4004
6.842    1.7188    17.4004
7.0348    1.5835999    17.4004
7.0452    1.5796    17.4004
7.066    1.5732    17.4004
7.0667996    1.5732    17.4004
7.0716    1.5812    17.4004
7.1004    1.6276    17.4004
7.1468    1.6947999    17.4004
7.1548    1.7068    17.4004
7.1916    1.7764    17.4004
7.2092    1.7931999    17.4004
7.2236    1.8147999    17.4004
7.226    1.818    17.4004
7.2588    1.8651999    17.4004
7.278    1.8828    17.4004
7.286    1.8876    17.4004
7.3356    1.9011999    17.4004
7.3547997    1.9036    17.4004
7.3652    1.9052    17.4004
7.3708    1.918    17.4004
7.382    1.9524    17.4004
7.39    1.9715999    17.4004
7.3956    1.9771999    17.4004
7.402    2.0356    17.4004
7.4076    2.0804    17.4004
7.4179997    2.1812    17.4004
7.4188    2.1852    17.4004
7.4252    2.2403998    17.4004
7.4315996    2.3076    17.4004
7.4371996    2.362    17.4004
7.474    2.6627998    17.4004
7.4747996    2.6668    17.4004
7.4747996    2.6708    17.4004
7.4876    2.7835999    17.4004
7.4964    2.8276    17.4004
7.4979997    2.8348    17.4004
7.5035996    2.858    17.4004
7.5299997    2.9668    17.4004
7.6011996    3.2484    17.4004
7.618    3.3091998    17.4004
7.6308    3.3579998    17.4004
7.6404    3.3932    17.4004
7.6452    3.4139998    17.4004
7.6555996    3.4427998    17.4004
7.6563997    3.4443998    17.4004
7.6572    3.4612    17.4004
7.658    3.4787998    17.4004
7.646    3.4796    17.4004
7.6219997    3.4764    17.4004
7.6187997    3.4764    17.4004
7.594    3.4731998    17.4004
7.5908    3.4731998    17.4004
7.5843997    3.4724    17.4004
7.5723996    3.4708    17.4004
7.5467997    3.4675999    17.4004
7.4979997    3.462    17.4004
7.4108    3.4508    17.4004
