9.9396    12.2148    9.0004
9.938    12.1732    9.0004
9.9372    12.1508    9.0004
9.936399    12.0956    9.0004
9.936399    12.0428    9.0004
9.936399    11.9892    9.0004
9.9372    11.9388    9.0004
9.938    11.895599    9.0004
9.9388    11.8675995    9.0004
9.9396    11.815599    9.0004
9.9404    11.786799    9.0004
9.941199    11.7324    9.0004
9.941999    11.722799    9.0004
9.9452    11.6508    9.0004
9.9452    11.6404    9.0004
9.946799    11.6172    9.0004
9.947599    11.6004    9.0004
9.9524    11.5412    9.0004
9.9524    11.5236    9.0004
9.953199    11.5132    9.0004
9.9564    11.470799    9.0004
9.9572    11.4595995    9.0004
9.9539995    11.4492    9.0004
9.9556    11.4372    9.0004
9.9372    11.412399    9.0004
9.929999    11.413199    9.0004
9.9044    11.4172    9.0004
9.894    11.4316    9.0004
9.8828    11.45    9.0004
9.87    11.470799    9.0004
9.8604    11.486    9.0004
9.821199    11.542    9.0004
9.821199    11.5428    9.0004
9.820399    11.5436    9.0004
9.820399    11.544399    9.0004
9.8188    11.545199    9.0004
9.785999    11.5724    9.0004
9.7772    11.573199    9.0004
9.751599    11.5644    9.0004
9.7284    11.550799    9.0004
9.7244    11.5484    9.0004
9.6852    11.5028    9.0004
9.658    11.4484    9.0004
9.6476    11.423599    9.0004
9.6276    11.3812    9.0004
9.6244    11.366799    9.0004
9.6164    11.3068    9.0004
9.6124    11.2755995    9.0004
9.6116    11.269199    9.0004
9.6116    11.262799    9.0004
9.6172    11.251599    9.0004
9.6244    11.242    9.0004
9.6244    11.240399    9.0004
9.6292    11.2372    9.0004
9.660399    11.2123995    9.0004
9.700399    11.199599    9.0004
9.7212    11.1924    9.0004
9.722    11.1916    9.0004
9.722799    11.1916    9.0004
9.7708    11.1876    9.0004
9.7716    11.1876    9.0004
9.7772    11.1876    9.0004
9.809999    11.186    9.0004
9.815599    11.186    9.0004
9.8564    11.1932    9.0004
9.8756    11.1956    9.0004
9.884399    11.1988    9.0004
9.901999    11.2156    9.0004
9.9044    11.217999    9.0004
9.9212    11.2324    9.0004
9.935599    11.2452    9.0004
9.9404    11.2444    9.0004
9.9748    11.233999    9.0004
9.9812    11.2156    9.0004
9.9812    11.205999    9.0004
9.9836    11.182    9.0004
9.9724    11.1556    9.0004
9.9716    11.154799    9.0004
9.9388    11.134    9.0004
9.929999    11.1332    9.0004
9.912399    11.125999    9.0004
9.91    11.125999    9.0004
9.906    11.1228    9.0004
9.8548    11.096399    9.0004
9.849999    11.0924    9.0004
9.826799    11.0748    9.0004
9.7764    11.026    9.0004
9.7628    11.0124    9.0004
9.7484    10.9939995    9.0004
9.7388    10.9836    9.0004
9.7324    10.974    9.0004
9.722799    10.958    9.0004
9.7188    10.95    9.0004
9.7132    10.9307995    9.0004
9.7123995    10.924399    9.0004
9.7084    10.8972    9.0004
9.7067995    10.8796    9.0004
9.7067995    10.87    9.0004
9.71    10.838799    9.0004
9.714    10.8188    9.0004
9.7156    10.8076    9.0004
9.726    10.7612    9.0004
9.7372    10.7123995    9.0004
9.757199    10.637199    9.0004
9.757999    10.6348    9.0004
9.7588    10.630799    9.0004
9.7796    10.558    9.0004
9.8004    10.4939995    9.0004
9.8012    10.4924    9.0004
9.8012    10.49    9.0004
9.809199    10.470799    9.0004
9.834    10.407599    9.0004
9.8372    10.3996    9.0004
9.8508    10.3652    9.0004
9.8604    10.349999    9.0004
9.866    10.322    9.0004
9.866    10.3172    9.0004
9.8596    10.2956    9.0004
9.858    10.2932    9.0004
9.8564    10.2884    9.0004
9.832399    10.2411995    9.0004
9.83    10.234799    9.0004
9.8292    10.23    9.0004
9.8252    10.211599    9.0004
9.8244    10.1964    9.0004
9.8244    10.1804    9.0004
9.8276    10.1612    9.0004
9.8284    10.1532    9.0004
9.837999    10.1388    9.0004
9.846    10.125199    9.0004
9.849999    10.1188    9.0004
9.8675995    10.098    9.0004
9.878799    10.09    9.0004
9.886    10.0844    9.0004
9.958    10.0324    9.0004
9.981999    10.0148    9.0004
9.9972    10.004399    9.0004
10.0116    9.9956    9.0004
10.0196    9.99    9.0004
10.0268    9.9852    9.0004
10.0324    9.978    9.0004
10.0532    9.9595995    9.0004
10.0596    9.9492    9.0004
10.0812    9.912399    9.0004
10.1012    9.884399    9.0004
10.125999    9.8468    9.0004
10.1332    9.837999    9.0004
10.1468    9.8188    9.0004
10.1588    9.8028    9.0004
10.1692    9.7932    9.0004
10.1812    9.7836    9.0004
10.1932    9.7708    9.0004
10.2052    9.762    9.0004
10.222    9.7476    9.0004
10.2372    9.7372    9.0004
10.2548    9.726    9.0004
10.269199    9.7123995    9.0004
10.2987995    9.6916    9.0004
10.3076    9.6796    9.0004
10.3108    9.6708    9.0004
10.3236    9.6532    9.0004
10.3252    9.646    9.0004
10.3396    9.6004    9.0004
10.342    9.5892    9.0004
10.344399    9.5803995    9.0004
10.3636    9.5156    9.0004
10.3924    9.4204    9.0004
10.395599    9.4092    9.0004
10.398    9.4028    9.0004
10.4004    9.3963995    9.0004
10.4276    9.321199    9.0004
10.4324    9.3084    9.0004
10.4539995    9.246799    9.0004
10.4604    9.2316    9.0004
10.4883995    9.1668    9.0004
10.5028    9.1348    9.0004
10.5156    9.1068    9.0004
10.5324    9.0724    9.0004
10.57    9.0012    9.0004
10.5844    8.9756    9.0004
10.608399    8.9348    9.0004
10.6348    8.8884    9.0004
10.6508    8.8619995    9.0004
10.698    8.7884    9.0004
10.7148    8.763599    9.0004
10.717999    8.7596    9.0004
10.7355995    8.7364    9.0004
10.7428    8.7276    9.0004
10.7452    8.7204    9.0004
10.7556    8.698    9.0004
10.75    8.6812    9.0004
10.746799    8.6692    9.0004
10.7436    8.6596    9.0004
10.7355995    8.6364    9.0004
10.7324    8.6276    9.0004
10.726    8.608399    9.0004
10.722799    8.5948    9.0004
10.7204    8.582    9.0004
10.7164    8.5571995    9.0004
10.7156    8.5548    9.0004
10.7156    8.5532    9.0004
10.7156    8.5292    9.0004
10.717199    8.5171995    9.0004
10.7212    8.4956    9.0004
10.7276    8.4756    9.0004
10.7324    8.4628    9.0004
10.7564    8.3907995    9.0004
10.763599    8.3684    9.0004
10.7908    8.297999    9.0004
10.802    8.269199    9.0004
10.815599    8.2364    9.0004
10.8356    8.1852    9.0004
10.8468    8.1572    9.0004
10.8748    8.0964    9.0004
10.8884    8.0692    9.0004
10.8907995    8.062799    9.0004
10.8963995    8.0524    9.0004
10.918799    8.0044    9.0004
10.9212    7.9988    9.0004
10.934    7.974    9.0004
10.95    7.9508    9.0004
10.952399    7.9484    9.0004
10.969999    7.9276    9.0004
10.976399    7.922    9.0004
10.9964    7.9068    9.0004
11.006    7.8988    9.0004
11.021999    7.8883996    9.0004
11.0571995    7.8668    9.0004
11.098    7.8427997    9.0004
11.1164    7.8324    9.0004
11.1524    7.8139997    9.0004
11.171599    7.8044    9.0004
11.188399    7.7971997    9.0004
11.2108    7.7883997    9.0004
11.2364    7.7788    9.0004
11.254    7.7739997    9.0004
11.280399    7.7668    9.0004
11.3012    7.7619996    9.0004
11.3284    7.7548    9.0004
11.3396    7.7531996    9.0004
11.366    7.7539997    9.0004
11.3772    7.7531996    9.0004
11.3924    7.7548    9.0004
11.4156    7.7548    9.0004
11.436399    7.7604    9.0004
11.453199    7.7636    9.0004
11.4676    7.7675996    9.0004
11.486799    7.7732    9.0004
11.5148    7.7844    9.0004
11.533199    7.7915998    9.0004
11.550799    7.7995996    9.0004
11.5828    7.8139997    9.0004
11.638    7.8444    9.0004
11.6668    7.8603997    9.0004
11.6796    7.8676    9.0004
11.729199    7.902    9.0004
11.7596    7.922    9.0004
11.774    7.9315996    9.0004
11.83    7.9708    9.0004
11.8331995    7.9732    9.0004
11.8356    7.9747996    9.0004
11.843599    7.9828    9.0004
11.8572    7.9972    9.0004
11.8596    8.0012    9.0004
11.878799    8.028399    9.0004
11.882    8.0356    9.0004
11.8932    8.0571995    9.0004
11.9044    8.0828    9.0004
11.946    8.174    9.0004
11.9484    8.1804    9.0004
11.95    8.1852    9.0004
11.9796    8.252399    9.0004
11.99    8.2764    9.0004
12.0364    8.3836    9.0004
12.038799    8.389999    9.0004
12.0468    8.4108    9.0004
12.0596    8.4428    9.0004
12.067599    8.462    9.0004
12.084399    8.510799    9.0004
12.1004    8.550799    9.0004
12.101999    8.5604    9.0004
12.1068    8.5868    9.0004
12.107599    8.6076    9.0004
12.107599    8.6108    9.0004
12.108399    8.6124    9.0004
12.1068    8.6348    9.0004
12.106    8.6396    9.0004
12.097199    8.6564    9.0004
12.09    8.674    9.0004
12.073999    8.698    9.0004
12.0404    8.7364    9.0004
12.0356    8.7436    9.0004
12.0316    8.7492    9.0004
12.0036    8.7828    9.0004
11.976399    8.8116    9.0004
11.975599    8.8124    9.0004
11.9548    8.8348    9.0004
11.9276    8.8628    9.0004
11.9268    8.8636    9.0004
11.922    8.8748    9.0004
11.9172    8.8852    9.0004
11.9164    8.8868    9.0004
11.9164    8.8884    9.0004
11.9172    8.8972    9.0004
11.9228    8.9307995    9.0004
11.923599    8.936399    9.0004
11.923599    8.9956    9.0004
11.923599    8.998799    9.0004
11.923599    8.999599    9.0004
11.9116    9.0956    9.0004
11.9036    9.1324    9.0004
11.8884    9.1988    9.0004
11.8692    9.262    9.0004
11.8619995    9.2884    9.0004
11.8452    9.343599    9.0004
11.8276    9.4004    9.0004
11.802    9.4772    9.0004
11.7956    9.4948    9.0004
11.7932    9.5028    9.0004
11.7676    9.5812    9.0004
11.7308    9.69    9.0004
11.726    9.7028    9.0004
11.723599    9.71    9.0004
11.688399    9.814799    9.0004
11.6756    9.8524    9.0004
11.674    9.8588    9.0004
11.590799    10.1172    9.0004
11.573999    10.1708    9.0004
11.556399    10.2252    9.0004
11.4883995    10.4396    9.0004
11.4484    10.5652    9.0004
11.401999    10.71    9.0004
11.386    10.7644    9.0004
11.3572    10.858    9.0004
11.3484    10.8884    9.0004
11.3172    11.0036    9.0004
11.3164    11.006    9.0004
11.315599    11.0076    9.0004
11.2732    11.1908    9.0004
11.2644    11.234799    9.0004
11.245999    11.3236    9.0004
11.233999    11.3907995    9.0004
11.2252    11.4428    9.0004
11.211599    11.521999    9.0004
11.200399    11.594    9.0004
11.198    11.61    9.0004
11.1964    11.6236    9.0004
11.1916    11.6524    9.0004
11.1852    11.705199    9.0004
11.183599    11.7148    9.0004
11.182    11.7276    9.0004
11.1764    11.7892    9.0004
11.165999    11.8972    9.0004
11.1644    11.9116    9.0004
11.1636    11.9251995    9.0004
11.1564    12.038    9.0004
11.153999    12.0956    9.0004
11.1532    12.1244    9.0004
11.1508    12.2092    9.0004
11.1508    12.234799    9.0004
11.1516    12.2932    9.0004
11.1516    12.429999    9.0004
11.1516    12.4332    9.0004
11.1524    12.4372    9.0004
11.1588    12.585199    9.0004
11.1644    12.648399    9.0004
11.1668    12.702    9.0004
11.1692    12.7308    9.0004
11.1756    12.809199    9.0004
11.177199    12.8196    9.0004
11.1852    12.8988    9.0004
11.189199    12.9324    9.0004
11.199599    13.009999    9.0004
11.2036    13.039599    9.0004
11.2076    13.0716    9.0004
11.21    13.091599    9.0004
11.2212    13.162    9.0004
11.2355995    13.2612    9.0004
11.2396    13.286799    9.0004
11.2452    13.321199    9.0004
11.2644    13.423599    9.0004
11.2772    13.4892    9.0004
11.2884    13.5515995    9.0004
11.3043995    13.634    9.0004
11.3164    13.69    9.0004
11.3404    13.803599    9.0004
11.3476    13.8364    9.0004
11.3572    13.877199    9.0004
11.3628    13.9036    9.0004
11.398    14.058    9.0004
11.4092    14.107599    9.0004
11.4404    14.2388    9.0004
11.4628    14.334    9.0004
11.498799    14.486799    9.0004
11.516399    14.5588    9.0004
11.533199    14.6292    9.0004
11.5548    14.716399    9.0004
11.5948    14.873199    9.0004
11.620399    14.9724    9.0004
11.6412    15.0515995    9.0004
11.6988    15.266    9.0004
11.714    15.3244    9.0004
11.7204    15.348399    9.0004
11.7268    15.372399    9.0004
11.7388    15.414    9.0004
11.7964    15.620399    9.0004
11.809199    15.6676    9.0004
11.8172    15.6924    9.0004
11.8452    15.786799    9.0004
11.8564    15.8244    9.0004
11.874    15.883599    9.0004
11.898    15.9612    9.0004
11.9116    16.0084    9.0004
11.9436    16.1164    9.0004
11.9516    16.1428    9.0004
11.986    16.25    9.0004
12.004399    16.310799    9.0004
12.018    16.3524    9.0004
12.021999    16.364399    9.0004
12.0468    16.4396    9.0004
12.061999    16.4844    9.0004
12.0748    16.5276    9.0004
12.096399    16.587599    9.0004
12.11    16.6276    9.0004
12.142799    16.7188    9.0004
12.159599    16.7676    9.0004
12.1852    16.8372    9.0004
12.1964    16.868399    9.0004
12.2196    16.931599    9.0004
12.245999    17.0012    9.0004
12.2476    17.0044    9.0004
12.2484    17.007599    9.0004
12.3172    17.1892    9.0004
12.3348    17.234    9.0004
12.3764    17.338    9.0004
12.4108    17.4252    9.0004
12.435599    17.4884    9.0004
12.476399    17.5892    9.0004
12.510799    17.673199    9.0004
12.5171995    17.6892    9.0004
12.5252    17.708399    9.0004
12.5716    17.8212    9.0004
12.619599    17.933199    9.0004
12.63    17.958    9.0004
12.682799    18.0716    9.0004
12.6972    18.104399    9.0004
12.7548    18.230799    9.0004
12.762    18.2452    9.0004
12.769199    18.2596    9.0004
12.831599    18.3828    9.0004
12.8564    18.4324    9.0004
12.8876    18.4932    9.0004
12.8963995    18.5092    9.0004
12.9251995    18.5604    9.0004
12.9684    18.6412    9.0004
12.981999    18.6668    9.0004
12.993199    18.6868    9.0004
13.0227995    18.7412    9.0004
13.061999    18.8076    9.0004
13.0868    18.85    9.0004
13.11    18.8884    9.0004
13.1508    18.958    9.0004
13.199599    19.041199    9.0004
13.234799    19.098799    9.0004
13.3116    19.2244    9.0004
13.3132    19.2276    9.0004
13.382    19.334799    9.0004
13.3963995    19.3564    9.0004
13.463599    19.4604    9.0004
13.464399    19.461199    9.0004
13.5548    19.5956    9.0004
13.555599    19.598    9.0004
13.618799    19.6908    9.0004
13.6236    19.697199    9.0004
13.693999    19.7948    9.0004
13.6972    19.7988    9.0004
13.699599    19.8036    9.0004
13.7044    19.8092    9.0004
13.7652    19.89    9.0004
13.8164    19.955599    9.0004
13.8331995    19.9772    9.0004
13.861199    20.01    9.0004
13.906799    20.065199    9.0004
13.9164    20.0756    9.0004
13.9772    20.1444    9.0004
13.993199    20.163599    9.0004
14.0604    20.2372    9.0004
14.0724    20.25    9.0004
14.0876    20.265999    9.0004
14.1516    20.3324    9.0004
14.200399    20.379599    9.0004
14.211599    20.39    9.0004
14.2204    20.397999    9.0004
14.269199    20.438    9.0004
14.302    20.4644    9.0004
14.326799    20.4844    9.0004
14.382    20.5308    9.0004
14.3972    20.5444    9.0004
14.4092    20.5532    9.0004
14.4724    20.598799    9.0004
14.4844    20.6084    9.0004
14.492399    20.614    9.0004
14.5412    20.6476    9.0004
14.561999    20.6612    9.0004
14.566    20.6644    9.0004
14.6324    20.7044    9.0004
14.6356    20.706    9.0004
14.6396    20.708399    9.0004
14.6508    20.7164    9.0004
14.7123995    20.75    9.0004
14.716399    20.7516    9.0004
14.7204    20.754    9.0004
14.794    20.7908    9.0004
14.797199    20.7924    9.0004
14.8012    20.793999    9.0004
14.8619995    20.8204    9.0004
14.8876    20.8316    9.0004
14.907599    20.8396    9.0004
14.9908    20.868399    9.0004
15.0356    20.8828    9.0004
15.1068    20.906    9.0004
15.1468    20.918    9.0004
15.154799    20.920399    9.0004
15.285999    20.9564    9.0004
15.3764    20.982    9.0004
15.394799    20.9868    9.0004
15.4204    20.9932    9.0004
15.5132    21.0164    9.0004
15.528399    21.0196    9.0004
15.6228    21.042799    9.0004
15.698    21.0612    9.0004
15.723599    21.0676    9.0004
15.782    21.0852    9.0004
15.8164    21.094799    9.0004
15.8236    21.0972    9.0004
15.8532    21.1068    9.0004
15.8916    21.1196    9.0004
15.8996    21.122799    9.0004
15.95    21.1412    9.0004
15.987599    21.1548    9.0004
15.993199    21.1572    9.0004
16.0012    21.1596    9.0004
16.053999    21.180399    9.0004
16.070799    21.1876    9.0004
16.094    21.197199    9.0004
16.117199    21.208399    9.0004
16.1524    21.2244    9.0004
16.1812    21.2388    9.0004
16.218    21.258    9.0004
16.2508    21.2764    9.0004
16.258    21.2796    9.0004
16.2628    21.2804    9.0004
16.282799    21.282    9.0004
16.305199    21.274    9.0004
16.3084    21.271599    9.0004
16.3116    21.2692    9.0004
16.3164    21.265999    9.0004
16.340399    21.247599    9.0004
16.3484    21.243599    9.0004
16.358    21.2428    9.0004
16.3668    21.2396    9.0004
16.3708    21.2396    9.0004
16.3732    21.2396    9.0004
16.442    21.2508    9.0004
16.4436    21.2516    9.0004
16.444399    21.2516    9.0004
16.4452    21.2516    9.0004
16.473999    21.2556    9.0004
16.5156    21.2676    9.0004
16.534    21.2724    9.0004
16.5628    21.2812    9.0004
16.6084    21.2972    9.0004
16.6604    21.3148    9.0004
16.7244    21.338    9.0004
16.726799    21.338799    9.0004
16.73    21.3396    9.0004
16.8484    21.3844    9.0004
16.906    21.4084    9.0004
16.9196    21.414    9.0004
16.9228    21.416399    9.0004
16.961199    21.434    9.0004
16.9764    21.4412    9.0004
16.9772    21.4412    9.0004
17.007599    21.4628    9.0004
17.029999    21.479599    9.0004
17.053999    21.4996    9.0004
17.0772    21.524399    9.0004
17.086    21.5308    9.0004
17.0956    21.5404    9.0004
17.15    21.600399    9.0004
17.2796    21.75    9.0004
17.284399    21.7556    9.0004
17.299599    21.7732    9.0004
17.340399    21.8188    9.0004
17.3484    21.829199    9.0004
17.3932    21.886    9.0004
17.4188    21.9196    9.0004
17.4308    21.934    9.0004
17.438799    21.9452    9.0004
17.4932    22.0164    9.0004
17.5164    22.05    9.0004
17.5236    22.0604    9.0004
17.531599    22.0724    9.0004
17.546    22.0972    9.0004
17.5572    22.114    9.0004
17.569199    22.1356    9.0004
17.5788    22.1524    9.0004
17.593199    22.185999    9.0004
17.6052    22.2172    9.0004
17.628399    22.2876    9.0004
17.633999    22.3036    9.0004
17.6372    22.312399    9.0004
17.6388    22.3204    9.0004
17.6532    22.3724    9.0004
17.657999    22.3884    9.0004
17.6588    22.392399    9.0004
17.6684    22.438799    9.0004
17.6724    22.4628    9.0004
17.6812    22.5156    9.0004
17.685999    22.5476    9.0004
17.6908    22.5828    9.0004
17.6908    22.5956    9.0004
17.6892    22.6148    9.0004
17.6876    22.6308    9.0004
17.6852    22.649199    9.0004
17.678799    22.6708    9.0004
17.6764    22.6772    9.0004
17.656399    22.7188    9.0004
17.6524    22.725199    9.0004
17.5972    22.801199    9.0004
17.5916    22.8092    9.0004
17.5612    22.8452    9.0004
17.5348    22.8732    9.0004
17.5268    22.882    9.0004
17.5212    22.8876    9.0004
17.482    22.9292    9.0004
17.4476    22.959599    9.0004
17.4068    22.9932    9.0004
17.3836    23.01    9.0004
17.379599    23.011599    9.0004
17.378    23.013199    9.0004
17.3748    23.013199    9.0004
17.3452    23.018799    9.0004
17.3308    23.018799    9.0004
17.3148    23.0212    9.0004
17.3036    23.0212    9.0004
17.2972    23.0212    9.0004
17.2868    23.0196    9.0004
17.2564    23.013199    9.0004
17.234    23.0084    9.0004
17.2156    23.0036    9.0004
17.1932    22.9972    9.0004
17.1684    22.9924    9.0004
17.1668    22.9916    9.0004
17.126799    22.979599    9.0004
17.109999    22.9732    9.0004
17.0836    22.9636    9.0004
17.0476    22.949999    9.0004
17.0236    22.9404    9.0004
17.000399    22.927599    9.0004
16.9676    22.909199    9.0004
16.9596    22.9044    9.0004
16.9508    22.896399    9.0004
16.934    22.885199    9.0004
16.9076    22.858    9.0004
16.875599    22.8196    9.0004
16.851599    22.7852    9.0004
16.8412    22.769999    9.0004
16.8364    22.7628    9.0004
16.8308    22.7564    9.0004
16.8276    22.753199    9.0004
16.8212    22.7484    9.0004
16.8148    22.7468    9.0004
16.7892    22.7276    9.0004
16.7788    22.730799    9.0004
16.758    22.7276    9.0004
16.741999    22.7372    9.0004
16.7276    22.7444    9.0004
16.7068    22.7564    9.0004
16.6924    22.7612    9.0004
16.6596    22.7724    9.0004
16.6324    22.782    9.0004
16.6092    22.7916    9.0004
16.5172    22.812399    9.0004
16.513199    22.8132    9.0004
16.5108    22.8132    9.0004
16.5084    22.8132    9.0004
16.49    22.812399    9.0004
16.4764    22.8156    9.0004
16.4188    22.8228    9.0004
16.414    22.823599    9.0004
16.369999    22.826    9.0004
16.345999    22.827599    9.0004
16.3428    22.827599    9.0004
16.3268    22.8284    9.0004
16.3132    22.8284    9.0004
16.312399    22.8284    9.0004
16.25    22.826    9.0004
16.2148    22.8252    9.0004
16.2124    22.8244    9.0004
16.1268    22.8188    9.0004
16.1244    22.817999    9.0004
16.042    22.806    9.0004
16.0348    22.805199    9.0004
15.9628    22.793999    9.0004
15.9436    22.7908    9.0004
15.8692    22.774    9.0004
15.861199    22.7724    9.0004
15.853999    22.769999    9.0004
15.8124    22.758799    9.0004
15.763599    22.7452    9.0004
15.751599    22.7428    9.0004
15.660399    22.7156    9.0004
15.6491995    22.712399    9.0004
15.6324    22.706799    9.0004
15.5588    22.682    9.0004
15.5171995    22.666    9.0004
15.4564    22.6412    9.0004
15.4284    22.6308    9.0004
15.365999    22.604399    9.0004
15.302    22.574    9.0004
15.2836    22.566    9.0004
15.2132    22.5308    9.0004
15.1956    22.522    9.0004
15.1779995    22.5124    9.0004
15.113199    22.4772    9.0004
15.0404    22.4324    9.0004
15.0227995    22.4228    9.0004
15.002    22.41    9.0004
14.941999    22.3724    9.0004
14.8996    22.344398    9.0004
14.8308    22.299599    9.0004
14.762799    22.254    9.0004
14.740399    22.237999    9.0004
14.6964    22.206799    9.0004
14.6292    22.1612    9.0004
14.549999    22.104399    9.0004
14.521999    22.0852    9.0004
14.4492    22.0308    9.0004
14.429999    22.0164    9.0004
14.414    22.0036    9.0004
14.3396    21.9492    9.0004
14.273999    21.8996    9.0004
14.1779995    21.8268    9.0004
14.1332    21.7932    9.0004
14.118799    21.784399    9.0004
14.1124    21.7804    9.0004
14.106    21.778    9.0004
14.078799    21.7556    9.0004
14.0756    21.754    9.0004
14.0492    21.7412    9.0004
14.0476    21.7396    9.0004
14.044399    21.737999    9.0004
14.0348    21.734    9.0004
13.9883995    21.7156    9.0004
13.9595995    21.7076    9.0004
13.946799    21.702799    9.0004
13.8907995    21.685999    9.0004
13.846    21.669199    9.0004
13.785999    21.654799    9.0004
13.757199    21.646    9.0004
13.705999    21.63    9.0004
13.642799    21.609999    9.0004
13.607599    21.5972    9.0004
13.5716    21.587599    9.0004
13.53    21.5716    9.0004
13.4508    21.5436    9.0004
13.4228    21.5332    9.0004
13.3772    21.5164    9.0004
13.322    21.494    9.0004
13.2884    21.479599    9.0004
13.2436    21.4572    9.0004
13.1676    21.4212    9.0004
13.1636    21.4188    9.0004
13.1556    21.414    9.0004
13.0772    21.3652    9.0004
13.0188    21.3284    9.0004
13.0036    21.317999    9.0004
12.9772    21.299599    9.0004
12.912399    21.254    9.0004
12.8916    21.237999    9.0004
12.831599    21.1892    9.0004
12.7556    21.128399    9.0004
12.7548    21.1276    9.0004
12.7492    21.122    9.0004
12.6684    21.046799    9.0004
12.658    21.0388    9.0004
12.6052    20.986    9.0004
12.5652    20.9492    9.0004
12.49    20.873999    9.0004
12.475599    20.8596    9.0004
12.4716    20.8564    9.0004
12.389199    20.7652    9.0004
12.3636    20.7372    9.0004
12.3076    20.6764    9.0004
12.2476    20.6036    9.0004
12.2132    20.563599    9.0004
12.1628    20.5012    9.0004
12.1268    20.4564    9.0004
12.0892    20.409199    9.0004
12.0316    20.3356    9.0004
12.0004    20.2924    9.0004
11.981999    20.2692    9.0004
11.922    20.1892    9.0004
11.8828    20.1348    9.0004
11.866    20.111599    9.0004
11.7852    19.998    9.0004
11.7452    19.9412    9.0004
11.7196    19.9044    9.0004
11.6756    19.8364    9.0004
11.638    19.7796    9.0004
11.568399    19.667599    9.0004
11.550799    19.637999    9.0004
11.4724    19.501999    9.0004
11.464399    19.4884    9.0004
11.378799    19.334799    9.0004
11.3756    19.33    9.0004
11.334    19.253199    9.0004
11.315599    19.2172    9.0004
11.246799    19.0812    9.0004
11.2067995    18.9972    9.0004
11.1876    18.9564    9.0004
11.1276    18.8228    9.0004
11.125999    18.8196    9.0004
11.1244    18.816399    9.0004
11.0692    18.6924    9.0004
10.9972    18.518    9.0004
10.981999    18.4828    9.0004
10.9804    18.4788    9.0004
10.9108    18.301199    9.0004
10.9028    18.2796    9.0004
10.861199    18.1628    9.0004
10.8468    18.1236    9.0004
10.8043995    18.0116    9.0004
10.7772    17.9396    9.0004
10.7684    17.9124    9.0004
10.729199    17.8044    9.0004
10.71    17.75    9.0004
10.6876    17.6836    9.0004
10.6852    17.6764    9.0004
10.6612    17.6012    9.0004
10.6491995    17.562    9.0004
10.6476    17.5572    9.0004
10.6236    17.4916    9.0004
10.597199    17.3996    9.0004
10.5788    17.3324    9.0004
10.5764    17.322    9.0004
10.568399    17.293999    9.0004
10.5515995    17.232399    9.0004
10.5492    17.2228    9.0004
10.538    17.182    9.0004
10.5356    17.1724    9.0004
10.5324    17.1612    9.0004
10.528399    17.1492    9.0004
10.5244    17.1324    9.0004
10.5148    17.094799    9.0004
10.5132    17.0884    9.0004
10.506    17.059599    9.0004
10.499599    17.038    9.0004
10.4972    17.022    9.0004
10.4748    16.9236    9.0004
10.4724    16.9172    9.0004
10.4716    16.914799    9.0004
10.4716    16.9116    9.0004
10.465199    16.8852    9.0004
10.4539995    16.8372    9.0004
10.4484    16.810799    9.0004
10.4316    16.725199    9.0004
10.4284    16.71    9.0004
10.424399    16.6836    9.0004
10.418799    16.6572    9.0004
10.4084    16.602    9.0004
10.395599    16.5164    9.0004
10.3892    16.466    9.0004
10.3812    16.4068    9.0004
10.373199    16.3388    9.0004
10.3644    16.2588    9.0004
10.3604    16.2036    9.0004
10.3572    16.1756    9.0004
10.3572    16.1484    9.0004
10.3508    16.048399    9.0004
10.349199    16.018    9.0004
10.346    15.9276    9.0004
10.346    15.912399    9.0004
10.346    15.882799    9.0004
10.3468    15.728399    9.0004
10.3476    15.694799    9.0004
10.3468    15.61    9.0004
10.3476    15.5756    9.0004
10.3476    15.504399    9.0004
10.3452    15.398    9.0004
10.346    15.389999    9.0004
10.3452    15.348399    9.0004
10.3452    15.282    9.0004
10.343599    15.240399    9.0004
10.343599    15.2188    9.0004
10.3428    15.194799    9.0004
10.3396    15.102799    9.0004
10.3396    15.0996    9.0004
10.3356    15.0132    9.0004
10.3356    15.0116    9.0004
10.3276    14.9388    9.0004
10.3276    14.938    9.0004
10.3276    14.9372    9.0004
10.3236    14.8884    9.0004
10.318    14.848399    9.0004
10.3124    14.814799    9.0004
10.309199    14.785199    9.0004
10.3068    14.757199    9.0004
10.2884    14.642799    9.0004
10.286799    14.6324    9.0004
10.274    14.5532    9.0004
10.269199    14.527599    9.0004
10.2676    14.516399    9.0004
10.2548    14.434799    9.0004
10.246799    14.389199    9.0004
10.2276    14.2788    9.0004
10.2067995    14.17    9.0004
10.200399    14.136399    9.0004
10.1804    14.0308    9.0004
10.1779995    14.016399    9.0004
10.177199    14.009999    9.0004
10.1684    13.963599    9.0004
10.1476    13.8484    9.0004
10.1435995    13.8244    9.0004
10.125999    13.7276    9.0004
10.120399    13.6988    9.0004
10.1036    13.608399    9.0004
10.0956    13.561199    9.0004
10.0716    13.4204    9.0004
10.0652    13.3876    9.0004
10.0484    13.2884    9.0004
10.03    13.148399    9.0004
10.028399    13.1404    9.0004
10.027599    13.136399    9.0004
10.0092    13.016399    9.0004
10.0004    12.953199    9.0004
9.9939995    12.901199    9.0004
9.9868    12.842    9.0004
9.978    12.7532    9.0004
9.9676    12.6435995    9.0004
9.9668    12.6396    9.0004
9.9668    12.637199    9.0004
9.965199    12.618799    9.0004
9.958799    12.544399    9.0004
9.958799    12.5372    9.0004
9.958    12.528399    9.0004
9.9492    12.4148    9.0004
9.947599    12.389999    9.0004
9.9436    12.2876    9.0004
9.941999    12.2652    9.0004
9.9396    12.2148    9.0004
