21.007599    30.5012    12.3004
21.0204    30.487598    12.3004
21.0452    30.4548    12.3004
21.0548    30.4436    12.3004
21.076399    30.418    12.3004
21.081999    30.4124    12.3004
21.1164    30.3732    12.3004
21.1252    30.364399    12.3004
21.1484    30.3396    12.3004
21.1516    30.3364    12.3004
21.1836    30.305199    12.3004
21.2156    30.275599    12.3004
21.2244    30.268398    12.3004
21.2348    30.258799    12.3004
21.271599    30.2284    12.3004
21.302    30.2076    12.3004
21.3132    30.199598    12.3004
21.3252    30.191599    12.3004
21.3564    30.169199    12.3004
21.4068    30.1388    12.3004
21.4188    30.130798    12.3004
21.4404    30.1188    12.3004
21.4844    30.094799    12.3004
21.498    30.0884    12.3004
21.541199    30.0684    12.3004
21.602    30.042    12.3004
21.618    30.0348    12.3004
21.6476    30.022799    12.3004
21.7004    30.001999    12.3004
21.712399    29.998    12.3004
21.753199    29.9844    12.3004
21.7692    29.9788    12.3004
21.827599    29.9628    12.3004
21.838    29.959599    12.3004
21.8612    29.9548    12.3004
21.901999    29.9452    12.3004
21.9124    29.9436    12.3004
21.946    29.937199    12.3004
21.9844    29.929998    12.3004
22.0332    29.925999    12.3004
22.0396    29.9252    12.3004
22.0548    29.924398    12.3004
22.0868    29.921999    12.3004
22.1076    29.921999    12.3004
22.1332    29.9228    12.3004
22.1604    29.925999    12.3004
22.1612    29.925999    12.3004
22.1644    29.925999    12.3004
22.1668    29.925999    12.3004
22.1908    29.931599    12.3004
22.1924    29.9324    12.3004
22.212399    29.935598    12.3004
22.2204    29.938    12.3004
22.2412    29.946    12.3004
22.2564    29.953999    12.3004
22.2612    29.9564    12.3004
22.2668    29.9604    12.3004
22.293999    29.9804    12.3004
22.321999    30.0052    12.3004
22.3244    30.0068    12.3004
22.354    30.0348    12.3004
22.364399    30.045198    12.3004
22.39    30.07    12.3004
22.403599    30.0828    12.3004
22.4116    30.094    12.3004
22.4268    30.111599    12.3004
22.438799    30.1332    12.3004
22.4404    30.136398    12.3004
22.442    30.1388    12.3004
22.4516    30.1596    12.3004
22.4516    30.163599    12.3004
22.4516    30.174799    12.3004
22.449999    30.2108    12.3004
22.4508    30.217999    12.3004
22.4468    30.2412    12.3004
22.446    30.2444    12.3004
22.446    30.2452    12.3004
22.4396    30.2708    12.3004
22.4356    30.2836    12.3004
22.4292    30.3028    12.3004
22.4284    30.314798    12.3004
22.4292    30.33    12.3004
22.433199    30.3468    12.3004
22.4348    30.355598    12.3004
22.4452    30.386    12.3004
22.4476    30.394    12.3004
22.4532    30.4172    12.3004
22.4508    30.434    12.3004
22.4492    30.446    12.3004
22.4468    30.4492    12.3004
22.437199    30.4676    12.3004
22.4196    30.493198    12.3004
22.4132    30.501999    12.3004
22.407598    30.5084    12.3004
22.390799    30.5268    12.3004
22.3692    30.5532    12.3004
22.362    30.5604    12.3004
22.3372    30.5844    12.3004
22.3204    30.598799    12.3004
22.3084    30.608398    12.3004
22.2924    30.619598    12.3004
22.286    30.622799    12.3004
22.2412    30.645199    12.3004
22.2292    30.65    12.3004
22.2164    30.6556    12.3004
22.2052    30.6612    12.3004
22.1892    30.6668    12.3004
22.145199    30.6812    12.3004
22.1068    30.691599    12.3004
22.098799    30.6932    12.3004
22.0844    30.6948    12.3004
22.0604    30.699598    12.3004
22.042    30.7004    12.3004
22.0268    30.701199    12.3004
22.007599    30.7004    12.3004
22.0052    30.7004    12.3004
21.966799    30.693998    12.3004
21.962    30.6932    12.3004
21.958    30.6932    12.3004
21.907598    30.678    12.3004
21.89    30.673199    12.3004
21.8724    30.669199    12.3004
21.8596    30.67    12.3004
21.845999    30.6668    12.3004
21.834799    30.6684    12.3004
21.8196    30.67    12.3004
21.8132    30.6708    12.3004
21.812399    30.6708    12.3004
21.732399    30.6892    12.3004
21.6604    30.706    12.3004
21.528399    30.737999    12.3004
21.5252    30.7388    12.3004
21.511599    30.740398    12.3004
21.4604    30.7484    12.3004
21.453999    30.747599    12.3004
21.4252    30.75    12.3004
21.382    30.7508    12.3004
21.3676    30.751598    12.3004
21.282    30.747599    12.3004
21.2388    30.745998    12.3004
21.2332    30.7452    12.3004
21.206    30.7444    12.3004
21.143599    30.7428    12.3004
21.1108    30.7388    12.3004
21.0844    30.734798    12.3004
21.029999    30.7188    12.3004
21.0156    30.7116    12.3004
20.9844    30.6924    12.3004
20.966799    30.678799    12.3004
20.946    30.6612    12.3004
20.9396    30.6516    12.3004
20.937199    30.6356    12.3004
20.9364    30.6316    12.3004
20.9364    30.626    12.3004
20.938799    30.617199    12.3004
20.946    30.594    12.3004
20.9604    30.57    12.3004
20.9676    30.5548    12.3004
20.9756    30.542799    12.3004
20.986    30.5292    12.3004
20.996399    30.515598    12.3004
21.007599    30.5012    12.3004
