1.7731999    33.1012    22.2004
1.8307999    33.079597    22.2004
1.874    33.0596    22.2004
1.8892    33.054    22.2004
1.9003999    33.0508    22.2004
1.9267999    33.038    22.2004
1.9355999    33.038    22.2004
1.9643999    33.0308    22.2004
1.9851999    33.045998    22.2004
1.9932    33.057198    22.2004
2.0147998    33.088398    22.2004
2.0316    33.1156    22.2004
2.0492    33.166798    22.2004
2.0556    33.177998    22.2004
2.0812    33.25    22.2004
2.1004    33.2684    22.2004
2.1116    33.2868    22.2004
2.1564    33.322    22.2004
2.2012    33.363598    22.2004
2.2108    33.3836    22.2004
2.2187998    33.3924    22.2004
2.2236    33.447598    22.2004
2.2236    33.458    22.2004
2.2236    33.4628    22.2004
2.2236    33.473198    22.2004
2.2196    33.5212    22.2004
2.2115998    33.534798    22.2004
2.1987998    33.5436    22.2004
2.1868    33.5396    22.2004
2.1764    33.5372    22.2004
2.0916    33.4948    22.2004
2.0836    33.4964    22.2004
2.0723999    33.501198    22.2004
2.0604    33.53    22.2004
2.0507998    33.5612    22.2004
2.0468    33.605198    22.2004
2.0428    33.638798    22.2004
2.0332    33.7252    22.2004
2.03    33.7492    22.2004
2.0291998    33.7588    22.2004
2.0276    33.8484    22.2004
2.0276    33.898    22.2004
2.0268    33.926    22.2004
2.0276    33.9628    22.2004
2.03    34.0668    22.2004
2.0324    34.101997    22.2004
2.0348    34.202    22.2004
2.0363998    34.245197    22.2004
2.0379999    34.281998    22.2004
2.0396    34.3396    22.2004
2.042    34.3892    22.2004
2.0451999    34.434    22.2004
2.0484    34.4708    22.2004
2.0572    34.5444    22.2004
2.0604    34.5924    22.2004
2.066    34.661198    22.2004
2.0684    34.7124    22.2004
2.0708    34.7476    22.2004
2.0716    34.7676    22.2004
2.0748    34.814    22.2004
2.074    34.826797    22.2004
2.0756    34.857998    22.2004
2.074    34.8764    22.2004
2.0732    34.9068    22.2004
2.0723999    34.9132    22.2004
2.0708    34.938    22.2004
2.0708    34.9604    22.2004
2.0684    34.981197    22.2004
2.0676    35.0116    22.2004
2.0636    35.0388    22.2004
2.062    35.0548    22.2004
2.0604    35.0732    22.2004
2.0579998    35.0948    22.2004
2.0548    35.114    22.2004
2.0507998    35.1284    22.2004
2.0476    35.1404    22.2004
2.046    35.1508    22.2004
2.0396    35.17    22.2004
2.0363998    35.182    22.2004
2.0244    35.214    22.2004
2.0235999    35.217197    22.2004
2.0228    35.2196    22.2004
2.0188    35.2276    22.2004
1.9948    35.2788    22.2004
1.9707999    35.318798    22.2004
1.9627999    35.332397    22.2004
1.9491999    35.3476    22.2004
1.9372    35.3708    22.2004
1.93    35.374    22.2004
1.926    35.377197    22.2004
1.8948    35.3788    22.2004
1.8915999    35.3788    22.2004
1.89    35.3788    22.2004
1.8435999    35.374    22.2004
1.8363999    35.3724    22.2004
1.7972    35.3644    22.2004
1.7852    35.3612    22.2004
1.7284    35.3452    22.2004
1.726    35.3452    22.2004
1.6852    35.3284    22.2004
1.6739999    35.3228    22.2004
1.6467999    35.3092    22.2004
1.6195999    35.2924    22.2004
1.602    35.2804    22.2004
1.5564    35.2436    22.2004
1.5516    35.238    22.2004
1.546    35.2324    22.2004
1.5347999    35.220398    22.2004
1.5347999    35.2196    22.2004
1.5316    35.1908    22.2004
1.5339999    35.1676    22.2004
1.5372    35.149998    22.2004
1.5468    35.0564    22.2004
1.5524    35.0212    22.2004
1.5572    35.0004    22.2004
1.5588    34.9916    22.2004
1.5683999    34.973198    22.2004
1.5788    34.9604    22.2004
1.5876    34.946    22.2004
1.5956    34.9356    22.2004
1.6107999    34.922    22.2004
1.6348    34.8932    22.2004
1.6403999    34.8876    22.2004
1.6484    34.8732    22.2004
1.6556    34.8628    22.2004
1.6564    34.842    22.2004
1.6531999    34.829998    22.2004
1.6459999    34.818798    22.2004
1.6356    34.798798    22.2004
1.6212    34.776398    22.2004
1.6092    34.756397    22.2004
1.5835999    34.7188    22.2004
1.5771999    34.71    22.2004
1.5748    34.7052    22.2004
1.5555999    34.6748    22.2004
1.5532    34.6644    22.2004
1.5452    34.638    22.2004
1.5388    34.618797    22.2004
1.5275999    34.554    22.2004
1.5275999    34.5532    22.2004
1.5275999    34.5524    22.2004
1.5267999    34.5492    22.2004
1.5188    34.4908    22.2004
1.5172    34.4604    22.2004
1.5164    34.4468    22.2004
1.5188    34.4156    22.2004
1.5188    34.4092    22.2004
1.522    34.382797    22.2004
1.522    34.3796    22.2004
1.5228    34.3764    22.2004
1.5267999    34.3588    22.2004
1.5284    34.354    22.2004
1.5292    34.352398    22.2004
1.5396    34.3292    22.2004
1.5508    34.3172    22.2004
1.5652    34.3052    22.2004
1.5763999    34.2804    22.2004
1.5812    34.2756    22.2004
1.5827999    34.265198    22.2004
1.5804    34.2444    22.2004
1.574    34.2308    22.2004
1.566    34.2108    22.2004
1.5524    34.1868    22.2004
1.546    34.1748    22.2004
1.5452    34.1732    22.2004
1.5403999    34.1652    22.2004
1.5267999    34.142    22.2004
1.486    34.0732    22.2004
1.4796    34.057198    22.2004
1.4724    34.040398    22.2004
1.4692    34.022    22.2004
1.466    34.0132    22.2004
1.454    33.9204    22.2004
1.4524    33.9044    22.2004
1.4516    33.894    22.2004
1.4491999    33.846    22.2004
1.4499999    33.818    22.2004
1.4516    33.815598    22.2004
1.4684    33.8012    22.2004
1.4692    33.8012    22.2004
1.4707999    33.8012    22.2004
1.4748    33.7972    22.2004
1.4956    33.778    22.2004
1.4972    33.753998    22.2004
1.5004    33.7476    22.2004
1.49    33.7252    22.2004
1.4907999    33.7188    22.2004
1.4724    33.6908    22.2004
1.4692    33.6828    22.2004
1.4596    33.6652    22.2004
1.4491999    33.6452    22.2004
1.446    33.6364    22.2004
1.4435999    33.6292    22.2004
1.4347999    33.61    22.2004
1.4275999    33.5836    22.2004
1.4244    33.571598    22.2004
1.4219999    33.5564    22.2004
1.4188    33.538    22.2004
1.4164    33.5164    22.2004
1.4139999    33.475597    22.2004
1.4139999    33.4236    22.2004
1.4147999    33.3788    22.2004
1.4164    33.346    22.2004
1.418    33.3228    22.2004
1.4228    33.29    22.2004
1.4236    33.2828    22.2004
1.426    33.276398    22.2004
1.43    33.2692    22.2004
1.4412    33.239597    22.2004
1.4452    33.233997    22.2004
1.4571999    33.2132    22.2004
1.4692    33.197998    22.2004
1.4748    33.1932    22.2004
1.4868    33.189198    22.2004
1.4987999    33.1828    22.2004
1.5164    33.1796    22.2004
1.5259999    33.1764    22.2004
1.5436    33.17    22.2004
1.5588    33.166798    22.2004
1.5804    33.161198    22.2004
1.6195999    33.1524    22.2004
1.666    33.1364    22.2004
1.6739999    33.1348    22.2004
1.686    33.1308    22.2004
1.7276    33.118797    22.2004
1.7731999    33.1012    22.2004
