12.8748    0.4996    15.9004
13.322    0.51159996    15.9004
13.5988    0.518    15.9004
14.2212    0.53319997    15.9004
14.5596    0.5412    15.9004
14.6172    0.5428    15.9004
14.625199    0.5428    15.9004
14.636399    0.5428    15.9004
14.641999    0.5428    15.9004
14.6556    0.5452    15.9004
14.660399    0.546    15.9004
14.6684    0.5556    15.9004
14.6756    0.5628    15.9004
14.676399    0.56439996    15.9004
14.6779995    0.5676    15.9004
14.682799    0.5948    15.9004
14.7044    0.7028    15.9004
14.7044    0.7036    15.9004
14.7212    0.8276    15.9004
14.7244    0.8556    15.9004
14.7332    0.94119996    15.9004
14.733999    0.9492    15.9004
14.7388    1.01    15.9004
14.7388    1.0428    15.9004
14.739599    1.0804    15.9004
14.7388    1.0996    15.9004
14.7372    1.1331999    15.9004
14.7355995    1.1539999    15.9004
14.7316    1.194    15.9004
14.729199    1.2164    15.9004
14.7252    1.2396    15.9004
14.717199    1.2852    15.9004
14.711599    1.31    15.9004
14.7067995    1.3284    15.9004
14.694799    1.378    15.9004
14.689199    1.3948    15.9004
14.683599    1.4116    15.9004
14.6684    1.4676    15.9004
14.660399    1.49    15.9004
14.646    1.5308    15.9004
14.630799    1.5748    15.9004
14.6236    1.5916    15.9004
14.6052    1.6395999    15.9004
14.585199    1.6844    15.9004
14.584399    1.6852    15.9004
14.584399    1.686    15.9004
14.5836    1.6868    15.9004
14.5532    1.7492    15.9004
14.5372    1.7803999    15.9004
14.5148    1.818    15.9004
14.5076    1.8299999    15.9004
14.49    1.8563999    15.9004
14.4748    1.8787999    15.9004
14.4539995    1.9067999    15.9004
14.4396    1.926    15.9004
14.4212    1.9483999    15.9004
14.406799    1.966    15.9004
14.3924    1.9812    15.9004
14.3508    2.0235999    15.9004
14.3508    2.0244    15.9004
14.349999    2.0252    15.9004
14.3076    2.0628    15.9004
14.2724    2.0916    15.9004
14.252399    2.1076    15.9004
14.2428    2.1148    15.9004
14.2084    2.1436    15.9004
14.1972    2.1516    15.9004
14.1564    2.1828    15.9004
14.154799    2.1843998    15.9004
14.147599    2.1892    15.9004
14.118799    2.2115998    15.9004
14.095599    2.2308    15.9004
14.0803995    2.2412    15.9004
14.045199    2.2707999    15.9004
14.042    2.2724    15.9004
14.0364    2.2772    15.9004
14.010799    2.2956    15.9004
14.0068    2.3004    15.9004
13.992399    2.3123999    15.9004
13.958799    2.338    15.9004
13.9324    2.3588    15.9004
13.9108    2.3748    15.9004
13.884399    2.3948    15.9004
13.8564    2.414    15.9004
13.8292    2.4308    15.9004
13.7948    2.4515998    15.9004
13.778    2.4612    15.9004
13.7716    2.4636    15.9004
13.740399    2.4764    15.9004
13.734799    2.478    15.9004
13.6964    2.4891999    15.9004
13.694799    2.4891999    15.9004
13.6692    2.49    15.9004
13.6444    2.4916    15.9004
13.641999    2.4924    15.9004
13.638    2.4916    15.9004
13.5859995    2.4844    15.9004
13.5524    2.4756    15.9004
13.5236    2.4692    15.9004
13.475599    2.4556    15.9004
13.4556    2.4484    15.9004
13.4148    2.4332    15.9004
13.3508    2.4043999    15.9004
13.346    2.4027998    15.9004
13.342799    2.4004    15.9004
13.332399    2.3948    15.9004
13.292399    2.3732    15.9004
13.242    2.3364    15.9004
13.2411995    2.3364    15.9004
13.240399    2.3356    15.9004
13.2092    2.3051999    15.9004
13.1916    2.2876    15.9004
13.171599    2.266    15.9004
13.137199    2.2275999    15.9004
13.0924    2.1715999    15.9004
13.0828    2.1627998    15.9004
13.0492    2.1236    15.9004
13.042    2.1148    15.9004
13.0292    2.1028    15.9004
13.009999    2.0795999    15.9004
12.9908    2.0604    15.9004
12.9692    2.0348    15.9004
12.9444    2.0116    15.9004
12.906799    1.9715999    15.9004
12.894799    1.9612    15.9004
12.8764    1.9444    15.9004
12.854799    1.9244    15.9004
12.8476    1.9156    15.9004
12.8308    1.898    15.9004
12.808399    1.8756    15.9004
12.79    1.8571999    15.9004
12.746799    1.8108    15.9004
12.733999    1.7955999    15.9004
12.7148    1.7716    15.9004
12.6956    1.7476    15.9004
12.6844    1.7315999    15.9004
12.6636    1.7019999    15.9004
12.6444    1.6708    15.9004
12.6396    1.6644    15.9004
12.6164    1.6243999    15.9004
12.613199    1.6187999    15.9004
12.594    1.5804    15.9004
12.5892    1.5691999    15.9004
12.5884    1.5676    15.9004
12.5652    1.5156    15.9004
12.549999    1.4724    15.9004
12.5428    1.4491999    15.9004
12.5372    1.4324    15.9004
12.5188    1.3651999    15.9004
12.510799    1.3363999    15.9004
12.5004    1.2836    15.9004
12.4956    1.2564    15.9004
12.4892    1.2179999    15.9004
12.486799    1.1996    15.9004
12.486    1.1948    15.9004
12.4852    1.1876    15.9004
12.4772    1.1132    15.9004
12.4748    1.0812    15.9004
12.4724    1.0356    15.9004
12.4716    0.9956    15.9004
12.4716    0.97639996    15.9004
12.4724    0.94439995    15.9004
12.4748    0.90199995    15.9004
12.476399    0.87799996    15.9004
12.4804    0.8164    15.9004
12.481199    0.80759996    15.9004
12.487599    0.75159997    15.9004
12.4883995    0.746    15.9004
12.498    0.6924    15.9004
12.5124    0.6292    15.9004
12.518    0.6044    15.9004
12.528399    0.5692    15.9004
12.53    0.56439996    15.9004
12.539599    0.54359996    15.9004
12.542    0.5388    15.9004
12.5428    0.538    15.9004
12.5436    0.538    15.9004
12.57    0.5124    15.9004
12.590799    0.50119996    15.9004
12.602799    0.4956    15.9004
12.620399    0.4956    15.9004
12.630799    0.4948    15.9004
12.6348    0.4948    15.9004
12.6556    0.4956    15.9004
12.7092    0.49719998    15.9004
12.8748    0.4996    15.9004
