16.6188    12.773999    1.5004
16.6348    12.8012    1.5004
16.646    12.820399    1.5004
16.661999    12.855599    1.5004
16.669199    12.87    1.5004
16.6828    12.900399    1.5004
16.6892    12.9148    1.5004
16.713999    12.9828    1.5004
16.7172    12.992399    1.5004
16.7332    13.039599    1.5004
16.741999    13.067599    1.5004
16.758    13.1156    1.5004
16.7588    13.118799    1.5004
16.7796    13.19    1.5004
16.784399    13.21    1.5004
16.789999    13.2355995    1.5004
16.793999    13.2532    1.5004
16.7948    13.263599    1.5004
16.7972    13.280399    1.5004
16.798    13.2956    1.5004
16.799599    13.309199    1.5004
16.7988    13.337199    1.5004
16.7988    13.337999    1.5004
16.7988    13.338799    1.5004
16.793999    13.3652    1.5004
16.7908    13.373199    1.5004
16.7868    13.3907995    1.5004
16.7764    13.4148    1.5004
16.7756    13.4164    1.5004
16.7708    13.423599    1.5004
16.7612    13.441999    1.5004
16.760399    13.4444    1.5004
16.754    13.4539995    1.5004
16.7444    13.4716    1.5004
16.726799    13.499599    1.5004
16.726    13.5004    1.5004
16.7164    13.5124    1.5004
16.6988    13.533199    1.5004
16.698    13.5348    1.5004
16.6948    13.5372    1.5004
16.67    13.5652    1.5004
16.6596    13.573199    1.5004
16.6412    13.5884    1.5004
16.622    13.601999    1.5004
16.614    13.608399    1.5004
16.59    13.6236    1.5004
16.587599    13.625199    1.5004
16.57    13.634    1.5004
16.5492    13.6452    1.5004
16.5476    13.646    1.5004
16.546    13.6468    1.5004
16.524399    13.658    1.5004
16.4844    13.677199    1.5004
16.4812    13.6788    1.5004
16.479599    13.6796    1.5004
16.4476    13.6916    1.5004
16.431599    13.694799    1.5004
16.421999    13.698    1.5004
16.402    13.702    1.5004
16.3956    13.7028    1.5004
16.3836    13.7028    1.5004
16.368399    13.7036    1.5004
16.362799    13.7036    1.5004
16.3324    13.7044    1.5004
16.3116    13.7036    1.5004
16.2812    13.700399    1.5004
16.243599    13.6964    1.5004
16.218    13.6932    1.5004
16.1964    13.6916    1.5004
16.161999    13.686    1.5004
16.1404    13.681999    1.5004
16.1092    13.6748    1.5004
16.0836    13.67    1.5004
16.0724    13.6676    1.5004
16.038    13.659599    1.5004
16.0044    13.6508    1.5004
15.9956    13.647599    1.5004
15.941199    13.6324    1.5004
15.929999    13.6284    1.5004
15.9204    13.624399    1.5004
15.8988    13.6108    1.5004
15.8963995    13.61    1.5004
15.894    13.607599    1.5004
15.8708    13.585199    1.5004
15.866799    13.578    1.5004
15.854799    13.554    1.5004
15.849199    13.538    1.5004
15.8468    13.5292    1.5004
15.846    13.5244    1.5004
15.8396    13.4956    1.5004
15.837999    13.4892    1.5004
15.8292    13.441999    1.5004
15.822    13.3963995    1.5004
15.8188    13.3748    1.5004
15.815599    13.337999    1.5004
15.813999    13.3076    1.5004
15.8108    13.257199    1.5004
15.809199    13.2372    1.5004
15.8076    13.1876    1.5004
15.8076    13.183599    1.5004
15.8076    13.177199    1.5004
15.8076    13.125999    1.5004
15.809199    13.0948    1.5004
15.809999    13.067599    1.5004
15.8124    13.0308    1.5004
15.8132    13.0124    1.5004
15.818    12.9684    1.5004
15.818    12.964399    1.5004
15.8188    12.9628    1.5004
15.825999    12.914    1.5004
15.8292    12.8963995    1.5004
15.834    12.8804    1.5004
15.838799    12.8628    1.5004
15.842799    12.8484    1.5004
15.8468    12.8348    1.5004
15.854799    12.8188    1.5004
15.861199    12.8076    1.5004
15.8675995    12.7948    1.5004
15.874    12.7828    1.5004
15.8852    12.7668    1.5004
15.8924    12.7556    1.5004
15.9028    12.7436    1.5004
15.918799    12.7252    1.5004
15.923599    12.7204    1.5004
15.9388    12.7084    1.5004
15.951599    12.6972    1.5004
15.974    12.6804    1.5004
15.9788    12.677199    1.5004
15.981199    12.6756    1.5004
15.9836    12.674    1.5004
16.018    12.653999    1.5004
16.0324    12.647599    1.5004
16.062    12.6332    1.5004
16.0828    12.625199    1.5004
16.1028    12.6172    1.5004
16.1444    12.6052    1.5004
16.17    12.597199    1.5004
16.2188    12.5884    1.5004
16.2428    12.5828    1.5004
16.2924    12.5756    1.5004
16.3004    12.5748    1.5004
16.3092    12.5748    1.5004
16.342    12.5748    1.5004
16.3652    12.578799    1.5004
16.3668    12.578799    1.5004
16.368399    12.578799    1.5004
16.3732    12.579599    1.5004
16.3932    12.5828    1.5004
16.4172    12.590799    1.5004
16.4212    12.5924    1.5004
16.4516    12.606    1.5004
16.4524    12.6068    1.5004
16.4716    12.6172    1.5004
16.4748    12.619599    1.5004
16.4772    12.6212    1.5004
16.4828    12.625999    1.5004
16.5052    12.642799    1.5004
16.524399    12.6588    1.5004
16.5348    12.6684    1.5004
16.5604    12.6972    1.5004
16.562    12.6988    1.5004
16.5628    12.699599    1.5004
16.565199    12.7028    1.5004
16.5852    12.726    1.5004
16.6012    12.75    1.5004
16.6108    12.762    1.5004
16.6188    12.773999    1.5004
