15.4572    35.1716    15.3004
15.457999    35.1732    15.3004
15.458799    35.1756    15.3004
15.470799    35.21    15.3004
15.4788    35.2292    15.3004
15.492399    35.2476    15.3004
15.5171995    35.266    15.3004
15.5244    35.2724    15.3004
15.526    35.2732    15.3004
15.53    35.2756    15.3004
15.5876    35.3076    15.3004
15.598    35.314    15.3004
15.6116    35.3236    15.3004
15.6236    35.3348    15.3004
15.6348    35.349197    15.3004
15.637199    35.354797    15.3004
15.638    35.3572    15.3004
15.6435995    35.3892    15.3004
15.6444    35.406    15.3004
15.6444    35.4204    15.3004
15.642799    35.434    15.3004
15.6435995    35.4468    15.3004
15.642799    35.450798    15.3004
15.638    35.4708    15.3004
15.635599    35.4772    15.3004
15.631599    35.494    15.3004
15.6236    35.506    15.3004
15.61    35.529198    15.3004
15.591599    35.5508    15.3004
15.5868    35.5556    15.3004
15.585199    35.558    15.3004
15.5812    35.562798    15.3004
15.561199    35.582    15.3004
15.554    35.5916    15.3004
15.544399    35.6036    15.3004
15.537999    35.6156    15.3004
15.528399    35.635597    15.3004
15.5252    35.6524    15.3004
15.5227995    35.6628    15.3004
15.521999    35.6692    15.3004
15.5171995    35.711597    15.3004
15.516399    35.722    15.3004
15.5116    35.7436    15.3004
15.510799    35.75    15.3004
15.5028    35.7628    15.3004
15.4964    35.7788    15.3004
15.4732    35.804398    15.3004
15.470799    35.8068    15.3004
15.469999    35.8076    15.3004
15.4428    35.824398    15.3004
15.4276    35.8332    15.3004
15.4156    35.8388    15.3004
15.3988    35.8452    15.3004
15.386    35.8484    15.3004
15.3596    35.8564    15.3004
15.3348    35.8588    15.3004
15.274799    35.865997    15.3004
15.256399    35.8676    15.3004
15.2484    35.8684    15.3004
15.2324    35.8724    15.3004
15.217999    35.874798    15.3004
15.2148    35.8764    15.3004
15.193999    35.8868    15.3004
15.1908    35.888397    15.3004
15.1852    35.8924    15.3004
15.1636    35.9076    15.3004
15.160399    35.9092    15.3004
15.142799    35.925198    15.3004
15.1268    35.939598    15.3004
15.1236    35.9484    15.3004
15.1108    35.9748    15.3004
15.113199    35.986    15.3004
15.1172    36.0052    15.3004
15.1388    36.057198    15.3004
15.1388    36.0588    15.3004
15.1396    36.0596    15.3004
15.1524    36.1004    15.3004
15.1564    36.116398    15.3004
15.1628    36.146    15.3004
15.1628    36.1476    15.3004
15.171599    36.1844    15.3004
15.1723995    36.1884    15.3004
15.1723995    36.189198    15.3004
15.189199    36.233997    15.3004
15.2076    36.276398    15.3004
15.211599    36.2844    15.3004
15.217199    36.302    15.3004
15.2204    36.3124    15.3004
15.2204    36.3164    15.3004
15.2212    36.337997    15.3004
15.217199    36.346    15.3004
15.211599    36.362    15.3004
15.2084    36.3676    15.3004
15.1988    36.385998    15.3004
15.188399    36.4004    15.3004
15.182799    36.41    15.3004
15.160399    36.4404    15.3004
15.1508    36.4524    15.3004
15.136399    36.467598    15.3004
15.134    36.4692    15.3004
15.0988    36.4972    15.3004
15.0988    36.497997    15.3004
15.098    36.497997    15.3004
15.094    36.5004    15.3004
15.033999    36.534798    15.3004
15.010799    36.5476    15.3004
14.9939995    36.5604    15.3004
14.992399    36.5612    15.3004
14.986    36.568398    15.3004
14.9716    36.5836    15.3004
14.966    36.599598    15.3004
14.958799    36.616398    15.3004
14.9564    36.624397    15.3004
14.9436    36.6748    15.3004
14.9324    36.717197    15.3004
14.9316    36.7196    15.3004
14.9212    36.7556    15.3004
14.9108    36.787598    15.3004
14.9108    36.7884    15.3004
14.91    36.7892    15.3004
14.8972    36.8108    15.3004
14.8907995    36.818    15.3004
14.854    36.8588    15.3004
14.83    36.885998    15.3004
14.8076    36.9108    15.3004
14.7996    36.9204    15.3004
14.8012    36.9276    15.3004
14.797199    36.950798    15.3004
14.803599    36.9604    15.3004
14.818    36.982    15.3004
14.820399    36.986    15.3004
14.8364    37.0116    15.3004
14.837999    37.014    15.3004
14.8476    37.0428    15.3004
14.848399    37.0444    15.3004
14.855599    37.077198    15.3004
14.8596    37.0924    15.3004
14.860399    37.0948    15.3004
14.8764    37.1316    15.3004
14.8796    37.1348    15.3004
14.9092    37.1628    15.3004
14.9428    37.186    15.3004
14.9444    37.1868    15.3004
14.946799    37.1884    15.3004
14.9492    37.19    15.3004
14.9724    37.2124    15.3004
14.9732    37.2132    15.3004
14.99    37.2388    15.3004
14.992399    37.2444    15.3004
15.0004    37.2604    15.3004
15.003599    37.270798    15.3004
15.010799    37.2996    15.3004
15.014    37.3108    15.3004
15.0196    37.3388    15.3004
15.021999    37.3452    15.3004
15.0236    37.3588    15.3004
15.026799    37.3812    15.3004
15.027599    37.3908    15.3004
15.032399    37.4228    15.3004
15.032399    37.43    15.3004
15.0316    37.4388    15.3004
15.0316    37.458    15.3004
15.03    37.475597    15.3004
15.0292    37.4964    15.3004
15.0292    37.506798    15.3004
15.021199    37.5364    15.3004
15.0204    37.5436    15.3004
15.018    37.5508    15.3004
15.0092    37.578    15.3004
15.0012    37.598    15.3004
14.9828    37.6428    15.3004
14.9595995    37.689198    15.3004
14.946799    37.714    15.3004
14.935599    37.7324    15.3004
14.912399    37.770798    15.3004
14.9092    37.7756    15.3004
14.871599    37.829998    15.3004
14.8532    37.854    15.3004
14.8228    37.893997    15.3004
14.822    37.8948    15.3004
14.819599    37.897198    15.3004
14.7964    37.9204    15.3004
14.7876    37.9276    15.3004
14.7708    37.939598    15.3004
14.757999    37.9516    15.3004
14.7444    37.9596    15.3004
14.7364    37.9716    15.3004
14.722799    37.986797    15.3004
14.721999    37.9948    15.3004
14.7148    38.014    15.3004
14.7156    38.0172    15.3004
14.7123995    38.042    15.3004
14.7204    38.0588    15.3004
14.7244    38.0692    15.3004
14.7252    38.0724    15.3004
14.739599    38.0956    15.3004
14.7411995    38.099598    15.3004
14.762    38.129997    15.3004
14.7699995    38.1428    15.3004
14.7708    38.1436    15.3004
14.773999    38.1492    15.3004
14.7876    38.1756    15.3004
14.79    38.1828    15.3004
14.7964    38.2044    15.3004
14.8004    38.225998    15.3004
14.802799    38.2388    15.3004
14.8052    38.2628    15.3004
14.806    38.2668    15.3004
14.803599    38.29    15.3004
14.803599    38.2972    15.3004
14.7987995    38.3196    15.3004
14.7987995    38.324398    15.3004
14.7956    38.335598    15.3004
14.7908    38.352398    15.3004
14.7755995    38.388397    15.3004
14.7708    38.399597    15.3004
14.769199    38.4036    15.3004
14.7372    38.45    15.3004
14.7324    38.458797    15.3004
14.714    38.486    15.3004
14.7012    38.5044    15.3004
14.6868    38.5244    15.3004
14.6668    38.5444    15.3004
14.659599    38.5508    15.3004
14.6388    38.5612    15.3004
14.6292    38.565998    15.3004
14.625199    38.568398    15.3004
14.5812    38.577198    15.3004
14.561199    38.5804    15.3004
14.550799    38.582798    15.3004
14.5468    38.5844    15.3004
14.5236    38.5876    15.3004
14.5084    38.5916    15.3004
14.486    38.5972    15.3004
14.470799    38.6004    15.3004
14.4324    38.606    15.3004
14.3828    38.6116    15.3004
14.3619995    38.6124    15.3004
14.3108    38.6156    15.3004
14.2252    38.6196    15.3004
14.1916    38.6252    15.3004
14.187599    38.626    15.3004
14.182799    38.627598    15.3004
14.1676    38.635597    15.3004
14.158799    38.6404    15.3004
14.1564    38.641197    15.3004
14.153999    38.6428    15.3004
14.1124    38.6692    15.3004
14.0859995    38.6884    15.3004
14.018    38.7388    15.3004
13.953199    38.7868    15.3004
13.926    38.8052    15.3004
13.901199    38.8204    15.3004
13.886    38.8292    15.3004
13.8476    38.85    15.3004
13.8412    38.854    15.3004
13.83    38.857998    15.3004
13.7755995    38.880398    15.3004
13.766    38.8844    15.3004
13.7644    38.8852    15.3004
13.7428    38.89    15.3004
13.716399    38.8964    15.3004
13.7148    38.8964    15.3004
13.670799    38.906    15.3004
13.6444    38.91    15.3004
13.61    38.9148    15.3004
13.5948    38.9148    15.3004
13.573199    38.9156    15.3004
13.5571995    38.9148    15.3004
13.546    38.9132    15.3004
13.5316    38.9116    15.3004
13.5148    38.9092    15.3004
13.470799    38.9012    15.3004
13.463599    38.8988    15.3004
13.4436    38.8948    15.3004
13.4324    38.8924    15.3004
13.4307995    38.8924    15.3004
13.4052    38.8892    15.3004
13.3972    38.89    15.3004
13.3764    38.8908    15.3004
13.3476    38.8956    15.3004
13.3276    38.898    15.3004
13.3004    38.902798    15.3004
13.292399    38.902798    15.3004
13.2676    38.902798    15.3004
13.2644    38.9036    15.3004
13.2604    38.9036    15.3004
13.239599    38.902    15.3004
13.217999    38.9004    15.3004
13.1956    38.897198    15.3004
13.146    38.8908    15.3004
13.1276    38.8876    15.3004
13.084399    38.8788    15.3004
13.058    38.874    15.3004
13.046    38.8708    15.3004
13.028399    38.8668    15.3004
12.9716    38.8516    15.3004
12.941999    38.843597    15.3004
12.8963995    38.829998    15.3004
12.8708    38.8204    15.3004
12.854    38.813198    15.3004
12.843599    38.8092    15.3004
12.8116    38.7948    15.3004
12.8004    38.7884    15.3004
12.7268    38.7476    15.3004
12.689199    38.728397    15.3004
12.6692    38.718    15.3004
12.6556    38.711597    15.3004
12.6388    38.705997    15.3004
12.6236    38.702    15.3004
12.601999    38.705997    15.3004
12.5884    38.7068    15.3004
12.566    38.714798    15.3004
12.556399    38.718    15.3004
12.538    38.7268    15.3004
12.4628    38.7612    15.3004
12.4108    38.784397    15.3004
12.3756    38.8004    15.3004
12.3588    38.8076    15.3004
12.286799    38.8372    15.3004
12.2836    38.8388    15.3004
12.280399    38.8396    15.3004
12.234799    38.8532    15.3004
12.2188    38.857998    15.3004
12.153999    38.8684    15.3004
12.1412    38.871597    15.3004
12.1324    38.8724    15.3004
12.1236    38.874    15.3004
12.0644    38.8796    15.3004
12.050799    38.880398    15.3004
12.0292    38.880398    15.3004
12.018    38.8796    15.3004
12.0084    38.8788    15.3004
11.9852    38.877197    15.3004
11.9684    38.8756    15.3004
11.9516    38.871597    15.3004
11.936399    38.8668    15.3004
11.922    38.8612    15.3004
11.8907995    38.85    15.3004
11.884399    38.8476    15.3004
11.8452    38.826    15.3004
11.8428    38.824398    15.3004
11.806    38.8004    15.3004
11.7852    38.786    15.3004
11.7604    38.767597    15.3004
11.7372    38.746    15.3004
11.722799    38.7324    15.3004
11.6924    38.700397    15.3004
11.69    38.697998    15.3004
11.660399    38.6572    15.3004
11.638    38.624397    15.3004
11.6036    38.5732    15.3004
11.590799    38.5556    15.3004
11.5764    38.5372    15.3004
11.554    38.512398    15.3004
11.5356    38.494    15.3004
11.498    38.458    15.3004
11.4548    38.4172    15.3004
11.441199    38.402798    15.3004
11.4292    38.3908    15.3004
11.4092    38.365997    15.3004
11.4004    38.3508    15.3004
11.3884    38.329998    15.3004
11.3812    38.315598    15.3004
11.3716    38.2948    15.3004
11.3596    38.2628    15.3004
11.3596    38.2612    15.3004
11.3588    38.2588    15.3004
11.343599    38.1988    15.3004
11.3412    38.1884    15.3004
11.3396    38.1732    15.3004
11.3372    38.1532    15.3004
11.334    38.1172    15.3004
11.334    38.1092    15.3004
11.3331995    38.1028    15.3004
11.3356    38.0492    15.3004
11.3396    38.025997    15.3004
11.342    38.0132    15.3004
11.3428    38.0116    15.3004
11.343599    38.006798    15.3004
11.354    37.9684    15.3004
11.3596    37.9524    15.3004
11.3708    37.9228    15.3004
11.3772    37.905197    15.3004
11.3907995    37.874    15.3004
11.4004    37.854797    15.3004
11.406    37.842    15.3004
11.4148    37.826797    15.3004
11.4292    37.8012    15.3004
11.4348    37.7916    15.3004
11.4396    37.7844    15.3004
11.4724    37.737198    15.3004
11.4724    37.7364    15.3004
11.4724    37.7332    15.3004
11.474    37.7068    15.3004
11.4716    37.7028    15.3004
11.452399    37.6828    15.3004
11.4307995    37.6772    15.3004
11.4228    37.6716    15.3004
11.4116    37.67    15.3004
11.386    37.6628    15.3004
11.3772    37.6604    15.3004
11.3644    37.658    15.3004
11.349199    37.6508    15.3004
11.3428    37.6476    15.3004
11.3188    37.633198    15.3004
11.314799    37.6316    15.3004
11.2892    37.6084    15.3004
11.2884    37.607597    15.3004
11.2876    37.6068    15.3004
11.2532    37.5676    15.3004
11.240399    37.5524    15.3004
11.2092    37.5132    15.3004
11.1852    37.481197    15.3004
11.1732    37.466    15.3004
11.1508    37.43    15.3004
11.1476    37.4236    15.3004
11.146    37.422    15.3004
11.1435995    37.4164    15.3004
11.1324    37.3932    15.3004
11.1268    37.378    15.3004
11.1212    37.360397    15.3004
11.120399    37.3444    15.3004
11.120399    37.3428    15.3004
11.1228    37.3308    15.3004
11.1268    37.3148    15.3004
11.1268    37.314    15.3004
11.1476    37.2556    15.3004
11.1564    37.2348    15.3004
11.160399    37.222    15.3004
11.1636    37.211597    15.3004
11.165199    37.203598    15.3004
11.1668    37.1884    15.3004
11.1644    37.177998    15.3004
11.1564    37.155598    15.3004
11.148399    37.1364    15.3004
11.1188    37.077198    15.3004
11.1132    37.0668    15.3004
11.1108    37.0636    15.3004
11.0892    37.0372    15.3004
11.0868    37.0356    15.3004
11.0604    37.0116    15.3004
11.0515995    37.0052    15.3004
11.0188    36.978798    15.3004
11.004399    36.9668    15.3004
10.9939995    36.9556    15.3004
10.981199    36.9444    15.3004
10.9628    36.9172    15.3004
10.9612    36.9132    15.3004
10.9604    36.9116    15.3004
10.9484    36.8844    15.3004
10.9428    36.87    15.3004
10.9372    36.8484    15.3004
10.936399    36.8428    15.3004
10.936399    36.8372    15.3004
10.935599    36.8172    15.3004
10.936399    36.8108    15.3004
10.9372    36.8052    15.3004
10.946    36.7812    15.3004
10.9508    36.7684    15.3004
10.9572    36.7548    15.3004
10.9595995    36.7468    15.3004
10.9668    36.73    15.3004
10.9836    36.6932    15.3004
10.999599    36.6596    15.3004
11.0028    36.6532    15.3004
11.018    36.6292    15.3004
11.0244    36.6172    15.3004
11.027599    36.613197    15.3004
11.033999    36.606    15.3004
11.1236    36.520397    15.3004
11.146    36.497997    15.3004
11.1572    36.4876    15.3004
11.1796    36.458    15.3004
11.1804    36.4572    15.3004
11.1804    36.456398    15.3004
11.182    36.453197    15.3004
11.1916    36.4268    15.3004
11.1924    36.4228    15.3004
11.1932    36.41    15.3004
11.1956    36.3892    15.3004
11.1956    36.3844    15.3004
11.1932    36.360397    15.3004
11.183599    36.3316    15.3004
11.1796    36.3204    15.3004
11.170799    36.306    15.3004
11.1556    36.3036    15.3004
11.1452    36.2916    15.3004
11.13    36.2964    15.3004
11.1124    36.2924    15.3004
11.0932    36.298798    15.3004
11.0868    36.3012    15.3004
11.067599    36.304398    15.3004
11.0515995    36.306    15.3004
10.9844    36.3068    15.3004
10.9539995    36.306    15.3004
10.918799    36.304398    15.3004
10.889199    36.302    15.3004
10.8628    36.2972    15.3004
10.822    36.29    15.3004
10.7956    36.2804    15.3004
10.7764    36.2748    15.3004
10.7596    36.266    15.3004
10.7436    36.2572    15.3004
10.7212    36.242798    15.3004
10.705999    36.2324    15.3004
10.6788    36.2052    15.3004
10.6676    36.194798    15.3004
10.6348    36.1564    15.3004
10.5988    36.110798    15.3004
10.5924    36.101997    15.3004
10.5844    36.09    15.3004
10.554    36.0412    15.3004
10.5268    35.984398    15.3004
10.5188    35.9684    15.3004
10.5124    35.9516    15.3004
10.498799    35.919598    15.3004
10.4836    35.871597    15.3004
10.4804    35.860397    15.3004
10.4796    35.8556    15.3004
10.474    35.818    15.3004
10.4724    35.8076    15.3004
10.4668    35.758    15.3004
10.4636    35.7324    15.3004
10.4636    35.7252    15.3004
10.462    35.6988    15.3004
10.4564    35.6028    15.3004
10.4564    35.593998    15.3004
10.453199    35.5468    15.3004
10.4508    35.5116    15.3004
10.4508    35.502    15.3004
10.4492    35.4652    15.3004
10.446    35.3756    15.3004
10.446    35.3556    15.3004
10.4452    35.3276    15.3004
10.4484    35.222797    15.3004
10.4508    35.1708    15.3004
10.4539995    35.133198    15.3004
10.4628    35.029198    15.3004
10.4684    34.992397    15.3004
10.481999    34.9044    15.3004
10.502    34.8084    15.3004
10.5036    34.802    15.3004
10.504399    34.8004    15.3004
10.5084    34.7804    15.3004
10.514    34.756397    15.3004
10.516399    34.7468    15.3004
10.539599    34.6604    15.3004
10.5476    34.6396    15.3004
10.556399    34.6068    15.3004
10.573199    34.554    15.3004
10.579599    34.534    15.3004
10.631599    34.3836    15.3004
10.6332    34.380398    15.3004
10.634    34.378    15.3004
10.6444    34.3516    15.3004
10.662    34.2972    15.3004
10.6628    34.2948    15.3004
10.6636    34.2924    15.3004
10.688399    34.2476    15.3004
10.6972    34.231598    15.3004
10.7036    34.220398    15.3004
10.705999    34.2052    15.3004
10.711599    34.1908    15.3004
10.702    34.1756    15.3004
10.682    34.149998    15.3004
10.6508    34.142    15.3004
10.6444    34.1404    15.3004
10.6412    34.1396    15.3004
10.619599    34.1356    15.3004
10.6036    34.133198    15.3004
10.601999    34.133198    15.3004
10.6004    34.1324    15.3004
10.5996    34.1324    15.3004
10.594    34.1308    15.3004
10.5515995    34.1204    15.3004
10.506    34.1036    15.3004
10.4492    34.082    15.3004
10.4292    34.0732    15.3004
10.4172    34.0676    15.3004
10.4052    34.0596    15.3004
10.386    34.0492    15.3004
10.366799    34.034798    15.3004
10.314    33.9996    15.3004
10.286799    33.978798    15.3004
10.280399    33.974    15.3004
10.2772    33.9708    15.3004
10.2444    33.938    15.3004
10.2372    33.93    15.3004
10.228399    33.919598    15.3004
10.202    33.885998    15.3004
10.17    33.8452    15.3004
10.1388    33.804398    15.3004
10.1164    33.7692    15.3004
10.1052    33.7516    15.3004
10.062799    33.6764    15.3004
10.0532    33.655598    15.3004
10.0148    33.5708    15.3004
10.0148    33.57    15.3004
10.0068    33.5492    15.3004
10.0068    33.5484    15.3004
10.0076    33.5372    15.3004
10.0084    33.517998    15.3004
10.0156    33.4908    15.3004
10.016399    33.4884    15.3004
10.018    33.4852    15.3004
10.033999    33.4596    15.3004
10.0476    33.438    15.3004
10.067599    33.4068    15.3004
10.079599    33.3892    15.3004
10.1244    33.322    15.3004
10.193999    33.222797    15.3004
10.21    33.200397    15.3004
10.2164    33.1908    15.3004
10.223599    33.1812    15.3004
10.240399    33.158    15.3004
10.2932    33.0844    15.3004
10.3164    33.0548    15.3004
10.338799    33.026    15.3004
10.346    33.0156    15.3004
10.361199    33.0004    15.3004
10.382    32.982    15.3004
10.3828    32.981197    15.3004
10.384399    32.9804    15.3004
10.4396    32.954    15.3004
10.446    32.9492    15.3004
10.4595995    32.9388    15.3004
10.465199    32.93    15.3004
10.4692    32.922    15.3004
10.4892    32.8844    15.3004
10.5084    32.8484    15.3004
10.518    32.829998    15.3004
10.5204    32.826    15.3004
10.5756    32.737198    15.3004
10.5876    32.717197    15.3004
10.63    32.654    15.3004
10.637199    32.6436    15.3004
10.6435995    32.6348    15.3004
10.688399    32.5756    15.3004
10.7052    32.5556    15.3004
10.7252    32.5324    15.3004
10.752399    32.5036    15.3004
10.774    32.478    15.3004
10.8052    32.445198    15.3004
10.825999    32.425198    15.3004
10.877999    32.3788    15.3004
10.895599    32.3644    15.3004
10.9236    32.343597    15.3004
10.9595995    32.3196    15.3004
10.99    32.298798    15.3004
11.0132    32.2852    15.3004
11.0515995    32.2604    15.3004
11.0652    32.2524    15.3004
11.0803995    32.2444    15.3004
11.1036    32.23    15.3004
11.1132    32.2236    15.3004
11.1172    32.2132    15.3004
11.1228    32.197998    15.3004
11.1132    32.1868    15.3004
11.1116    32.174    15.3004
11.101999    32.1676    15.3004
11.085199    32.1572    15.3004
11.0716    32.1516    15.3004
11.0571995    32.1476    15.3004
11.033999    32.1364    15.3004
10.976399    32.114    15.3004
10.941999    32.1004    15.3004
10.912399    32.088398    15.3004
10.8996    32.0844    15.3004
10.8907995    32.082798    15.3004
10.8684    32.0844    15.3004
10.858    32.082798    15.3004
10.8468    32.085197    15.3004
10.820399    32.0972    15.3004
10.8196    32.098    15.3004
10.818    32.099598    15.3004
10.7764    32.13    15.3004
10.7708    32.134    15.3004
10.762799    32.138    15.3004
10.7372    32.154    15.3004
10.7188    32.1644    15.3004
10.6964    32.1764    15.3004
10.659599    32.1916    15.3004
10.6452    32.1972    15.3004
10.630799    32.202    15.3004
10.5924    32.211597    15.3004
10.582    32.2132    15.3004
10.55    32.2196    15.3004
10.528399    32.2244    15.3004
10.5116    32.2276    15.3004
10.4572    32.233997    15.3004
10.4276    32.237198    15.3004
10.3196    32.246    15.3004
10.2836    32.248398    15.3004
10.274799    32.2492    15.3004
10.2644    32.248398    15.3004
10.1924    32.2492    15.3004
9.993199    32.2364    15.3004
9.9916    32.2364    15.3004
9.99    32.2364    15.3004
9.987599    32.2364    15.3004
9.842    32.2252    15.3004
9.7892    32.2212    15.3004
9.6804    32.214    15.3004
9.630799    32.2108    15.3004
9.5708    32.2068    15.3004
9.4724    32.1996    15.3004
9.3764    32.192398    15.3004
9.3284    32.19    15.3004
9.2492    32.1852    15.3004
9.2308    32.183598    15.3004
9.130799    32.177998    15.3004
9.0724    32.1748    15.3004
8.9396    32.166798    15.3004
8.8348    32.161198    15.3004
8.8108    32.1596    15.3004
8.7828    32.1564    15.3004
8.751599    32.1516    15.3004
8.7123995    32.1436    15.3004
8.6284    32.1268    15.3004
8.5364    32.1084    15.3004
8.4836    32.096397    15.3004
8.4268    32.082    15.3004
8.3604    32.0612    15.3004
8.3348    32.0532    15.3004
8.2908    32.0364    15.3004
8.262    32.026    15.3004
8.2476    32.0196    15.3004
8.222    32.0076    15.3004
8.200399    31.994    15.3004
8.182    31.9828    15.3004
8.1628    31.9692    15.3004
8.153999    31.961199    15.3004
8.1276    31.931599    15.3004
8.1228    31.9252    15.3004
8.1188    31.9196    15.3004
8.1147995    31.9124    15.3004
8.108399    31.901999    15.3004
8.085199    31.858799    15.3004
8.066    31.821999    15.3004
8.058    31.803598    15.3004
8.0468    31.7764    15.3004
8.042    31.762798    15.3004
8.0348    31.736399    15.3004
8.0244    31.6924    15.3004
8.0236    31.6876    15.3004
8.0227995    31.684399    15.3004
8.018    31.6516    15.3004
8.0116    31.6124    15.3004
8.0116    31.608398    15.3004
8.010799    31.6052    15.3004
8.0084    31.5756    15.3004
8.006    31.526    15.3004
8.0068    31.5148    15.3004
8.0156    31.461199    15.3004
8.018    31.4284    15.3004
8.0236    31.385199    15.3004
8.0252    31.3748    15.3004
8.0324    31.366798    15.3004
8.0556    31.351599    15.3004
8.082    31.334    15.3004
8.091599    31.33    15.3004
8.098    31.325998    15.3004
8.1172    31.3172    15.3004
8.1292    31.314798    15.3004
8.137199    31.314    15.3004
8.148399    31.312399    15.3004
8.1628    31.309198    15.3004
8.183599    31.3028    15.3004
8.2028    31.293999    15.3004
8.2188    31.2876    15.3004
8.2308    31.284399    15.3004
8.262    31.278    15.3004
8.3188    31.2652    15.3004
8.3404    31.2596    15.3004
8.3748    31.2524    15.3004
8.4251995    31.2444    15.3004
8.4468    31.2412    15.3004
8.516399    31.2284    15.3004
8.6212    31.2116    15.3004
8.6356    31.2092    15.3004
8.6491995    31.2076    15.3004
8.7548    31.1948    15.3004
8.7699995    31.1924    15.3004
8.8308    31.1876    15.3004
8.849999    31.185999    15.3004
8.877999    31.1836    15.3004
8.918    31.180399    15.3004
8.9772    31.177198    15.3004
8.9956    31.1756    15.3004
9.027599    31.174    15.3004
9.061999    31.173199    15.3004
9.091599    31.1724    15.3004
9.131599    31.173199    15.3004
9.1396    31.173199    15.3004
9.142799    31.174    15.3004
9.1588    31.1756    15.3004
9.2036    31.178    15.3004
9.251599    31.1836    15.3004
9.281199    31.1876    15.3004
9.3284    31.1924    15.3004
9.3948    31.2004    15.3004
9.4292    31.206    15.3004
9.487599    31.2148    15.3004
9.5524    31.2244    15.3004
9.596399    31.2316    15.3004
9.6988    31.2468    15.3004
9.7156    31.2508    15.3004
9.7772    31.262    15.3004
9.7852    31.262798    15.3004
9.8004    31.2612    15.3004
9.8228    31.262    15.3004
9.8372    31.2596    15.3004
9.8516    31.258    15.3004
9.8604    31.2556    15.3004
9.882    31.253199    15.3004
9.8963995    31.249199    15.3004
9.946    31.2316    15.3004
9.976399    31.2204    15.3004
9.9924    31.2156    15.3004
10.027599    31.205198    15.3004
10.0444    31.2004    15.3004
10.0764    31.1924    15.3004
10.0772    31.1924    15.3004
10.0803995    31.189999    15.3004
10.0988    31.1764    15.3004
10.1036    31.1412    15.3004
10.1068    31.1332    15.3004
10.0884    31.105999    15.3004
10.0884    31.102798    15.3004
10.0859995    31.1012    15.3004
10.056399    31.0772    15.3004
10.0484    31.07    15.3004
10.027599    31.0516    15.3004
9.9939995    31.021198    15.3004
9.9612    30.989199    15.3004
9.946    30.9732    15.3004
9.9108    30.938799    15.3004
9.8716    30.8996    15.3004
9.858    30.8844    15.3004
9.8052    30.8252    15.3004
9.757199    30.7708    15.3004
9.740399    30.7508    15.3004
9.6916    30.691599    15.3004
9.688399    30.6868    15.3004
9.686    30.6836    15.3004
9.634    30.613998    15.3004
9.6292    30.608398    15.3004
9.5764    30.529999    15.3004
9.566    30.514    15.3004
9.5444    30.4804    15.3004
9.4964    30.4012    15.3004
9.4852    30.3828    15.3004
9.481999    30.3772    15.3004
9.4676    30.349998    15.3004
9.4388    30.297998    15.3004
9.41    30.2444    15.3004
9.3675995    30.156399    15.3004
9.3652    30.1516    15.3004
9.3636    30.1484    15.3004
9.3276    30.0668    15.3004
9.321199    30.052399    15.3004
9.297999    29.993198    15.3004
9.2916    29.9756    15.3004
9.257999    29.886    15.3004
9.2252    29.788399    15.3004
9.1628    29.593199    15.3004
9.159599    29.5844    15.3004
9.1164    29.461199    15.3004
9.1147995    29.455599    15.3004
9.0604    29.31    15.3004
9.056399    29.3004    15.3004
9.0436    29.2692    15.3004
8.9836    29.1164    15.3004
8.898    28.918    15.3004
8.8772    28.866798    15.3004
8.834    28.7628    15.3004
8.826    28.743599    15.3004
8.8196    28.7284    15.3004
8.7708    28.6076    15.3004
8.75    28.5572    15.3004
8.7276    28.500399    15.3004
8.7012    28.4284    15.3004
8.6932    28.407598    15.3004
8.682799    28.3788    15.3004
8.653999    28.2988    15.3004
8.6412    28.2636    15.3004
8.6076    28.173199    15.3004
8.57    28.057999    15.3004
8.5604    28.028399    15.3004
8.5244    27.9156    15.3004
8.5171995    27.892399    15.3004
8.5156    27.886799    15.3004
8.4883995    27.782799    15.3004
8.481999    27.760399    15.3004
8.4612    27.6876    15.3004
8.441999    27.604399    15.3004
8.436399    27.576399    15.3004
8.422    27.505999    15.3004
8.4156    27.4676    15.3004
8.41    27.431599    15.3004
8.401999    27.386799    15.3004
8.3948    27.338799    15.3004
8.3907995    27.2748    15.3004
8.3884    27.2556    15.3004
8.3876    27.240398    15.3004
8.386    27.219599    15.3004
8.3804    27.180399    15.3004
8.378799    27.1468    15.3004
8.378    27.1292    15.3004
8.3748    27.0964    15.3004
8.3756    27.0908    15.3004
8.3748    27.0388    15.3004
8.374    27.022799    15.3004
8.3748    27.0148    15.3004
8.3772    26.970798    15.3004
8.378    26.913198    15.3004
8.378    26.8972    15.3004
8.3796    26.890799    15.3004
8.3852    26.8508    15.3004
8.3868    26.834    15.3004
8.3876    26.8284    15.3004
8.401199    26.762    15.3004
8.401199    26.7596    15.3004
8.424399    26.702    15.3004
8.4251995    26.6996    15.3004
8.4276    26.697199    15.3004
8.4556    26.654799    15.3004
8.4724    26.6308    15.3004
8.476399    26.626    15.3004
8.5171995    26.604399    15.3004
8.5444    26.587599    15.3004
8.561999    26.578    15.3004
8.6044    26.569199    15.3004
8.6435995    26.5628    15.3004
8.6524    26.562    15.3004
8.6732    26.5644    15.3004
8.717199    26.569199    15.3004
8.746799    26.5716    15.3004
8.7612    26.574    15.3004
8.774    26.578    15.3004
8.8108    26.5884    15.3004
8.83    26.5956    15.3004
8.8532    26.602    15.3004
8.8772    26.6132    15.3004
8.8916    26.619598    15.3004
8.91    26.6292    15.3004
8.9595995    26.6532    15.3004
9.026    26.691599    15.3004
9.0404    26.7004    15.3004
9.0484    26.706    15.3004
9.090799    26.734    15.3004
9.1364    26.7684    15.3004
9.1435995    26.7724    15.3004
9.1876    26.8044    15.3004
9.2028    26.816399    15.3004
9.2732    26.8716    15.3004
9.2796    26.8764    15.3004
9.3308    26.9228    15.3004
9.3564    26.9452    15.3004
9.4164    27.0012    15.3004
9.4268    27.0108    15.3004
9.4796    27.061998    15.3004
9.5171995    27.100399    15.3004
9.5716    27.1556    15.3004
9.5859995    27.169199    15.3004
9.608399    27.1924    15.3004
9.658    27.2452    15.3004
9.698    27.2916    15.3004
9.7268    27.3228    15.3004
9.8084    27.416399    15.3004
9.8108    27.418    15.3004
9.8116    27.4196    15.3004
9.8428    27.4588    15.3004
9.8972    27.522799    15.3004
9.929999    27.561998    15.3004
9.9772    27.622    15.3004
10.0092    27.663599    15.3004
10.026    27.6852    15.3004
10.0948    27.778    15.3004
10.131599    27.83    15.3004
10.1908    27.9156    15.3004
10.229199    27.9716    15.3004
10.2652    28.026    15.3004
10.3076    28.093199    15.3004
10.3276    28.1244    15.3004
10.3772    28.206799    15.3004
10.4164    28.274    15.3004
10.5036    28.420399    15.3004
10.5236    28.4516    15.3004
10.5348    28.4676    15.3004
10.556399    28.4996    15.3004
10.5788    28.5268    15.3004
10.5828    28.531599    15.3004
10.601999    28.548399    15.3004
10.6068    28.5532    15.3004
10.61    28.5556    15.3004
10.636399    28.574799    15.3004
10.6508    28.5772    15.3004
10.6644    28.5836    15.3004
10.6908    28.5836    15.3004
10.6964    28.5844    15.3004
10.7028    28.5836    15.3004
10.722799    28.5772    15.3004
10.7396    28.569199    15.3004
10.751599    28.5604    15.3004
10.7699995    28.5436    15.3004
10.785999    28.528399    15.3004
10.8068    28.504398    15.3004
10.8196    28.4884    15.3004
10.8348    28.4684    15.3004
10.855599    28.438    15.3004
10.898    28.3772    15.3004
10.9236    28.3412    15.3004
10.934    28.327599    15.3004
10.9508    28.3076    15.3004
10.9548    28.3028    15.3004
10.9636    28.289999    15.3004
10.9788    28.2708    15.3004
10.9836    28.260399    15.3004
10.978    28.251598    15.3004
10.976399    28.2284    15.3004
10.965199    28.221199    15.3004
10.9436    28.206    15.3004
10.924399    28.1964    15.3004
10.922    28.1924    15.3004
10.9084    28.1796    15.3004
10.9028    28.160398    15.3004
10.901999    28.1532    15.3004
10.8988    28.1124    15.3004
10.8963995    28.061998    15.3004
10.8932    28.0196    15.3004
10.8932    28.0164    15.3004
10.8932    28.014    15.3004
10.894    28.0012    15.3004
10.8972    27.9476    15.3004
10.898    27.9308    15.3004
10.9036    27.8892    15.3004
10.9108    27.844398    15.3004
10.926    27.758    15.3004
10.9268    27.753199    15.3004
10.9372    27.734798    15.3004
10.9396    27.732399    15.3004
10.9548    27.721199    15.3004
10.9732    27.7092    15.3004
10.9883995    27.6996    15.3004
11.0132    27.6836    15.3004
11.044399    27.6652    15.3004
11.1004    27.633999    15.3004
11.1012    27.6332    15.3004
11.1052    27.6316    15.3004
11.1508    27.6132    15.3004
11.1748    27.6052    15.3004
11.2012    27.5956    15.3004
11.2436    27.5828    15.3004
11.2612    27.578    15.3004
11.309999    27.5676    15.3004
11.3196    27.566    15.3004
11.3364    27.563599    15.3004
11.3564    27.5676    15.3004
11.361199    27.5668    15.3004
11.3804    27.578    15.3004
11.3828    27.5788    15.3004
11.386    27.5812    15.3004
11.412399    27.6012    15.3004
11.4172    27.6052    15.3004
11.446    27.622799    15.3004
11.465199    27.625198    15.3004
11.475599    27.633999    15.3004
11.499599    27.628399    15.3004
11.5068    27.63    15.3004
11.5116    27.6276    15.3004
11.5204    27.622799    15.3004
11.5372    27.6036    15.3004
11.5428    27.594799    15.3004
11.567599    27.5628    15.3004
11.606    27.514    15.3004
11.620399    27.494799    15.3004
11.63    27.483599    15.3004
11.6972    27.4116    15.3004
11.7148    27.394    15.3004
11.774    27.3396    15.3004
11.7772    27.3364    15.3004
11.780399    27.334    15.3004
11.8292    27.293999    15.3004
11.8356    27.288399    15.3004
11.8644    27.2684    15.3004
11.9028    27.2412    15.3004
11.9332    27.2244    15.3004
11.9612    27.2092    15.3004
11.998    27.1924    15.3004
12.0244    27.1796    15.3004
12.073999    27.1612    15.3004
12.0748    27.1612    15.3004
12.0756    27.1612    15.3004
12.1444    27.143599    15.3004
12.1524    27.142    15.3004
12.205199    27.1308    15.3004
12.226    27.1276    15.3004
12.2411995    27.1276    15.3004
12.2964    27.122799    15.3004
12.3532    27.1276    15.3004
12.372399    27.128399    15.3004
12.3852    27.1308    15.3004
12.429999    27.1412    15.3004
12.4692    27.1556    15.3004
12.478    27.1588    15.3004
12.514    27.171598    15.3004
12.5356    27.184399    15.3004
12.5724    27.2044    15.3004
12.591599    27.2172    15.3004
12.606    27.2276    15.3004
12.6236    27.247599    15.3004
12.648399    27.2684    15.3004
12.6756    27.293999    15.3004
12.6972    27.316399    15.3004
12.7188    27.3428    15.3004
12.7476    27.372398    15.3004
12.7932    27.4252    15.3004
12.8012    27.434    15.3004
12.8068    27.442    15.3004
12.855599    27.5012    15.3004
12.865999    27.517199    15.3004
12.889999    27.5492    15.3004
12.8963995    27.556398    15.3004
12.923599    27.594    15.3004
12.9268    27.598    15.3004
12.9276    27.5996    15.3004
12.976399    27.6668    15.3004
13.0196    27.730799    15.3004
13.0412    27.765999    15.3004
13.0812    27.83    15.3004
13.1052    27.8676    15.3004
13.1164    27.890799    15.3004
13.1396    27.938    15.3004
13.1516    27.946    15.3004
13.1692    27.9548    15.3004
13.1812    27.953999    15.3004
13.2076    27.9604    15.3004
13.2084    27.9604    15.3004
13.2123995    27.959599    15.3004
13.2332    27.9532    15.3004
13.234799    27.9516    15.3004
13.2532    27.9452    15.3004
13.2588    27.938    15.3004
13.2708    27.921999    15.3004
13.2844    27.906    15.3004
13.309999    27.8788    15.3004
13.3284    27.862    15.3004
13.400399    27.805199    15.3004
13.401999    27.803598    15.3004
13.4028    27.8028    15.3004
13.446    27.7692    15.3004
13.4732    27.749199    15.3004
13.492399    27.7356    15.3004
13.504399    27.729198    15.3004
13.5524    27.7036    15.3004
13.562799    27.697199    15.3004
13.6236    27.669199    15.3004
13.648399    27.6588    15.3004
13.67    27.650799    15.3004
13.711599    27.63    15.3004
13.7324    27.6204    15.3004
13.739599    27.618    15.3004
13.750799    27.6164    15.3004
13.8012    27.609999    15.3004
13.821199    27.605999    15.3004
13.831599    27.6052    15.3004
13.913199    27.605999    15.3004
13.946799    27.6068    15.3004
14.009999    27.6108    15.3004
14.073999    27.6124    15.3004
14.1491995    27.611599    15.3004
14.160399    27.611599    15.3004
14.162    27.611599    15.3004
14.1964    27.6108    15.3004
14.202    27.611599    15.3004
14.315599    27.626    15.3004
14.3284    27.6276    15.3004
14.3292    27.6276    15.3004
14.4316    27.628399    15.3004
14.447599    27.6332    15.3004
14.4668    27.637999    15.3004
14.497999    27.6484    15.3004
14.498799    27.649199    15.3004
14.527599    27.645199    15.3004
14.5316    27.643599    15.3004
14.5524    27.6404    15.3004
14.57    27.6316    15.3004
14.578799    27.628399    15.3004
14.5859995    27.625198    15.3004
14.6108    27.6124    15.3004
14.641999    27.597198    15.3004
14.660399    27.5844    15.3004
14.69    27.5628    15.3004
14.7764    27.5028    15.3004
14.786799    27.496399    15.3004
14.8684    27.437199    15.3004
14.8748    27.4324    15.3004
14.975599    27.357199    15.3004
14.9828    27.349998    15.3004
14.999599    27.3356    15.3004
15.0356    27.306    15.3004
15.0772    27.2692    15.3004
15.094    27.2524    15.3004
15.1044    27.2412    15.3004
15.1332    27.2156    15.3004
15.158799    27.194    15.3004
15.2132    27.145199    15.3004
15.2268    27.133999    15.3004
15.2332    27.128399    15.3004
15.2716    27.098799    15.3004
15.3172    27.065199    15.3004
15.322    27.0612    15.3004
15.3364    27.0516    15.3004
15.3564    27.039598    15.3004
15.374    27.0292    15.3004
15.4036    27.0084    15.3004
15.4284    26.9916    15.3004
15.4428    26.981998    15.3004
15.464399    26.972399    15.3004
15.527599    26.948399    15.3004
15.532399    26.9468    15.3004
15.533199    26.9468    15.3004
15.556399    26.944399    15.3004
15.5596    26.944399    15.3004
15.625999    26.942799    15.3004
15.636399    26.9436    15.3004
15.6435995    26.9452    15.3004
15.705199    26.9604    15.3004
15.7244    26.966    15.3004
15.739599    26.9732    15.3004
15.752399    26.976398    15.3004
15.83    27.0164    15.3004
15.8308    27.017199    15.3004
15.8364    27.0212    15.3004
15.9388    27.100399    15.3004
15.9684    27.122    15.3004
16.0292    27.1724    15.3004
16.078    27.2092    15.3004
16.1492    27.2636    15.3004
16.169199    27.277199    15.3004
16.2092    27.3044    15.3004
16.2316    27.3148    15.3004
16.2524    27.3268    15.3004
16.2708    27.334    15.3004
16.2812    27.3396    15.3004
16.326    27.3508    15.3004
16.3396    27.355598    15.3004
16.369999    27.358799    15.3004
16.3748    27.3596    15.3004
16.378    27.358799    15.3004
16.4252    27.355598    15.3004
16.483599    27.347599    15.3004
16.526    27.3428    15.3004
16.5364    27.3396    15.3004
16.5452    27.338    15.3004
16.618    27.321999    15.3004
16.6596    27.3132    15.3004
16.7916    27.281199    15.3004
16.8116    27.2764    15.3004
16.817999    27.2748    15.3004
16.8412    27.2692    15.3004
16.916399    27.2524    15.3004
17.013199    27.2428    15.3004
17.0164    27.2428    15.3004
17.018799    27.2428    15.3004
17.0588    27.243599    15.3004
17.0732    27.2428    15.3004
17.0972    27.2444    15.3004
17.1292    27.2508    15.3004
17.156399    27.260399    15.3004
17.1668    27.2652    15.3004
17.1772    27.2724    15.3004
17.1892    27.281199    15.3004
17.221199    27.310799    15.3004
17.2236    27.312399    15.3004
17.226799    27.3156    15.3004
17.232399    27.3228    15.3004
17.2788    27.373999    15.3004
17.3076    27.410799    15.3004
17.3084    27.410799    15.3004
17.3156    27.418    15.3004
17.3468    27.427599    15.3004
17.351599    27.429998    15.3004
17.373999    27.4212    15.3004
17.3764    27.4212    15.3004
17.3964    27.4012    15.3004
17.427599    27.3764    15.3004
17.433199    27.3732    15.3004
17.4596    27.357199    15.3004
17.4772    27.345999    15.3004
17.486    27.3412    15.3004
17.494799    27.338799    15.3004
17.5124    27.3324    15.3004
17.534    27.329199    15.3004
17.542799    27.3268    15.3004
17.553999    27.3268    15.3004
17.5716    27.329199    15.3004
17.5892    27.3308    15.3004
17.645199    27.345999    15.3004
17.6932    27.358799    15.3004
17.754799    27.378    15.3004
17.8972    27.424398    15.3004
17.9156    27.4308    15.3004
17.9252    27.434    15.3004
17.9972    27.4628    15.3004
18.0252    27.4732    15.3004
18.053999    27.483599    15.3004
18.069199    27.4916    15.3004
18.0748    27.4956    15.3004
18.086    27.5092    15.3004
18.093199    27.5196    15.3004
18.1036    27.5332    15.3004
18.118    27.559599    15.3004
18.122    27.5676    15.3004
18.142    27.619598    15.3004
18.1644    27.677198    15.3004
18.169199    27.689999    15.3004
18.1812    27.723598    15.3004
18.1996    27.7748    15.3004
18.2036    27.7876    15.3004
18.2164    27.8284    15.3004
18.219599    27.838799    15.3004
18.2316    27.8804    15.3004
18.2444    27.9404    15.3004
18.2516    27.9772    15.3004
18.2556    28.0092    15.3004
18.2572    28.024399    15.3004
18.2572    28.0388    15.3004
18.260399    28.0684    15.3004
18.260399    28.069199    15.3004
18.260399    28.074799    15.3004
18.258799    28.104399    15.3004
18.258799    28.1052    15.3004
18.2516    28.146    15.3004
18.2428    28.178799    15.3004
18.237999    28.195599    15.3004
18.2276    28.2316    15.3004
18.218    28.2676    15.3004
18.198    28.329199    15.3004
18.182    28.3764    15.3004
18.1724    28.4044    15.3004
18.138    28.4916    15.3004
18.1332    28.501999    15.3004
18.122    28.528399    15.3004
18.100399    28.5796    15.3004
18.0956    28.59    15.3004
18.070799    28.6444    15.3004
18.0228    28.751598    15.3004
18.0108    28.7748    15.3004
18.0028    28.7892    15.3004
17.9788    28.838    15.3004
17.9652    28.858    15.3004
17.9524    28.8788    15.3004
17.9476    28.885199    15.3004
17.9396    28.896399    15.3004
17.914799    28.9308    15.3004
17.8852    28.9692    15.3004
17.873999    28.9828    15.3004
17.8524    29.0092    15.3004
17.798    29.074799    15.3004
17.760399    29.119598    15.3004
17.754799    29.126799    15.3004
17.743599    29.137999    15.3004
17.6756    29.2092    15.3004
17.628399    29.258799    15.3004
17.5796    29.306799    15.3004
17.5292    29.357199    15.3004
17.5068    29.3788    15.3004
17.4628    29.4252    15.3004
17.4492    29.4396    15.3004
17.4348    29.4572    15.3004
17.3964    29.500399    15.3004
17.362    29.5436    15.3004
17.351599    29.5548    15.3004
17.347599    29.559599    15.3004
17.314    29.604399    15.3004
17.2972    29.6236    15.3004
17.2868    29.6388    15.3004
17.262    29.669199    15.3004
17.260399    29.6708    15.3004
17.258    29.673199    15.3004
17.2316    29.699598    15.3004
17.2188    29.708399    15.3004
17.2044    29.722    15.3004
17.1964    29.7244    15.3004
17.194    29.726    15.3004
17.1884    29.730799    15.3004
17.1836    29.7332    15.3004
17.1716    29.737999    15.3004
17.145199    29.7468    15.3004
17.1412    29.747599    15.3004
17.126799    29.7556    15.3004
17.118    29.758    15.3004
17.1124    29.7692    15.3004
17.0908    29.7916    15.3004
17.0716    29.8308    15.3004
17.0572    29.862    15.3004
17.0452    29.8876    15.3004
17.0228    29.9348    15.3004
17.018799    29.9436    15.3004
16.9828    30.0204    15.3004
16.9812    30.0236    15.3004
16.946    30.09    15.3004
16.9412    30.098    15.3004
16.938    30.105999    15.3004
16.903599    30.1644    15.3004
16.8828    30.199598    15.3004
16.878    30.206799    15.3004
16.8428    30.262798    15.3004
16.842    30.264399    15.3004
16.793999    30.3284    15.3004
16.7796    30.347599    15.3004
16.7588    30.3732    15.3004
16.7124    30.4292    15.3004
16.6964    30.448399    15.3004
16.6412    30.5092    15.3004
16.63    30.5212    15.3004
16.5748    30.57    15.3004
16.5508    30.591599    15.3004
16.5012    30.6316    15.3004
16.4756    30.654    15.3004
16.4708    30.660398    15.3004
16.4268    30.689999    15.3004
16.382    30.723598    15.3004
16.3652    30.734798    15.3004
16.3356    30.754    15.3004
16.2612    30.8044    15.3004
16.2292    30.825998    15.3004
16.163599    30.873999    15.3004
16.1268    30.9012    15.3004
16.048399    30.9644    15.3004
16.035599    30.9748    15.3004
15.9436    31.0492    15.3004
15.91    31.0796    15.3004
15.8524    31.130798    15.3004
15.8012    31.1812    15.3004
15.7588    31.2188    15.3004
15.728399    31.2484    15.3004
15.6844    31.289999    15.3004
15.642799    31.334    15.3004
15.630799    31.345999    15.3004
15.618799    31.357199    15.3004
15.591599    31.386    15.3004
15.562799    31.4156    15.3004
15.533199    31.448399    15.3004
15.514    31.4684    15.3004
15.4852    31.498798    15.3004
15.463599    31.522    15.3004
15.446799    31.5404    15.3004
15.3932    31.602    15.3004
15.3588    31.6428    15.3004
15.326799    31.677198    15.3004
15.292399    31.713999    15.3004
15.2732    31.736399    15.3004
15.2604    31.7508    15.3004
15.2244    31.7876    15.3004
15.2044    31.806799    15.3004
15.181999    31.8308    15.3004
15.15    31.861198    15.3004
15.1276    31.8828    15.3004
15.1116    31.8988    15.3004
15.0492    31.962    15.3004
15.0372    31.9732    15.3004
14.962    32.042    15.3004
14.923599    32.0764    15.3004
14.854799    32.133198    15.3004
14.8356    32.1492    15.3004
14.766    32.202    15.3004
14.750799    32.2132    15.3004
14.6788    32.2636    15.3004
14.674    32.2668    15.3004
14.6684    32.27    15.3004
14.590799    32.3108    15.3004
14.5812    32.3164    15.3004
14.5644    32.324398    15.3004
14.4796    32.3628    15.3004
14.458799    32.371597    15.3004
14.4332    32.3812    15.3004
14.378799    32.3988    15.3004
14.366799    32.402798    15.3004
14.3116    32.4204    15.3004
14.2828    32.4292    15.3004
14.2484    32.4372    15.3004
14.2028    32.4484    15.3004
14.194799    32.4516    15.3004
14.1396    32.478798    15.3004
14.1348    32.486    15.3004
14.125999    32.5076    15.3004
14.1228    32.5332    15.3004
14.1228    32.5364    15.3004
14.124399    32.5388    15.3004
14.134    32.5644    15.3004
14.1412    32.582    15.3004
14.1491995    32.5956    15.3004
14.171599    32.6308    15.3004
14.1748    32.638    15.3004
14.1788    32.6452    15.3004
14.202    32.674    15.3004
14.2092    32.6828    15.3004
14.226    32.702    15.3004
14.250799    32.728397    15.3004
14.2724    32.7492    15.3004
14.3244    32.793198    15.3004
14.3452    32.8116    15.3004
14.389199    32.8564    15.3004
14.441199    32.9036    15.3004
14.497999    32.958    15.3004
14.567599    33.0276    15.3004
14.6036    33.0636    15.3004
14.6444    33.1084    15.3004
14.6788    33.1468    15.3004
14.686    33.1548    15.3004
14.714    33.1956    15.3004
14.7148    33.1972    15.3004
14.7188    33.2028    15.3004
14.75    33.25    15.3004
14.7652    33.27    15.3004
14.7724    33.276398    15.3004
14.792399    33.2908    15.3004
14.8004    33.294    15.3004
14.826799    33.3012    15.3004
14.837199    33.304398    15.3004
14.848399    33.3084    15.3004
14.871599    33.3204    15.3004
14.878799    33.3252    15.3004
14.8884    33.3348    15.3004
14.912399    33.3564    15.3004
14.935599    33.3836    15.3004
14.975599    33.4292    15.3004
14.9972    33.458797    15.3004
15.005199    33.4708    15.3004
15.0316    33.5132    15.3004
15.045199    33.534    15.3004
15.0692    33.5692    15.3004
15.0812    33.5868    15.3004
15.0924    33.6036    15.3004
15.1036    33.627598    15.3004
15.124399    33.6692    15.3004
15.1356    33.6884    15.3004
15.1388    33.697998    15.3004
15.1444    33.7108    15.3004
15.141999    33.722    15.3004
15.1404    33.737198    15.3004
15.1332    33.7516    15.3004
15.1116    33.787598    15.3004
15.0932    33.8196    15.3004
15.056399    33.8684    15.3004
15.0092    33.9284    15.3004
14.9836    33.958797    15.3004
14.9444    34.006798    15.3004
14.906799    34.05    15.3004
14.894799    34.0644    15.3004
14.866799    34.090797    15.3004
14.861199    34.098    15.3004
14.846    34.110798    15.3004
14.837999    34.116398    15.3004
14.8308    34.1196    15.3004
14.813999    34.1268    15.3004
14.782    34.1364    15.3004
14.779599    34.1372    15.3004
14.7788    34.1372    15.3004
14.73    34.1452    15.3004
14.717999    34.1468    15.3004
14.7092    34.1476    15.3004
14.688399    34.149998    15.3004
14.6779995    34.1516    15.3004
14.662    34.1516    15.3004
14.642799    34.1516    15.3004
14.631599    34.1532    15.3004
14.6116    34.1564    15.3004
14.6036    34.1588    15.3004
14.601999    34.1636    15.3004
14.5924    34.1852    15.3004
14.601999    34.2012    15.3004
14.6108    34.218    15.3004
14.647599    34.2556    15.3004
14.659599    34.2692    15.3004
14.6732    34.2868    15.3004
14.6868    34.304398    15.3004
14.7036    34.329998    15.3004
14.705199    34.332397    15.3004
14.705999    34.334    15.3004
14.7204    34.365997    15.3004
14.721999    34.3708    15.3004
14.7244    34.382    15.3004
14.7372    34.438    15.3004
14.745999    34.464397    15.3004
14.7476    34.467598    15.3004
14.7676    34.494    15.3004
14.7948    34.5164    15.3004
14.7987995    34.5196    15.3004
14.825999    34.5396    15.3004
14.8292    34.542    15.3004
14.832399    34.5444    15.3004
14.87    34.5836    15.3004
14.872399    34.5868    15.3004
14.8748    34.590797    15.3004
14.8884    34.610798    15.3004
14.901199    34.638    15.3004
14.9044    34.6436    15.3004
14.905999    34.6476    15.3004
14.9204    34.6972    15.3004
14.922    34.702    15.3004
14.9228    34.709198    15.3004
14.929199    34.7556    15.3004
14.929999    34.77    15.3004
14.934799    34.8084    15.3004
14.935599    34.8348    15.3004
14.9388    34.849197    15.3004
14.941999    34.865997    15.3004
14.9452    34.8812    15.3004
14.9492    34.894    15.3004
14.958799    34.9148    15.3004
14.9595995    34.9188    15.3004
14.9628    34.9236    15.3004
14.9772    34.9484    15.3004
14.9916    34.9636    15.3004
15.016399    34.982    15.3004
15.0236    34.9884    15.3004
15.03    34.989998    15.3004
15.0515995    34.9948    15.3004
15.061199    34.995598    15.3004
15.082    34.997997    15.3004
15.0924    34.9988    15.3004
15.1124    34.997997    15.3004
15.1212    34.997997    15.3004
15.2044    34.994    15.3004
15.2411995    34.992397    15.3004
15.2764    34.994    15.3004
15.2788    34.994    15.3004
15.2836    34.9948    15.3004
15.302799    35.002    15.3004
15.3076    35.0052    15.3004
15.33    35.0196    15.3004
15.3396    35.0276    15.3004
15.353999    35.0396    15.3004
15.3708    35.054    15.3004
15.382799    35.0636    15.3004
15.3907995    35.0708    15.3004
15.395599    35.0748    15.3004
15.4164    35.098    15.3004
15.4316    35.1148    15.3004
15.4388    35.126    15.3004
15.4428    35.134    15.3004
15.4452    35.1396    15.3004
15.4572    35.1716    15.3004
