19.13    25.8004    0.6004
19.1524    25.9284    0.6004
19.1628    25.9588    0.6004
19.206    26.0812    0.6004
19.221199    26.1092    0.6004
19.282799    26.2228    0.6004
19.3028    26.2484    0.6004
19.382    26.3508    0.6004
19.406    26.3732    0.6004
19.500399    26.461199    0.6004
19.5276    26.4788    0.6004
19.6348    26.550798    0.6004
19.6644    26.5644    0.6004
19.782    26.618    0.6004
19.8132    26.626799    0.6004
19.938799    26.660398    0.6004
19.9708    26.663599    0.6004
20.0996    26.6764    0.6004
20.1316    26.674799    0.6004
20.2612    26.6668    0.6004
20.2924    26.6596    0.6004
20.4188    26.6316    0.6004
21.0012    26.4492    0.6004
21.1468    26.403599    0.6004
21.1756    26.3916    0.6004
21.2924    26.3452    0.6004
21.3196    26.329199    0.6004
21.427599    26.2652    0.6004
21.4516    26.2452    0.6004
21.5476    26.1644    0.6004
21.5684    26.1404    0.6004
21.650799    26.046    0.6004
21.667599    26.0196    0.6004
21.7348    25.913198    0.6004
21.7468    25.8844    0.6004
21.7964    25.7692    0.6004
21.8044    25.7388    0.6004
21.834799    25.617199    0.6004
21.8372    25.585999    0.6004
21.8484    25.4604    0.6004
21.845999    25.4292    0.6004
21.838    25.3044    0.6004
21.8308    25.274    0.6004
21.8036    25.150799    0.6004
20.609999    21.334    0.6004
20.3116    20.3788    0.6004
20.299599    20.35    0.6004
20.253199    20.2332    0.6004
20.2372    20.206    0.6004
20.1724    20.098    0.6004
20.1524    20.074    0.6004
20.0716    19.9772    0.6004
20.0476    19.9564    0.6004
19.9532    19.873999    0.6004
19.9268    19.857199    0.6004
19.8204    19.7908    0.6004
19.7916    19.7788    0.6004
19.6756    19.7292    0.6004
19.645199    19.721199    0.6004
19.5236    19.6908    0.6004
19.4924    19.6884    0.6004
19.3668    19.6772    0.6004
19.3356    19.6796    0.6004
19.21    19.6876    0.6004
19.180399    19.7052    0.6004
19.0628    19.777199    0.6004
19.037199    19.799599    0.6004
18.933199    19.89    0.6004
18.9116    19.916399    0.6004
18.8244    20.0228    0.6004
18.8076    20.0532    0.6004
18.7404    20.173199    0.6004
18.7292    20.2052    0.6004
18.6836    20.334799    0.6004
18.678    20.368399    0.6004
18.6548    20.5044    0.6004
18.6548    20.5388    0.6004
18.6556    20.6764    0.6004
19.0308    24.749199    0.6004
19.1244    25.7684    0.6004
19.13    25.8004    0.6004
