13.0316    26.998    0.6004
13.1572    26.9884    0.6004
13.1876    26.9812    0.6004
13.309199    26.9516    0.6004
13.337999    26.9396    0.6004
13.4539995    26.8916    0.6004
13.481199    26.8748    0.6004
13.5884    26.809198    0.6004
13.6124    26.7892    0.6004
13.7076    26.7076    0.6004
13.7276    26.6836    0.6004
13.809199    26.5884    0.6004
13.825999    26.5612    0.6004
13.8916    26.453999    0.6004
13.9036    26.4252    0.6004
13.9516    26.3092    0.6004
13.958799    26.2788    0.6004
13.9883995    26.1572    0.6004
13.9908    26.126    0.6004
14.0004    26.000399    0.6004
14.0004    18.001999    0.6004
14.0004    16.0004    0.6004
13.997999    15.969199    0.6004
13.9883995    15.843599    0.6004
13.981199    15.8132    0.6004
13.9516    15.6916    0.6004
13.9396    15.6628    0.6004
13.8916    15.5468    0.6004
13.8748    15.5196    0.6004
13.809199    15.412399    0.6004
13.7892    15.3884    0.6004
13.7076    15.2932    0.6004
13.683599    15.2732    0.6004
13.5884    15.1916    0.6004
13.561199    15.1748    0.6004
13.4539995    15.1092    0.6004
13.4251995    15.097199    0.6004
13.309199    15.0492    0.6004
13.2788    15.042    0.6004
13.1572    15.0124    0.6004
13.125999    15.009999    0.6004
13.0004    15.0004    0.6004
12.200399    15.0004    0.6004
12.0004    15.0004    0.6004
11.9692    15.0028    0.6004
11.843599    15.0124    0.6004
11.8132    15.0196    0.6004
11.6916    15.0492    0.6004
11.6628    15.061199    0.6004
11.5468    15.1092    0.6004
11.5196    15.125999    0.6004
11.412399    15.1916    0.6004
11.3884    15.211599    0.6004
11.2932    15.2932    0.6004
11.2732    15.3172    0.6004
11.1916    15.412399    0.6004
11.1748    15.4396    0.6004
11.1092    15.5468    0.6004
11.097199    15.5756    0.6004
11.0492    15.6916    0.6004
11.042    15.721999    0.6004
11.0124    15.843599    0.6004
11.009999    15.8748    0.6004
11.0004    16.0004    0.6004
11.0004    23.9988    0.6004
11.0004    26.000399    0.6004
11.0028    26.031599    0.6004
11.0124    26.1572    0.6004
11.0196    26.1876    0.6004
11.0492    26.3092    0.6004
11.0612    26.338    0.6004
11.1092    26.453999    0.6004
11.125999    26.4812    0.6004
11.1916    26.5884    0.6004
11.211599    26.6124    0.6004
11.2932    26.7076    0.6004
11.3172    26.7276    0.6004
11.412399    26.809198    0.6004
11.4396    26.826    0.6004
11.5468    26.8916    0.6004
11.5756    26.903599    0.6004
11.6916    26.9516    0.6004
11.722    26.9588    0.6004
11.843599    26.9884    0.6004
11.8748    26.990799    0.6004
12.0004    27.000399    0.6004
12.8004    27.000399    0.6004
13.0004    27.000399    0.6004
13.0316    26.998    0.6004
