32.101997    4.2651997    0.6004
32.1316    4.1324    0.6004
32.133198    4.0987997    0.6004
32.1396    3.9627998    0.6004
32.1356    3.9292    0.6004
32.118797    3.794    0.6004
32.1092    3.7612    0.6004
32.0692    3.6308    0.6004
32.054    3.6004    0.6004
31.993198    3.4787998    0.6004
31.9732    3.4515998    0.6004
31.892399    3.342    0.6004
31.8676    3.3179998    0.6004
31.769999    3.2236    0.6004
31.741999    3.2043998    0.6004
31.6292    3.1283998    0.6004
31.598    3.1139998    0.6004
31.473999    3.0579998    0.6004
31.441198    3.0491998    0.6004
31.31    3.0147998    0.6004
31.2764    3.0116    0.6004
31.1404    3.0003998    0.6004
29.9116    3.0003998    0.6004
25.000399    3.0003998    0.6004
23.771599    3.0003998    0.6004
18.8604    3.0003998    0.6004
18.8268    3.0036    0.6004
18.6908    3.0147998    0.6004
18.657999    3.0235999    0.6004
18.5268    3.0579998    0.6004
18.4956    3.0723999    0.6004
18.3716    3.1283998    0.6004
18.3436    3.1476    0.6004
18.230799    3.2236    0.6004
18.206    3.2475998    0.6004
18.1084    3.342    0.6004
18.0884    3.3692    0.6004
18.007599    3.4787998    0.6004
17.9924    3.5091999    0.6004
17.931599    3.6308    0.6004
17.921999    3.6636    0.6004
17.882    3.794    0.6004
17.878    3.8276    0.6004
17.8612    3.9627998    0.6004
17.862799    3.9963999    0.6004
17.8692    4.1324    0.6004
17.8764    4.166    0.6004
17.906    4.2988    0.6004
18.2004    5.2395997    0.6004
19.375599    9.0004    0.6004
20.31    11.9916    0.6004
24.046    23.946    0.6004
24.0588    23.9772    0.6004
24.109999    24.102798    0.6004
24.1276    24.1316    0.6004
24.1988    24.246    0.6004
24.221199    24.271599    0.6004
24.310799    24.3724    0.6004
24.3372    24.3932    0.6004
24.442799    24.477999    0.6004
24.472399    24.494    0.6004
24.59    24.559599    0.6004
24.622    24.570799    0.6004
24.749199    24.615599    0.6004
24.782799    24.621199    0.6004
24.9156    24.6444    0.6004
24.9324    24.645199    0.6004
25.000399    24.6476    0.6004
25.017199    24.6468    0.6004
25.0852    24.6444    0.6004
25.1188    24.6388    0.6004
25.2516    24.615599    0.6004
25.2836    24.604399    0.6004
25.410799    24.559599    0.6004
25.4404    24.5436    0.6004
25.557999    24.477999    0.6004
25.5844    24.4572    0.6004
25.689999    24.3724    0.6004
25.712399    24.3468    0.6004
25.802    24.246    0.6004
25.8196    24.2172    0.6004
25.890799    24.102798    0.6004
25.903599    24.0716    0.6004
25.9548    23.946    0.6004
30.866    8.2308    0.6004
32.0948    4.2988    0.6004
32.101997    4.2651997    0.6004
