29.6132    26.6388    0.6004
29.7396    26.6668    0.6004
29.771599    26.6684    0.6004
29.9012    26.6764    0.6004
29.933199    26.673199    0.6004
30.061998    26.660398    0.6004
30.093199    26.6516    0.6004
30.2188    26.618    0.6004
30.2484    26.604399    0.6004
30.366    26.550798    0.6004
30.3932    26.5332    0.6004
30.500399    26.461199    0.6004
30.524399    26.438799    0.6004
30.6188    26.3508    0.6004
30.6388    26.3252    0.6004
30.717999    26.2228    0.6004
30.7332    26.1948    0.6004
30.7948    26.0812    0.6004
30.805199    26.050798    0.6004
30.8484    25.9284    0.6004
30.854    25.896399    0.6004
30.8764    25.7684    0.6004
31.251598    21.695599    0.6004
31.3452    20.6764    0.6004
31.3452    20.642    0.6004
31.345999    20.5044    0.6004
31.340399    20.4708    0.6004
31.3172    20.334799    0.6004
31.306    20.3028    0.6004
31.260399    20.173199    0.6004
31.243599    20.1428    0.6004
31.1764    20.0228    0.6004
31.154799    19.996399    0.6004
31.067598    19.89    0.6004
31.042    19.8676    0.6004
30.938    19.777199    0.6004
30.9084    19.7596    0.6004
30.7908    19.6876    0.6004
30.7596    19.6852    0.6004
30.633999    19.6772    0.6004
30.602798    19.6796    0.6004
30.4772    19.6908    0.6004
30.446798    19.6988    0.6004
30.3252    19.7292    0.6004
30.2964    19.7412    0.6004
30.180399    19.7908    0.6004
30.154    19.8076    0.6004
30.0476    19.873999    0.6004
30.0236    19.8948    0.6004
29.9292    19.9772    0.6004
29.909199    20.0012    0.6004
29.8284    20.098    0.6004
29.812399    20.1252    0.6004
29.747599    20.2332    0.6004
29.7356    20.262    0.6004
29.6892    20.3788    0.6004
28.4956    24.195599    0.6004
28.197199    25.150799    0.6004
28.189999    25.1812    0.6004
28.1628    25.3044    0.6004
28.160398    25.3356    0.6004
28.1524    25.4604    0.6004
28.154799    25.4916    0.6004
28.165998    25.617199    0.6004
28.174    25.6476    0.6004
28.2044    25.7692    0.6004
28.2164    25.797998    0.6004
28.265999    25.913198    0.6004
28.282799    25.9396    0.6004
28.349998    26.046    0.6004
28.3708    26.07    0.6004
28.4532    26.1644    0.6004
28.4772    26.184399    0.6004
28.5732    26.2652    0.6004
28.600399    26.281199    0.6004
28.708399    26.3452    0.6004
28.7372    26.357199    0.6004
28.854    26.403599    0.6004
29.4364    26.585999    0.6004
29.581999    26.6316    0.6004
29.6132    26.6388    0.6004
