5.1844    26.998    0.6004
5.3092    26.9884    0.6004
5.3396    26.9812    0.6004
5.4603996    26.9524    0.6004
5.4891996    26.9404    0.6004
5.6052    26.892399    0.6004
5.6316    26.8764    0.6004
5.738    26.8116    0.6004
5.762    26.7916    0.6004
5.8571997    26.7108    0.6004
5.8771996    26.6868    0.6004
5.9588    26.5924    0.6004
5.9756    26.566    0.6004
6.0411997    26.459599    0.6004
6.0532    26.4308    0.6004
6.1019998    26.316399    0.6004
6.1092    26.286    0.6004
6.1396    26.1644    0.6004
9.0724    8.5676    0.6004
9.806    4.1644    0.6004
9.8084    4.13    0.6004
9.8196    3.9915998    0.6004
9.8164    3.9571998    0.6004
9.803599    3.8195999    0.6004
9.794    3.786    0.6004
9.757199    3.6524    0.6004
9.742    3.6211998    0.6004
9.682799    3.4956    0.6004
9.6628    3.4675999    0.6004
9.5828    3.3539999    0.6004
9.558    3.3292    0.6004
9.4595995    3.2315998    0.6004
9.4307995    3.2115998    0.6004
9.3172    3.1332    0.6004
9.285999    3.1188    0.6004
9.160399    3.0604    0.6004
9.1268    3.0516    0.6004
8.9924    3.0156    0.6004
8.958    3.0124    0.6004
8.8196    3.0003998    0.6004
4.9652    3.0003998    0.6004
4.0004    3.0003998    0.6004
3.9692    3.0028    0.6004
3.8435998    3.0124    0.6004
3.8132    3.0196    0.6004
3.6915998    3.0491998    0.6004
3.6627998    3.0612    0.6004
3.5468    3.1092    0.6004
3.5196    3.126    0.6004
3.4124    3.1915998    0.6004
3.3883998    3.2115998    0.6004
3.2932    3.2932    0.6004
3.2732    3.3172    0.6004
3.1915998    3.4124    0.6004
3.1748    3.4396    0.6004
3.1092    3.5468    0.6004
3.0972    3.5756    0.6004
3.0491998    3.6915998    0.6004
3.0419998    3.722    0.6004
3.0124    3.8435998    0.6004
3.01    3.8748    0.6004
3.0003998    4.0004    0.6004
3.0003998    5.0011997    0.6004
3.0003998    9.0004    0.6004
3.0003998    12.4028    0.6004
3.0003998    26.000399    0.6004
3.0028    26.031599    0.6004
3.0124    26.1572    0.6004
3.0196    26.1876    0.6004
3.0491998    26.3092    0.6004
3.0612    26.338    0.6004
3.1092    26.453999    0.6004
3.126    26.4812    0.6004
3.1915998    26.5884    0.6004
3.2115998    26.6124    0.6004
3.2932    26.7076    0.6004
3.3172    26.7276    0.6004
3.4124    26.809198    0.6004
3.4396    26.826    0.6004
3.5468    26.8916    0.6004
3.5756    26.903599    0.6004
3.6915998    26.9516    0.6004
3.722    26.9588    0.6004
3.8435998    26.9884    0.6004
3.8748    26.990799    0.6004
4.0004    27.000399    0.6004
4.9228    27.000399    0.6004
5.1531997    27.000399    0.6004
5.1844    26.998    0.6004
