0.3004    0.0004    0.6004
1.5004    0.0004    0.6004
3.2835999    0.0004    0.6004
10.41    0.0004    0.6004
11.9804    0.0004    0.6004
18.2564    0.0004    0.6004
19.605999    0.0004    0.6004
25.000399    0.0004    0.6004
26.8156    0.0004    0.6004
34.07    0.0004    0.6004
35.1748    0.0004    0.6004
39.590797    0.0004    0.6004
41.674    0.0004    0.6004
50.0004    0.0004    0.6004
50.0004    1.8019999    0.6004
50.0004    9.0004    0.6004
50.0004    13.2036    0.6004
50.0004    30.000399    0.6004
47.9172    30.000399    0.6004
39.590797    30.000399    0.6004
38.486    30.000399    0.6004
34.07    30.000399    0.6004
32.2548    30.000399    0.6004
25.000399    30.000399    0.6004
23.650799    30.000399    0.6004
18.2564    30.000399    0.6004
16.685999    30.000399    0.6004
10.41    30.000399    0.6004
8.6268    30.000399    0.6004
1.5004    30.000399    0.6004
1.2004    30.000399    0.6004
0.0004    30.000399    0.6004
0.0004    25.7972    0.6004
0.0004    9.0004    0.6004
0.0004    7.1987996    0.6004
0.0004    0.0004    0.6004
0.3004    0.0004    0.6004
