13.526    35.9228    13.2004
13.506    35.93    13.2004
13.4948    35.9332    13.2004
13.486    35.9356    13.2004
13.4828    35.936398    13.2004
13.4748    35.939598    13.2004
13.4564    35.9444    13.2004
13.4436    35.9628    13.2004
13.434    35.9708    13.2004
13.4316    35.9908    13.2004
13.4372    36.0044    13.2004
13.4508    36.020397    13.2004
13.466    36.0252    13.2004
13.4892    36.03    13.2004
13.5116    36.0356    13.2004
13.533999    36.0412    13.2004
13.5404    36.042    13.2004
13.5548    36.042    13.2004
13.573199    36.0444    13.2004
13.590799    36.0412    13.2004
13.6004    36.0388    13.2004
13.6068    36.0364    13.2004
13.618799    36.0284    13.2004
13.6435995    36.014797    13.2004
13.659599    36.0044    13.2004
13.6852    35.9828    13.2004
13.6908    35.978798    13.2004
13.699599    35.9652    13.2004
13.714    35.9444    13.2004
13.717199    35.9372    13.2004
13.722    35.9276    13.2004
13.722    35.9116    13.2004
13.729199    35.8924    13.2004
13.7316    35.8724    13.2004
13.723599    35.854797    13.2004
13.717199    35.842    13.2004
13.7076    35.8428    13.2004
13.6812    35.841198    13.2004
13.6692    35.8484    13.2004
13.6348    35.869198    13.2004
13.6044    35.8852    13.2004
13.5884    35.8932    13.2004
13.544399    35.9132    13.2004
13.526    35.9228    13.2004
