11.1964    36.4932    13.2004
11.2196    36.4212    13.2004
11.226    36.3996    13.2004
11.234799    36.369198    13.2004
11.238    36.3596    13.2004
11.2436    36.342    13.2004
11.2588    36.3052    13.2004
11.2708    36.2788    13.2004
11.286799    36.242    13.2004
11.3004    36.217197    13.2004
11.3084    36.202    13.2004
11.3252    36.1756    13.2004
11.3524    36.1372    13.2004
11.3524    36.1364    13.2004
11.3532    36.135597    13.2004
11.3692    36.1012    13.2004
11.3675995    36.0868    13.2004
11.3572    36.0748    13.2004
11.3644    36.065998    13.2004
11.366    36.0604    13.2004
11.3644    36.0556    13.2004
11.355599    36.045998    13.2004
11.3396    36.0388    13.2004
11.3132    36.0332    13.2004
11.3084    36.0324    13.2004
11.3068    36.0316    13.2004
11.306    36.0316    13.2004
11.2708    36.0228    13.2004
11.251599    36.0156    13.2004
11.2268    36.009197    13.2004
11.2148    36.0052    13.2004
11.202    36.0004    13.2004
11.182799    35.986797    13.2004
11.1779995    35.984398    13.2004
11.1748    35.981197    13.2004
11.153999    35.9604    13.2004
11.1452    35.9516    13.2004
11.119599    35.9228    13.2004
11.1164    35.9188    13.2004
11.102799    35.9004    13.2004
11.079599    35.8668    13.2004
11.038799    35.806    13.2004
11.021999    35.7828    13.2004
11.014    35.77    13.2004
10.9796    35.722    13.2004
10.969999    35.7084    13.2004
10.9692    35.7076    13.2004
10.964399    35.7028    13.2004
10.9508    35.6916    13.2004
10.9372    35.69    13.2004
10.9108    35.689198    13.2004
10.8996    35.689198    13.2004
10.8764    35.689198    13.2004
10.814    35.689198    13.2004
10.7876    35.6884    13.2004
10.7644    35.6868    13.2004
10.7316    35.683598    13.2004
10.7204    35.6812    13.2004
10.6932    35.672398    13.2004
10.682    35.6684    13.2004
10.671599    35.666    13.2004
10.6324    35.6532    13.2004
10.625999    35.6508    13.2004
10.5988    35.638798    13.2004
10.573199    35.627598    13.2004
10.5372    35.6092    13.2004
10.5292    35.605198    13.2004
10.5076    35.5932    13.2004
10.481199    35.5756    13.2004
10.4804    35.5756    13.2004
10.4796    35.5748    13.2004
10.4788    35.573997    13.2004
10.4436    35.5476    13.2004
10.4332    35.5396    13.2004
10.422    35.5284    13.2004
10.401999    35.51    13.2004
10.3988    35.506798    13.2004
10.398    35.506    13.2004
10.3828    35.4884    13.2004
10.3772    35.4804    13.2004
10.37    35.469997    13.2004
10.3604    35.4524    13.2004
10.3516    35.438    13.2004
10.349199    35.4332    13.2004
10.338799    35.4012    13.2004
10.3372    35.3964    13.2004
10.3292    35.3596    13.2004
10.3252    35.3348    13.2004
10.3236    35.318    13.2004
10.322    35.2892    13.2004
10.322    35.2628    13.2004
10.322    35.2476    13.2004
10.3236    35.2332    13.2004
10.326799    35.2124    13.2004
10.33    35.1852    13.2004
10.3348    35.1676    13.2004
10.3372    35.1572    13.2004
10.3596    35.1268    13.2004
10.361199    35.124397    13.2004
10.3628    35.1228    13.2004
10.3892    35.101997    13.2004
10.401199    35.0948    13.2004
10.4372    35.073997    13.2004
10.462    35.0604    13.2004
10.475599    35.05    13.2004
10.4828    35.0452    13.2004
10.504399    35.026    13.2004
10.5084    35.017998    13.2004
10.5156    35.0076    13.2004
10.5204    34.9972    13.2004
10.5468    34.925198    13.2004
10.5468    34.9244    13.2004
10.5652    34.8796    13.2004
10.566    34.878    13.2004
10.5668    34.8764    13.2004
10.5756    34.8612    13.2004
10.590799    34.832397    13.2004
10.602799    34.8124    13.2004
10.6212    34.7868    13.2004
10.6324    34.7724    13.2004
10.642    34.748398    13.2004
10.6435995    34.7444    13.2004
10.6452    34.739597    13.2004
10.646    34.7132    13.2004
10.646    34.7028    13.2004
10.6412    34.69    13.2004
10.6348    34.6748    13.2004
10.6324    34.6692    13.2004
10.625199    34.6564    13.2004
10.608399    34.6228    13.2004
10.585199    34.5788    13.2004
10.5772    34.562    13.2004
10.5268    34.467598    13.2004
10.5132    34.4436    13.2004
10.506    34.4284    13.2004
10.4892    34.398    13.2004
10.475599    34.365997    13.2004
10.4724    34.3596    13.2004
10.470799    34.3564    13.2004
10.4484    34.302    13.2004
10.436399    34.2716    13.2004
10.4212    34.23    13.2004
10.406    34.1852    13.2004
10.395599    34.1508    13.2004
10.3748    34.090797    13.2004
10.3692    34.0756    13.2004
10.361199    34.051598    13.2004
10.354    34.0252    13.2004
10.3532    34.017998    13.2004
10.3564    34.001198    13.2004
10.354799    33.989998    13.2004
10.3644    33.9708    13.2004
10.3652    33.967598    13.2004
10.366799    33.9652    13.2004
10.3748    33.950798    13.2004
10.3948    33.9172    13.2004
10.4004    33.9076    13.2004
10.406799    33.8884    13.2004
10.4148    33.871597    13.2004
10.417999    33.8596    13.2004
10.4251995    33.8332    13.2004
10.4292    33.8148    13.2004
10.4372    33.776398    13.2004
10.4436    33.750797    13.2004
10.458    33.700397    13.2004
10.4604    33.692398    13.2004
10.4668    33.6764    13.2004
10.4796    33.6468    13.2004
10.487599    33.6292    13.2004
10.5036    33.6084    13.2004
10.506    33.606    13.2004
10.5188    33.5988    13.2004
10.53    33.5916    13.2004
10.533199    33.590797    13.2004
10.5476    33.585197    13.2004
10.6292    33.5532    13.2004
10.6444    33.5476    13.2004
10.6556    33.5412    13.2004
10.6676    33.534    13.2004
10.683599    33.5108    13.2004
10.6868    33.502    13.2004
10.6956    33.4836    13.2004
10.698    33.446    13.2004
10.7036    33.41    13.2004
10.705999    33.398    13.2004
10.7092    33.3756    13.2004
10.7188    33.3388    13.2004
10.7196    33.3364    13.2004
10.7196    33.335598    13.2004
10.7204    33.3348    13.2004
10.729199    33.318798    13.2004
10.7308    33.315598    13.2004
10.7308    33.3148    13.2004
10.754    33.2716    13.2004
10.7604    33.2636    13.2004
10.7788    33.2436    13.2004
10.781199    33.2404    13.2004
10.7836    33.2388    13.2004
10.8068    33.2212    13.2004
10.809999    33.2188    13.2004
10.815599    33.218    13.2004
10.832399    33.2124    13.2004
10.8404    33.2124    13.2004
10.854    33.2132    13.2004
10.8564    33.2132    13.2004
10.882    33.217197    13.2004
10.8828    33.218    13.2004
10.8948    33.220398    13.2004
10.9292    33.2276    13.2004
10.9396    33.2308    13.2004
10.993199    33.2492    13.2004
11.0548    33.2684    13.2004
11.0668    33.270798    13.2004
11.0844    33.2732    13.2004
11.1092    33.2724    13.2004
11.1124    33.2724    13.2004
11.141999    33.2636    13.2004
11.1444    33.2628    13.2004
11.1668    33.250797    13.2004
11.17    33.25    13.2004
11.1723995    33.248398    13.2004
11.262799    33.1972    13.2004
11.3244    33.1684    13.2004
11.3988    33.1308    13.2004
11.4396    33.1116    13.2004
11.458799    33.101997    13.2004
11.4772    33.0924    13.2004
11.493199    33.085197    13.2004
11.5484    33.062    13.2004
11.554    33.0596    13.2004
11.558    33.058    13.2004
11.5876    33.0476    13.2004
11.61    33.0412    13.2004
11.6164    33.0388    13.2004
11.622    33.038    13.2004
11.646    33.034    13.2004
11.662    33.0324    13.2004
11.6748    33.03    13.2004
11.7212    33.03    13.2004
11.722    33.03    13.2004
11.7252    33.03    13.2004
11.728399    33.03    13.2004
11.7836    33.0308    13.2004
11.794    33.03    13.2004
11.8108    33.029198    13.2004
11.844399    33.026    13.2004
11.8484    33.026    13.2004
11.8508    33.026    13.2004
11.8868    33.0148    13.2004
11.9284    32.9996    13.2004
11.9724    32.9828    13.2004
11.9852    32.978    13.2004
11.993199    32.9748    13.2004
12.021199    32.9652    13.2004
12.049999    32.9556    13.2004
12.068399    32.9516    13.2004
12.084399    32.946    13.2004
12.142799    32.9268    13.2004
12.1491995    32.925198    13.2004
12.1588    32.9204    13.2004
12.182799    32.91    13.2004
12.1988    32.9004    13.2004
12.2076    32.8956    13.2004
12.226    32.882    13.2004
12.238    32.874    13.2004
12.262    32.8532    13.2004
12.262799    32.852398    13.2004
12.306    32.8148    13.2004
12.3124    32.8084    13.2004
12.318    32.8028    13.2004
12.354799    32.7684    13.2004
12.3876    32.7364    13.2004
12.401199    32.722    13.2004
12.438    32.6852    13.2004
12.521199    32.6044    13.2004
12.5364    32.59    13.2004
12.5484    32.579597    13.2004
12.556399    32.5732    13.2004
12.5604    32.57    13.2004
12.6044    32.5356    13.2004
12.6164    32.5268    13.2004
12.6244    32.522    13.2004
12.630799    32.5188    13.2004
12.662    32.501198    13.2004
12.677199    32.495598    13.2004
12.6932    32.4892    13.2004
12.7092    32.4828    13.2004
12.7276    32.4772    13.2004
12.7364    32.474    13.2004
12.7564    32.469997    13.2004
12.7612    32.4692    13.2004
12.778    32.4684    13.2004
12.803599    32.4668    13.2004
12.8068    32.4668    13.2004
12.8412    32.4692    13.2004
12.855599    32.4716    13.2004
12.8924    32.478    13.2004
12.9564    32.4876    13.2004
12.9836    32.4916    13.2004
13.021199    32.4948    13.2004
13.0316    32.495598    13.2004
13.038799    32.4964    13.2004
13.0756    32.497997    13.2004
13.098    32.4988    13.2004
13.1108    32.4964    13.2004
13.1404    32.489998    13.2004
13.1452    32.4884    13.2004
13.146    32.4884    13.2004
13.147599    32.4876    13.2004
13.177199    32.474    13.2004
13.2067995    32.461998    13.2004
13.2364    32.4484    13.2004
13.2476    32.4428    13.2004
13.2716    32.4324    13.2004
13.294    32.4228    13.2004
13.3228    32.4116    13.2004
13.3404    32.4044    13.2004
13.3852    32.3932    13.2004
13.3868    32.3924    13.2004
13.4307995    32.3876    13.2004
13.463599    32.3852    13.2004
13.4964    32.3844    13.2004
13.521199    32.3868    13.2004
13.556399    32.39    13.2004
13.57    32.391598    13.2004
13.598    32.3988    13.2004
13.65    32.4124    13.2004
13.6732    32.4212    13.2004
13.693999    32.4276    13.2004
13.702    32.430798    13.2004
13.7212    32.447598    13.2004
13.7276    32.4548    13.2004
13.745999    32.4716    13.2004
13.7612    32.4916    13.2004
13.7892    32.5356    13.2004
13.8076    32.5612    13.2004
13.8164    32.573997    13.2004
13.8356    32.5988    13.2004
13.8404    32.6028    13.2004
13.8684    32.624397    13.2004
13.9084    32.6508    13.2004
13.9404    32.6756    13.2004
13.953199    32.686    13.2004
13.9716    32.7044    13.2004
13.986799    32.722    13.2004
13.9892    32.7252    13.2004
14.038799    32.7948    13.2004
14.054    32.8204    13.2004
14.062799    32.8308    13.2004
14.090799    32.8652    13.2004
14.1036    32.8796    13.2004
14.113199    32.891598    13.2004
14.1324    32.908398    13.2004
14.142799    32.9164    13.2004
14.162    32.93    13.2004
14.165999    32.9324    13.2004
14.186    32.9412    13.2004
14.2084    32.9468    13.2004
14.2188    32.9492    13.2004
14.229199    32.9516    13.2004
14.2484    32.9516    13.2004
14.254    32.9524    13.2004
14.297999    32.9556    13.2004
14.338799    32.9604    13.2004
14.342    32.9604    13.2004
14.349999    32.9612    13.2004
14.3876    32.9668    13.2004
14.401999    32.9716    13.2004
14.414    32.9764    13.2004
14.4388    32.9876    13.2004
14.4516    32.9964    13.2004
14.464399    33.006798    13.2004
14.481199    33.023598    13.2004
14.502    33.045998    13.2004
14.5116    33.0596    13.2004
14.5236    33.078    13.2004
14.53    33.0892    13.2004
14.5348    33.098    13.2004
14.5484    33.126    13.2004
14.5532    33.1364    13.2004
14.556399    33.1476    13.2004
14.567599    33.1788    13.2004
14.5764    33.2068    13.2004
14.5828    33.2244    13.2004
14.5876    33.237198    13.2004
14.5948    33.270798    13.2004
14.5988    33.294    13.2004
14.6044    33.3316    13.2004
14.6052    33.3428    13.2004
14.606    33.352398    13.2004
14.61    33.391598    13.2004
14.6108    33.4268    13.2004
14.6108    33.430798    13.2004
14.6116    33.4484    13.2004
14.6124    33.4668    13.2004
14.6124    33.4708    13.2004
14.6116    33.4836    13.2004
14.607599    33.5284    13.2004
14.6052    33.5476    13.2004
14.602799    33.5844    13.2004
14.601999    33.624397    13.2004
14.601999    33.6292    13.2004
14.6036    33.6356    13.2004
14.6044    33.6588    13.2004
14.613999    33.6804    13.2004
14.619599    33.6868    13.2004
14.6348    33.694    13.2004
14.6444    33.6956    13.2004
14.660399    33.700397    13.2004
14.751599    33.714    13.2004
14.768399    33.7164    13.2004
14.7708    33.7164    13.2004
14.7732    33.717197    13.2004
14.8012    33.7236    13.2004
14.825999    33.7292    13.2004
14.826799    33.73    13.2004
14.8276    33.73    13.2004
14.8564    33.742    13.2004
14.878799    33.7524    13.2004
14.884399    33.7556    13.2004
14.894    33.7588    13.2004
14.9228    33.7716    13.2004
14.936399    33.774    13.2004
14.974799    33.7844    13.2004
14.9908    33.787598    13.2004
15.0356    33.7972    13.2004
15.054    33.8028    13.2004
15.066799    33.809998    13.2004
15.0772    33.814    13.2004
15.0884    33.8196    13.2004
15.1124    33.8396    13.2004
15.118799    33.8444    13.2004
15.1268    33.8532    13.2004
15.1404    33.8628    13.2004
15.165199    33.882797    13.2004
15.199599    33.902798    13.2004
15.200399    33.902798    13.2004
15.2012    33.9036    13.2004
15.2316    33.919598    13.2004
15.250799    33.93    13.2004
15.2612    33.9372    13.2004
15.2699995    33.945198    13.2004
15.2836    33.9572    13.2004
15.297999    33.9692    13.2004
15.3076    33.978798    13.2004
15.338799    34.0116    13.2004
15.3476    34.0204    13.2004
15.4084    34.086    13.2004
15.4332    34.1084    13.2004
15.4388    34.113197    13.2004
15.445999    34.116398    13.2004
15.474    34.1348    13.2004
15.5084    34.1524    13.2004
15.5196    34.1604    13.2004
15.537999    34.174    13.2004
15.5532    34.183598    13.2004
15.590799    34.214798    13.2004
15.597199    34.2196    13.2004
15.61    34.2308    13.2004
15.677199    34.293198    13.2004
15.699599    34.3164    13.2004
15.7148    34.3316    13.2004
15.721999    34.3396    13.2004
15.746799    34.374798    13.2004
15.7532    34.3844    13.2004
15.7716    34.4116    13.2004
15.7892    34.4388    13.2004
15.806    34.467598    13.2004
15.834    34.514    13.2004
15.844399    34.5324    13.2004
15.8524    34.5492    13.2004
15.8588    34.5612    13.2004
15.860399    34.57    13.2004
15.8644    34.5956    13.2004
15.8644    34.606    13.2004
15.8644    34.6404    13.2004
15.861199    34.709198    13.2004
15.861199    34.7164    13.2004
15.861199    34.718    13.2004
15.861199    34.7196    13.2004
15.8572    34.781998    13.2004
15.8564    34.7836    13.2004
15.8564    34.7852    13.2004
15.855599    34.7892    13.2004
15.846    34.87    13.2004
15.8404    34.9068    13.2004
15.838799    34.9172    13.2004
15.837199    34.925198    13.2004
15.832399    34.945198    13.2004
15.8292    34.9524    13.2004
15.825999    34.9668    13.2004
15.8172    34.978    13.2004
15.8068    34.9972    13.2004
15.7996    35.006    13.2004
15.791599    35.014    13.2004
15.7588    35.045998    13.2004
15.728399    35.0764    13.2004
15.717199    35.0876    13.2004
15.7036    35.1004    13.2004
15.6916    35.11    13.2004
15.6868    35.113197    13.2004
15.664399    35.1308    13.2004
15.6452    35.144398    13.2004
15.637199    35.1484    13.2004
15.630799    35.1516    13.2004
15.6108    35.1604    13.2004
15.6036    35.162    13.2004
15.5868    35.1676    13.2004
15.5859995    35.1676    13.2004
15.538799    35.1764    13.2004
15.5116    35.1804    13.2004
15.462    35.1876    13.2004
15.4388    35.19    13.2004
15.360399    35.197998    13.2004
15.355599    35.197998    13.2004
15.3532    35.1988    13.2004
15.3508    35.1988    13.2004
15.3236    35.197998    13.2004
15.308399    35.1972    13.2004
15.3076    35.1972    13.2004
15.302799    35.1972    13.2004
15.2708    35.1932    13.2004
15.226    35.1804    13.2004
15.2148    35.1772    13.2004
15.2012    35.172398    13.2004
15.131599    35.1452    13.2004
15.089999    35.1284    13.2004
15.0484    35.114    13.2004
15.03    35.106    13.2004
15.0084    35.099598    13.2004
14.9964    35.0972    13.2004
14.9883995    35.1084    13.2004
14.9804    35.118797    13.2004
14.976399    35.1316    13.2004
14.975599    35.142    13.2004
14.969199    35.1652    13.2004
14.969199    35.172398    13.2004
14.969199    35.1916    13.2004
14.969199    35.2068    13.2004
14.969199    35.2188    13.2004
14.964399    35.2348    13.2004
14.964399    35.246    13.2004
14.9595995    35.261997    13.2004
14.9556    35.2684    13.2004
14.947599    35.2852    13.2004
14.9324    35.3052    13.2004
14.9284    35.3116    13.2004
14.923599    35.3172    13.2004
14.905999    35.337997    13.2004
14.877999    35.371597    13.2004
14.8748    35.3756    13.2004
14.865999    35.3852    13.2004
14.8572    35.398    13.2004
14.849999    35.4116    13.2004
14.844399    35.425198    13.2004
14.843599    35.4356    13.2004
14.8452    35.4612    13.2004
14.846    35.467598    13.2004
14.846    35.4772    13.2004
14.8468    35.4836    13.2004
14.8468    35.4988    13.2004
14.848399    35.5252    13.2004
14.848399    35.5604    13.2004
14.848399    35.562798    13.2004
14.846    35.5868    13.2004
14.844399    35.599598    13.2004
14.844399    35.6004    13.2004
14.8292    35.6644    13.2004
14.8228    35.6932    13.2004
14.809999    35.7388    13.2004
14.802799    35.761997    13.2004
14.7948    35.7844    13.2004
14.7908    35.798798    13.2004
14.7772    35.814    13.2004
14.7676    35.824398    13.2004
14.7668    35.8252    13.2004
14.766    35.8252    13.2004
14.745999    35.837997    13.2004
14.7252    35.85    13.2004
14.7012    35.863598    13.2004
14.6916    35.8684    13.2004
14.6516    35.8876    13.2004
14.6092    35.9044    13.2004
14.5996    35.9076    13.2004
14.5892    35.9148    13.2004
14.578799    35.9316    13.2004
14.5756    35.950798    13.2004
14.589999    35.9652    13.2004
14.601999    35.9836    13.2004
14.6156    35.995598    13.2004
14.634    36.0108    13.2004
14.6524    36.0276    13.2004
14.69    36.0652    13.2004
14.705999    36.082    13.2004
14.7355995    36.1124    13.2004
14.792399    36.1732    13.2004
14.806    36.1884    13.2004
14.825999    36.2124    13.2004
14.8516    36.246    13.2004
14.854    36.25    13.2004
14.855599    36.2532    13.2004
14.858    36.258    13.2004
14.873199    36.2892    13.2004
14.8748    36.2996    13.2004
14.8796    36.318    13.2004
14.882    36.3284    13.2004
14.884399    36.341198    13.2004
14.8868    36.369198    13.2004
14.8868    36.3844    13.2004
14.8852    36.4116    13.2004
14.8852    36.418    13.2004
14.8804    36.445198    13.2004
14.8804    36.4484    13.2004
14.878799    36.450798    13.2004
14.877199    36.4548    13.2004
14.8684    36.478    13.2004
14.8468    36.5084    13.2004
14.831599    36.5276    13.2004
14.8236    36.5388    13.2004
14.819599    36.5484    13.2004
14.8164    36.5612    13.2004
14.8116    36.5748    13.2004
14.809999    36.5892    13.2004
14.8108    36.598    13.2004
14.808399    36.6172    13.2004
14.8076    36.6372    13.2004
14.806    36.6476    13.2004
14.8012    36.672398    13.2004
14.797199    36.683598    13.2004
14.7836    36.7052    13.2004
14.769199    36.7236    13.2004
14.7644    36.728397    13.2004
14.7428    36.7524    13.2004
14.740399    36.753998    13.2004
14.728399    36.7644    13.2004
14.7148    36.776398    13.2004
14.7123995    36.778    13.2004
14.711599    36.7788    13.2004
14.7067995    36.7812    13.2004
14.6692    36.8068    13.2004
14.658    36.815598    13.2004
14.6404    36.834    13.2004
14.629999    36.8532    13.2004
14.625199    36.8668    13.2004
14.620399    36.8844    13.2004
14.619599    36.898    13.2004
14.622    36.9116    13.2004
14.6292    36.9316    13.2004
14.6332    36.9404    13.2004
14.6396    36.953197    13.2004
14.6468    36.966    13.2004
14.6516    36.9764    13.2004
14.6556    36.984398    13.2004
14.662    37.0052    13.2004
14.6644    37.012398    13.2004
14.6644    37.0316    13.2004
14.665999    37.0396    13.2004
14.665199    37.057198    13.2004
14.665999    37.0644    13.2004
14.658    37.086    13.2004
14.658    37.0892    13.2004
14.6564    37.0924    13.2004
14.6404    37.114    13.2004
14.6324    37.1228    13.2004
14.6228    37.1308    13.2004
14.6044    37.146    13.2004
14.5836    37.1596    13.2004
14.5756    37.1644    13.2004
14.5652    37.17    13.2004
14.5484    37.1772    13.2004
14.5316    37.1844    13.2004
14.521199    37.1876    13.2004
14.5132    37.19    13.2004
14.4956    37.1964    13.2004
14.4748    37.202    13.2004
14.4676    37.203598    13.2004
14.4564    37.2052    13.2004
14.4284    37.2076    13.2004
14.4084    37.21    13.2004
14.3907995    37.2108    13.2004
14.3076    37.214798    13.2004
14.2588    37.218    13.2004
14.2372    37.218    13.2004
14.217999    37.2188    13.2004
14.1972    37.218    13.2004
14.160399    37.217197    13.2004
14.1404    37.217197    13.2004
14.131599    37.217197    13.2004
14.118799    37.2212    13.2004
14.102799    37.2252    13.2004
14.0876    37.233997    13.2004
14.0716    37.246    13.2004
14.058    37.2588    13.2004
14.0532    37.2628    13.2004
14.0484    37.2684    13.2004
14.0412    37.2756    13.2004
14.016399    37.3052    13.2004
14.0148    37.3076    13.2004
14.0116    37.309998    13.2004
13.986799    37.334    13.2004
13.981999    37.3372    13.2004
13.9595995    37.352398    13.2004
13.9452    37.360397    13.2004
13.8996    37.388397    13.2004
13.877199    37.4052    13.2004
13.8756    37.4068    13.2004
13.843599    37.4372    13.2004
13.83    37.45    13.2004
13.8164    37.466    13.2004
13.797199    37.4852    13.2004
13.792399    37.4892    13.2004
13.774799    37.5044    13.2004
13.766    37.5108    13.2004
13.739599    37.5252    13.2004
13.7388    37.525997    13.2004
13.7364    37.5268    13.2004
13.699599    37.5476    13.2004
13.674    37.557198    13.2004
13.6524    37.565998    13.2004
13.624399    37.573997    13.2004
13.601999    37.5804    13.2004
13.573199    37.588398    13.2004
13.556399    37.5932    13.2004
13.5252    37.5972    13.2004
13.5171995    37.598    13.2004
13.5124    37.5988    13.2004
13.4892    37.5988    13.2004
13.464399    37.5948    13.2004
13.4628    37.593998    13.2004
13.4595995    37.5932    13.2004
13.4324    37.585197    13.2004
13.406    37.577198    13.2004
13.3884    37.571598    13.2004
13.378799    37.5692    13.2004
13.3572    37.5668    13.2004
13.3476    37.5652    13.2004
13.318    37.568398    13.2004
13.3132    37.568398    13.2004
13.309999    37.5692    13.2004
13.3012    37.5724    13.2004
13.226    37.593998    13.2004
13.222799    37.5948    13.2004
13.222    37.5948    13.2004
13.1844    37.605198    13.2004
13.1676    37.607597    13.2004
13.1412    37.6124    13.2004
13.1244    37.614    13.2004
13.1004    37.6172    13.2004
13.0588    37.618    13.2004
13.056399    37.618    13.2004
13.0428    37.618    13.2004
13.0028    37.618797    13.2004
12.941199    37.613197    13.2004
12.9276    37.6116    13.2004
12.914    37.61    13.2004
12.8588    37.6036    13.2004
12.8404    37.599598    13.2004
12.821199    37.596397    13.2004
12.806    37.5932    13.2004
12.7772    37.586    13.2004
12.7244    37.568398    13.2004
12.722799    37.568398    13.2004
12.7196    37.5668    13.2004
12.6812    37.5524    13.2004
12.665999    37.5436    13.2004
12.6524    37.5364    13.2004
12.6388    37.5276    13.2004
12.6244    37.520397    13.2004
12.6036    37.5052    13.2004
12.6004    37.5028    13.2004
12.5988    37.502    13.2004
12.5748    37.4828    13.2004
12.539599    37.453197    13.2004
12.538    37.450798    13.2004
12.515599    37.4284    13.2004
12.5004    37.418    13.2004
12.4852    37.406    13.2004
12.470799    37.3988    13.2004
12.453199    37.3924    13.2004
12.429999    37.3892    13.2004
12.426    37.388397    13.2004
12.423599    37.388397    13.2004
12.4196    37.388397    13.2004
12.3996    37.39    13.2004
12.389199    37.3932    13.2004
12.366799    37.4012    13.2004
12.3532    37.4068    13.2004
12.3348    37.4156    13.2004
12.2668    37.453197    13.2004
12.2492    37.4628    13.2004
12.202    37.4876    13.2004
12.1668    37.506    13.2004
12.090799    37.5436    13.2004
12.084399    37.5468    13.2004
12.0803995    37.5484    13.2004
12.0484    37.5636    13.2004
12.0324    37.5708    13.2004
12.0316    37.571598    13.2004
11.9924    37.585197    13.2004
11.9716    37.5916    13.2004
11.941199    37.6028    13.2004
11.9307995    37.605198    13.2004
11.878799    37.618797    13.2004
11.8756    37.6196    13.2004
11.8675995    37.6212    13.2004
11.838799    37.6268    13.2004
11.8172    37.6284    13.2004
11.8124    37.6284    13.2004
11.8108    37.6292    13.2004
11.7828    37.6324    13.2004
11.7668    37.6316    13.2004
11.7548    37.6316    13.2004
11.754    37.6316    13.2004
11.7276    37.629997    13.2004
11.71    37.627598    13.2004
11.6916    37.6236    13.2004
11.677199    37.618797    13.2004
11.6356    37.605198    13.2004
11.630799    37.6036    13.2004
11.6284    37.6028    13.2004
11.5892    37.5876    13.2004
11.578799    37.582798    13.2004
11.566    37.5748    13.2004
11.5428    37.562    13.2004
11.533199    37.5564    13.2004
11.516399    37.5436    13.2004
11.5084    37.5372    13.2004
11.5068    37.5364    13.2004
11.5028    37.5332    13.2004
11.4788    37.514797    13.2004
11.4636    37.4996    13.2004
11.4556    37.492397    13.2004
11.4372    37.473198    13.2004
11.4284    37.4636    13.2004
11.4148    37.445198    13.2004
11.401199    37.4244    13.2004
11.395599    37.4164    13.2004
11.3796    37.3868    13.2004
11.361199    37.354    13.2004
11.354799    37.3428    13.2004
11.344399    37.3196    13.2004
11.338799    37.3052    13.2004
11.334    37.293198    13.2004
11.3308    37.274    13.2004
11.33    37.2692    13.2004
11.3292    37.266    13.2004
11.3236    37.23    13.2004
11.3236    37.222797    13.2004
11.321199    37.21    13.2004
11.3188    37.194    13.2004
11.3108    37.1772    13.2004
11.3012    37.162    13.2004
11.2932    37.144398    13.2004
11.281199    37.1292    13.2004
11.2732    37.1236    13.2004
11.2676    37.118797    13.2004
11.257999    37.1124    13.2004
11.2411995    37.099598    13.2004
11.2324    37.093998    13.2004
11.2196    37.0844    13.2004
11.21    37.077198    13.2004
11.2028    37.068398    13.2004
11.1956    37.0556    13.2004
11.1908    37.0468    13.2004
11.183599    37.0276    13.2004
11.170799    36.992397    13.2004
11.1692    36.9836    13.2004
11.165199    36.9572    13.2004
11.1628    36.9412    13.2004
11.1588    36.9092    13.2004
11.1572    36.885998    13.2004
11.1556    36.854797    13.2004
11.153999    36.821198    13.2004
11.153999    36.7716    13.2004
11.154799    36.756397    13.2004
11.158    36.7052    13.2004
11.1588    36.6956    13.2004
11.1644    36.6492    13.2004
11.1644    36.6484    13.2004
11.1644    36.6476    13.2004
11.1748    36.5876    13.2004
11.182    36.5484    13.2004
11.182799    36.5428    13.2004
11.1844    36.5372    13.2004
11.1964    36.4932    13.2004
