16.8596    12.834    11.1004
16.866    12.837999    11.1004
16.9132    12.8684    11.1004
16.93    12.8812    11.1004
16.9364    12.8852    11.1004
16.942    12.889999    11.1004
16.9708    12.9116    11.1004
16.9844    12.9212    11.1004
16.9868    12.922    11.1004
16.9956    12.9307995    11.1004
17.035599    12.963599    11.1004
17.0492    12.974    11.1004
17.0684    12.992399    11.1004
17.09    13.009999    11.1004
17.117199    13.0356    11.1004
17.1484    13.0636    11.1004
17.157999    13.073199    11.1004
17.1828    13.0996    11.1004
17.1956    13.113999    11.1004
17.2108    13.1332    11.1004
17.2188    13.1491995    11.1004
17.23    13.1668    11.1004
17.2356    13.177199    11.1004
17.2452    13.1956    11.1004
17.249199    13.2044    11.1004
17.2596    13.228399    11.1004
17.2708    13.2532    11.1004
17.2756    13.2588    11.1004
17.2868    13.2772    11.1004
17.3004    13.2956    11.1004
17.3132    13.306    11.1004
17.338    13.325999    11.1004
17.3428    13.3284    11.1004
17.3676    13.3331995    11.1004
17.373999    13.334    11.1004
17.4156    13.3292    11.1004
17.4364    13.325999    11.1004
17.438    13.325999    11.1004
17.4404    13.325999    11.1004
17.442799    13.325999    11.1004
17.4628    13.326799    11.1004
17.479599    13.33    11.1004
17.4844    13.3308    11.1004
17.4956    13.3364    11.1004
17.513199    13.343599    11.1004
17.5228    13.354    11.1004
17.531599    13.360399    11.1004
17.5452    13.377999    11.1004
17.559599    13.394799    11.1004
17.5716    13.413199    11.1004
17.5924    13.4428    11.1004
17.6148    13.4836    11.1004
17.622    13.4956    11.1004
17.6476    13.542    11.1004
17.65    13.5468    11.1004
17.6548    13.5596    11.1004
17.678    13.622    11.1004
17.684399    13.641999    11.1004
17.695599    13.6756    11.1004
17.6996    13.688399    11.1004
17.7012    13.6932    11.1004
17.7116    13.738    11.1004
17.7132    13.7484    11.1004
17.719599    13.781199    11.1004
17.725199    13.8164    11.1004
17.726    13.825999    11.1004
17.7284    13.854799    11.1004
17.7292    13.866799    11.1004
17.73    13.877199    11.1004
17.7316    13.913199    11.1004
17.732399    13.934    11.1004
17.7316    13.966    11.1004
17.7292    14.0092    11.1004
17.726799    14.03    11.1004
17.722    14.0748    11.1004
17.7204    14.082    11.1004
17.7204    14.084399    11.1004
17.7076    14.1404    11.1004
17.7044    14.1564    11.1004
17.6932    14.199599    11.1004
17.685999    14.222799    11.1004
17.6756    14.2564    11.1004
17.6708    14.2699995    11.1004
17.667599    14.279599    11.1004
17.650799    14.3236    11.1004
17.6372    14.355599    11.1004
17.626    14.3812    11.1004
17.6124    14.41    11.1004
17.5964    14.4428    11.1004
17.576399    14.4772    11.1004
17.5684    14.4916    11.1004
17.535599    14.544399    11.1004
17.5332    14.5468    11.1004
17.5068    14.5884    11.1004
17.5044    14.591599    11.1004
17.466799    14.6412    11.1004
17.4628    14.646    11.1004
17.420399    14.6988    11.1004
17.4084    14.7123995    11.1004
17.3972    14.7244    11.1004
17.3596    14.7644    11.1004
17.3468    14.7788    11.1004
17.3204    14.8043995    11.1004
17.2948    14.8284    11.1004
17.2748    14.8468    11.1004
17.234    14.882    11.1004
17.2164    14.8972    11.1004
17.178799    14.9268    11.1004
17.1708    14.9324    11.1004
17.163599    14.938    11.1004
17.118    14.969199    11.1004
17.0796    14.9964    11.1004
17.0756    14.998799    11.1004
17.05    15.0148    11.1004
17.022    15.0308    11.1004
17.0172    15.033999    11.1004
16.9956    15.045199    11.1004
16.9588    15.062799    11.1004
16.9524    15.066799    11.1004
16.937199    15.073199    11.1004
16.892399    15.094    11.1004
16.8692    15.1036    11.1004
16.8436    15.113999    11.1004
16.805199    15.1276    11.1004
16.7756    15.138    11.1004
16.7444    15.148399    11.1004
16.7004    15.162    11.1004
16.6756    15.1684    11.1004
16.626799    15.1812    11.1004
16.57    15.1924    11.1004
16.55    15.1964    11.1004
16.535599    15.1988    11.1004
16.479599    15.2067995    11.1004
16.466    15.2092    11.1004
16.462    15.2092    11.1004
16.392399    15.214    11.1004
16.378    15.2148    11.1004
16.342    15.216399    11.1004
16.3092    15.217199    11.1004
16.286    15.217199    11.1004
16.249199    15.2156    11.1004
16.226799    15.2148    11.1004
16.19    15.2132    11.1004
16.1532    15.21    11.1004
16.1324    15.2076    11.1004
16.0836    15.202    11.1004
16.074    15.200399    11.1004
16.034    15.1916    11.1004
15.981999    15.182799    11.1004
15.974    15.1804    11.1004
15.9428    15.171599    11.1004
15.9108    15.162    11.1004
15.907599    15.1612    11.1004
15.8524    15.1444    11.1004
15.838799    15.1396    11.1004
15.780399    15.122    11.1004
15.768399    15.118    11.1004
15.717199    15.097199    11.1004
15.702    15.090799    11.1004
15.658    15.073199    11.1004
15.653999    15.0716    11.1004
15.602799    15.046    11.1004
15.57    15.028399    11.1004
15.5372    15.0116    11.1004
15.5171995    14.998799    11.1004
15.4916    14.9828    11.1004
15.457999    14.9628    11.1004
15.4452    14.9556    11.1004
15.4196    14.9388    11.1004
15.3932    14.9204    11.1004
15.3748    14.9084    11.1004
15.3404    14.884399    11.1004
15.3244    14.871599    11.1004
15.297999    14.849999    11.1004
15.2956    14.848399    11.1004
15.263599    14.8228    11.1004
15.23    14.7948    11.1004
15.210799    14.7788    11.1004
15.210799    14.778    11.1004
15.158799    14.728399    11.1004
15.1564    14.7268    11.1004
15.1516    14.7212    11.1004
15.1004    14.6692    11.1004
15.0859995    14.653199    11.1004
15.061199    14.624399    11.1004
15.0428    14.6012    11.1004
15.0252    14.579599    11.1004
15.010799    14.5604    11.1004
14.981199    14.5204    11.1004
14.976399    14.514    11.1004
14.9668    14.498799    11.1004
14.9452    14.464399    11.1004
14.9428    14.4604    11.1004
14.936399    14.45    11.1004
14.9251995    14.4284    11.1004
14.9156    14.4108    11.1004
14.907599    14.3907995    11.1004
14.9036    14.3828    11.1004
14.900399    14.3675995    11.1004
14.8988    14.358    11.1004
14.8963995    14.3364    11.1004
14.8963995    14.3292    11.1004
14.8972    14.3276    11.1004
14.898    14.325999    11.1004
14.8988    14.3228    11.1004
14.912399    14.278    11.1004
14.9204    14.2588    11.1004
14.922    14.252399    11.1004
14.929199    14.2268    11.1004
14.9284    14.2156    11.1004
14.9307995    14.202    11.1004
14.929199    14.187599    11.1004
14.9316    14.177199    11.1004
14.9332    14.162    11.1004
14.929199    14.141999    11.1004
14.9228    14.1284    11.1004
14.922    14.113999    11.1004
14.9164    14.097199    11.1004
14.9092    14.085199    11.1004
14.8916    14.0524    11.1004
14.882    14.038    11.1004
14.8652    14.0116    11.1004
14.858    13.9948    11.1004
14.8452    13.9684    11.1004
14.837199    13.9436    11.1004
14.831599    13.918799    11.1004
14.825999    13.895599    11.1004
14.8228    13.874    11.1004
14.821199    13.8619995    11.1004
14.8172    13.832399    11.1004
14.8164    13.8132    11.1004
14.813999    13.774799    11.1004
14.8132    13.7676    11.1004
14.8164    13.705999    11.1004
14.8164    13.702    11.1004
14.8172    13.686    11.1004
14.8236    13.6404    11.1004
14.8292    13.608399    11.1004
14.8356    13.5724    11.1004
14.8452    13.5372    11.1004
14.8564    13.5084    11.1004
14.8764    13.457999    11.1004
14.8796    13.45    11.1004
14.8812    13.447599    11.1004
14.886    13.4388    11.1004
14.9204    13.372399    11.1004
14.929999    13.354    11.1004
14.9372    13.342    11.1004
14.969999    13.2884    11.1004
14.99    13.2556    11.1004
15.0252    13.199599    11.1004
15.0316    13.189199    11.1004
15.061999    13.1435995    11.1004
15.073999    13.125199    11.1004
15.131599    13.045199    11.1004
15.158    13.010799    11.1004
15.174    12.9908    11.1004
15.234799    12.9156    11.1004
15.256399    12.889999    11.1004
15.286799    12.854799    11.1004
15.3164    12.8228    11.1004
15.358    12.781199    11.1004
15.3644    12.774799    11.1004
15.365999    12.7732    11.1004
15.3884    12.751599    11.1004
15.400399    12.7428    11.1004
15.4204    12.726    11.1004
15.4276    12.7212    11.1004
15.458799    12.699599    11.1004
15.4668    12.693999    11.1004
15.5132    12.665999    11.1004
15.518    12.6628    11.1004
15.5204    12.662    11.1004
15.5532    12.6444    11.1004
15.6068    12.620399    11.1004
15.618    12.6147995    11.1004
15.67    12.5948    11.1004
15.683599    12.590799    11.1004
15.711599    12.5828    11.1004
15.7252    12.578    11.1004
15.757999    12.57    11.1004
15.768399    12.567599    11.1004
15.8188    12.5571995    11.1004
15.8236    12.556399    11.1004
15.825999    12.556399    11.1004
15.8748    12.550799    11.1004
15.924399    12.5468    11.1004
15.9332    12.546    11.1004
15.974799    12.545199    11.1004
15.9972    12.546    11.1004
16.0236    12.5476    11.1004
16.05    12.5484    11.1004
16.065199    12.5492    11.1004
16.1076    12.5532    11.1004
16.118    12.555599    11.1004
16.1668    12.562799    11.1004
16.1876    12.566    11.1004
16.21    12.57    11.1004
16.2228    12.5724    11.1004
16.2244    12.573199    11.1004
16.23    12.5748    11.1004
16.2628    12.5812    11.1004
16.2708    12.5828    11.1004
16.302    12.591599    11.1004
16.3164    12.5956    11.1004
16.3412    12.6036    11.1004
16.353199    12.608399    11.1004
16.3716    12.6147995    11.1004
16.3876    12.6212    11.1004
16.4212    12.637199    11.1004
16.4364    12.6444    11.1004
16.490799    12.671599    11.1004
16.5092    12.6796    11.1004
16.535599    12.6924    11.1004
16.5612    12.7028    11.1004
16.5892    12.7148    11.1004
16.6332    12.7308    11.1004
16.6348    12.7308    11.1004
16.6372    12.7316    11.1004
16.684399    12.7484    11.1004
16.708399    12.757999    11.1004
16.7708    12.7844    11.1004
16.774    12.785999    11.1004
16.7836    12.7908    11.1004
16.8228    12.8116    11.1004
16.8436    12.8236    11.1004
16.8596    12.834    11.1004
