

















































































































11.5436    36.0196    0.0004
11.5404    36.0212    0.0004
11.5412    36.022    0.0004
12.941999    37.683598    0.0004
12.9428    37.6844    0.0004
14.538799    39.1604    0.0004
14.539599    39.161198    0.0004
16.306799    40.4268    0.0004
16.3076    40.4276    0.0004
18.218    41.464397    0.0004
18.2188    41.464397    0.0004
20.2428    42.2572    0.0004
20.243599    42.2572    0.0004
22.3508    42.7924    0.0004
22.351599    42.7924    0.0004
24.5092    43.062798    0.0004
24.51    43.062798    0.0004
26.6836    43.062798    0.0004
26.684399    43.062798    0.0004
28.842    42.7924    0.0004
28.8428    42.7924    0.0004
30.949999    42.2572    0.0004
30.9508    42.2572    0.0004
32.9748    41.464397    0.0004
32.975597    41.4636    0.0004
34.885998    40.4268    0.0004
34.8868    40.426    0.0004
36.654    39.1604    0.0004
36.6548    39.1596    0.0004
38.250797    37.683598    0.0004
38.2516    37.6828    0.0004
39.652397    36.0212    0.0004
32.1988    31.7172    0.0004
32.1956    31.7156    0.0004
31.104399    32.714    0.0004
31.1036    32.714798    0.0004
29.8636    33.5212    0.0004
29.862799    33.5212    0.0004
28.5068    34.113197    0.0004
28.505999    34.113197    0.0004
27.0724    34.4748    0.0004
27.0716    34.4748    0.0004
25.597198    34.596397    0.0004
25.5964    34.596397    0.0004
24.122    34.4748    0.0004
24.121199    34.4748    0.0004
22.6868    34.113197    0.0004
22.685999    34.113197    0.0004
21.3308    33.5212    0.0004
21.33    33.5212    0.0004
20.09    32.714798    0.0004
20.0892    32.714798    0.0004
18.998    31.7156    0.0004
18.9972    31.7156    0.0004
11.5436    36.0196    0.0004
11.5436    36.0196    0.0004
1348083461 0 0.0004
41.6492    32.5556    0.0004
41.652397    32.557198    0.0004
41.652397    32.5564    0.0004
42.391598    30.511599    0.0004
42.391598    30.5108    0.0004
42.871597    28.390799    0.0004
42.871597    28.39    0.0004
43.085197    26.226    0.0004
43.085197    26.225199    0.0004
43.0284    24.052399    0.0004
43.0284    24.0516    0.0004
42.702    21.901999    0.0004
42.702    21.9012    0.0004
42.1116    19.8084    0.0004
42.1116    19.8076    0.0004
41.266    17.805199    0.0004
41.265198    17.8044    0.0004
40.1788    15.9212    0.0004
40.177998    15.9204    0.0004
38.865997    14.187599    0.0004
38.8652    14.1868    0.0004
37.3484    12.63    0.0004
37.3476    12.6292    0.0004
35.6492    11.2724    0.0004
35.6484    11.2716    0.0004
33.7956    10.1356    0.0004
33.7948    10.1356    0.0004
31.814    9.238    0.0004
31.8132    9.238    0.0004
29.7372    8.5932    0.0004
29.736399    8.5932    0.0004
27.5964    8.2108    0.0004
27.5964    16.817999    0.0004
27.5964    16.8212    0.0004
29.0068    17.2676    0.0004
29.007599    17.2676    0.0004
30.3252    17.9396    0.0004
30.325998    17.9396    0.0004
31.5164    18.817999    0.0004
31.517199    18.817999    0.0004
32.5468    19.8788    0.0004
32.5476    19.879599    0.0004
33.3908    21.0956    0.0004
33.3908    21.0964    0.0004
34.0228    22.434    0.0004
34.0228    22.4348    0.0004
34.4268    23.857199    0.0004
34.4268    23.858    0.0004
34.5924    25.327599    0.0004
34.5924    25.3284    0.0004
34.5148    26.806    0.0004
34.5148    26.806799    0.0004
34.1956    28.2508    0.0004
34.1956    28.251598    0.0004
41.6492    32.5556    0.0004
41.6492    32.5556    0.0004
1348083461 0 0.0004
30.5964    22.7092    0.0004
25.598799    19.823599    0.0004
25.5964    19.8228    0.0004
20.598799    22.708399    0.0004
20.5964    22.7092    0.0004
20.5964    28.4804    0.0004
20.5964    28.4828    0.0004
25.594    31.3692    0.0004
25.5964    31.369999    0.0004
30.594    28.483599    0.0004
30.5964    28.4828    0.0004
30.5964    22.7116    0.0004
30.5964    22.7092    0.0004
30.5964    22.7092    0.0004
1348083461 0 0.0004
23.5964    8.214    0.0004
23.5964    8.2108    0.0004
23.5956    8.2108    0.0004
21.455599    8.5932    0.0004
21.4548    8.5932    0.0004
19.378    9.238    0.0004
19.3772    9.238    0.0004
17.3972    10.1356    0.0004
17.3964    10.136399    0.0004
15.5428    11.2724    0.0004
15.542    11.2732    0.0004
13.844399    12.63    0.0004
13.843599    12.630799    0.0004
12.326799    14.187599    0.0004
12.325999    14.188399    0.0004
11.014    15.9212    0.0004
11.0132    15.922    0.0004
9.9268    17.805199    0.0004
9.9268    17.806    0.0004
9.0812    19.8084    0.0004
9.0812    19.8092    0.0004
8.4908    21.901999    0.0004
8.4908    21.9028    0.0004
8.1644    24.052399    0.0004
8.1644    24.0532    0.0004
8.1076    26.226    0.0004
8.1076    26.226799    0.0004
8.321199    28.390799    0.0004
8.321199    28.3916    0.0004
8.8012    30.511599    0.0004
8.8012    30.5124    0.0004
9.5404    32.557198    0.0004
16.994    28.253199    0.0004
16.9972    28.251598    0.0004
16.678    26.8076    0.0004
16.678    26.806799    0.0004
16.600399    25.329199    0.0004
16.600399    25.3284    0.0004
16.765999    23.858799    0.0004
16.765999    23.858    0.0004
17.17    22.4356    0.0004
17.17    22.4348    0.0004
17.802    21.0972    0.0004
17.802    21.0964    0.0004
18.645199    19.8804    0.0004
18.645199    19.879599    0.0004
19.674799    18.8188    0.0004
19.6756    18.817999    0.0004
20.866    17.9396    0.0004
20.8668    17.9396    0.0004
22.184399    17.2676    0.0004
22.1852    17.2676    0.0004
23.5956    16.8212    0.0004
23.5964    16.8212    0.0004
23.5964    8.214    0.0004
23.5964    8.214    0.0004
1348083461 0 0.0004


























































































































13.780399    34.7276    0.3004
11.5404    36.0212    0.3004
11.9612    36.520397    0.3004
12.941999    37.683598    0.3004
13.422    38.127598    0.3004
14.538799    39.1604    0.3004
15.07    39.5412    0.3004
16.306799    40.4268    0.3004
16.881199    40.7388    0.3004
18.218    41.464397    0.3004
18.826    41.7028    0.3004
20.2428    42.2572    0.3004
20.8764    42.418    0.3004
22.3508    42.7924    0.3004
22.9988    42.874    0.3004
24.5092    43.062798    0.3004
25.161999    43.062798    0.3004
26.6836    43.062798    0.3004
27.3316    42.981197    0.3004
28.842    42.7924    0.3004
29.4756    42.6316    0.3004
30.949999    42.2572    0.3004
31.557999    42.0188    0.3004
32.9748    41.464397    0.3004
33.5492    41.152397    0.3004
34.885998    40.4268    0.3004
35.4172    40.045998    0.3004
36.654    39.1604    0.3004
37.134    38.7164    0.3004
38.250797    37.683598    0.3004
38.6716    37.1844    0.3004
39.652397    36.0212    0.3004
34.4356    33.0092    0.3004
32.1956    31.7156    0.3004
31.431599    32.4148    0.3004
31.1036    32.714798    0.3004
30.2356    33.2788    0.3004
29.862799    33.5212    0.3004
28.913198    33.9356    0.3004
28.505999    34.113197    0.3004
27.5028    34.365997    0.3004
27.0716    34.4748    0.3004
26.039598    34.5596    0.3004
25.5964    34.596397    0.3004
24.5644    34.5116    0.3004
24.121199    34.4748    0.3004
23.117199    34.222    0.3004
22.685999    34.113197    0.3004
21.7372    33.6988    0.3004
21.33    33.5212    0.3004
20.462    32.9572    0.3004
20.0892    32.714798    0.3004
19.3252    32.0156    0.3004
18.9972    31.7156    0.3004
13.780399    34.7276    0.3004
13.780399    34.7276    0.3004
1348083461 0 0.3004
39.4124    31.2636    0.3004
41.652397    32.557198    0.3004
41.874798    31.942799    0.3004
42.391598    30.511599    0.3004
42.5356    29.8748    0.3004
42.871597    28.390799    0.3004
42.9356    27.740398    0.3004
43.085197    26.226    0.3004
43.068398    25.5732    0.3004
43.0284    24.052399    0.3004
42.93    23.4068    0.3004
42.702    21.901999    0.3004
42.5244    21.2732    0.3004
42.1116    19.8084    0.3004
41.8572    19.2068    0.3004
41.266    17.805199    0.3004
40.939598    17.2396    0.3004
40.1788    15.9212    0.3004
39.784397    15.400399    0.3004
38.865997    14.187599    0.3004
38.41    13.7196    0.3004
37.3484    12.63    0.3004
36.837997    12.222    0.3004
35.6492    11.2724    0.3004
35.0924    10.9307995    0.3004
33.7956    10.1356    0.3004
33.200397    9.866    0.3004
31.814    9.238    0.3004
31.189999    9.0444    0.3004
29.7372    8.5932    0.3004
29.094    8.478    0.3004
27.5964    8.2108    0.3004
27.5964    14.234799    0.3004
27.5964    16.8212    0.3004
28.5836    17.1332    0.3004
29.007599    17.2676    0.3004
29.929998    17.737999    0.3004
30.325998    17.9396    0.3004
31.1596    18.553999    0.3004
31.517199    18.817999    0.3004
32.238    19.5604    0.3004
32.5476    19.879599    0.3004
33.1372    20.730799    0.3004
33.3908    21.0964    0.3004
33.8332    22.0324    0.3004
34.0228    22.4348    0.3004
34.3052    23.4308    0.3004
34.4268    23.858    0.3004
34.5428    24.886799    0.3004
34.5924    25.3284    0.3004
34.538    26.362799    0.3004
34.5148    26.806799    0.3004
34.2916    27.8172    0.3004
34.1956    28.251598    0.3004
39.4124    31.2636    0.3004
39.4124    31.2636    0.3004
1348083461 0 0.3004
30.5964    22.7092    0.3004
27.098    20.689999    0.3004
25.5964    19.8228    0.3004
22.098    21.842    0.3004
20.5964    22.7092    0.3004
20.5964    26.7484    0.3004
20.5964    28.4828    0.3004
24.094    30.5028    0.3004
25.5964    31.369999    0.3004
29.094799    29.349998    0.3004
30.5964    28.4828    0.3004
30.5964    24.4436    0.3004
30.5964    22.7092    0.3004
30.5964    22.7092    0.3004
1348083461 0 0.3004
23.5964    10.7972    0.3004
23.5964    8.2108    0.3004
22.9532    8.326    0.3004
21.455599    8.5932    0.3004
20.8316    8.786799    0.3004
19.378    9.238    0.3004
18.782799    9.5076    0.3004
17.3972    10.1356    0.3004
16.840399    10.4772    0.3004
15.5428    11.2724    0.3004
15.032399    11.6804    0.3004
13.844399    12.63    0.3004
13.3884    13.098    0.3004
12.326799    14.187599    0.3004
11.9324    14.7084    0.3004
11.014    15.9212    0.3004
10.6876    16.4868    0.3004
9.9268    17.805199    0.3004
9.6723995    18.4068    0.3004
9.0812    19.8084    0.3004
8.9036    20.437199    0.3004
8.4908    21.901999    0.3004
8.3924    22.5476    0.3004
8.1644    24.052399    0.3004
8.1476    24.7052    0.3004
8.1076    26.226    0.3004
8.171599    26.8764    0.3004
8.321199    28.390799    0.3004
8.465199    29.0276    0.3004
8.8012    30.511599    0.3004
9.0236    31.126    0.3004
9.5404    32.557198    0.3004
14.757199    29.545198    0.3004
16.9972    28.251598    0.3004
16.774    27.2412    0.3004
16.678    26.806799    0.3004
16.6236    25.7724    0.3004
16.600399    25.3284    0.3004
16.7164    24.299599    0.3004
16.765999    23.858    0.3004
17.048399    22.862    0.3004
17.17    22.4348    0.3004
17.6124    21.4988    0.3004
17.802    21.0964    0.3004
18.3916    20.2452    0.3004
18.645199    19.879599    0.3004
19.366    19.1372    0.3004
19.6756    18.817999    0.3004
20.5092    18.2036    0.3004
20.8668    17.9396    0.3004
21.7892    17.4692    0.3004
22.1852    17.2676    0.3004
23.1724    16.955599    0.3004
23.5964    16.8212    0.3004
23.5964    10.7972    0.3004
23.5964    10.7972    0.3004
1348083461 0 0.3004


























































































































16.0172    33.436398    0.6004
11.5404    36.0212    0.6004
12.382    37.0196    0.6004
12.941999    37.683598    0.6004
13.900399    38.57    0.6004
14.538799    39.1604    0.6004
15.6004    39.9204    0.6004
16.306799    40.4268    0.6004
17.454    41.05    0.6004
18.218    41.464397    0.6004
19.434    41.9404    0.6004
20.2428    42.2572    0.6004
21.5084    42.5788    0.6004
22.3508    42.7924    0.6004
23.6468    42.9548    0.6004
24.5092    43.062798    0.6004
25.8148    43.062798    0.6004
26.6836    43.062798    0.6004
27.979599    42.9004    0.6004
28.842    42.7924    0.6004
30.1076    42.4708    0.6004
30.949999    42.2572    0.6004
32.166    41.7812    0.6004
32.9748    41.464397    0.6004
34.121998    40.841198    0.6004
34.885998    40.4268    0.6004
35.947598    39.666798    0.6004
36.654    39.1604    0.6004
37.6124    38.274    0.6004
38.250797    37.683598    0.6004
39.0924    36.6852    0.6004
39.652397    36.0212    0.6004
36.672398    34.3004    0.6004
32.1956    31.7156    0.6004
31.7596    32.1148    0.6004
31.1036    32.714798    0.6004
30.6076    33.0372    0.6004
29.862799    33.5212    0.6004
29.320398    33.758    0.6004
28.505999    34.113197    0.6004
27.933199    34.258    0.6004
27.0716    34.4748    0.6004
26.481998    34.523598    0.6004
25.5964    34.596397    0.6004
25.0068    34.5476    0.6004
24.121199    34.4748    0.6004
23.5476    34.329998    0.6004
22.685999    34.113197    0.6004
22.1444    33.8764    0.6004
21.33    33.5212    0.6004
20.834    33.1988    0.6004
20.0892    32.714798    0.6004
19.6532    32.315598    0.6004
18.9972    31.7156    0.6004
16.0172    33.436398    0.6004
16.0172    33.436398    0.6004
1348083461 0 0.6004
37.1756    29.972399    0.6004
41.652397    32.557198    0.6004
42.096397    31.329199    0.6004
42.391598    30.511599    0.6004
42.6796    29.237999    0.6004
42.871597    28.390799    0.6004
42.9996    27.0908    0.6004
43.085197    26.226    0.6004
43.0508    24.9212    0.6004
43.0284    24.052399    0.6004
42.832397    22.7612    0.6004
42.702    21.901999    0.6004
42.3476    20.645199    0.6004
42.1116    19.8084    0.6004
41.6036    18.605999    0.6004
41.266    17.805199    0.6004
40.613197    16.674    0.6004
40.1788    15.9212    0.6004
39.3908    14.8804    0.6004
38.865997    14.187599    0.6004
37.9548    13.252399    0.6004
37.3484    12.63    0.6004
36.3284    11.814799    0.6004
35.6492    11.2724    0.6004
34.5364    10.59    0.6004
33.7956    10.1356    0.6004
32.606    9.596399    0.6004
31.814    9.238    0.6004
30.5668    8.8508    0.6004
29.7372    8.5932    0.6004
28.4516    8.3636    0.6004
27.5964    8.2108    0.6004
27.5964    11.6516    0.6004
27.5964    16.8212    0.6004
28.160398    16.9996    0.6004
29.007599    17.2676    0.6004
29.5348    17.5364    0.6004
30.325998    17.9396    0.6004
30.802    18.2908    0.6004
31.517199    18.817999    0.6004
31.9292    19.241999    0.6004
32.5476    19.879599    0.6004
32.8844    20.366    0.6004
33.3908    21.0964    0.6004
33.6436    21.6316    0.6004
34.0228    22.4348    0.6004
34.1844    23.0036    0.6004
34.4268    23.858    0.6004
34.4932    24.4452    0.6004
34.5924    25.3284    0.6004
34.5612    25.918798    0.6004
34.5148    26.806799    0.6004
34.3876    27.3844    0.6004
34.1956    28.251598    0.6004
37.1756    29.972399    0.6004
37.1756    29.972399    0.6004
1348083461 0 0.6004
30.5964    22.7092    0.6004
28.598799    21.5556    0.6004
25.5964    19.8228    0.6004
23.598799    20.9764    0.6004
20.5964    22.7092    0.6004
20.5964    25.0164    0.6004
20.5964    28.4828    0.6004
22.594    29.636398    0.6004
25.5964    31.369999    0.6004
27.594    30.2164    0.6004
30.5964    28.4828    0.6004
30.5964    26.1756    0.6004
30.5964    22.7092    0.6004
30.5964    22.7092    0.6004
1348083461 0 0.6004
23.5964    13.3804    0.6004
23.5964    8.2108    0.6004
22.310799    8.4404    0.6004
21.455599    8.5932    0.6004
20.208399    8.9804    0.6004
19.378    9.238    0.6004
18.1884    9.7772    0.6004
17.3972    10.1356    0.6004
16.2836    10.818    0.6004
15.5428    11.2724    0.6004
14.5227995    12.0876    0.6004
13.844399    12.63    0.6004
12.9332    13.5652    0.6004
12.326799    14.187599    0.6004
11.538799    15.228399    0.6004
11.014    15.9212    0.6004
10.361199    17.052399    0.6004
9.9268    17.805199    0.6004
9.418799    19.007599    0.6004
9.0812    19.8084    0.6004
8.7268    21.065199    0.6004
8.4908    21.901999    0.6004
8.2948    23.1932    0.6004
8.1644    24.052399    0.6004
8.13    25.357199    0.6004
8.1076    26.226    0.6004
8.2355995    27.526    0.6004
8.321199    28.390799    0.6004
8.6092    29.6644    0.6004
8.8012    30.511599    0.6004
9.2452    31.7396    0.6004
9.5404    32.557198    0.6004
12.5204    30.8364    0.6004
16.9972    28.251598    0.6004
16.869999    27.674    0.6004
16.678    26.806799    0.6004
16.6468    26.2164    0.6004
16.600399    25.3284    0.6004
16.6668    24.7412    0.6004
16.765999    23.858    0.6004
16.927599    23.2892    0.6004
17.17    22.4348    0.6004
17.4228    21.8996    0.6004
17.802    21.0964    0.6004
18.1388    20.609999    0.6004
18.645199    19.879599    0.6004
19.0572    19.455599    0.6004
19.6756    18.817999    0.6004
20.1516    18.466799    0.6004
20.8668    17.9396    0.6004
21.394    17.6708    0.6004
22.1852    17.2676    0.6004
22.749199    17.0892    0.6004
23.5964    16.8212    0.6004
23.5964    13.3804    0.6004
23.5964    13.3804    0.6004
1348083461 0 0.6004


























































































































18.254799    32.144398    0.9004
11.5404    36.0212    0.9004
12.802    37.517998    0.9004
12.941999    37.683598    0.9004
14.3796    39.0132    0.9004
14.538799    39.1604    0.9004
16.1308    40.3004    0.9004
16.306799    40.4268    0.9004
18.0276    41.3612    0.9004
18.218    41.464397    0.9004
20.041199    42.177998    0.9004
20.2428    42.2572    0.9004
22.1412    42.7388    0.9004
22.3508    42.7924    0.9004
24.293999    43.0356    0.9004
24.5092    43.062798    0.9004
26.466799    43.062798    0.9004
26.6836    43.062798    0.9004
28.626799    42.8196    0.9004
28.842    42.7924    0.9004
30.740398    42.3108    0.9004
30.949999    42.2572    0.9004
32.7732    41.5436    0.9004
32.9748    41.464397    0.9004
34.6956    40.53    0.9004
34.885998    40.4268    0.9004
36.478    39.2868    0.9004
36.654    39.1604    0.9004
38.0916    37.8308    0.9004
38.250797    37.683598    0.9004
39.5132    36.1868    0.9004
39.652397    36.0212    0.9004
38.91    35.5924    0.9004
32.1956    31.7156    0.9004
32.0868    31.814798    0.9004
31.1036    32.714798    0.9004
30.9804    32.7948    0.9004
29.862799    33.5212    0.9004
29.7276    33.5804    0.9004
28.505999    34.113197    0.9004
28.362799    34.1492    0.9004
27.0716    34.4748    0.9004
26.924398    34.486797    0.9004
25.5964    34.596397    0.9004
25.4492    34.5844    0.9004
24.121199    34.4748    0.9004
23.977999    34.4388    0.9004
22.685999    34.113197    0.9004
22.5508    34.054    0.9004
21.33    33.5212    0.9004
21.206799    33.4412    0.9004
20.0892    32.714798    0.9004
19.9804    32.6156    0.9004
18.9972    31.7156    0.9004
18.254799    32.144398    0.9004
18.254799    32.144398    0.9004
1348083461 0 0.9004
34.938    28.680399    0.9004
41.652397    32.557198    0.9004
42.318    30.7156    0.9004
42.391598    30.511599    0.9004
42.8236    28.602    0.9004
42.871597    28.390799    0.9004
43.0636    26.442    0.9004
43.085197    26.226    0.9004
43.034    24.2692    0.9004
43.0284    24.052399    0.9004
42.7348    22.1164    0.9004
42.702    21.901999    0.9004
42.1708    20.017199    0.9004
42.1116    19.8084    0.9004
41.35    18.0044    0.9004
41.266    17.805199    0.9004
40.2868    16.1092    0.9004
40.1788    15.9212    0.9004
38.9964    14.360399    0.9004
38.865997    14.187599    0.9004
37.4996    12.7852    0.9004
37.3484    12.63    0.9004
35.818798    11.407599    0.9004
35.6492    11.2724    0.9004
33.9804    10.2492    0.9004
33.7956    10.1356    0.9004
32.0116    9.3276    0.9004
31.814    9.238    0.9004
29.944399    8.6572    0.9004
29.7372    8.5932    0.9004
27.81    8.2492    0.9004
27.5964    8.2108    0.9004
27.5964    9.068399    0.9004
27.5964    16.8212    0.9004
27.7372    16.866    0.9004
29.007599    17.2676    0.9004
29.1388    17.334799    0.9004
30.325998    17.9396    0.9004
30.444399    18.0268    0.9004
31.517199    18.817999    0.9004
31.619598    18.9236    0.9004
32.5476    19.879599    0.9004
32.6316    20.000399    0.9004
33.3908    21.0964    0.9004
33.454    21.23    0.9004
34.0228    22.4348    0.9004
34.062798    22.576399    0.9004
34.4268    23.858    0.9004
34.4436    24.0044    0.9004
34.5924    25.3284    0.9004
34.5844    25.4756    0.9004
34.5148    26.806799    0.9004
34.4828    26.9508    0.9004
34.1956    28.251598    0.9004
34.938    28.680399    0.9004
34.938    28.680399    0.9004
1348083461 0 0.9004
30.5964    22.7092    0.9004
30.098    22.421999    0.9004
25.5964    19.8228    0.9004
25.098    20.109999    0.9004
20.5964    22.7092    0.9004
20.5964    23.284399    0.9004
20.5964    28.4828    0.9004
21.094    28.769999    0.9004
25.5964    31.369999    0.9004
26.094    31.0828    0.9004
30.5964    28.4828    0.9004
30.5964    27.907598    0.9004
30.5964    22.7092    0.9004
30.5964    22.7092    0.9004
1348083461 0 0.9004
23.5964    15.963599    0.9004
23.5964    8.2108    0.9004
21.669199    8.5548    0.9004
21.455599    8.5932    0.9004
19.5852    9.174    0.9004
19.378    9.238    0.9004
17.594799    10.046    0.9004
17.3972    10.1356    0.9004
15.727599    11.1588    0.9004
15.5428    11.2724    0.9004
14.0132    12.4948    0.9004
13.844399    12.63    0.9004
12.478    14.032399    0.9004
12.326799    14.187599    0.9004
11.1444    15.7484    0.9004
11.014    15.9212    0.9004
10.0348    17.617199    0.9004
9.9268    17.805199    0.9004
9.1652    19.6092    0.9004
9.0812    19.8084    0.9004
8.55    21.6932    0.9004
8.4908    21.901999    0.9004
8.1972    23.838    0.9004
8.1644    24.052399    0.9004
8.1132    26.0092    0.9004
8.1076    26.226    0.9004
8.2996    28.174799    0.9004
8.321199    28.390799    0.9004
8.7532    30.3004    0.9004
8.8012    30.511599    0.9004
9.4668    32.3532    0.9004
9.5404    32.557198    0.9004
10.2828    32.1284    0.9004
16.9972    28.251598    0.9004
16.9652    28.1076    0.9004
16.678    26.806799    0.9004
16.67    26.6596    0.9004
16.600399    25.3284    0.9004
16.617199    25.182    0.9004
16.765999    23.858    0.9004
16.806    23.7164    0.9004
17.17    22.4348    0.9004
17.2332    22.301199    0.9004
17.802    21.0964    0.9004
17.886    20.9756    0.9004
18.645199    19.879599    0.9004
18.747599    19.774    0.9004
19.6756    18.817999    0.9004
19.793999    18.730799    0.9004
20.8668    17.9396    0.9004
20.998    17.8724    0.9004
22.1852    17.2676    0.9004
22.326    17.2228    0.9004
23.5964    16.8212    0.9004
23.5964    15.963599    0.9004
23.5964    15.963599    0.9004
1348083461 0 0.9004
