21.5964    45.192398    0.0004
20.420399    44.9148    0.0004
20.4196    44.9148    0.0004
19.2636    44.5668    0.0004
19.2628    44.5668    0.0004
14.0996    48.5116    0.0004
14.097199    48.5132    0.0004
11.5004    47.014    0.0004
11.499599    47.0132    0.0004
12.334    40.5692    0.0004
12.334    40.5668    0.0004
11.4539995    39.7388    0.0004
10.625999    38.857998    0.0004
4.1819997    39.6932    0.0004
4.1796    39.6932    0.0004
2.6804    37.096397    0.0004
2.6796    37.0956    0.0004
6.6243997    31.9324    0.0004
6.626    31.929998    0.0004
6.278    30.7732    0.0004
6.278    30.7724    0.0004
6.0004    29.597198    0.0004
6.0004    29.5964    0.0004
0.0028    27.097198    0.0004
0.0004    27.0964    0.0004
0.0004    24.097198    0.0004
0.0004    24.0964    0.0004
5.9979997    21.5972    0.0004
6.0004    21.5964    0.0004
6.278    20.420399    0.0004
6.278    20.4196    0.0004
6.626    19.2636    0.0004
6.626    19.2628    0.0004
2.6812    14.0996    0.0004
2.6796    14.097199    0.0004
4.1788    11.5004    0.0004
4.1796    11.499599    0.0004
10.6236    12.334    0.0004
10.625999    12.334    0.0004
11.4539995    11.4539995    0.0004
12.334    10.625999    0.0004
11.499599    4.1819997    0.0004
11.499599    4.1796    0.0004
14.096399    2.6804    0.0004
14.097199    2.6796    0.0004
19.260399    6.6243997    0.0004
19.2628    6.626    0.0004
20.4188    6.278    0.0004
20.4196    6.278    0.0004
21.5956    6.0004    0.0004
21.5964    6.0004    0.0004
24.0956    0.0028    0.0004
24.0964    0.0004    0.0004
27.094799    0.0004    0.0004
27.0964    0.0004    0.0004
29.5956    5.9979997    0.0004
29.5964    6.0004    0.0004
30.771599    6.278    0.0004
30.7724    6.278    0.0004
31.9292    6.626    0.0004
31.929998    6.626    0.0004
37.0932    2.6812    0.0004
37.0956    2.6796    0.0004
39.692398    4.1788    0.0004
39.6932    4.1796    0.0004
38.857998    10.6236    0.0004
38.857998    10.625999    0.0004
39.7388    11.4539995    0.0004
40.5668    12.334    0.0004
47.0108    11.499599    0.0004
47.0132    11.499599    0.0004
48.512398    14.096399    0.0004
48.5132    14.097199    0.0004
44.568398    19.260399    0.0004
44.5668    19.2628    0.0004
44.9148    20.4188    0.0004
44.9148    20.4196    0.0004
45.192398    21.5956    0.0004
45.192398    21.5964    0.0004
51.19    24.0956    0.0004
51.192398    24.0964    0.0004
51.192398    27.094799    0.0004
51.192398    27.0964    0.0004
45.194798    29.5956    0.0004
45.192398    29.5964    0.0004
44.9148    30.771599    0.0004
44.9148    30.7724    0.0004
44.5668    31.9292    0.0004
44.5668    31.929998    0.0004
48.5116    37.0932    0.0004
48.5132    37.0956    0.0004
47.014    39.692398    0.0004
47.0132    39.6932    0.0004
40.5692    38.857998    0.0004
40.5668    38.857998    0.0004
39.7388    39.7388    0.0004
38.857998    40.5668    0.0004
39.6932    47.0108    0.0004
39.6932    47.0132    0.0004
37.096397    48.512398    0.0004
37.0956    48.5132    0.0004
31.9324    44.568398    0.0004
31.929998    44.5668    0.0004
30.7732    44.9148    0.0004
30.7724    44.9148    0.0004
29.597198    45.192398    0.0004
29.5964    45.192398    0.0004
27.097198    51.19    0.0004
27.0964    51.192398    0.0004
24.097198    51.192398    0.0004
24.0964    51.192398    0.0004
21.5972    45.194798    0.0004
21.5964    45.192398    0.0004
21.5964    45.192398    0.0004
1348083461 0 0.0004
21.5964    45.192398    0.3004
20.7732    44.997997    0.3004
20.4196    44.9148    0.3004
19.609999    44.6716    0.3004
19.2628    44.5668    0.3004
15.6491995    47.3276    0.3004
14.097199    48.5132    0.3004
12.2796    47.4636    0.3004
11.499599    47.0132    0.3004
12.0836    42.503597    0.3004
12.334    40.5668    0.3004
11.717999    39.9876    0.3004
11.4539995    39.7388    0.3004
10.8748    39.1228    0.3004
10.625999    38.857998    0.3004
6.1164    39.441998    0.3004
4.1796    39.6932    0.3004
3.1299999    37.8756    0.3004
2.6796    37.0956    0.3004
5.4403996    33.482    0.3004
6.626    31.929998    0.3004
6.3827996    31.1204    0.3004
6.278    30.7724    0.3004
6.0836    29.949999    0.3004
6.0004    29.5964    0.3004
1.8027999    27.847599    0.3004
0.0004    27.0964    0.3004
0.0004    24.9972    0.3004
0.0004    24.0964    0.3004
4.198    22.347599    0.3004
6.0004    21.5964    0.3004
6.1948    20.7732    0.3004
6.278    20.4196    0.3004
6.5211997    19.609999    0.3004
6.626    19.2628    0.3004
3.8651998    15.6491995    0.3004
2.6796    14.097199    0.3004
3.7292    12.2796    0.3004
4.1796    11.499599    0.3004
8.689199    12.0836    0.3004
10.625999    12.334    0.3004
11.205199    11.717999    0.3004
11.4539995    11.4539995    0.3004
12.07    10.8748    0.3004
12.334    10.625999    0.3004
11.75    6.1164    0.3004
11.499599    4.1796    0.3004
13.3172    3.1299999    0.3004
14.097199    2.6796    0.3004
17.7108    5.4403996    0.3004
19.2628    6.626    0.3004
20.0724    6.3827996    0.3004
20.4196    6.278    0.3004
21.2428    6.0836    0.3004
21.5964    6.0004    0.3004
23.3452    1.8027999    0.3004
24.0964    0.0004    0.3004
26.195599    0.0004    0.3004
27.0964    0.0004    0.3004
28.8452    4.198    0.3004
29.5964    6.0004    0.3004
30.418798    6.1948    0.3004
30.7724    6.278    0.3004
31.581999    6.5211997    0.3004
31.929998    6.626    0.3004
35.5436    3.8651998    0.3004
37.0956    2.6796    0.3004
38.9132    3.7292    0.3004
39.6932    4.1796    0.3004
39.1092    8.689199    0.3004
38.857998    10.625999    0.3004
39.474    11.205199    0.3004
39.7388    11.4539995    0.3004
40.318    12.07    0.3004
40.5668    12.334    0.3004
45.0764    11.75    0.3004
47.0132    11.499599    0.3004
48.062798    13.3172    0.3004
48.5132    14.097199    0.3004
45.7524    17.7108    0.3004
44.5668    19.2628    0.3004
44.809998    20.0724    0.3004
44.9148    20.4196    0.3004
45.1092    21.2428    0.3004
45.192398    21.5964    0.3004
49.39    23.3452    0.3004
51.192398    24.0964    0.3004
51.192398    26.195599    0.3004
51.192398    27.0964    0.3004
46.9948    28.8452    0.3004
45.192398    29.5964    0.3004
44.997997    30.418798    0.3004
44.9148    30.7724    0.3004
44.6716    31.581999    0.3004
44.5668    31.929998    0.3004
47.3276    35.5436    0.3004
48.5132    37.0956    0.3004
47.4636    38.9132    0.3004
47.0132    39.6932    0.3004
42.503597    39.1092    0.3004
40.5668    38.857998    0.3004
39.9876    39.474    0.3004
39.7388    39.7388    0.3004
39.1228    40.318    0.3004
38.857998    40.5668    0.3004
39.441998    45.0764    0.3004
39.6932    47.0132    0.3004
37.8756    48.062798    0.3004
37.0956    48.5132    0.3004
33.482    45.7524    0.3004
31.929998    44.5668    0.3004
31.1204    44.809998    0.3004
30.7724    44.9148    0.3004
29.949999    45.1092    0.3004
29.5964    45.192398    0.3004
27.847599    49.39    0.3004
27.0964    51.192398    0.3004
24.9972    51.192398    0.3004
24.0964    51.192398    0.3004
22.347599    46.9948    0.3004
21.5964    45.192398    0.3004
21.5964    45.192398    0.3004
1348083461 0 0.3004
21.5964    45.192398    0.6004
21.126    45.0812    0.6004
20.4196    44.9148    0.6004
19.9572    44.7756    0.6004
19.2628    44.5668    0.6004
17.1988    46.1436    0.6004
14.097199    48.5132    0.6004
13.0588    47.913998    0.6004
11.499599    47.0132    0.6004
11.8331995    44.4372    0.6004
12.334    40.5668    0.6004
11.981999    40.2356    0.6004
11.4539995    39.7388    0.6004
11.1228    39.3868    0.6004
10.625999    38.857998    0.6004
8.05    39.1916    0.6004
4.1796    39.6932    0.6004
3.5804    38.6548    0.6004
2.6796    37.0956    0.6004
4.2564    35.0316    0.6004
6.626    31.929998    0.6004
6.4867997    31.4676    0.6004
6.278    30.7724    0.6004
6.1668    30.3028    0.6004
6.0004    29.5964    0.6004
3.6028    28.597198    0.6004
0.0004    27.0964    0.6004
0.0004    25.897999    0.6004
0.0004    24.0964    0.6004
2.398    23.097198    0.6004
6.0004    21.5964    0.6004
6.1116    21.126    0.6004
6.278    20.4196    0.6004
6.4171996    19.9572    0.6004
6.626    19.2628    0.6004
5.0492    17.1988    0.6004
2.6796    14.097199    0.6004
3.2788    13.0588    0.6004
4.1796    11.499599    0.6004
6.7556    11.8331995    0.6004
10.625999    12.334    0.6004
10.9572    11.981999    0.6004
11.4539995    11.4539995    0.6004
11.806    11.1228    0.6004
12.334    10.625999    0.6004
12.0004    8.05    0.6004
11.499599    4.1796    0.6004
12.538    3.5804    0.6004
14.097199    2.6796    0.6004
16.1612    4.2564    0.6004
19.2628    6.626    0.6004
19.725199    6.4867997    0.6004
20.4196    6.278    0.6004
20.89    6.1668    0.6004
21.5964    6.0004    0.6004
22.5956    3.6028    0.6004
24.0964    0.0004    0.6004
25.2948    0.0004    0.6004
27.0964    0.0004    0.6004
28.0956    2.398    0.6004
29.5964    6.0004    0.6004
30.066    6.1116    0.6004
30.7724    6.278    0.6004
31.234798    6.4171996    0.6004
31.929998    6.626    0.6004
33.994    5.0492    0.6004
37.0956    2.6796    0.6004
38.134    3.2788    0.6004
39.6932    4.1796    0.6004
39.3596    6.7556    0.6004
38.857998    10.625999    0.6004
39.21    10.9572    0.6004
39.7388    11.4539995    0.6004
40.07    11.806    0.6004
40.5668    12.334    0.6004
43.1428    12.0004    0.6004
47.0132    11.499599    0.6004
47.6124    12.538    0.6004
48.5132    14.097199    0.6004
46.936398    16.1612    0.6004
44.5668    19.2628    0.6004
44.705997    19.725199    0.6004
44.9148    20.4196    0.6004
45.025997    20.89    0.6004
45.192398    21.5964    0.6004
47.59    22.5956    0.6004
51.192398    24.0964    0.6004
51.192398    25.2948    0.6004
51.192398    27.0964    0.6004
48.7948    28.0956    0.6004
45.192398    29.5964    0.6004
45.0812    30.066    0.6004
44.9148    30.7724    0.6004
44.7756    31.234798    0.6004
44.5668    31.929998    0.6004
46.1436    33.994    0.6004
48.5132    37.0956    0.6004
47.913998    38.134    0.6004
47.0132    39.6932    0.6004
44.4372    39.3596    0.6004
40.5668    38.857998    0.6004
40.2356    39.21    0.6004
39.7388    39.7388    0.6004
39.3868    40.07    0.6004
38.857998    40.5668    0.6004
39.1916    43.1428    0.6004
39.6932    47.0132    0.6004
38.6548    47.6124    0.6004
37.0956    48.5132    0.6004
35.0316    46.936398    0.6004
31.929998    44.5668    0.6004
31.4676    44.705997    0.6004
30.7724    44.9148    0.6004
30.3028    45.025997    0.6004
29.5964    45.192398    0.6004
28.597198    47.59    0.6004
27.0964    51.192398    0.6004
25.897999    51.192398    0.6004
24.0964    51.192398    0.6004
23.097198    48.7948    0.6004
21.5964    45.192398    0.6004
21.5964    45.192398    0.6004
1348083461 0 0.6004
21.5964    45.192398    0.9004
21.4788    45.1644    0.9004
20.4196    44.9148    0.9004
20.3044    44.880398    0.9004
19.2628    44.5668    0.9004
18.7484    44.9596    0.9004
14.097199    48.5132    0.9004
13.838799    48.363598    0.9004
11.499599    47.0132    0.9004
11.5828    46.3708    0.9004
12.334    40.5668    0.9004
12.245999    40.484398    0.9004
11.4539995    39.7388    0.9004
11.3716    39.6508    0.9004
10.625999    38.857998    0.9004
9.9836    38.9412    0.9004
4.1796    39.6932    0.9004
4.0299997    39.4348    0.9004
2.6796    37.0956    0.9004
3.0723999    36.5812    0.9004
6.626    31.929998    0.9004
6.5916    31.814798    0.9004
6.278    30.7724    0.9004
6.25    30.6556    0.9004
6.0004    29.5964    0.9004
5.4028    29.347599    0.9004
0.0004    27.0964    0.9004
0.0004    26.7972    0.9004
0.0004    24.0964    0.9004
0.598    23.847599    0.9004
6.0004    21.5964    0.9004
6.0284    21.4788    0.9004
6.278    20.4196    0.9004
6.3124    20.3044    0.9004
6.626    19.2628    0.9004
6.2332    18.7484    0.9004
2.6796    14.097199    0.9004
2.8292    13.838799    0.9004
4.1796    11.499599    0.9004
4.822    11.5828    0.9004
10.625999    12.334    0.9004
10.7084    12.245999    0.9004
11.4539995    11.4539995    0.9004
11.542    11.3716    0.9004
12.334    10.625999    0.9004
12.2508    9.9836    0.9004
11.499599    4.1796    0.9004
11.757999    4.0299997    0.9004
14.097199    2.6796    0.9004
14.6116    3.0723999    0.9004
19.2628    6.626    0.9004
19.378    6.5916    0.9004
20.4196    6.278    0.9004
20.537199    6.25    0.9004
21.5964    6.0004    0.9004
21.8452    5.4028    0.9004
24.0964    0.0004    0.9004
24.3948    0.0004    0.9004
27.0964    0.0004    0.9004
27.3452    0.598    0.9004
29.5964    6.0004    0.9004
29.7132    6.0284    0.9004
30.7724    6.278    0.9004
30.8876    6.3124    0.9004
31.929998    6.626    0.9004
32.4444    6.2332    0.9004
37.0956    2.6796    0.9004
37.354    2.8292    0.9004
39.6932    4.1796    0.9004
39.61    4.822    0.9004
38.857998    10.625999    0.9004
38.946    10.7084    0.9004
39.7388    11.4539995    0.9004
39.821198    11.542    0.9004
40.5668    12.334    0.9004
41.209198    12.2508    0.9004
47.0132    11.499599    0.9004
47.1628    11.757999    0.9004
48.5132    14.097199    0.9004
48.1204    14.6116    0.9004
44.5668    19.2628    0.9004
44.6012    19.378    0.9004
44.9148    20.4196    0.9004
44.9428    20.537199    0.9004
45.192398    21.5964    0.9004
45.789997    21.8452    0.9004
51.192398    24.0964    0.9004
51.192398    24.3948    0.9004
51.192398    27.0964    0.9004
50.5948    27.3452    0.9004
45.192398    29.5964    0.9004
45.1644    29.7132    0.9004
44.9148    30.7724    0.9004
44.880398    30.8876    0.9004
44.5668    31.929998    0.9004
44.9596    32.4444    0.9004
48.5132    37.0956    0.9004
48.363598    37.354    0.9004
47.0132    39.6932    0.9004
46.3708    39.61    0.9004
40.5668    38.857998    0.9004
40.484398    38.946    0.9004
39.7388    39.7388    0.9004
39.6508    39.821198    0.9004
38.857998    40.5668    0.9004
38.9412    41.209198    0.9004
39.6932    47.0132    0.9004
39.4348    47.1628    0.9004
37.0956    48.5132    0.9004
36.5812    48.1204    0.9004
31.929998    44.5668    0.9004
31.814798    44.6012    0.9004
30.7724    44.9148    0.9004
30.6556    44.9428    0.9004
29.5964    45.192398    0.9004
29.347599    45.789997    0.9004
27.0964    51.192398    0.9004
26.7972    51.192398    0.9004
24.0964    51.192398    0.9004
23.847599    50.5948    0.9004
21.5964    45.192398    0.9004
21.5964    45.192398    0.9004
1348083461 0 0.9004
