18.314    32.116398    12.0004
18.3316    32.0948    12.0004
18.3396    32.0876    12.0004
18.3524    32.0708    12.0004
18.3604    32.0636    12.0004
18.386    32.0356    12.0004
18.4076    32.0164    12.0004
18.409199    32.0148    12.0004
18.414799    32.0092    12.0004
18.4476    31.9804    12.0004
18.458    31.970798    12.0004
18.4924    31.937199    12.0004
18.524399    31.91    12.0004
18.5308    31.903599    12.0004
18.5756    31.862799    12.0004
18.5828    31.8564    12.0004
18.5844    31.8548    12.0004
18.6364    31.810799    12.0004
18.650799    31.799599    12.0004
18.6764    31.778    12.0004
18.695599    31.7612    12.0004
18.702799    31.7556    12.0004
18.7404    31.730799    12.0004
18.743599    31.7284    12.0004
18.760399    31.7188    12.0004
18.7892    31.701199    12.0004
18.816399    31.6852    12.0004
18.834    31.674799    12.0004
18.8844    31.647598    12.0004
18.8948    31.641998    12.0004
18.934    31.622799    12.0004
18.954    31.6124    12.0004
18.9996    31.5908    12.0004
19.0388    31.574    12.0004
19.076399    31.5588    12.0004
19.098    31.550798    12.0004
19.133999    31.5388    12.0004
19.180399    31.5252    12.0004
19.1868    31.5236    12.0004
19.2412    31.5108    12.0004
19.2428    31.5108    12.0004
19.243599    31.5108    12.0004
19.2764    31.504398    12.0004
19.2892    31.5028    12.0004
19.329199    31.500399    12.0004
19.3428    31.5012    12.0004
19.3508    31.5012    12.0004
19.3564    31.5012    12.0004
19.392399    31.5068    12.0004
19.3932    31.5068    12.0004
19.4188    31.515598    12.0004
19.4356    31.524399    12.0004
19.4596    31.538    12.0004
19.4676    31.542799    12.0004
19.4748    31.548399    12.0004
19.5044    31.57    12.0004
19.5108    31.5756    12.0004
19.5284    31.5924    12.0004
19.5292    31.5924    12.0004
19.546    31.617199    12.0004
19.5476    31.619598    12.0004
19.5604    31.645199    12.0004
19.5612    31.647598    12.0004
19.5716    31.6724    12.0004
19.5716    31.678799    12.0004
19.5756    31.699598    12.0004
19.570799    31.713999    12.0004
19.569199    31.725199    12.0004
19.562    31.740398    12.0004
19.557999    31.7524    12.0004
19.5444    31.7788    12.0004
19.5364    31.792398    12.0004
19.534    31.797998    12.0004
19.51    31.8396    12.0004
19.4996    31.855598    12.0004
19.47    31.8996    12.0004
19.4588    31.9156    12.0004
19.449999    31.9252    12.0004
19.4268    31.9564    12.0004
19.4076    31.9772    12.0004
19.392399    31.9924    12.0004
19.3804    32.0028    12.0004
19.373999    32.01    12.0004
19.3412    32.034    12.0004
19.3372    32.0372    12.0004
19.334799    32.038    12.0004
19.3044    32.057198    12.0004
19.260399    32.0844    12.0004
19.2556    32.0876    12.0004
19.2276    32.1044    12.0004
19.132399    32.162    12.0004
19.118    32.17    12.0004
19.0572    32.2044    12.0004
19.0532    32.2068    12.0004
19.0124    32.2252    12.0004
18.9572    32.2508    12.0004
18.9348    32.2604    12.0004
18.885199    32.2804    12.0004
18.83    32.3012    12.0004
18.798    32.313198    12.0004
18.7316    32.3372    12.0004
18.691599    32.3508    12.0004
18.6612    32.360397    12.0004
18.6436    32.363598    12.0004
18.6348    32.365997    12.0004
18.609999    32.37    12.0004
18.604399    32.3724    12.0004
18.5916    32.37    12.0004
18.578    32.3708    12.0004
18.566    32.3708    12.0004
18.5204    32.365997    12.0004
18.4756    32.362    12.0004
18.4348    32.3564    12.0004
18.3652    32.3452    12.0004
18.354    32.343597    12.0004
18.3332    32.3388    12.0004
18.3044    32.3284    12.0004
18.2868    32.313198    12.0004
18.2796    32.293198    12.0004
18.2788    32.2884    12.0004
18.2732    32.266    12.0004
18.2732    32.2532    12.0004
18.2748    32.2188    12.0004
18.2756    32.2156    12.0004
18.277199    32.2076    12.0004
18.2836    32.1756    12.0004
18.2868    32.166798    12.0004
18.2948    32.1468    12.0004
18.3092    32.1244    12.0004
18.3116    32.1196    12.0004
18.314    32.116398    12.0004
