13.251599    35.1092    9.3004
13.223599    35.138    9.3004
13.210799    35.154    9.3004
13.1723995    35.19    9.3004
13.1572    35.2028    9.3004
13.113199    35.233997    9.3004
13.1036    35.239597    9.3004
13.0924    35.245197    9.3004
13.085199    35.248398    9.3004
13.033999    35.2668    9.3004
12.9844    35.2756    9.3004
12.9732    35.276398    9.3004
12.941999    35.274    9.3004
12.9052    35.2684    9.3004
12.8972    35.265198    9.3004
12.8619995    35.250797    9.3004
12.855599    35.2412    9.3004
12.8636    35.2212    9.3004
12.8708    35.2156    9.3004
12.8772    35.21    9.3004
12.889199    35.192398    9.3004
12.894    35.1884    9.3004
12.926    35.162    9.3004
12.9284    35.1604    9.3004
12.9612    35.1364    9.3004
12.9676    35.1324    9.3004
12.970799    35.129997    9.3004
12.975599    35.126    9.3004
13.021199    35.093998    9.3004
13.0636    35.068398    9.3004
13.0724    35.062798    9.3004
13.073999    35.062    9.3004
13.0748    35.0612    9.3004
13.102799    35.0428    9.3004
13.131599    35.0244    9.3004
13.1324    35.0212    9.3004
13.15    35.0028    9.3004
13.153199    34.9988    9.3004
13.153999    34.9988    9.3004
13.1564    34.9684    9.3004
13.136399    34.9412    9.3004
13.1348    34.936398    9.3004
13.1124    34.913998    9.3004
13.1044    34.9068    9.3004
13.1044    34.9052    9.3004
13.096399    34.885998    9.3004
13.094    34.882    9.3004
13.090799    34.8788    9.3004
13.0708    34.862    9.3004
13.038799    34.857998    9.3004
13.0364    34.8564    9.3004
13.026799    34.8588    9.3004
13.006    34.8676    9.3004
12.9916    34.8732    9.3004
12.9804    34.8756    9.3004
12.923599    34.8836    9.3004
12.9028    34.8852    9.3004
12.886    34.8836    9.3004
12.8772    34.882797    9.3004
12.8756    34.882797    9.3004
12.849199    34.8868    9.3004
12.844399    34.8892    9.3004
12.837999    34.906    9.3004
12.838799    34.9092    9.3004
12.8331995    34.9316    9.3004
12.834    34.9348    9.3004
12.834    34.958797    9.3004
12.8356    34.9652    9.3004
12.8364    34.9932    9.3004
12.846    35.023598    9.3004
12.8468    35.026    9.3004
12.8468    35.0268    9.3004
12.8468    35.0276    9.3004
12.854799    35.054    9.3004
12.8596    35.0748    9.3004
12.860399    35.0764    9.3004
12.854799    35.09    9.3004
12.8484    35.1036    9.3004
12.8476    35.105198    9.3004
12.820399    35.1644    9.3004
12.818    35.1676    9.3004
12.809199    35.177998    9.3004
12.7948    35.1804    9.3004
12.7908    35.1812    9.3004
12.7876    35.1788    9.3004
12.769199    35.1652    9.3004
12.752399    35.142    9.3004
12.7411995    35.1236    9.3004
12.714    35.0836    9.3004
12.7123995    35.0804    9.3004
12.682799    35.034    9.3004
12.6684    35.012398    9.3004
12.6572    34.992397    9.3004
12.6348    34.954    9.3004
12.6244    34.936398    9.3004
12.608399    34.9204    9.3004
12.5996    34.913998    9.3004
12.590799    34.9148    9.3004
12.5668    34.9172    9.3004
12.5412    34.9348    9.3004
12.538799    34.9356    9.3004
12.5308    34.9412    9.3004
12.5076    34.9556    9.3004
12.492399    34.9652    9.3004
12.4772    34.973198    9.3004
12.4452    34.9892    9.3004
12.441199    34.9916    9.3004
12.4028    35.0004    9.3004
12.401999    35.0004    9.3004
12.401199    35.0004    9.3004
12.346    35.002    9.3004
12.3244    35.0028    9.3004
12.309999    35.002    9.3004
12.2996    34.9988    9.3004
12.285999    34.9916    9.3004
12.2724    34.9772    9.3004
12.269199    34.973198    9.3004
12.2355995    34.9204    9.3004
12.2204    34.8948    9.3004
12.2036    34.865997    9.3004
12.188399    34.8364    9.3004
12.1868    34.832397    9.3004
12.186    34.8292    9.3004
12.1844    34.802    9.3004
12.2076    34.7796    9.3004
12.2092    34.778    9.3004
12.234799    34.7636    9.3004
12.2364    34.761997    9.3004
12.2476    34.7572    9.3004
12.394799    34.692398    9.3004
12.41    34.686    9.3004
12.429999    34.674    9.3004
12.45    34.6644    9.3004
12.4564    34.661198    9.3004
12.4684    34.6516    9.3004
12.481199    34.6404    9.3004
12.49    34.6148    9.3004
12.5004    34.6068    9.3004
12.5036    34.588398    9.3004
12.5036    34.5748    9.3004
12.4972    34.5588    9.3004
12.487599    34.534798    9.3004
12.4836    34.5228    9.3004
12.4724    34.4628    9.3004
12.4716    34.4604    9.3004
12.470799    34.456398    9.3004
12.4628    34.43    9.3004
12.4612    34.4276    9.3004
12.458799    34.426    9.3004
12.453199    34.408398    9.3004
12.4516    34.4044    9.3004
12.4316    34.3836    9.3004
12.4156    34.374798    9.3004
12.4084    34.3724    9.3004
12.4052    34.371597    9.3004
12.398    34.3668    9.3004
12.3764    34.3556    9.3004
12.373199    34.3516    9.3004
12.366799    34.3484    9.3004
12.3188    34.335598    9.3004
12.3124    34.3332    9.3004
12.3084    34.332397    9.3004
12.302799    34.3308    9.3004
12.2732    34.3196    9.3004
12.263599    34.313198    9.3004
12.238    34.2948    9.3004
12.2355995    34.2924    9.3004
12.2355995    34.2916    9.3004
12.229199    34.278    9.3004
12.228399    34.2748    9.3004
12.228399    34.274    9.3004
12.2388    34.258    9.3004
12.25    34.245197    9.3004
12.2755995    34.2188    9.3004
12.2892    34.202    9.3004
12.29    34.2012    9.3004
12.306    34.1852    9.3004
12.309999    34.182    9.3004
12.3236    34.1684    9.3004
12.3244    34.1684    9.3004
12.334    34.129997    9.3004
12.3348    34.1284    9.3004
12.322    34.1116    9.3004
12.3188    34.106    9.3004
12.2987995    34.09    9.3004
12.2932    34.086    9.3004
12.2836    34.0724    9.3004
12.268399    34.0476    9.3004
12.268399    34.0468    9.3004
12.268399    34.0452    9.3004
12.2699995    34.0268    9.3004
12.274799    34.017998    9.3004
12.291599    33.9828    9.3004
12.297999    33.969997    9.3004
12.3228    33.9244    9.3004
12.3372    33.8996    9.3004
12.3468    33.8876    9.3004
12.3596    33.874798    9.3004
12.3716    33.869198    9.3004
12.382    33.865997    9.3004
12.4516    33.846    9.3004
12.4836    33.8364    9.3004
12.498    33.834    9.3004
12.526    33.829998    9.3004
12.5836    33.8236    9.3004
12.5932    33.8236    9.3004
12.6452    33.829998    9.3004
12.677199    33.8348    9.3004
12.689199    33.837997    9.3004
12.694799    33.8396    9.3004
12.6964    33.8404    9.3004
12.717199    33.846798    9.3004
12.7316    33.8508    9.3004
12.7564    33.860397    9.3004
12.7604    33.862    9.3004
12.781199    33.8572    9.3004
12.7908    33.854797    9.3004
12.7932    33.849197    9.3004
12.7996    33.834    9.3004
12.8076    33.8068    9.3004
12.8076    33.804398    9.3004
12.8076    33.8028    9.3004
12.808399    33.798798    9.3004
12.814799    33.7588    9.3004
12.8196    33.746    9.3004
12.83    33.711597    9.3004
12.8356    33.6996    9.3004
12.8532    33.6676    9.3004
12.854799    33.666    9.3004
12.8796    33.638    9.3004
12.882    33.6356    9.3004
12.8852    33.633198    9.3004
12.906    33.613197    9.3004
12.917999    33.6044    9.3004
12.9284    33.596397    9.3004
12.9388    33.5924    9.3004
12.9595995    33.5812    9.3004
12.9748    33.5748    9.3004
12.9883995    33.568398    9.3004
13.038    33.55    9.3004
13.0404    33.5484    9.3004
13.0716    33.534798    9.3004
13.0724    33.534798    9.3004
13.1012    33.5132    9.3004
13.102799    33.5108    9.3004
13.1212    33.4916    9.3004
13.122    33.4876    9.3004
13.1268    33.475597    9.3004
13.130799    33.4612    9.3004
13.1348    33.456398    9.3004
13.1332    33.4388    9.3004
13.134    33.4332    9.3004
13.1356    33.4276    9.3004
13.134    33.4148    9.3004
13.1332    33.3884    9.3004
13.137199    33.3564    9.3004
13.137199    33.3516    9.3004
13.1468    33.326    9.3004
13.148399    33.3228    9.3004
13.148399    33.322    9.3004
13.15    33.3196    9.3004
13.165999    33.294    9.3004
13.1676    33.2916    9.3004
13.186    33.27    9.3004
13.1876    33.2684    9.3004
13.188399    33.2676    9.3004
13.2044    33.2564    9.3004
13.21    33.2516    9.3004
13.217199    33.246    9.3004
13.2428    33.2292    9.3004
13.263599    33.217197    9.3004
13.2724    33.2124    9.3004
13.306    33.1932    9.3004
13.3532    33.1676    9.3004
13.354799    33.166798    9.3004
13.355599    33.166798    9.3004
13.3996    33.1412    9.3004
13.4028    33.1396    9.3004
13.446    33.1156    9.3004
13.4828    33.0956    9.3004
13.4892    33.0924    9.3004
13.4939995    33.0892    9.3004
13.518    33.0756    9.3004
13.5244    33.0692    9.3004
13.542    33.062798    9.3004
13.5476    33.0588    9.3004
13.554    33.054    9.3004
13.568399    33.040398    9.3004
13.5716    33.0372    9.3004
13.573999    33.0332    9.3004
13.5892    33.0148    9.3004
13.589999    33.0116    9.3004
13.6044    32.984398    9.3004
13.6044    32.9836    9.3004
13.618799    32.9572    9.3004
13.619599    32.9516    9.3004
13.625999    32.9284    9.3004
13.625999    32.922    9.3004
13.6292    32.9012    9.3004
13.6292    32.897198    9.3004
13.6268    32.863598    9.3004
13.625999    32.765198    9.3004
13.625999    32.7564    9.3004
13.6268    32.7492    9.3004
13.631599    32.7044    9.3004
13.6324    32.7044    9.3004
13.6324    32.702    9.3004
13.6404    32.6708    9.3004
13.6404    32.6652    9.3004
13.653199    32.61    9.3004
13.6572    32.5916    9.3004
13.6588    32.588398    9.3004
13.6732    32.542    9.3004
13.677199    32.5332    9.3004
13.686    32.512398    9.3004
13.687599    32.5092    9.3004
13.700399    32.4724    9.3004
13.700399    32.4716    9.3004
13.7276    32.4244    9.3004
13.73    32.4188    9.3004
13.7484    32.385998    9.3004
13.752399    32.3788    9.3004
13.7532    32.3732    9.3004
13.7532    32.3684    9.3004
13.7652    32.3444    9.3004
13.7644    32.341198    9.3004
13.7716    32.3124    9.3004
13.7716    32.3116    9.3004
13.7676    32.2868    9.3004
13.7564    32.270798    9.3004
13.7484    32.262    9.3004
13.728399    32.238    9.3004
13.711599    32.2108    9.3004
13.6684    32.1364    9.3004
13.6588    32.1204    9.3004
13.6292    32.0676    9.3004
13.6004    32.0116    9.3004
13.594    31.998    9.3004
13.5884    31.985199    9.3004
13.561199    31.918798    9.3004
13.538    31.8564    9.3004
13.5292    31.829199    9.3004
13.5244    31.806    9.3004
13.5036    31.7228    9.3004
13.5012    31.7092    9.3004
13.4844    31.632399    9.3004
13.4804    31.6068    9.3004
13.4668    31.5028    9.3004
13.466    31.4972    9.3004
13.464399    31.4812    9.3004
13.4539995    31.3772    9.3004
13.447599    31.3004    9.3004
13.434799    31.15    9.3004
13.4276    31.0532    9.3004
13.426    31.0204    9.3004
13.4228    30.9684    9.3004
13.4212    30.929998    9.3004
13.4196    30.8884    9.3004
13.414    30.827599    9.3004
13.413199    30.812399    9.3004
13.4084    30.774    9.3004
13.406799    30.7636    9.3004
13.398    30.732399    9.3004
13.398    30.73    9.3004
13.395599    30.726    9.3004
13.3804    30.7092    9.3004
13.366799    30.7004    9.3004
13.297999    30.649199    9.3004
13.2964    30.6468    9.3004
13.2668    30.6188    9.3004
13.2644    30.6164    9.3004
13.2604    30.611599    9.3004
13.228399    30.5716    9.3004
13.1964    30.529999    9.3004
13.170799    30.498    9.3004
13.1588    30.4812    9.3004
13.153999    30.476398    9.3004
13.136399    30.459599    9.3004
13.134    30.4572    9.3004
13.119599    30.448399    9.3004
13.1036    30.442799    9.3004
13.078799    30.438    9.3004
13.0772    30.438    9.3004
13.0756    30.437199    9.3004
13.0724    30.437199    9.3004
13.0188    30.434    9.3004
12.9324    30.4324    9.3004
12.929199    30.431599    9.3004
12.8764    30.4292    9.3004
12.8619995    30.4284    9.3004
12.821199    30.4228    9.3004
12.8132    30.4212    9.3004
12.7772    30.416399    9.3004
12.7188    30.4028    9.3004
12.71    30.4004    9.3004
12.7028    30.3988    9.3004
12.659599    30.3828    9.3004
12.648399    30.377998    9.3004
12.606    30.3596    9.3004
12.5524    30.331598    9.3004
12.53    30.3212    9.3004
12.4964    30.3076    9.3004
12.4836    30.3028    9.3004
12.4604    30.299599    9.3004
12.436399    30.2964    9.3004
12.3988    30.295599    9.3004
12.3164    30.295599    9.3004
12.3052    30.2948    9.3004
12.2492    30.297998    9.3004
12.199599    30.2972    9.3004
12.1908    30.2972    9.3004
12.189199    30.2972    9.3004
12.1868    30.2964    9.3004
12.1756    30.2932    9.3004
12.147599    30.286    9.3004
12.141999    30.2836    9.3004
12.1332    30.274    9.3004
12.113999    30.2596    9.3004
12.1004    30.2428    9.3004
12.079599    30.205198    9.3004
12.0756    30.1964    9.3004
12.0556    30.132399    9.3004
12.0515995    30.121199    9.3004
12.050799    30.117199    9.3004
12.045199    30.063599    9.3004
12.045199    30.024399    9.3004
12.045199    30.018    9.3004
12.0484    29.994799    9.3004
12.050799    29.97    9.3004
12.050799    29.9684    9.3004
12.058    29.944399    9.3004
12.0588    29.942    9.3004
12.0724    29.91    9.3004
12.073999    29.906    9.3004
12.0803995    29.890799    9.3004
12.0988    29.8508    9.3004
12.1108    29.827599    9.3004
12.1124    29.823599    9.3004
12.118    29.814    9.3004
12.1468    29.757198    9.3004
12.1868    29.680399    9.3004
12.2164    29.621199    9.3004
12.222799    29.609999    9.3004
12.245999    29.561998    9.3004
12.2476    29.556398    9.3004
12.2484    29.5556    9.3004
12.2548    29.522799    9.3004
12.2532    29.5124    9.3004
12.254    29.490799    9.3004
12.2492    29.470798    9.3004
12.245999    29.4636    9.3004
12.2444    29.455599    9.3004
12.2268    29.424398    9.3004
12.2212    29.413198    9.3004
12.2196    29.41    9.3004
12.2092    29.396399    9.3004
12.198    29.3828    9.3004
12.170799    29.3428    9.3004
12.1668    29.3372    9.3004
12.1524    29.306    9.3004
12.1444    29.271599    9.3004
12.141999    29.2612    9.3004
12.137199    29.23    9.3004
12.131599    29.189999    9.3004
12.13    29.177198    9.3004
12.1276    29.143599    9.3004
12.125999    29.113998    9.3004
12.1236    29.073198    9.3004
12.122    29.028399    9.3004
12.1228    28.9628    9.3004
12.1276    28.8604    9.3004
12.1276    28.855598    9.3004
12.1276    28.849998    9.3004
12.1284    28.8428    9.3004
12.134    28.775599    9.3004
12.138    28.753199    9.3004
12.141999    28.719599    9.3004
12.1452    28.702    9.3004
12.1524    28.665998    9.3004
12.1556    28.654799    9.3004
12.165199    28.6132    9.3004
12.1732    28.5892    9.3004
12.186    28.5548    9.3004
12.194799    28.5332    9.3004
12.2084    28.5036    9.3004
12.2132    28.490799    9.3004
12.2308    28.4604    9.3004
12.2428    28.442799    9.3004
12.269199    28.4084    9.3004
12.2788    28.3956    9.3004
12.2876    28.3844    9.3004
12.309199    28.3596    9.3004
12.3244    28.344398    9.3004
12.3428    28.326    9.3004
12.3764    28.2932    9.3004
12.3852    28.2852    9.3004
12.3916    28.2796    9.3004
12.4332    28.245998    9.3004
12.435599    28.2444    9.3004
12.446799    28.236399    9.3004
12.4972    28.1988    9.3004
12.5124    28.189999    9.3004
12.527599    28.180399    9.3004
12.5548    28.1644    9.3004
12.5828    28.15    9.3004
12.5932    28.1444    9.3004
12.6612    28.1132    9.3004
12.738    28.076399    9.3004
12.7388    28.076399    9.3004
12.768399    28.0604    9.3004
12.797999    28.042799    9.3004
12.809999    28.0332    9.3004
12.8236    28.0212    9.3004
12.838799    28.0084    9.3004
12.849199    27.9996    9.3004
12.855599    27.9924    9.3004
12.894    27.9588    9.3004
12.929999    27.925999    9.3004
12.992399    27.8716    9.3004
13.021199    27.8484    9.3004
13.028399    27.842    9.3004
13.033999    27.838    9.3004
13.0468    27.83    9.3004
13.091599    27.7988    9.3004
13.1212    27.782799    9.3004
13.137199    27.7732    9.3004
13.1564    27.7636    9.3004
13.1852    27.7484    9.3004
13.2067995    27.7372    9.3004
13.228399    27.726799    9.3004
13.25    27.7148    9.3004
13.257199    27.7108    9.3004
13.2884    27.698    9.3004
13.322    27.6836    9.3004
13.3252    27.682798    9.3004
13.354    27.6724    9.3004
13.3596    27.6724    9.3004
13.3796    27.6644    9.3004
13.401999    27.6612    9.3004
13.414    27.6612    9.3004
13.4452    27.6572    9.3004
13.4828    27.656399    9.3004
13.5596    27.6572    9.3004
13.562799    27.6572    9.3004
13.5668    27.6572    9.3004
13.6692    27.6596    9.3004
13.6972    27.6612    9.3004
13.7764    27.67    9.3004
13.7987995    27.671598    9.3004
13.8748    27.682798    9.3004
13.91    27.6876    9.3004
13.926    27.691599    9.3004
13.9668    27.708399    9.3004
13.9676    27.708399    9.3004
13.9676    27.7092    9.3004
13.9956    27.7372    9.3004
14.009999    27.758    9.3004
14.0316    27.786    9.3004
14.0492    27.809198    9.3004
14.0571995    27.8212    9.3004
14.0596    27.8252    9.3004
14.0828    27.8676    9.3004
14.0884    27.879599    9.3004
14.0892    27.886    9.3004
14.096399    27.91    9.3004
14.102799    27.9524    9.3004
14.1092    27.973999    9.3004
14.1116    27.9844    9.3004
14.125199    28.000399    9.3004
14.141999    28.014    9.3004
14.1612    28.0252    9.3004
14.239599    28.053999    9.3004
14.2716    28.0668    9.3004
14.334    28.094    9.3004
14.349999    28.1012    9.3004
14.395599    28.1244    9.3004
14.4164    28.1364    9.3004
14.438    28.15    9.3004
14.462    28.165998    9.3004
14.476399    28.1764    9.3004
14.481199    28.185999    9.3004
14.49    28.1996    9.3004
14.4916    28.2092    9.3004
14.4908    28.2372    9.3004
14.481999    28.262    9.3004
14.4772    28.2732    9.3004
14.4732    28.2804    9.3004
14.466    28.2916    9.3004
14.452399    28.3188    9.3004
14.4484    28.321999    9.3004
14.4324    28.3436    9.3004
14.411599    28.3708    9.3004
14.4108    28.372398    9.3004
14.41    28.372398    9.3004
14.41    28.3732    9.3004
14.377199    28.4068    9.3004
14.3524    28.4348    9.3004
14.343599    28.4452    9.3004
14.3412    28.448399    9.3004
14.3356    28.455599    9.3004
14.3228    28.4716    9.3004
14.3068    28.49    9.3004
14.297999    28.500399    9.3004
14.2644    28.545198    9.3004
14.2476    28.5724    9.3004
14.239599    28.5844    9.3004
14.233999    28.594799    9.3004
14.2212    28.621199    9.3004
14.214    28.646    9.3004
14.211599    28.650799    9.3004
14.211599    28.654    9.3004
14.2148    28.6812    9.3004
14.2188    28.6908    9.3004
14.2316    28.708399    9.3004
14.2444    28.721199    9.3004
14.251599    28.7276    9.3004
14.3252    28.7932    9.3004
14.3468    28.810799    9.3004
14.3524    28.816399    9.3004
14.361199    28.8268    9.3004
14.3675995    28.8324    9.3004
14.3868    28.862    9.3004
14.389199    28.866798    9.3004
14.398    28.882    9.3004
14.4044    28.9028    9.3004
14.4052    28.9124    9.3004
14.4052    28.9476    9.3004
14.4052    28.959599    9.3004
14.4028    28.993198    9.3004
14.401199    29.013199    9.3004
14.3996    29.039598    9.3004
14.3988    29.0668    9.3004
14.400399    29.0852    9.3004
14.401199    29.1068    9.3004
14.4028    29.1276    9.3004
14.4052    29.149199    9.3004
14.405999    29.1532    9.3004
14.411599    29.17    9.3004
14.4196    29.1852    9.3004
14.434799    29.197199    9.3004
14.4548    29.2044    9.3004
14.4628    29.208399    9.3004
14.4916    29.212399    9.3004
14.4956    29.2132    9.3004
14.514    29.2132    9.3004
14.5244    29.2148    9.3004
14.533199    29.2156    9.3004
14.6796    29.2244    9.3004
14.7036    29.226799    9.3004
14.710799    29.226799    9.3004
14.733999    29.2284    9.3004
14.745199    29.229198    9.3004
14.773999    29.234    9.3004
14.7948    29.241999    9.3004
14.809999    29.247599    9.3004
14.8348    29.258799    9.3004
14.843599    29.262798    9.3004
14.8628    29.2708    9.3004
14.901999    29.2876    9.3004
14.9372    29.3004    9.3004
14.9595995    29.3044    9.3004
14.9628    29.3076    9.3004
14.975599    29.3076    9.3004
14.9972    29.310799    9.3004
15.0188    29.310799    9.3004
15.042    29.309198    9.3004
15.177199    29.3028    9.3004
15.19    29.3028    9.3004
15.202    29.3044    9.3004
15.23    29.305199    9.3004
15.2324    29.306799    9.3004
15.2699995    29.314798    9.3004
15.2932    29.3228    9.3004
15.3756    29.349998    9.3004
15.445999    29.3764    9.3004
15.4724    29.386    9.3004
15.5571995    29.418    9.3004
15.6092    29.442    9.3004
15.618    29.446    9.3004
15.658    29.4644    9.3004
15.7067995    29.4868    9.3004
15.717199    29.4916    9.3004
15.746799    29.5084    9.3004
15.809199    29.5404    9.3004
15.8452    29.561998    9.3004
15.8756    29.580399    9.3004
15.9044    29.598    9.3004
16.0228    29.6644    9.3004
16.024399    29.6652    9.3004
16.0276    29.665998    9.3004
16.0308    29.6668    9.3004
16.0628    29.678    9.3004
16.0716    29.6756    9.3004
16.087599    29.678799    9.3004
16.0972    29.677198    9.3004
16.1148    29.678799    9.3004
16.126    29.6756    9.3004
16.145199    29.677198    9.3004
16.154    29.674    9.3004
16.1716    29.671598    9.3004
16.1892    29.6668    9.3004
16.191599    29.665998    9.3004
16.2076    29.6612    9.3004
16.2396    29.654    9.3004
16.306    29.636398    9.3004
16.4252    29.604399    9.3004
16.466    29.594799    9.3004
16.5644    29.569199    9.3004
16.6556    29.545198    9.3004
16.853199    29.493198    9.3004
16.918    29.4756    9.3004
17.230799    29.3892    9.3004
17.274    29.3764    9.3004
17.3252    29.361198    9.3004
17.4452    29.327599    9.3004
17.570799    29.292398    9.3004
17.6524    29.269999    9.3004
17.7724    29.237999    9.3004
17.847599    29.2188    9.3004
18.031599    29.171598    9.3004
18.063599    29.163599    9.3004
18.122799    29.15    9.3004
18.226799    29.125198    9.3004
18.2788    29.1148    9.3004
18.3332    29.1036    9.3004
18.41    29.0884    9.3004
18.427599    29.0852    9.3004
18.5252    29.067598    9.3004
18.5756    29.059599    9.3004
18.604399    29.0548    9.3004
18.6052    29.0548    9.3004
18.685999    29.0404    9.3004
18.6868    29.0404    9.3004
18.6876    29.0404    9.3004
18.753199    29.0324    9.3004
18.8252    29.0212    9.3004
18.8268    29.0204    9.3004
18.89    29.0124    9.3004
18.906    29.0108    9.3004
18.979599    29.0028    9.3004
18.983599    29.0028    9.3004
19.042    28.9996    9.3004
19.0724    28.998798    9.3004
19.094    28.998798    9.3004
19.1548    28.9972    9.3004
19.1716    28.9972    9.3004
19.21    29.000399    9.3004
19.3308    29.0052    9.3004
19.3364    29.0052    9.3004
19.3484    29.0036    9.3004
19.382    29.0028    9.3004
19.394    29.000399    9.3004
19.425999    28.998798    9.3004
19.4516    28.994799    9.3004
19.4572    28.993198    9.3004
19.483599    28.9868    9.3004
19.485199    28.9868    9.3004
19.4876    28.986    9.3004
19.513199    28.979599    9.3004
19.5964    28.9588    9.3004
19.621199    28.9524    9.3004
19.6716    28.938    9.3004
19.7388    28.9172    9.3004
19.7796    28.903599    9.3004
19.8004    28.8972    9.3004
19.8396    28.8844    9.3004
19.9228    28.8596    9.3004
19.9468    28.854    9.3004
19.9972    28.840399    9.3004
20.0196    28.834799    9.3004
20.0532    28.827599    9.3004
20.093199    28.8188    9.3004
20.122799    28.814    9.3004
20.15    28.81    9.3004
20.1612    28.8084    9.3004
20.195599    28.8028    9.3004
20.197199    28.8028    9.3004
20.2044    28.802    9.3004
20.2404    28.799599    9.3004
20.258799    28.7988    9.3004
20.3092    28.797998    9.3004
20.31    28.797998    9.3004
20.3156    28.797998    9.3004
20.347599    28.799599    9.3004
20.3556    28.799599    9.3004
20.385199    28.801199    9.3004
20.409199    28.803598    9.3004
20.4196    28.805199    9.3004
20.4516    28.81    9.3004
20.517199    28.8252    9.3004
20.5212    28.826    9.3004
20.5364    28.8316    9.3004
20.569199    28.8428    9.3004
20.585999    28.8492    9.3004
20.6108    28.8604    9.3004
20.6444    28.8788    9.3004
20.654    28.886    9.3004
20.674799    28.903599    9.3004
20.6924    28.9212    9.3004
20.7076    28.9396    9.3004
20.7188    28.9516    9.3004
20.73    28.966799    9.3004
20.7412    28.986    9.3004
20.749199    28.9996    9.3004
20.7556    29.0164    9.3004
20.7596    29.039598    9.3004
20.7612    29.046    9.3004
20.758799    29.069199    9.3004
20.758799    29.0724    9.3004
20.754    29.0788    9.3004
20.7428    29.0892    9.3004
20.7132    29.119598    9.3004
20.701199    29.1292    9.3004
20.689999    29.1372    9.3004
20.674    29.1516    9.3004
20.6596    29.163599    9.3004
20.6308    29.1876    9.3004
20.593199    29.2172    9.3004
20.5332    29.264399    9.3004
20.4628    29.3188    9.3004
20.4492    29.3284    9.3004
20.4412    29.333199    9.3004
20.4188    29.349998    9.3004
20.410799    29.3548    9.3004
20.3788    29.375599    9.3004
20.3596    29.386799    9.3004
20.31    29.41    9.3004
20.3092    29.410799    9.3004
20.3084    29.410799    9.3004
20.254    29.429998    9.3004
20.2516    29.4308    9.3004
20.247599    29.4324    9.3004
20.1292    29.470798    9.3004
20.062    29.4924    9.3004
20.041199    29.498798    9.3004
20.0204    29.5052    9.3004
19.962    29.522    9.3004
19.9436    29.5292    9.3004
19.9188    29.537199    9.3004
19.886    29.55    9.3004
19.885199    29.550798    9.3004
19.8844    29.550798    9.3004
19.851599    29.5668    9.3004
19.8204    29.5844    9.3004
19.6996    29.667599    9.3004
19.6828    29.6796    9.3004
19.6348    29.708399    9.3004
19.622799    29.7164    9.3004
19.5724    29.747599    9.3004
19.5684    29.75    9.3004
19.5532    29.758    9.3004
19.5156    29.778    9.3004
19.4652    29.805199    9.3004
19.2924    29.89    9.3004
19.286    29.8932    9.3004
19.2804    29.8956    9.3004
19.121199    29.970798    9.3004
19.1028    29.979599    9.3004
18.985199    30.0324    9.3004
18.9212    30.061998    9.3004
18.758799    30.137999    9.3004
18.6772    30.1764    9.3004
18.6596    30.1852    9.3004
18.5804    30.223598    9.3004
18.4804    30.2708    9.3004
18.381199    30.316399    9.3004
18.295599    30.3564    9.3004
18.189999    30.4052    9.3004
18.1532    30.421999    9.3004
18.1316    30.4324    9.3004
18.053999    30.4692    9.3004
18.0516    30.470798    9.3004
17.9652    30.5108    9.3004
17.9492    30.5196    9.3004
17.869999    30.5588    9.3004
17.829199    30.5812    9.3004
17.798    30.598    9.3004
17.734    30.6332    9.3004
17.730799    30.6348    9.3004
17.6836    30.6612    9.3004
17.6596    30.674    9.3004
17.6556    30.677198    9.3004
17.6524    30.678799    9.3004
17.604399    30.706799    9.3004
17.5812    30.721199    9.3004
17.559599    30.734    9.3004
17.5212    30.760399    9.3004
17.485199    30.781199    9.3004
17.4364    30.810799    9.3004
17.409199    30.823599    9.3004
17.3612    30.847599    9.3004
17.3444    30.855598    9.3004
17.3244    30.862    9.3004
17.293999    30.8716    9.3004
17.2916    30.8732    9.3004
17.289999    30.873999    9.3004
17.2636    30.8876    9.3004
17.262    30.89    9.3004
17.234    30.9052    9.3004
17.2292    30.9084    9.3004
17.2284    30.9084    9.3004
17.202    30.9364    9.3004
17.197199    30.938799    9.3004
17.182    30.9588    9.3004
17.174799    30.9644    9.3004
17.1684    30.972399    9.3004
17.1644    30.9788    9.3004
17.142    31.0164    9.3004
17.118    31.057999    9.3004
17.104399    31.0796    9.3004
17.0884    31.105999    9.3004
17.07    31.1332    9.3004
17.042799    31.174799    9.3004
17.001999    31.2372    9.3004
16.9708    31.284399    9.3004
16.9404    31.3284    9.3004
16.9156    31.362799    9.3004
16.8972    31.390799    9.3004
16.8548    31.446798    9.3004
16.8524    31.4508    9.3004
16.8004    31.522    9.3004
16.7812    31.546799    9.3004
16.7372    31.602798    9.3004
16.6908    31.657999    9.3004
16.6668    31.6868    9.3004
16.6348    31.7276    9.3004
16.5476    31.831598    9.3004
16.5044    31.881199    9.3004
16.4748    31.9156    9.3004
16.4492    31.9452    9.3004
16.4428    31.952398    9.3004
16.4356    31.962    9.3004
16.418    31.9812    9.3004
16.394    32.0084    9.3004
16.3556    32.0484    9.3004
16.35    32.0548    9.3004
16.3372    32.0636    9.3004
16.3132    32.0804    9.3004
16.2868    32.093998    9.3004
16.2764    32.0988    9.3004
16.274    32.1004    9.3004
16.2724    32.1012    9.3004
16.2684    32.1036    9.3004
16.191599    32.138798    9.3004
16.163599    32.1508    9.3004
16.102    32.1764    9.3004
16.0292    32.205997    9.3004
16.0116    32.2132    9.3004
15.986    32.222    9.3004
15.882799    32.262    9.3004
15.779599    32.3028    9.3004
15.6964    32.3364    9.3004
15.5868    32.3788    9.3004
15.5308    32.3996    9.3004
15.4892    32.413998    9.3004
15.429999    32.4332    9.3004
15.373199    32.450798    9.3004
15.3132    32.4692    9.3004
15.274799    32.4772    9.3004
15.273999    32.4772    9.3004
15.2732    32.4772    9.3004
15.2436    32.482    9.3004
15.2355995    32.481197    9.3004
15.2188    32.481197    9.3004
15.1684    32.4796    9.3004
15.120399    32.474    9.3004
15.1147995    32.473198    9.3004
15.1116    32.473198    9.3004
15.0836    32.4692    9.3004
15.0364    32.4612    9.3004
15.032399    32.4604    9.3004
15.0028    32.446    9.3004
15.0004    32.4444    9.3004
14.9844    32.430798    9.3004
14.9564    32.4052    9.3004
14.952399    32.4012    9.3004
14.922    32.363598    9.3004
14.917999    32.3588    9.3004
14.9092    32.3556    9.3004
14.8884    32.3452    9.3004
14.877999    32.35    9.3004
14.860399    32.337997    9.3004
14.8308    32.3452    9.3004
14.8284    32.346798    9.3004
14.821199    32.3516    9.3004
14.8043995    32.3668    9.3004
14.8004    32.3684    9.3004
14.7844    32.3892    9.3004
14.7788    32.394    9.3004
14.7708    32.402798    9.3004
14.7612    32.4204    9.3004
14.740399    32.4652    9.3004
14.73    32.4804    9.3004
14.723599    32.4972    9.3004
14.7188    32.506798    9.3004
14.682799    32.571598    9.3004
14.682799    32.5724    9.3004
14.665199    32.601997    9.3004
14.654799    32.6228    9.3004
14.6404    32.6524    9.3004
14.6324    32.666    9.3004
14.625199    32.6772    9.3004
14.601999    32.718    9.3004
14.598    32.7268    9.3004
14.5803995    32.7548    9.3004
14.562799    32.7828    9.3004
14.558    32.7908    9.3004
14.5404    32.8172    9.3004
14.521999    32.846798    9.3004
14.506    32.882    9.3004
14.502    32.8932    9.3004
14.498799    32.902    9.3004
14.4939995    32.9172    9.3004
14.4892    32.9292    9.3004
14.4844    32.9484    9.3004
14.4732    32.9852    9.3004
14.470799    32.9964    9.3004
14.4612    33.0172    9.3004
14.4564    33.0308    9.3004
14.4516    33.0468    9.3004
14.452399    33.0564    9.3004
14.4539995    33.068398    9.3004
14.469199    33.0948    9.3004
14.469199    33.0972    9.3004
14.4716    33.098    9.3004
14.504399    33.1012    9.3004
14.533199    33.101997    9.3004
14.558    33.1004    9.3004
14.5772    33.1068    9.3004
14.6068    33.1252    9.3004
14.613999    33.133198    9.3004
14.629999    33.1596    9.3004
14.6356    33.1796    9.3004
14.6388    33.2052    9.3004
14.636399    33.228397    9.3004
14.6324    33.246    9.3004
14.629999    33.2524    9.3004
14.624399    33.2636    9.3004
14.6156    33.2908    9.3004
14.613999    33.293198    9.3004
14.606    33.318    9.3004
14.606    33.318798    9.3004
14.6036    33.3476    9.3004
14.6036    33.349197    9.3004
14.6044    33.3532    9.3004
14.6156    33.3812    9.3004
14.6396    33.398    9.3004
14.6516    33.4004    9.3004
14.653999    33.4004    9.3004
14.670799    33.4012    9.3004
14.6852    33.4012    9.3004
14.7012    33.397198    9.3004
14.745999    33.394    9.3004
14.8004    33.374    9.3004
14.815599    33.369198    9.3004
14.8252    33.365997    9.3004
14.8508    33.3676    9.3004
14.8532    33.365997    9.3004
14.8764    33.3732    9.3004
14.865999    33.3836    9.3004
14.871599    33.4092    9.3004
14.8628    33.418    9.3004
14.8564    33.4372    9.3004
14.854799    33.4388    9.3004
14.854799    33.4404    9.3004
14.854799    33.4412    9.3004
14.8052    33.4836    9.3004
14.802799    33.4852    9.3004
14.8004    33.4884    9.3004
14.7876    33.4972    9.3004
14.7652    33.5196    9.3004
14.7428    33.538    9.3004
14.721999    33.5532    9.3004
14.658799    33.6004    9.3004
14.636399    33.616398    9.3004
14.6292    33.6236    9.3004
14.5748    33.6604    9.3004
14.5652    33.6692    9.3004
14.5012    33.714    9.3004
14.469199    33.7348    9.3004
14.4516    33.7436    9.3004
14.4228    33.7644    9.3004
14.413199    33.7692    9.3004
14.3924    33.781998    9.3004
14.378799    33.79    9.3004
14.3756    33.7924    9.3004
14.3364    33.813198    9.3004
14.3228    33.821198    9.3004
14.2755995    33.849197    9.3004
14.274799    33.849197    9.3004
14.2732    33.8508    9.3004
14.2476    33.8612    9.3004
14.2276    33.874798    9.3004
14.217999    33.8796    9.3004
14.188399    33.8956    9.3004
14.187599    33.8964    9.3004
14.1868    33.897198    9.3004
14.1284    33.9276    9.3004
14.090799    33.9444    9.3004
14.061999    33.9572    9.3004
14.038    33.9708    9.3004
14.002    33.986797    9.3004
13.981199    33.9948    9.3004
13.9396    34.0116    9.3004
13.9268    34.0156    9.3004
13.900399    34.0268    9.3004
13.8828    34.0332    9.3004
13.871599    34.0388    9.3004
13.849199    34.0484    9.3004
13.8228    34.0636    9.3004
13.8116    34.0692    9.3004
13.7764    34.0876    9.3004
13.7332    34.107597    9.3004
13.7123995    34.1212    9.3004
13.71    34.1228    9.3004
13.6988    34.1348    9.3004
13.676399    34.1548    9.3004
13.674    34.1572    9.3004
13.654799    34.1876    9.3004
13.653199    34.1908    9.3004
13.653199    34.1916    9.3004
13.6556    34.220398    9.3004
13.6628    34.2276    9.3004
13.6788    34.2436    9.3004
13.7036    34.2716    9.3004
13.705199    34.2748    9.3004
13.705199    34.276398    9.3004
13.71    34.2964    9.3004
13.71    34.3148    9.3004
13.7092    34.3428    9.3004
13.7028    34.3996    9.3004
13.7012    34.4116    9.3004
13.699599    34.418    9.3004
13.699599    34.4332    9.3004
13.699599    34.439598    9.3004
13.6964    34.4484    9.3004
13.689199    34.4652    9.3004
13.6812    34.474    9.3004
13.6779995    34.475597    9.3004
13.6732    34.4772    9.3004
13.6564    34.486    9.3004
13.630799    34.4916    9.3004
13.6276    34.4916    9.3004
13.6268    34.4916    9.3004
13.625999    34.492397    9.3004
13.624399    34.492397    9.3004
13.591599    34.4948    9.3004
13.5876    34.495598    9.3004
13.5404    34.4988    9.3004
13.5372    34.4996    9.3004
13.533199    34.5004    9.3004
13.4883995    34.5028    9.3004
13.4716    34.5076    9.3004
13.4564    34.512398    9.3004
13.4548    34.512398    9.3004
13.453199    34.512398    9.3004
13.4284    34.5324    9.3004
13.407599    34.5428    9.3004
13.3988    34.5556    9.3004
13.3884    34.57    9.3004
13.3876    34.5724    9.3004
13.384399    34.5764    9.3004
13.3812    34.582    9.3004
13.3636    34.6068    9.3004
13.338799    34.6404    9.3004
13.3284    34.655598    9.3004
13.3228    34.661198    9.3004
13.3188    34.674    9.3004
13.3164    34.6868    9.3004
13.3172    34.6884    9.3004
13.3244    34.717197    9.3004
13.325999    34.7188    9.3004
13.3284    34.722    9.3004
13.358    34.7572    9.3004
13.3684    34.7684    9.3004
13.401999    34.7996    9.3004
13.4268    34.8076    9.3004
13.4307995    34.8124    9.3004
13.4484    34.8228    9.3004
13.4595995    34.8252    9.3004
13.4676    34.826797    9.3004
13.4692    34.834    9.3004
13.4684    34.8452    9.3004
13.4508    34.906    9.3004
13.4492    34.9108    9.3004
13.4484    34.9116    9.3004
13.3804    35.045998    9.3004
13.3764    35.0524    9.3004
13.3748    35.054    9.3004
13.3652    35.0588    9.3004
13.3484    35.068398    9.3004
13.326799    35.07    9.3004
13.3228    35.071598    9.3004
13.2987995    35.0764    9.3004
13.2964    35.077198    9.3004
13.2932    35.079597    9.3004
13.263599    35.0956    9.3004
13.251599    35.1092    9.3004
