13.8004    27.9364    21.3004
13.843599    27.949999    21.3004
13.894    27.9684    21.3004
13.9092    27.973999    21.3004
13.922    27.9804    21.3004
13.964399    28.0012    21.3004
13.9948    28.017199    21.3004
14.014    28.0276    21.3004
14.062799    28.0572    21.3004
14.096399    28.0788    21.3004
14.1332    28.105999    21.3004
14.159599    28.126799    21.3004
14.182799    28.1476    21.3004
14.2132    28.174799    21.3004
14.217199    28.178799    21.3004
14.2276    28.1892    21.3004
14.2476    28.208399    21.3004
14.252399    28.213999    21.3004
14.278    28.2452    21.3004
14.3164    28.2876    21.3004
14.3172    28.2892    21.3004
14.337999    28.316399    21.3004
14.342    28.321999    21.3004
14.3644    28.3468    21.3004
14.382    28.3732    21.3004
14.3932    28.3892    21.3004
14.4036    28.406    21.3004
14.4196    28.4348    21.3004
14.426    28.4468    21.3004
14.429999    28.455599    21.3004
14.435599    28.466799    21.3004
14.45    28.498798    21.3004
14.4604    28.5196    21.3004
14.463599    28.528399    21.3004
14.465199    28.5332    21.3004
14.4908    28.6244    21.3004
14.4948    28.642    21.3004
14.4964    28.6484    21.3004
14.498799    28.663599    21.3004
14.504399    28.7204    21.3004
14.5084    28.7804    21.3004
14.5084    28.801199    21.3004
14.5092    28.8564    21.3004
14.5084    28.864399    21.3004
14.5028    28.938799    21.3004
14.5028    28.942    21.3004
14.5004    28.958    21.3004
14.493199    29.0108    21.3004
14.4883995    29.0348    21.3004
14.475599    29.097198    21.3004
14.469999    29.122    21.3004
14.4572    29.167599    21.3004
14.446799    29.206    21.3004
14.4332    29.247599    21.3004
14.4276    29.2636    21.3004
14.401199    29.323599    21.3004
14.394    29.3396    21.3004
14.373199    29.3804    21.3004
14.3476    29.4292    21.3004
14.3468    29.4308    21.3004
14.346    29.4308    21.3004
14.3052    29.486    21.3004
14.2892    29.505999    21.3004
14.2532    29.548399    21.3004
14.2476    29.5548    21.3004
14.2036    29.591599    21.3004
14.1756    29.617199    21.3004
14.165199    29.625198    21.3004
14.148399    29.637999    21.3004
14.119599    29.660398    21.3004
14.078799    29.6892    21.3004
14.0716    29.693998    21.3004
14.042    29.7132    21.3004
14.0004    29.740398    21.3004
13.9972    29.7428    21.3004
13.993199    29.7444    21.3004
13.958799    29.758799    21.3004
13.924399    29.769999    21.3004
13.912399    29.774    21.3004
13.8868    29.7804    21.3004
13.8796    29.781199    21.3004
13.838799    29.782799    21.3004
13.8236    29.7836    21.3004
13.822    29.7836    21.3004
13.7987995    29.788399    21.3004
13.7876    29.7908    21.3004
13.7644    29.7964    21.3004
13.7212    29.814    21.3004
13.6964    29.823599    21.3004
13.682799    29.825998    21.3004
13.654799    29.8324    21.3004
13.648399    29.8324    21.3004
13.6236    29.8356    21.3004
13.589999    29.8356    21.3004
13.578799    29.834799    21.3004
13.5412    29.8308    21.3004
13.5227995    29.825998    21.3004
13.487599    29.816399    21.3004
13.466    29.8084    21.3004
13.4172    29.7892    21.3004
13.4036    29.7836    21.3004
13.394799    29.7788    21.3004
13.354    29.7564    21.3004
13.33    29.741999    21.3004
13.3116    29.7316    21.3004
13.292399    29.7156    21.3004
13.286799    29.7108    21.3004
13.280399    29.7044    21.3004
13.2428    29.6644    21.3004
13.2332    29.6524    21.3004
13.226    29.646    21.3004
13.217999    29.6356    21.3004
13.2156    29.6276    21.3004
13.2156    29.621199    21.3004
13.2148    29.6052    21.3004
13.2196    29.5884    21.3004
13.2204    29.574    21.3004
13.222    29.563599    21.3004
13.222    29.561998    21.3004
13.2308    29.541199    21.3004
13.2699995    29.4524    21.3004
13.2732    29.4452    21.3004
13.2732    29.444399    21.3004
13.273999    29.442799    21.3004
13.2755995    29.438799    21.3004
13.278    29.4308    21.3004
13.3196    29.314798    21.3004
13.321199    29.310799    21.3004
13.326799    29.293999    21.3004
13.3244    29.278    21.3004
13.3276    29.264399    21.3004
13.326799    29.2508    21.3004
13.33    29.2372    21.3004
13.325999    29.2228    21.3004
13.326799    29.2116    21.3004
13.3196    29.2004    21.3004
13.3276    29.188398    21.3004
13.3284    29.185999    21.3004
13.3284    29.182798    21.3004
13.3284    29.156399    21.3004
13.326799    29.1524    21.3004
13.302    29.132399    21.3004
13.297199    29.126    21.3004
13.2828    29.111599    21.3004
13.2612    29.09    21.3004
13.2444    29.0724    21.3004
13.2308    29.0532    21.3004
13.21    29.013199    21.3004
13.1908    28.9732    21.3004
13.1804    28.9436    21.3004
13.1748    28.9172    21.3004
13.1684    28.866    21.3004
13.1676    28.845999    21.3004
13.1684    28.801199    21.3004
13.170799    28.778    21.3004
13.1796    28.747599    21.3004
13.189199    28.7172    21.3004
13.199599    28.6908    21.3004
13.2076    28.6756    21.3004
13.2372    28.6348    21.3004
13.252399    28.6164    21.3004
13.263599    28.605999    21.3004
13.292399    28.5884    21.3004
13.2964    28.585999    21.3004
13.3012    28.5716    21.3004
13.302    28.563599    21.3004
13.309999    28.542    21.3004
13.3076    28.5308    21.3004
13.3124    28.514    21.3004
13.309999    28.5012    21.3004
13.3132    28.487598    21.3004
13.321199    28.4732    21.3004
13.321199    28.4572    21.3004
13.3196    28.4404    21.3004
13.3108    28.4116    21.3004
13.306    28.3972    21.3004
13.302799    28.3748    21.3004
13.2956    28.357199    21.3004
13.2755995    28.305199    21.3004
13.262799    28.271599    21.3004
13.2588    28.2596    21.3004
13.2484    28.234798    21.3004
13.2388    28.213999    21.3004
13.1924    28.1036    21.3004
13.1924    28.102798    21.3004
13.1924    28.102    21.3004
13.1852    28.076399    21.3004
13.183599    28.0668    21.3004
13.1812    28.052399    21.3004
13.182799    28.045198    21.3004
13.1844    28.0292    21.3004
13.193999    28.011599    21.3004
13.1964    28.01    21.3004
13.1988    28.0084    21.3004
13.2436    27.9884    21.3004
13.2844    27.9676    21.3004
13.2987995    27.9604    21.3004
13.3588    27.9292    21.3004
13.373199    27.9236    21.3004
13.426    27.8996    21.3004
13.465199    27.882    21.3004
13.492399    27.872398    21.3004
13.504399    27.8692    21.3004
13.515599    27.8676    21.3004
13.53    27.8676    21.3004
13.5412    27.866    21.3004
13.555599    27.8692    21.3004
13.573999    27.872398    21.3004
13.646    27.894    21.3004
13.653999    27.896399    21.3004
13.6668    27.8996    21.3004
13.7476    27.9212    21.3004
13.7844    27.931599    21.3004
13.8004    27.9364    21.3004
