16.9212    16.382    12.0004
16.931599    16.486    12.0004
16.9404    16.5572    12.0004
16.944399    16.5996    12.0004
16.944399    16.63    12.0004
16.9468    16.6644    12.0004
16.9476    16.6668    12.0004
16.9788    16.6852    12.0004
16.9884    16.6908    12.0004
16.9932    16.6932    12.0004
17.01    16.694    12.0004
17.0268    16.6964    12.0004
17.041199    16.694    12.0004
17.0676    16.6884    12.0004
17.122799    16.6772    12.0004
17.1436    16.674799    12.0004
17.167599    16.6716    12.0004
17.1884    16.673199    12.0004
17.1964    16.674    12.0004
17.2148    16.678799    12.0004
17.219599    16.680399    12.0004
17.2244    16.6828    12.0004
17.2404    16.6932    12.0004
17.25    16.706    12.0004
17.2572    16.7172    12.0004
17.2668    16.7484    12.0004
17.2692    16.760399    12.0004
17.2812    16.8092    12.0004
17.282799    16.8156    12.0004
17.2876    16.8428    12.0004
17.2932    16.8764    12.0004
17.301199    16.9516    12.0004
17.302    16.961199    12.0004
17.3084    17.022    12.0004
17.3092    17.0268    12.0004
17.3092    17.0276    12.0004
17.3092    17.094    12.0004
17.3076    17.1484    12.0004
17.3076    17.1548    12.0004
17.3076    17.156399    12.0004
17.306799    17.1596    12.0004
17.305199    17.182    12.0004
17.301199    17.2148    12.0004
17.301199    17.2164    12.0004
17.2964    17.2284    12.0004
17.2876    17.243599    12.0004
17.2812    17.2508    12.0004
17.2724    17.2628    12.0004
17.2556    17.2756    12.0004
17.2524    17.2788    12.0004
17.241999    17.2836    12.0004
17.2204    17.293999    12.0004
17.2052    17.299599    12.0004
17.197199    17.301199    12.0004
17.182    17.306799    12.0004
17.1556    17.3148    12.0004
17.117199    17.3244    12.0004
17.1108    17.326    12.0004
17.0868    17.33    12.0004
17.065199    17.334799    12.0004
17.0476    17.3388    12.0004
17.037199    17.340399    12.0004
17.018    17.35    12.0004
17.007599    17.351599    12.0004
16.989199    17.358799    12.0004
16.9828    17.3596    12.0004
16.973999    17.362    12.0004
16.955599    17.3748    12.0004
16.9252    17.3884    12.0004
16.9244    17.39    12.0004
16.9188    17.410799    12.0004
16.914799    17.4188    12.0004
16.910799    17.431599    12.0004
16.8892    17.4732    12.0004
16.8732    17.4988    12.0004
16.866    17.51    12.0004
16.8332    17.552399    12.0004
16.8284    17.557999    12.0004
16.8036    17.5796    12.0004
16.786    17.594    12.0004
16.7692    17.6052    12.0004
16.7564    17.6124    12.0004
16.7412    17.6188    12.0004
16.7092    17.6356    12.0004
16.689999    17.6428    12.0004
16.6588    17.6516    12.0004
16.628399    17.6612    12.0004
16.6028    17.6684    12.0004
16.563599    17.674    12.0004
16.5084    17.6828    12.0004
16.47    17.6884    12.0004
16.4028    17.6964    12.0004
16.3612    17.6996    12.0004
16.2812    17.702799    12.0004
16.213999    17.7044    12.0004
16.146    17.7052    12.0004
16.0804    17.702799    12.0004
16.0276    17.6996    12.0004
15.9844    17.6948    12.0004
15.923599    17.6868    12.0004
15.8916    17.680399    12.0004
15.861199    17.674    12.0004
15.831599    17.666    12.0004
15.7948    17.6556    12.0004
15.7644    17.6428    12.0004
15.7428    17.63    12.0004
15.728399    17.6244    12.0004
15.7028    17.611599    12.0004
15.6748    17.593199    12.0004
15.65    17.5756    12.0004
15.558    17.5068    12.0004
15.555599    17.5052    12.0004
15.5548    17.5044    12.0004
15.5492    17.4988    12.0004
15.521199    17.472399    12.0004
15.516399    17.4692    12.0004
15.5116    17.466    12.0004
15.486    17.442    12.0004
15.475599    17.4348    12.0004
15.4628    17.43    12.0004
15.446799    17.4268    12.0004
15.435599    17.4212    12.0004
15.4196    17.4228    12.0004
15.401999    17.410799    12.0004
15.3907995    17.409199    12.0004
15.3804    17.4084    12.0004
15.3619995    17.3956    12.0004
15.3404    17.394    12.0004
15.334    17.394    12.0004
15.3132    17.3916    12.0004
15.309199    17.3916    12.0004
15.2844    17.3932    12.0004
15.2596    17.3948    12.0004
15.245999    17.3948    12.0004
15.2012    17.3948    12.0004
15.181999    17.394    12.0004
15.1468    17.392399    12.0004
15.0924    17.3876    12.0004
15.0876    17.386799    12.0004
15.078    17.3852    12.0004
15.046    17.3804    12.0004
15.0308    17.3764    12.0004
15.021199    17.3716    12.0004
14.986    17.3636    12.0004
14.9796    17.3604    12.0004
14.957999    17.35    12.0004
14.95    17.3412    12.0004
14.9316    17.3204    12.0004
14.918799    17.3076    12.0004
14.901999    17.2788    12.0004
14.8996    17.2732    12.0004
14.882799    17.2348    12.0004
14.878799    17.2244    12.0004
14.871599    17.2012    12.0004
14.858    17.1524    12.0004
14.849199    17.105999    12.0004
14.8404    17.065199    12.0004
14.831599    17.0052    12.0004
14.83    16.990799    12.0004
14.8236    16.9236    12.0004
14.821199    16.9044    12.0004
14.821199    16.902    12.0004
14.8228    16.842    12.0004
14.8236    16.8364    12.0004
14.8284    16.7916    12.0004
14.8284    16.7892    12.0004
14.8396    16.753199    12.0004
14.842    16.7468    12.0004
14.855599    16.7284    12.0004
14.861199    16.7236    12.0004
14.8916    16.71    12.0004
14.9028    16.7044    12.0004
14.923599    16.7012    12.0004
14.9436    16.6964    12.0004
14.9604    16.691599    12.0004
14.9716    16.6852    12.0004
14.9883995    16.6764    12.0004
15.0076    16.674    12.0004
15.016399    16.6604    12.0004
15.018    16.65    12.0004
15.014    16.6316    12.0004
15.003599    16.5996    12.0004
14.9908    16.5572    12.0004
14.9556    16.409199    12.0004
14.9516    16.39    12.0004
14.9492    16.3772    12.0004
14.918799    16.218    12.0004
14.905999    16.146    12.0004
14.8907995    16.0676    12.0004
14.882799    16.018    12.0004
14.8636    15.9196    12.0004
14.848399    15.8276    12.0004
14.8308    15.7355995    12.0004
14.8236    15.6908    12.0004
14.8012    15.5859995    12.0004
14.7956    15.5588    12.0004
14.794    15.5476    12.0004
14.79    15.526    12.0004
14.773999    15.436399    12.0004
14.7588    15.3748    12.0004
14.7444    15.3043995    12.0004
14.7324    15.251599    12.0004
14.723599    15.214    12.0004
14.7028    15.113999    12.0004
14.6964    15.0803995    12.0004
14.694799    15.07    12.0004
14.6868    15.033199    12.0004
14.6692    14.9516    12.0004
14.653999    14.8748    12.0004
14.637199    14.802    12.0004
14.6332    14.781199    12.0004
14.631599    14.7724    12.0004
14.6156    14.6956    12.0004
14.6124    14.677199    12.0004
14.6116    14.6748    12.0004
14.6108    14.671599    12.0004
14.597199    14.596399    12.0004
14.5868    14.5348    12.0004
14.585199    14.526    12.0004
14.5828    14.5124    12.0004
14.573999    14.453199    12.0004
14.5716    14.429199    12.0004
14.57    14.401999    12.0004
14.5692    14.3812    12.0004
14.5692    14.3708    12.0004
14.5716    14.349199    12.0004
14.5772    14.326799    12.0004
14.579599    14.314799    12.0004
14.584399    14.2987995    12.0004
14.5924    14.2788    12.0004
14.6004    14.2612    12.0004
14.613999    14.234799    12.0004
14.620399    14.221999    12.0004
14.636399    14.2012    12.0004
14.6444    14.19    12.0004
14.65    14.1852    12.0004
14.6684    14.1644    12.0004
14.683599    14.153199    12.0004
14.6908    14.148399    12.0004
14.705199    14.141999    12.0004
14.717199    14.137199    12.0004
14.7411995    14.1268    12.0004
14.7532    14.1228    12.0004
14.7612    14.118    12.0004
14.7755995    14.1044    12.0004
14.782    14.0924    12.0004
14.779599    14.079599    12.0004
14.786799    14.0604    12.0004
14.785999    14.055599    12.0004
14.7836    14.0476    12.0004
14.7788    14.0244    12.0004
14.7724    14.0036    12.0004
14.768399    13.992399    12.0004
14.763599    13.9684    12.0004
14.7596    13.9508    12.0004
14.757199    13.9372    12.0004
14.751599    13.901999    12.0004
14.75    13.8884    12.0004
14.7492    13.886    12.0004
14.7484    13.877999    12.0004
14.7428    13.8132    12.0004
14.7411995    13.778    12.0004
14.7411995    13.7411995    12.0004
14.740399    13.7123995    12.0004
14.742    13.6748    12.0004
14.7444    13.648399    12.0004
14.745199    13.6268    12.0004
14.751599    13.5812    12.0004
14.7532    13.567599    12.0004
14.757199    13.549999    12.0004
14.7668    13.5068    12.0004
14.773999    13.4796    12.0004
14.7828    13.453199    12.0004
14.7908    13.4284    12.0004
14.8012    13.400399    12.0004
14.818    13.355599    12.0004
14.8236    13.3404    12.0004
14.8292    13.3292    12.0004
14.849999    13.2852    12.0004
14.8684    13.251599    12.0004
14.873199    13.2428    12.0004
14.877199    13.234799    12.0004
14.9092    13.1788    12.0004
14.918799    13.165999    12.0004
14.941999    13.13    12.0004
14.9556    13.11    12.0004
14.958799    13.1052    12.0004
14.9716    13.0884    12.0004
14.999599    13.050799    12.0004
15.0372    13.0028    12.0004
15.042    12.998    12.0004
15.045199    12.9939995    12.0004
15.061199    12.975599    12.0004
15.0988    12.9316    12.0004
15.1044    12.924399    12.0004
15.11    12.918799    12.0004
15.160399    12.8652    12.0004
15.1676    12.858    12.0004
15.1684    12.8564    12.0004
15.171599    12.8532    12.0004
15.2067995    12.820399    12.0004
15.2148    12.8132    12.0004
15.2612    12.7716    12.0004
15.269199    12.7644    12.0004
15.3124    12.7324    12.0004
15.3412    12.710799    12.0004
15.3876    12.6796    12.0004
15.401199    12.670799    12.0004
15.4604    12.6356    12.0004
15.466    12.631599    12.0004
15.470799    12.6292    12.0004
15.5028    12.6124    12.0004
15.526    12.602799    12.0004
15.562799    12.5884    12.0004
15.582    12.579599    12.0004
15.6172    12.5668    12.0004
15.6404    12.5596    12.0004
15.6572    12.5548    12.0004
15.674    12.549999    12.0004
15.7028    12.5436    12.0004
15.740399    12.5364    12.0004
15.761999    12.5324    12.0004
15.8004    12.528399    12.0004
15.815599    12.5268    12.0004
15.8516    12.5252    12.0004
15.8868    12.5236    12.0004
15.9028    12.5236    12.0004
15.9436    12.526    12.0004
15.963599    12.527599    12.0004
15.9972    12.5308    12.0004
16.0068    12.5324    12.0004
16.01    12.5324    12.0004
16.0148    12.533199    12.0004
16.0692    12.5428    12.0004
16.093199    12.5484    12.0004
16.1332    12.5588    12.0004
16.169199    12.5708    12.0004
16.1812    12.573999    12.0004
16.221199    12.5884    12.0004
16.249199    12.5996    12.0004
16.2732    12.6092    12.0004
16.2908    12.6172    12.0004
16.3316    12.636399    12.0004
16.3788    12.6612    12.0004
16.3916    12.6684    12.0004
16.4028    12.674    12.0004
16.47    12.7132    12.0004
16.5324    12.7508    12.0004
16.559599    12.7676    12.0004
16.5684    12.7732    12.0004
16.621199    12.8108    12.0004
16.6292    12.815599    12.0004
16.6724    12.8484    12.0004
16.6756    12.8508    12.0004
16.753199    12.9172    12.0004
16.7572    12.9204    12.0004
16.7924    12.953199    12.0004
16.810799    12.9684    12.0004
16.8396    12.9948    12.0004
16.8692    13.0227995    12.0004
16.8964    13.049999    12.0004
16.9172    13.0724    12.0004
16.942    13.0996    12.0004
16.958    13.1172    12.0004
16.9772    13.1404    12.0004
16.9988    13.1684    12.0004
17.022    13.198    12.0004
17.0292    13.2084    12.0004
17.07    13.269199    12.0004
17.0788    13.282    12.0004
17.1028    13.3196    12.0004
17.111599    13.3308    12.0004
17.142    13.3756    12.0004
17.1668    13.4084    12.0004
17.174799    13.418799    12.0004
17.1852    13.4324    12.0004
17.1932    13.4428    12.0004
17.1948    13.446    12.0004
17.202799    13.4556    12.0004
17.222    13.478    12.0004
17.232399    13.4883995    12.0004
17.2428    13.5012    12.0004
17.2556    13.5204    12.0004
17.2684    13.5348    12.0004
17.274    13.5404    12.0004
17.278    13.544399    12.0004
17.3188    13.594    12.0004
17.338    13.619599    12.0004
17.3668    13.6564    12.0004
17.402    13.700399    12.0004
17.4188    13.7268    12.0004
17.4236    13.7355995    12.0004
17.427599    13.7428    12.0004
17.4396    13.7652    12.0004
17.4508    13.7876    12.0004
17.4532    13.794    12.0004
17.4684    13.8484    12.0004
17.4692    13.8524    12.0004
17.472399    13.8868    12.0004
17.472399    13.8996    12.0004
17.4748    13.9268    12.0004
17.473999    13.9452    12.0004
17.473999    13.993199    12.0004
17.472399    14.014    12.0004
17.4708    14.044399    12.0004
17.4628    14.102799    12.0004
17.462    14.1092    12.0004
17.4548    14.1412    12.0004
17.449999    14.158799    12.0004
17.4308    14.2252    12.0004
17.4308    14.2268    12.0004
17.43    14.229199    12.0004
17.3988    14.306    12.0004
17.3932    14.3164    12.0004
17.358799    14.3812    12.0004
17.3548    14.3884    12.0004
17.3412    14.4092    12.0004
17.282799    14.4964    12.0004
17.2676    14.518    12.0004
17.2388    14.5548    12.0004
17.2108    14.5859995    12.0004
17.2068    14.591599    12.0004
17.185999    14.6116    12.0004
17.174799    14.6236    12.0004
17.154    14.6468    12.0004
17.13    14.67    12.0004
17.1252    14.674    12.0004
17.1084    14.6964    12.0004
17.098799    14.705999    12.0004
17.0956    14.71    12.0004
17.0828    14.739599    12.0004
17.070799    14.7548    12.0004
17.065199    14.769199    12.0004
17.0564    14.7836    12.0004
17.0492    14.797999    12.0004
17.0452    14.8076    12.0004
17.042    14.815599    12.0004
17.031599    14.844399    12.0004
17.0268    14.8596    12.0004
17.022    14.8692    12.0004
17.0108    14.901999    12.0004
17.01    14.9036    12.0004
17.0036    14.9251995    12.0004
17.000399    14.9316    12.0004
16.994799    14.9508    12.0004
16.994    14.953199    12.0004
16.9916    14.9628    12.0004
16.9828    14.998799    12.0004
16.982    15.0012    12.0004
16.9812    15.006    12.0004
16.966799    15.068399    12.0004
16.962    15.0884    12.0004
16.9484    15.1612    12.0004
16.9452    15.1796    12.0004
16.942    15.1972    12.0004
16.9252    15.3043995    12.0004
16.9196    15.354799    12.0004
16.9124    15.412399    12.0004
16.9052    15.516399    12.0004
16.9044    15.528399    12.0004
16.903599    15.533199    12.0004
16.902    15.5588    12.0004
16.8948    15.6868    12.0004
16.8932    15.7268    12.0004
16.89    15.7987995    12.0004
16.89    15.8963995    12.0004
16.89    15.934799    12.0004
16.8932    16.0276    12.0004
16.894    16.0956    12.0004
16.906    16.262    12.0004
16.9068    16.2644    12.0004
16.9068    16.2668    12.0004
16.9212    16.382    12.0004
